danmaku_id,content,progress,ctime,user_hash
1884508788238130432,666威龙跟骇爪学坏了会搞恶作剧了,49.738,1751742153,e97dbe94
1884746302143934976,CS威龙,109.71,1751770467,b4c92ee5
1885019019305275392,德丽莎狂喜,124.529,1751802978,2182fb16
1885067568742988544,四川威龙的辣椒酱没了,132.394,1751808765,1857d45d
1885067857596281856,神秘幽默静步男,158.017,1751808800,1857d45d
1885075515414135296,绷,129.546,1751809712,ad122b0e
1885117037672706816,爱名TV,120.716,1751814662,49f4b830
1885117922562088192,盲猜柠檬茶,17.454,1751814768,1789994a
1885147866151465984,柠檬茶！！！！,21.102,1751818337,afafa8e2
1885149318840291584,《特别调理》《惊喜》,36.412,1751818510,1caa2220
1885150134632459008,无名：真损啊,104.971,1751818608,1caa2220
1885150592859968512,无名：那也不看看是谁把我整成这样的,143.499,1751818662,1caa2220
1885172166757709568,什么味?,127.579,1751821234,a4b5b784
1885178939157683200,加了磁吸炸弹,47.761,1751822042,cd7519e9
1885187421919303168,前面那个让封的是我，我太难了,33.318,1751823053,f3b1aea1
1885231165942983936,太造孽了（狗头）,56.82,1751828267,4489afd7
1885251158378350592,不愧是威龙，啥都能干出来,102.539,1751830651,d495b102
1885251342701325824,不愧是好兄弟呀,107.299,1751830673,d495b102
1885341148764054528,我怎么听说跳跳糖是某科学家研发固体可乐过程中得出来的一个产品呢。（手动狗头）,89.893,1751841378,27835dea
1885344955925376256,绷不住了,105.554,1751841832,96222fda
1885354040393596672,威龙：小馋猫无名,91.598,1751842915,9d47d514
1885369251330665728,人家本来就不聪明 你还铁咩弄人家！给无名买脑机去！,108.091,1751844728,fe9706bf
1885369896716629248,你再看看你后面呢,163.458,1751844805,fe9706bf
1885374262576573952,来制造一点幽默吧,160.17,1751845326,ee1966c
1885393609793636352,1,16.537,1751847632,46419727
1885404208497801728,《金色树叶》,69.309,1751848896,368d5693
1885437154629904896,我就是玩无名的，这么一听，感觉无名又师又可爱,162.12,1751852823,39eab1d8
1885454201816485376,渡鸦：那一天的混乱，浓郁起来~,165.939,1751854855,768733cb
1885461910477156864,调成啥了,143.208,1751855774,96222fda
1885476833156781568,无名：威龙我拿那筷子,109.392,1751857553,f5304173
1885478156442639616,神秘静步男是个人物,110.632,1751857711,b7a3728f
1885496456325515520,跳跳茶？,43.246,1751859893,ba582539
1885561650866698240,怪不得要静步，原来是要捡牛肉干,158.916,1751867664,916feba2
1885600033421265920,无名：柠檬茶牛肉干无敌！,156.961,1751872240,64c86d81
1885642625302970624,把无名当哈夫克人整呢,153.922,1751877317,f7ddcd96
1885687466976551680,我还以为是广东特色凉茶呢,43.084,1751882663,620e12be
1885722251404560640,有没有一种可能无名真就以为这些东西原本就是这个味道,0.0,1751886809,b33d1423
1885729185000475904,这敲脑壳的声音怕是有点痛哦,3.734,1751887636,55335193
1885738369158437376,无名：静步最有用的一集，你最好睁着眼睡觉,114.211,1751888731,c7a4c4a2
1885745676483734016,《扑克face》,101.989,1751889602,c7faf1dc
1885755522620531200,省流：“叮～”,0.104,1751890776,18bf3e4
1885783000101224192,可乐加跳跳糖不变,85.792,1751894051,5e5471b0
1885812979049037056,1,24.363,1751897625,db71a115
1885820417378724352,666无名开大偷牛肉干,154.335,1751898512,7657d1ad
1885833193321004800,《锻炼意志力》,142.569,1751900035,f31a11ad
1885855271331828736,比如说…你想和无名演川剧？,7.176,1751902667,7f9831b9
1885855940717778688,东方树叶是吧,69.18,1751902746,7f9831b9
1885864818264079616,无名：来制造点恐慌吧,167.163,1751903805,97529dd8
1885890101016544768,来制造一点幽默吧,169.937,1751906819,650d52ee
1885938340823041792,逆天,109.06,1751912569,dd60a20d
1886093947899126528,自助餐经典配方，巨好喝，但别加果汁和奶茶,92.289,1751931119,562c86a7
1886126130256789504,上次我问威龙如果我喜欢上他姝姝了怎么办，他说要拿虎蹲炮送我上天(,62.173,1751934955,d085bec1
1886318226074914816,无名已经被调成这样了吗？,149.139,1751957855,a5f0c676
1886327121052936960,无名：“大招一开对面都开始跳舞了”,12.291,1751958915,9d971b89
1886352037928004352,咚,0.347,1751961886,a851ca0a
1886441269715465472,《胃口不小嘛》,89.695,1751972523,e593abe
1886442487329869312,苦瓜味巧克力？！,125.435,1751972668,e593abe
1886442933167885568,《高冷个串串,153.973,1751972721,e593abe
1886479856825596160,无名：本来就有点阴郁，现在感觉更阴郁,65.847,1751977123,5ba11e6d
1886487656486546688,威龙对跳跳糖是有什么执念吗,84.445,1751978053,2fdfb164
1886643291387826688,104人初恋吧,58.297,1751996606,4809b077
1886668239568916992,666神秘静步男开大捡牛肉干,159.672,1751999580,e5bc74d4
1886680858878931200,不忘初心,96.698,1752001084,9ba4157f
1886853557693644288,听完之后的无名:滚出我的脑子！,8.004,1752021672,48b15f27
1886889363133327104,德丽莎,125.211,1752025940,8443a794
1886924497794331136,开大招偷是吧？,155.163,1752030128,d530ce4d
1886936111076027648,牛油火锅！,39.31,1752031513,c1239d75
1886980074016700160,神秘踮脚男,159.002,1752036754,b0bd56b6
1887031803869962496,辣椒酱，不愧是川川川川出身的,129.183,1752042920,6dde2dcd
1887032082439092736,牢龙就是川川川川人，演这个正合适,135.673,1752042953,6dde2dcd
1887254415438602240,德丽莎：不吃给我，我爱吃,127.717,1752069458,1968c70a
1887286242388061952,《不是大事》,8.773,1752073252,213dfde7
1887289681549234944,唉！（跟我的黑海说去吧）,10.32,1752073662,f8e5ed6
1887382148748100352,不应该是法棍吗？,175.868,1752084685,311c5942
1887409916340849664,他可能没吃过那些零食 以为那就是原本的味道,110.712,1752087995,c443d7b0
1887411513632381184,6,143.279,1752088185,7a67fa55
1887463295728883712,？我的大少爷啊……,157.839,1752094358,b129c443
1887569151884078592,省流:被无名用扳手敲脑壳了,0.974,1752106977,daf1e5e6
1887632534779928064,他还是爱他的跳跳糖,95.514,1752114533,df6e64c0
1887675439565624576,无名与威龙的神秘暗号,60.432,1752119648,e3b1ab8e
1887686090824188672,可乐加跳跳糖？,85.2,1752120917,3afcf836
1887715059791809536,666跳跳龙,86.38,1752124371,c0a78260
1887759062150756352,“他们不会察觉…”,163.294,1752129616,2be00ace
1887808995096726272,无名：我谢谢你小子,142.788,1752135569,aead78d2
1888340849721821440,黄金树叶是吧？,61.19,1752198971,85ebdbb4
1888407052918072832,《跳跳仙人》,84.786,1752206863,979b1b98
1888407143573790208,《活阎王》,94.267,1752206873,979b1b98
1888466345394797056,关山南越还我柠檬茶！,27.734,1752213931,384eee64
1888701512067477760,666,95.766,1752241965,91e528ed
1888809260625189632,半夜十二点巡逻的：我记得那是厕所吧？咋还亮着灯呢？,97.566,1752254810,e18f407f
1889021045278083072,来自四川人的红温,130.455,1752280056,2084ad83
1890030413032766976,刚才的话是不是无名说的？,21.152,1752400382,bfe58c2e
1890607577834799360,给娃调成啥了,148.478,1752469186,58328213
1891245365513257984,可怜（指家产上亿）,60.111,1752545216,21fe169
1891319174408922880,？？？,104.981,1752554015,9bf10f9
1891378484157842432,《跳跳仙人》,89.584,1752561085,1047795
1891378823737112320,无名：静步最有用的一集，你最好睁着眼睡觉,125.073,1752561125,1047795
1891527340124195072,无名：你最好睁眼睡觉,117.742,1752578830,36a08a3c
1891668742073931520,来制造一点恐慌吧,169.815,1752595686,2d17918e
1891975208777701376,芥末味大白兔奶糖是真的有的。,109.045,1752632220,2258e670
1892147082623056640,背后行动,164.495,1752652709,323ee76
1893740397336296960,触发无名底层代码了,32.681,1752842647,5658a708
1893832001875021056,喝不完有惩罚，喝完了有奖励,38.717,1752853567,6e54addb
1894526045966266112,无名：来制造一点恐慌吧,163.219,1752936303,ee05232b
1894646046588558848,是关山难越,34.688,1752950609,70f90bd6
1895843250469317120,666川剧,142.441,1753093326,3c734571
1896061237750720768,那一天的混乱，浓郁起来～,171.988,1753119313,b55bbcd8
1896804964462970880,神秘偷肉男,153.806,1753207972,44baab6b
1897353393585157376,《不是啥子大事》,8.819,1753273350,5ce4ca7a
1897353531351096832,无名不是喝红酒吗？,20.045,1753273366,5ce4ca7a
1897353789712054272,《会跳的饮料》,43.083,1753273397,5ce4ca7a
1897353926605278976,666无名是关山难越,54.238,1753273413,5ce4ca7a
1901051177051852032,威龙不会察觉,169.232,1753714160,940401ae
1901304994142340352,《钢铁是怎样炼成的》,143.621,1753744417,ebb88f7b
1903816890800321536,无名：我没说过，勿Q,87.221,1754043858,ee80e670
1905370781648178944,可能是老黑放的,124.984,1754229097,6ef0ca63
1909588362650821376,估计应该是被法棍敲脑袋。,0.47,1754731872,f57be5f6
1910116164378920960,无名：来制造一点幽默吧,121.82,1754794790,2e124f90
1913047981583123968,龙，,41.245,1755144290,4c708b43
1913101390197120512,不忘初心,84.116,1755150657,ca84f3e0
1916057164729206016,惊夜,45.577,1755503013,b95421cf
1916981254860406528,你是指斧头帮小曲是广场大妈的广场舞音乐？,8.515,1755613173,15b2aab9
1917110797667085568,无名“威龙你最好睁着眼睡觉，不然小心我开静步跑你屋里……”,134.771,1755628616,640fbaab
1919185007369715456,前面的白字，那是佐娅才喜欢喝红酒，天名喜欢喝老太手磨的柠檬茶,25.9,1755875881,2817cc87
1921996028283245568,无名是真的吃东西没味道,142.782,1756210981,39b03e3e
1922104627454219264,威龙真的是跳跳糖仙人，整蛊逃不开跳跳糖,14.445,1756223927,4f66a4ea
1923475685612680704,脑机发力了,119.177,1756387369,1784c243
1934409001815353856,ooc了,163.316,1757690722,c3a4278e
1942319113213290752,666还是工地特供,35.125,1758633681,99859fb1
1995981983767048448,不忘初心 ……,91.09,1765030794,a6a6dede
1995982516301251840,你们知道半夜偷玩手机憋笑有多难吗 ！！！,128.13,1765030857,a6a6dede
1995991754876205312,火锅……配水？还是喝的 ……？！不对！！！,172.323,1765031959,a6a6dede
2014544507907553024,来点牢大（不是）,61.286,1767243619,8bb83855
2040257511252889856,这次真绷不住了,150.295,1770308848,96546eb0
2050097790818502400,还真是和跳跳糖过不去了,43.28,1771481901,3456b429
2052390266472244992,盲猜冰红茶,26.427,1771755185,2def753e
2052390586623469824,啊？,51.147,1771755223,2def753e
2052390655024228608,威龙你怎么学坏了,52.837,1771755231,2def753e
2052392225396500736,《相濡以沫》,143.276,1771755419,2def753e
2055887157784652800,《三角洲玩家真实状况》,2.016,1772172047,2def753e
2062432844215198464,跟无名演川剧（我要求的）,16.075,1772952354,2def753e
2083381933085730560,好凶弟,8.772,1775449680,90067119
2083625191132649216,活阎王,99.16,1775478678,4d9be8f9
,,0.0,1775683732.8000336,
lb.c,,0.0,1775683732.8000336,
,,0.0,1775683732.8000336,
1884508788238130432,666威龙跟骇爪学坏了会搞恶作剧了,49.738,1751742153,e97dbe94
1884746302143934976,CS威龙,109.71,1751770467,b4c92ee5
1885019019305275392,德丽莎狂喜,124.529,1751802978,2182fb16
1885067568742988544,四川威龙的辣椒酱没了,132.394,1751808765,1857d45d
1885067857596281856,神秘幽默静步男,158.017,1751808800,1857d45d
1885075515414135296,绷,129.546,1751809712,ad122b0e
1885117037672706816,爱名TV,120.716,1751814662,49f4b830
1885117922562088192,盲猜柠檬茶,17.454,1751814768,1789994a
1885147866151465984,柠檬茶！！！！,21.102,1751818337,afafa8e2
1885149318840291584,《特别调理》《惊喜》,36.412,1751818510,1caa2220
1885150134632459008,无名：真损啊,104.971,1751818608,1caa2220
1885150592859968512,无名：那也不看看是谁把我整成这样的,143.499,1751818662,1caa2220
1885172166757709568,什么味?,127.579,1751821234,a4b5b784
1885178939157683200,加了磁吸炸弹,47.761,1751822042,cd7519e9
1885187421919303168,前面那个让封的是我，我太难了,33.318,1751823053,f3b1aea1
1885231165942983936,太造孽了（狗头）,56.82,1751828267,4489afd7
1885251158378350592,不愧是威龙，啥都能干出来,102.539,1751830651,d495b102
1885251342701325824,不愧是好兄弟呀,107.299,1751830673,d495b102
1885341148764054528,我怎么听说跳跳糖是某科学家研发固体可乐过程中得出来的一个产品呢。（手动狗头）,89.893,1751841378,27835dea
1885344955925376256,绷不住了,105.554,1751841832,96222fda
1885354040393596672,威龙：小馋猫无名,91.598,1751842915,9d47d514
1885369251330665728,人家本来就不聪明 你还铁咩弄人家！给无名买脑机去！,108.091,1751844728,fe9706bf
1885369896716629248,你再看看你后面呢,163.458,1751844805,fe9706bf
1885374262576573952,来制造一点幽默吧,160.17,1751845326,ee1966c
1885393609793636352,1,16.537,1751847632,46419727
1885404208497801728,《金色树叶》,69.309,1751848896,368d5693
1885437154629904896,我就是玩无名的，这么一听，感觉无名又师又可爱,162.12,1751852823,39eab1d8
1885454201816485376,渡鸦：那一天的混乱，浓郁起来~,165.939,1751854855,768733cb
1885461910477156864,调成啥了,143.208,1751855774,96222fda
1885476833156781568,无名：威龙我拿那筷子,109.392,1751857553,f5304173
1885478156442639616,神秘静步男是个人物,110.632,1751857711,b7a3728f
1885496456325515520,跳跳茶？,43.246,1751859893,ba582539
1885561650866698240,怪不得要静步，原来是要捡牛肉干,158.916,1751867664,916feba2
1885600033421265920,无名：柠檬茶牛肉干无敌！,156.961,1751872240,64c86d81
1885642625302970624,把无名当哈夫克人整呢,153.922,1751877317,f7ddcd96
1885687466976551680,我还以为是广东特色凉茶呢,43.084,1751882663,620e12be
1885722251404560640,有没有一种可能无名真就以为这些东西原本就是这个味道,0.0,1751886809,b33d1423
1885729185000475904,这敲脑壳的声音怕是有点痛哦,3.734,1751887636,55335193
1885738369158437376,无名：静步最有用的一集，你最好睁着眼睡觉,114.211,1751888731,c7a4c4a2
1885745676483734016,《扑克face》,101.989,1751889602,c7faf1dc
1885755522620531200,省流：“叮～”,0.104,1751890776,18bf3e4
1885783000101224192,可乐加跳跳糖不变,85.792,1751894051,5e5471b0
1885812979049037056,1,24.363,1751897625,db71a115
1885820417378724352,666无名开大偷牛肉干,154.335,1751898512,7657d1ad
1885833193321004800,《锻炼意志力》,142.569,1751900035,f31a11ad
1885855271331828736,比如说…你想和无名演川剧？,7.176,1751902667,7f9831b9
1885855940717778688,东方树叶是吧,69.18,1751902746,7f9831b9
1885864818264079616,无名：来制造点恐慌吧,167.163,1751903805,97529dd8
1885890101016544768,来制造一点幽默吧,169.937,1751906819,650d52ee
1885938340823041792,逆天,109.06,1751912569,dd60a20d
1886093947899126528,自助餐经典配方，巨好喝，但别加果汁和奶茶,92.289,1751931119,562c86a7
1886126130256789504,上次我问威龙如果我喜欢上他姝姝了怎么办，他说要拿虎蹲炮送我上天(,62.173,1751934955,d085bec1
1886318226074914816,无名已经被调成这样了吗？,149.139,1751957855,a5f0c676
1886327121052936960,无名：“大招一开对面都开始跳舞了”,12.291,1751958915,9d971b89
1886352037928004352,咚,0.347,1751961886,a851ca0a
1886441269715465472,《胃口不小嘛》,89.695,1751972523,e593abe
1886442487329869312,苦瓜味巧克力？！,125.435,1751972668,e593abe
1886442933167885568,《高冷个串串,153.973,1751972721,e593abe
1886479856825596160,无名：本来就有点阴郁，现在感觉更阴郁,65.847,1751977123,5ba11e6d
1886487656486546688,威龙对跳跳糖是有什么执念吗,84.445,1751978053,2fdfb164
1886643291387826688,104人初恋吧,58.297,1751996606,4809b077
1886668239568916992,666神秘静步男开大捡牛肉干,159.672,1751999580,e5bc74d4
1886680858878931200,不忘初心,96.698,1752001084,9ba4157f
1886853557693644288,听完之后的无名:滚出我的脑子！,8.004,1752021672,48b15f27
1886889363133327104,德丽莎,125.211,1752025940,8443a794
1886924497794331136,开大招偷是吧？,155.163,1752030128,d530ce4d
1886936111076027648,牛油火锅！,39.31,1752031513,c1239d75
1886980074016700160,神秘踮脚男,159.002,1752036754,b0bd56b6
1887031803869962496,辣椒酱，不愧是川川川川出身的,129.183,1752042920,6dde2dcd
1887032082439092736,牢龙就是川川川川人，演这个正合适,135.673,1752042953,6dde2dcd
1887254415438602240,德丽莎：不吃给我，我爱吃,127.717,1752069458,1968c70a
1887286242388061952,《不是大事》,8.773,1752073252,213dfde7
1887289681549234944,唉！（跟我的黑海说去吧）,10.32,1752073662,f8e5ed6
1887382148748100352,不应该是法棍吗？,175.868,1752084685,311c5942
1887409916340849664,他可能没吃过那些零食 以为那就是原本的味道,110.712,1752087995,c443d7b0
1887411513632381184,6,143.279,1752088185,7a67fa55
1887463295728883712,？我的大少爷啊……,157.839,1752094358,b129c443
1887569151884078592,省流:被无名用扳手敲脑壳了,0.974,1752106977,daf1e5e6
1887632534779928064,他还是爱他的跳跳糖,95.514,1752114533,df6e64c0
1887675439565624576,无名与威龙的神秘暗号,60.432,1752119648,e3b1ab8e
1887686090824188672,可乐加跳跳糖？,85.2,1752120917,3afcf836
1887715059791809536,666跳跳龙,86.38,1752124371,c0a78260
1887759062150756352,“他们不会察觉…”,163.294,1752129616,2be00ace
1887808995096726272,无名：我谢谢你小子,142.788,1752135569,aead78d2
1888340849721821440,黄金树叶是吧？,61.19,1752198971,85ebdbb4
1888407052918072832,《跳跳仙人》,84.786,1752206863,979b1b98
1888407143573790208,《活阎王》,94.267,1752206873,979b1b98
1888466345394797056,关山南越还我柠檬茶！,27.734,1752213931,384eee64
1888701512067477760,666,95.766,1752241965,91e528ed
1888809260625189632,半夜十二点巡逻的：我记得那是厕所吧？咋还亮着灯呢？,97.566,1752254810,e18f407f
1889021045278083072,来自四川人的红温,130.455,1752280056,2084ad83
1890030413032766976,刚才的话是不是无名说的？,21.152,1752400382,bfe58c2e
1890607577834799360,给娃调成啥了,148.478,1752469186,58328213
1891245365513257984,可怜（指家产上亿）,60.111,1752545216,21fe169
1891319174408922880,？？？,104.981,1752554015,9bf10f9
1891378484157842432,《跳跳仙人》,89.584,1752561085,1047795
1891378823737112320,无名：静步最有用的一集，你最好睁着眼睡觉,125.073,1752561125,1047795
1891527340124195072,无名：你最好睁眼睡觉,117.742,1752578830,36a08a3c
1891668742073931520,来制造一点恐慌吧,169.815,1752595686,2d17918e
1891975208777701376,芥末味大白兔奶糖是真的有的。,109.045,1752632220,2258e670
1892147082623056640,背后行动,164.495,1752652709,323ee76
1893740397336296960,触发无名底层代码了,32.681,1752842647,5658a708
1893832001875021056,喝不完有惩罚，喝完了有奖励,38.717,1752853567,6e54addb
1894526045966266112,无名：来制造一点恐慌吧,163.219,1752936303,ee05232b
1894646046588558848,是关山难越,34.688,1752950609,70f90bd6
1895843250469317120,666川剧,142.441,1753093326,3c734571
1896061237750720768,那一天的混乱，浓郁起来～,171.988,1753119313,b55bbcd8
1896804964462970880,神秘偷肉男,153.806,1753207972,44baab6b
1897353393585157376,《不是啥子大事》,8.819,1753273350,5ce4ca7a
1897353531351096832,无名不是喝红酒吗？,20.045,1753273366,5ce4ca7a
1897353789712054272,《会跳的饮料》,43.083,1753273397,5ce4ca7a
1897353926605278976,666无名是关山难越,54.238,1753273413,5ce4ca7a
1901051177051852032,威龙不会察觉,169.232,1753714160,940401ae
1901304994142340352,《钢铁是怎样炼成的》,143.621,1753744417,ebb88f7b
1903816890800321536,无名：我没说过，勿Q,87.221,1754043858,ee80e670
1905370781648178944,可能是老黑放的,124.984,1754229097,6ef0ca63
1909588362650821376,估计应该是被法棍敲脑袋。,0.47,1754731872,f57be5f6
1910116164378920960,无名：来制造一点幽默吧,121.82,1754794790,2e124f90
1913047981583123968,龙，,41.245,1755144290,4c708b43
1913101390197120512,不忘初心,84.116,1755150657,ca84f3e0
1916057164729206016,惊夜,45.577,1755503013,b95421cf
1916981254860406528,你是指斧头帮小曲是广场大妈的广场舞音乐？,8.515,1755613173,15b2aab9
1917110797667085568,无名“威龙你最好睁着眼睡觉，不然小心我开静步跑你屋里……”,134.771,1755628616,640fbaab
1919185007369715456,前面的白字，那是佐娅才喜欢喝红酒，天名喜欢喝老太手磨的柠檬茶,25.9,1755875881,2817cc87
1921996028283245568,无名是真的吃东西没味道,142.782,1756210981,39b03e3e
1922104627454219264,威龙真的是跳跳糖仙人，整蛊逃不开跳跳糖,14.445,1756223927,4f66a4ea
1923475685612680704,脑机发力了,119.177,1756387369,1784c243
1934409001815353856,ooc了,163.316,1757690722,c3a4278e
1942319113213290752,666还是工地特供,35.125,1758633681,99859fb1
1995981983767048448,不忘初心 ……,91.09,1765030794,a6a6dede
1995982516301251840,你们知道半夜偷玩手机憋笑有多难吗 ！！！,128.13,1765030857,a6a6dede
1995991754876205312,火锅……配水？还是喝的 ……？！不对！！！,172.323,1765031959,a6a6dede
2014544507907553024,来点牢大（不是）,61.286,1767243619,8bb83855
2040257511252889856,这次真绷不住了,150.295,1770308848,96546eb0
2050097790818502400,还真是和跳跳糖过不去了,43.28,1771481901,3456b429
2052390266472244992,盲猜冰红茶,26.427,1771755185,2def753e
2052390586623469824,啊？,51.147,1771755223,2def753e
2052390655024228608,威龙你怎么学坏了,52.837,1771755231,2def753e
2052392225396500736,《相濡以沫》,143.276,1771755419,2def753e
2055887157784652800,《三角洲玩家真实状况》,2.016,1772172047,2def753e
2062432844215198464,跟无名演川剧（我要求的）,16.075,1772952354,2def753e
2083381933085730560,好凶弟,8.772,1775449680,90067119
2083625191132649216,活阎王,99.16,1775478678,4d9be8f9
,,0.0,1775683732.8000336,
lb.c,,0.0,1775683732.8000336,
,,0.0,1775683732.8000336,
1884508788238130432,666威龙跟骇爪学坏了会搞恶作剧了,49.738,1751742153,e97dbe94
1884746302143934976,CS威龙,109.71,1751770467,b4c92ee5
1885019019305275392,德丽莎狂喜,124.529,1751802978,2182fb16
1885067568742988544,四川威龙的辣椒酱没了,132.394,1751808765,1857d45d
1885067857596281856,神秘幽默静步男,158.017,1751808800,1857d45d
1885075515414135296,绷,129.546,1751809712,ad122b0e
1885117037672706816,爱名TV,120.716,1751814662,49f4b830
1885117922562088192,盲猜柠檬茶,17.454,1751814768,1789994a
1885147866151465984,柠檬茶！！！！,21.102,1751818337,afafa8e2
1885149318840291584,《特别调理》《惊喜》,36.412,1751818510,1caa2220
1885150134632459008,无名：真损啊,104.971,1751818608,1caa2220
1885150592859968512,无名：那也不看看是谁把我整成这样的,143.499,1751818662,1caa2220
1885172166757709568,什么味?,127.579,1751821234,a4b5b784
1885178939157683200,加了磁吸炸弹,47.761,1751822042,cd7519e9
1885187421919303168,前面那个让封的是我，我太难了,33.318,1751823053,f3b1aea1
1885231165942983936,太造孽了（狗头）,56.82,1751828267,4489afd7
1885251158378350592,不愧是威龙，啥都能干出来,102.539,1751830651,d495b102
1885251342701325824,不愧是好兄弟呀,107.299,1751830673,d495b102
1885341148764054528,我怎么听说跳跳糖是某科学家研发固体可乐过程中得出来的一个产品呢。（手动狗头）,89.893,1751841378,27835dea
1885344955925376256,绷不住了,105.554,1751841832,96222fda
1885354040393596672,威龙：小馋猫无名,91.598,1751842915,9d47d514
1885369251330665728,人家本来就不聪明 你还铁咩弄人家！给无名买脑机去！,108.091,1751844728,fe9706bf
1885369896716629248,你再看看你后面呢,163.458,1751844805,fe9706bf
1885374262576573952,来制造一点幽默吧,160.17,1751845326,ee1966c
1885393609793636352,1,16.537,1751847632,46419727
1885404208497801728,《金色树叶》,69.309,1751848896,368d5693
1885437154629904896,我就是玩无名的，这么一听，感觉无名又师又可爱,162.12,1751852823,39eab1d8
1885454201816485376,渡鸦：那一天的混乱，浓郁起来~,165.939,1751854855,768733cb
1885461910477156864,调成啥了,143.208,1751855774,96222fda
1885476833156781568,无名：威龙我拿那筷子,109.392,1751857553,f5304173
1885478156442639616,神秘静步男是个人物,110.632,1751857711,b7a3728f
1885496456325515520,跳跳茶？,43.246,1751859893,ba582539
1885561650866698240,怪不得要静步，原来是要捡牛肉干,158.916,1751867664,916feba2
1885600033421265920,无名：柠檬茶牛肉干无敌！,156.961,1751872240,64c86d81
1885642625302970624,把无名当哈夫克人整呢,153.922,1751877317,f7ddcd96
1885687466976551680,我还以为是广东特色凉茶呢,43.084,1751882663,620e12be
1885722251404560640,有没有一种可能无名真就以为这些东西原本就是这个味道,0.0,1751886809,b33d1423
1885729185000475904,这敲脑壳的声音怕是有点痛哦,3.734,1751887636,55335193
1885738369158437376,无名：静步最有用的一集，你最好睁着眼睡觉,114.211,1751888731,c7a4c4a2
1885745676483734016,《扑克face》,101.989,1751889602,c7faf1dc
1885755522620531200,省流：“叮～”,0.104,1751890776,18bf3e4
1885783000101224192,可乐加跳跳糖不变,85.792,1751894051,5e5471b0
1885812979049037056,1,24.363,1751897625,db71a115
1885820417378724352,666无名开大偷牛肉干,154.335,1751898512,7657d1ad
1885833193321004800,《锻炼意志力》,142.569,1751900035,f31a11ad
1885855271331828736,比如说…你想和无名演川剧？,7.176,1751902667,7f9831b9
1885855940717778688,东方树叶是吧,69.18,1751902746,7f9831b9
1885864818264079616,无名：来制造点恐慌吧,167.163,1751903805,97529dd8
1885890101016544768,来制造一点幽默吧,169.937,1751906819,650d52ee
1885938340823041792,逆天,109.06,1751912569,dd60a20d
1886093947899126528,自助餐经典配方，巨好喝，但别加果汁和奶茶,92.289,1751931119,562c86a7
1886126130256789504,上次我问威龙如果我喜欢上他姝姝了怎么办，他说要拿虎蹲炮送我上天(,62.173,1751934955,d085bec1
1886318226074914816,无名已经被调成这样了吗？,149.139,1751957855,a5f0c676
1886327121052936960,无名：“大招一开对面都开始跳舞了”,12.291,1751958915,9d971b89
1886352037928004352,咚,0.347,1751961886,a851ca0a
1886441269715465472,《胃口不小嘛》,89.695,1751972523,e593abe
1886442487329869312,苦瓜味巧克力？！,125.435,1751972668,e593abe
1886442933167885568,《高冷个串串,153.973,1751972721,e593abe
1886479856825596160,无名：本来就有点阴郁，现在感觉更阴郁,65.847,1751977123,5ba11e6d
1886487656486546688,威龙对跳跳糖是有什么执念吗,84.445,1751978053,2fdfb164
1886643291387826688,104人初恋吧,58.297,1751996606,4809b077
1886668239568916992,666神秘静步男开大捡牛肉干,159.672,1751999580,e5bc74d4
1886680858878931200,不忘初心,96.698,1752001084,9ba4157f
1886853557693644288,听完之后的无名:滚出我的脑子！,8.004,1752021672,48b15f27
1886889363133327104,德丽莎,125.211,1752025940,8443a794
1886924497794331136,开大招偷是吧？,155.163,1752030128,d530ce4d
1886936111076027648,牛油火锅！,39.31,1752031513,c1239d75
1886980074016700160,神秘踮脚男,159.002,1752036754,b0bd56b6
1887031803869962496,辣椒酱，不愧是川川川川出身的,129.183,1752042920,6dde2dcd
1887032082439092736,牢龙就是川川川川人，演这个正合适,135.673,1752042953,6dde2dcd
1887254415438602240,德丽莎：不吃给我，我爱吃,127.717,1752069458,1968c70a
1887286242388061952,《不是大事》,8.773,1752073252,213dfde7
1887289681549234944,唉！（跟我的黑海说去吧）,10.32,1752073662,f8e5ed6
1887382148748100352,不应该是法棍吗？,175.868,1752084685,311c5942
1887409916340849664,他可能没吃过那些零食 以为那就是原本的味道,110.712,1752087995,c443d7b0
1887411513632381184,6,143.279,1752088185,7a67fa55
1887463295728883712,？我的大少爷啊……,157.839,1752094358,b129c443
1887569151884078592,省流:被无名用扳手敲脑壳了,0.974,1752106977,daf1e5e6
1887632534779928064,他还是爱他的跳跳糖,95.514,1752114533,df6e64c0
1887675439565624576,无名与威龙的神秘暗号,60.432,1752119648,e3b1ab8e
1887686090824188672,可乐加跳跳糖？,85.2,1752120917,3afcf836
1887715059791809536,666跳跳龙,86.38,1752124371,c0a78260
1887759062150756352,“他们不会察觉…”,163.294,1752129616,2be00ace
1887808995096726272,无名：我谢谢你小子,142.788,1752135569,aead78d2
1888340849721821440,黄金树叶是吧？,61.19,1752198971,85ebdbb4
1888407052918072832,《跳跳仙人》,84.786,1752206863,979b1b98
1888407143573790208,《活阎王》,94.267,1752206873,979b1b98
1888466345394797056,关山南越还我柠檬茶！,27.734,1752213931,384eee64
1888701512067477760,666,95.766,1752241965,91e528ed
1888809260625189632,半夜十二点巡逻的：我记得那是厕所吧？咋还亮着灯呢？,97.566,1752254810,e18f407f
1889021045278083072,来自四川人的红温,130.455,1752280056,2084ad83
1890030413032766976,刚才的话是不是无名说的？,21.152,1752400382,bfe58c2e
1890607577834799360,给娃调成啥了,148.478,1752469186,58328213
1891245365513257984,可怜（指家产上亿）,60.111,1752545216,21fe169
1891319174408922880,？？？,104.981,1752554015,9bf10f9
1891378484157842432,《跳跳仙人》,89.584,1752561085,1047795
1891378823737112320,无名：静步最有用的一集，你最好睁着眼睡觉,125.073,1752561125,1047795
1891527340124195072,无名：你最好睁眼睡觉,117.742,1752578830,36a08a3c
1891668742073931520,来制造一点恐慌吧,169.815,1752595686,2d17918e
1891975208777701376,芥末味大白兔奶糖是真的有的。,109.045,1752632220,2258e670
1892147082623056640,背后行动,164.495,1752652709,323ee76
1893740397336296960,触发无名底层代码了,32.681,1752842647,5658a708
1893832001875021056,喝不完有惩罚，喝完了有奖励,38.717,1752853567,6e54addb
1894526045966266112,无名：来制造一点恐慌吧,163.219,1752936303,ee05232b
1894646046588558848,是关山难越,34.688,1752950609,70f90bd6
1895843250469317120,666川剧,142.441,1753093326,3c734571
1896061237750720768,那一天的混乱，浓郁起来～,171.988,1753119313,b55bbcd8
1896804964462970880,神秘偷肉男,153.806,1753207972,44baab6b
1897353393585157376,《不是啥子大事》,8.819,1753273350,5ce4ca7a
1897353531351096832,无名不是喝红酒吗？,20.045,1753273366,5ce4ca7a
1897353789712054272,《会跳的饮料》,43.083,1753273397,5ce4ca7a
1897353926605278976,666无名是关山难越,54.238,1753273413,5ce4ca7a
1901051177051852032,威龙不会察觉,169.232,1753714160,940401ae
1901304994142340352,《钢铁是怎样炼成的》,143.621,1753744417,ebb88f7b
1903816890800321536,无名：我没说过，勿Q,87.221,1754043858,ee80e670
1905370781648178944,可能是老黑放的,124.984,1754229097,6ef0ca63
1909588362650821376,估计应该是被法棍敲脑袋。,0.47,1754731872,f57be5f6
1910116164378920960,无名：来制造一点幽默吧,121.82,1754794790,2e124f90
1913047981583123968,龙，,41.245,1755144290,4c708b43
1913101390197120512,不忘初心,84.116,1755150657,ca84f3e0
1916057164729206016,惊夜,45.577,1755503013,b95421cf
1916981254860406528,你是指斧头帮小曲是广场大妈的广场舞音乐？,8.515,1755613173,15b2aab9
1917110797667085568,无名“威龙你最好睁着眼睡觉，不然小心我开静步跑你屋里……”,134.771,1755628616,640fbaab
1919185007369715456,前面的白字，那是佐娅才喜欢喝红酒，天名喜欢喝老太手磨的柠檬茶,25.9,1755875881,2817cc87
1921996028283245568,无名是真的吃东西没味道,142.782,1756210981,39b03e3e
1922104627454219264,威龙真的是跳跳糖仙人，整蛊逃不开跳跳糖,14.445,1756223927,4f66a4ea
1923475685612680704,脑机发力了,119.177,1756387369,1784c243
1934409001815353856,ooc了,163.316,1757690722,c3a4278e
1942319113213290752,666还是工地特供,35.125,1758633681,99859fb1
1995981983767048448,不忘初心 ……,91.09,1765030794,a6a6dede
1995982516301251840,你们知道半夜偷玩手机憋笑有多难吗 ！！！,128.13,1765030857,a6a6dede
1995991754876205312,火锅……配水？还是喝的 ……？！不对！！！,172.323,1765031959,a6a6dede
2014544507907553024,来点牢大（不是）,61.286,1767243619,8bb83855
2040257511252889856,这次真绷不住了,150.295,1770308848,96546eb0
2050097790818502400,还真是和跳跳糖过不去了,43.28,1771481901,3456b429
2052390266472244992,盲猜冰红茶,26.427,1771755185,2def753e
2052390586623469824,啊？,51.147,1771755223,2def753e
2052390655024228608,威龙你怎么学坏了,52.837,1771755231,2def753e
2052392225396500736,《相濡以沫》,143.276,1771755419,2def753e
2055887157784652800,《三角洲玩家真实状况》,2.016,1772172047,2def753e
2062432844215198464,跟无名演川剧（我要求的）,16.075,1772952354,2def753e
2083381933085730560,好凶弟,8.772,1775449680,90067119
2083625191132649216,活阎王,99.16,1775478678,4d9be8f9
,,0.0,1775683732.8000336,
lb.c,,0.0,1775683732.8000336,
,,0.0,1775683732.8000336,
1884508788238130432,666威龙跟骇爪学坏了会搞恶作剧了,49.738,1751742153,e97dbe94
1884746302143934976,CS威龙,109.71,1751770467,b4c92ee5
1885019019305275392,德丽莎狂喜,124.529,1751802978,2182fb16
1885067568742988544,四川威龙的辣椒酱没了,132.394,1751808765,1857d45d
1885067857596281856,神秘幽默静步男,158.017,1751808800,1857d45d
1885075515414135296,绷,129.546,1751809712,ad122b0e
1885117037672706816,爱名TV,120.716,1751814662,49f4b830
1885117922562088192,盲猜柠檬茶,17.454,1751814768,1789994a
1885147866151465984,柠檬茶！！！！,21.102,1751818337,afafa8e2
1885149318840291584,《特别调理》《惊喜》,36.412,1751818510,1caa2220
1885150134632459008,无名：真损啊,104.971,1751818608,1caa2220
1885150592859968512,无名：那也不看看是谁把我整成这样的,143.499,1751818662,1caa2220
1885172166757709568,什么味?,127.579,1751821234,a4b5b784
1885178939157683200,加了磁吸炸弹,47.761,1751822042,cd7519e9
1885187421919303168,前面那个让封的是我，我太难了,33.318,1751823053,f3b1aea1
1885231165942983936,太造孽了（狗头）,56.82,1751828267,4489afd7
1885251158378350592,不愧是威龙，啥都能干出来,102.539,1751830651,d495b102
1885251342701325824,不愧是好兄弟呀,107.299,1751830673,d495b102
1885341148764054528,我怎么听说跳跳糖是某科学家研发固体可乐过程中得出来的一个产品呢。（手动狗头）,89.893,1751841378,27835dea
1885344955925376256,绷不住了,105.554,1751841832,96222fda
1885354040393596672,威龙：小馋猫无名,91.598,1751842915,9d47d514
1885369251330665728,人家本来就不聪明 你还铁咩弄人家！给无名买脑机去！,108.091,1751844728,fe9706bf
1885369896716629248,你再看看你后面呢,163.458,1751844805,fe9706bf
1885374262576573952,来制造一点幽默吧,160.17,1751845326,ee1966c
1885393609793636352,1,16.537,1751847632,46419727
1885404208497801728,《金色树叶》,69.309,1751848896,368d5693
1885437154629904896,我就是玩无名的，这么一听，感觉无名又师又可爱,162.12,1751852823,39eab1d8
1885454201816485376,渡鸦：那一天的混乱，浓郁起来~,165.939,1751854855,768733cb
1885461910477156864,调成啥了,143.208,1751855774,96222fda
1885476833156781568,无名：威龙我拿那筷子,109.392,1751857553,f5304173
1885478156442639616,神秘静步男是个人物,110.632,1751857711,b7a3728f
1885496456325515520,跳跳茶？,43.246,1751859893,ba582539
1885561650866698240,怪不得要静步，原来是要捡牛肉干,158.916,1751867664,916feba2
1885600033421265920,无名：柠檬茶牛肉干无敌！,156.961,1751872240,64c86d81
1885642625302970624,把无名当哈夫克人整呢,153.922,1751877317,f7ddcd96
1885687466976551680,我还以为是广东特色凉茶呢,43.084,1751882663,620e12be
1885722251404560640,有没有一种可能无名真就以为这些东西原本就是这个味道,0.0,1751886809,b33d1423
1885729185000475904,这敲脑壳的声音怕是有点痛哦,3.734,1751887636,55335193
1885738369158437376,无名：静步最有用的一集，你最好睁着眼睡觉,114.211,1751888731,c7a4c4a2
1885745676483734016,《扑克face》,101.989,1751889602,c7faf1dc
1885755522620531200,省流：“叮～”,0.104,1751890776,18bf3e4
1885783000101224192,可乐加跳跳糖不变,85.792,1751894051,5e5471b0
1885812979049037056,1,24.363,1751897625,db71a115
1885820417378724352,666无名开大偷牛肉干,154.335,1751898512,7657d1ad
1885833193321004800,《锻炼意志力》,142.569,1751900035,f31a11ad
1885855271331828736,比如说…你想和无名演川剧？,7.176,1751902667,7f9831b9
1885855940717778688,东方树叶是吧,69.18,1751902746,7f9831b9
1885864818264079616,无名：来制造点恐慌吧,167.163,1751903805,97529dd8
1885890101016544768,来制造一点幽默吧,169.937,1751906819,650d52ee
1885938340823041792,逆天,109.06,1751912569,dd60a20d
1886093947899126528,自助餐经典配方，巨好喝，但别加果汁和奶茶,92.289,1751931119,562c86a7
1886126130256789504,上次我问威龙如果我喜欢上他姝姝了怎么办，他说要拿虎蹲炮送我上天(,62.173,1751934955,d085bec1
1886318226074914816,无名已经被调成这样了吗？,149.139,1751957855,a5f0c676
1886327121052936960,无名：“大招一开对面都开始跳舞了”,12.291,1751958915,9d971b89
1886352037928004352,咚,0.347,1751961886,a851ca0a
1886441269715465472,《胃口不小嘛》,89.695,1751972523,e593abe
1886442487329869312,苦瓜味巧克力？！,125.435,1751972668,e593abe
1886442933167885568,《高冷个串串,153.973,1751972721,e593abe
1886479856825596160,无名：本来就有点阴郁，现在感觉更阴郁,65.847,1751977123,5ba11e6d
1886487656486546688,威龙对跳跳糖是有什么执念吗,84.445,1751978053,2fdfb164
1886643291387826688,104人初恋吧,58.297,1751996606,4809b077
1886668239568916992,666神秘静步男开大捡牛肉干,159.672,1751999580,e5bc74d4
1886680858878931200,不忘初心,96.698,1752001084,9ba4157f
1886853557693644288,听完之后的无名:滚出我的脑子！,8.004,1752021672,48b15f27
1886889363133327104,德丽莎,125.211,1752025940,8443a794
1886924497794331136,开大招偷是吧？,155.163,1752030128,d530ce4d
1886936111076027648,牛油火锅！,39.31,1752031513,c1239d75
1886980074016700160,神秘踮脚男,159.002,1752036754,b0bd56b6
1887031803869962496,辣椒酱，不愧是川川川川出身的,129.183,1752042920,6dde2dcd
1887032082439092736,牢龙就是川川川川人，演这个正合适,135.673,1752042953,6dde2dcd
1887254415438602240,德丽莎：不吃给我，我爱吃,127.717,1752069458,1968c70a
1887286242388061952,《不是大事》,8.773,1752073252,213dfde7
1887289681549234944,唉！（跟我的黑海说去吧）,10.32,1752073662,f8e5ed6
1887382148748100352,不应该是法棍吗？,175.868,1752084685,311c5942
1887409916340849664,他可能没吃过那些零食 以为那就是原本的味道,110.712,1752087995,c443d7b0
1887411513632381184,6,143.279,1752088185,7a67fa55
1887463295728883712,？我的大少爷啊……,157.839,1752094358,b129c443
1887569151884078592,省流:被无名用扳手敲脑壳了,0.974,1752106977,daf1e5e6
1887632534779928064,他还是爱他的跳跳糖,95.514,1752114533,df6e64c0
1887675439565624576,无名与威龙的神秘暗号,60.432,1752119648,e3b1ab8e
1887686090824188672,可乐加跳跳糖？,85.2,1752120917,3afcf836
1887715059791809536,666跳跳龙,86.38,1752124371,c0a78260
1887759062150756352,“他们不会察觉…”,163.294,1752129616,2be00ace
1887808995096726272,无名：我谢谢你小子,142.788,1752135569,aead78d2
1888340849721821440,黄金树叶是吧？,61.19,1752198971,85ebdbb4
1888407052918072832,《跳跳仙人》,84.786,1752206863,979b1b98
1888407143573790208,《活阎王》,94.267,1752206873,979b1b98
1888466345394797056,关山南越还我柠檬茶！,27.734,1752213931,384eee64
1888701512067477760,666,95.766,1752241965,91e528ed
1888809260625189632,半夜十二点巡逻的：我记得那是厕所吧？咋还亮着灯呢？,97.566,1752254810,e18f407f
1889021045278083072,来自四川人的红温,130.455,1752280056,2084ad83
1890030413032766976,刚才的话是不是无名说的？,21.152,1752400382,bfe58c2e
1890607577834799360,给娃调成啥了,148.478,1752469186,58328213
1891245365513257984,可怜（指家产上亿）,60.111,1752545216,21fe169
1891319174408922880,？？？,104.981,1752554015,9bf10f9
1891378484157842432,《跳跳仙人》,89.584,1752561085,1047795
1891378823737112320,无名：静步最有用的一集，你最好睁着眼睡觉,125.073,1752561125,1047795
1891527340124195072,无名：你最好睁眼睡觉,117.742,1752578830,36a08a3c
1891668742073931520,来制造一点恐慌吧,169.815,1752595686,2d17918e
1891975208777701376,芥末味大白兔奶糖是真的有的。,109.045,1752632220,2258e670
1892147082623056640,背后行动,164.495,1752652709,323ee76
1893740397336296960,触发无名底层代码了,32.681,1752842647,5658a708
1893832001875021056,喝不完有惩罚，喝完了有奖励,38.717,1752853567,6e54addb
1894526045966266112,无名：来制造一点恐慌吧,163.219,1752936303,ee05232b
1894646046588558848,是关山难越,34.688,1752950609,70f90bd6
1895843250469317120,666川剧,142.441,1753093326,3c734571
1896061237750720768,那一天的混乱，浓郁起来～,171.988,1753119313,b55bbcd8
1896804964462970880,神秘偷肉男,153.806,1753207972,44baab6b
1897353393585157376,《不是啥子大事》,8.819,1753273350,5ce4ca7a
1897353531351096832,无名不是喝红酒吗？,20.045,1753273366,5ce4ca7a
1897353789712054272,《会跳的饮料》,43.083,1753273397,5ce4ca7a
1897353926605278976,666无名是关山难越,54.238,1753273413,5ce4ca7a
1901051177051852032,威龙不会察觉,169.232,1753714160,940401ae
1901304994142340352,《钢铁是怎样炼成的》,143.621,1753744417,ebb88f7b
1903816890800321536,无名：我没说过，勿Q,87.221,1754043858,ee80e670
1905370781648178944,可能是老黑放的,124.984,1754229097,6ef0ca63
1909588362650821376,估计应该是被法棍敲脑袋。,0.47,1754731872,f57be5f6
1910116164378920960,无名：来制造一点幽默吧,121.82,1754794790,2e124f90
1913047981583123968,龙，,41.245,1755144290,4c708b43
1913101390197120512,不忘初心,84.116,1755150657,ca84f3e0
1916057164729206016,惊夜,45.577,1755503013,b95421cf
1916981254860406528,你是指斧头帮小曲是广场大妈的广场舞音乐？,8.515,1755613173,15b2aab9
1917110797667085568,无名“威龙你最好睁着眼睡觉，不然小心我开静步跑你屋里……”,134.771,1755628616,640fbaab
1919185007369715456,前面的白字，那是佐娅才喜欢喝红酒，天名喜欢喝老太手磨的柠檬茶,25.9,1755875881,2817cc87
1921996028283245568,无名是真的吃东西没味道,142.782,1756210981,39b03e3e
1922104627454219264,威龙真的是跳跳糖仙人，整蛊逃不开跳跳糖,14.445,1756223927,4f66a4ea
1923475685612680704,脑机发力了,119.177,1756387369,1784c243
1934409001815353856,ooc了,163.316,1757690722,c3a4278e
1942319113213290752,666还是工地特供,35.125,1758633681,99859fb1
1995981983767048448,不忘初心 ……,91.09,1765030794,a6a6dede
1995982516301251840,你们知道半夜偷玩手机憋笑有多难吗 ！！！,128.13,1765030857,a6a6dede
1995991754876205312,火锅……配水？还是喝的 ……？！不对！！！,172.323,1765031959,a6a6dede
2014544507907553024,来点牢大（不是）,61.286,1767243619,8bb83855
2040257511252889856,这次真绷不住了,150.295,1770308848,96546eb0
2050097790818502400,还真是和跳跳糖过不去了,43.28,1771481901,3456b429
2052390266472244992,盲猜冰红茶,26.427,1771755185,2def753e
2052390586623469824,啊？,51.147,1771755223,2def753e
2052390655024228608,威龙你怎么学坏了,52.837,1771755231,2def753e
2052392225396500736,《相濡以沫》,143.276,1771755419,2def753e
2055887157784652800,《三角洲玩家真实状况》,2.016,1772172047,2def753e
2062432844215198464,跟无名演川剧（我要求的）,16.075,1772952354,2def753e
2083381933085730560,好凶弟,8.772,1775449680,90067119
2083625191132649216,活阎王,99.16,1775478678,4d9be8f9
,,0.0,1775683732.8000336,
lb.c,,0.0,1775683732.8000336,
,,0.0,1775683732.8000336,
1884508788238130432,666威龙跟骇爪学坏了会搞恶作剧了,49.738,1751742153,e97dbe94
1884746302143934976,CS威龙,109.71,1751770467,b4c92ee5
1885019019305275392,德丽莎狂喜,124.529,1751802978,2182fb16
1885067568742988544,四川威龙的辣椒酱没了,132.394,1751808765,1857d45d
1885067857596281856,神秘幽默静步男,158.017,1751808800,1857d45d
1885075515414135296,绷,129.546,1751809712,ad122b0e
1885117037672706816,爱名TV,120.716,1751814662,49f4b830
1885117922562088192,盲猜柠檬茶,17.454,1751814768,1789994a
1885147866151465984,柠檬茶！！！！,21.102,1751818337,afafa8e2
1885149318840291584,《特别调理》《惊喜》,36.412,1751818510,1caa2220
1885150134632459008,无名：真损啊,104.971,1751818608,1caa2220
1885150592859968512,无名：那也不看看是谁把我整成这样的,143.499,1751818662,1caa2220
1885172166757709568,什么味?,127.579,1751821234,a4b5b784
1885178939157683200,加了磁吸炸弹,47.761,1751822042,cd7519e9
1885187421919303168,前面那个让封的是我，我太难了,33.318,1751823053,f3b1aea1
1885231165942983936,太造孽了（狗头）,56.82,1751828267,4489afd7
1885251158378350592,不愧是威龙，啥都能干出来,102.539,1751830651,d495b102
1885251342701325824,不愧是好兄弟呀,107.299,1751830673,d495b102
1885341148764054528,我怎么听说跳跳糖是某科学家研发固体可乐过程中得出来的一个产品呢。（手动狗头）,89.893,1751841378,27835dea
1885344955925376256,绷不住了,105.554,1751841832,96222fda
1885354040393596672,威龙：小馋猫无名,91.598,1751842915,9d47d514
1885369251330665728,人家本来就不聪明 你还铁咩弄人家！给无名买脑机去！,108.091,1751844728,fe9706bf
1885369896716629248,你再看看你后面呢,163.458,1751844805,fe9706bf
1885374262576573952,来制造一点幽默吧,160.17,1751845326,ee1966c
1885393609793636352,1,16.537,1751847632,46419727
1885404208497801728,《金色树叶》,69.309,1751848896,368d5693
1885437154629904896,我就是玩无名的，这么一听，感觉无名又师又可爱,162.12,1751852823,39eab1d8
1885454201816485376,渡鸦：那一天的混乱，浓郁起来~,165.939,1751854855,768733cb
1885461910477156864,调成啥了,143.208,1751855774,96222fda
1885476833156781568,无名：威龙我拿那筷子,109.392,1751857553,f5304173
1885478156442639616,神秘静步男是个人物,110.632,1751857711,b7a3728f
1885496456325515520,跳跳茶？,43.246,1751859893,ba582539
1885561650866698240,怪不得要静步，原来是要捡牛肉干,158.916,1751867664,916feba2
1885600033421265920,无名：柠檬茶牛肉干无敌！,156.961,1751872240,64c86d81
1885642625302970624,把无名当哈夫克人整呢,153.922,1751877317,f7ddcd96
1885687466976551680,我还以为是广东特色凉茶呢,43.084,1751882663,620e12be
1885722251404560640,有没有一种可能无名真就以为这些东西原本就是这个味道,0.0,1751886809,b33d1423
1885729185000475904,这敲脑壳的声音怕是有点痛哦,3.734,1751887636,55335193
1885738369158437376,无名：静步最有用的一集，你最好睁着眼睡觉,114.211,1751888731,c7a4c4a2
1885745676483734016,《扑克face》,101.989,1751889602,c7faf1dc
1885755522620531200,省流：“叮～”,0.104,1751890776,18bf3e4
1885783000101224192,可乐加跳跳糖不变,85.792,1751894051,5e5471b0
1885812979049037056,1,24.363,1751897625,db71a115
1885820417378724352,666无名开大偷牛肉干,154.335,1751898512,7657d1ad
1885833193321004800,《锻炼意志力》,142.569,1751900035,f31a11ad
1885855271331828736,比如说…你想和无名演川剧？,7.176,1751902667,7f9831b9
1885855940717778688,东方树叶是吧,69.18,1751902746,7f9831b9
1885864818264079616,无名：来制造点恐慌吧,167.163,1751903805,97529dd8
1885890101016544768,来制造一点幽默吧,169.937,1751906819,650d52ee
1885938340823041792,逆天,109.06,1751912569,dd60a20d
1886093947899126528,自助餐经典配方，巨好喝，但别加果汁和奶茶,92.289,1751931119,562c86a7
1886126130256789504,上次我问威龙如果我喜欢上他姝姝了怎么办，他说要拿虎蹲炮送我上天(,62.173,1751934955,d085bec1
1886318226074914816,无名已经被调成这样了吗？,149.139,1751957855,a5f0c676
1886327121052936960,无名：“大招一开对面都开始跳舞了”,12.291,1751958915,9d971b89
1886352037928004352,咚,0.347,1751961886,a851ca0a
1886441269715465472,《胃口不小嘛》,89.695,1751972523,e593abe
1886442487329869312,苦瓜味巧克力？！,125.435,1751972668,e593abe
1886442933167885568,《高冷个串串,153.973,1751972721,e593abe
1886479856825596160,无名：本来就有点阴郁，现在感觉更阴郁,65.847,1751977123,5ba11e6d
1886487656486546688,威龙对跳跳糖是有什么执念吗,84.445,1751978053,2fdfb164
1886643291387826688,104人初恋吧,58.297,1751996606,4809b077
1886668239568916992,666神秘静步男开大捡牛肉干,159.672,1751999580,e5bc74d4
1886680858878931200,不忘初心,96.698,1752001084,9ba4157f
1886853557693644288,听完之后的无名:滚出我的脑子！,8.004,1752021672,48b15f27
1886889363133327104,德丽莎,125.211,1752025940,8443a794
1886924497794331136,开大招偷是吧？,155.163,1752030128,d530ce4d
1886936111076027648,牛油火锅！,39.31,1752031513,c1239d75
1886980074016700160,神秘踮脚男,159.002,1752036754,b0bd56b6
1887031803869962496,辣椒酱，不愧是川川川川出身的,129.183,1752042920,6dde2dcd
1887032082439092736,牢龙就是川川川川人，演这个正合适,135.673,1752042953,6dde2dcd
1887254415438602240,德丽莎：不吃给我，我爱吃,127.717,1752069458,1968c70a
1887286242388061952,《不是大事》,8.773,1752073252,213dfde7
1887289681549234944,唉！（跟我的黑海说去吧）,10.32,1752073662,f8e5ed6
1887382148748100352,不应该是法棍吗？,175.868,1752084685,311c5942
1887409916340849664,他可能没吃过那些零食 以为那就是原本的味道,110.712,1752087995,c443d7b0
1887411513632381184,6,143.279,1752088185,7a67fa55
1887463295728883712,？我的大少爷啊……,157.839,1752094358,b129c443
1887569151884078592,省流:被无名用扳手敲脑壳了,0.974,1752106977,daf1e5e6
1887632534779928064,他还是爱他的跳跳糖,95.514,1752114533,df6e64c0
1887675439565624576,无名与威龙的神秘暗号,60.432,1752119648,e3b1ab8e
1887686090824188672,可乐加跳跳糖？,85.2,1752120917,3afcf836
1887715059791809536,666跳跳龙,86.38,1752124371,c0a78260
1887759062150756352,“他们不会察觉…”,163.294,1752129616,2be00ace
1887808995096726272,无名：我谢谢你小子,142.788,1752135569,aead78d2
1888340849721821440,黄金树叶是吧？,61.19,1752198971,85ebdbb4
1888407052918072832,《跳跳仙人》,84.786,1752206863,979b1b98
1888407143573790208,《活阎王》,94.267,1752206873,979b1b98
1888466345394797056,关山南越还我柠檬茶！,27.734,1752213931,384eee64
1888701512067477760,666,95.766,1752241965,91e528ed
1888809260625189632,半夜十二点巡逻的：我记得那是厕所吧？咋还亮着灯呢？,97.566,1752254810,e18f407f
1889021045278083072,来自四川人的红温,130.455,1752280056,2084ad83
1890030413032766976,刚才的话是不是无名说的？,21.152,1752400382,bfe58c2e
1890607577834799360,给娃调成啥了,148.478,1752469186,58328213
1891245365513257984,可怜（指家产上亿）,60.111,1752545216,21fe169
1891319174408922880,？？？,104.981,1752554015,9bf10f9
1891378484157842432,《跳跳仙人》,89.584,1752561085,1047795
1891378823737112320,无名：静步最有用的一集，你最好睁着眼睡觉,125.073,1752561125,1047795
1891527340124195072,无名：你最好睁眼睡觉,117.742,1752578830,36a08a3c
1891668742073931520,来制造一点恐慌吧,169.815,1752595686,2d17918e
1891975208777701376,芥末味大白兔奶糖是真的有的。,109.045,1752632220,2258e670
1892147082623056640,背后行动,164.495,1752652709,323ee76
1893740397336296960,触发无名底层代码了,32.681,1752842647,5658a708
1893832001875021056,喝不完有惩罚，喝完了有奖励,38.717,1752853567,6e54addb
1894526045966266112,无名：来制造一点恐慌吧,163.219,1752936303,ee05232b
1894646046588558848,是关山难越,34.688,1752950609,70f90bd6
1895843250469317120,666川剧,142.441,1753093326,3c734571
1896061237750720768,那一天的混乱，浓郁起来～,171.988,1753119313,b55bbcd8
1896804964462970880,神秘偷肉男,153.806,1753207972,44baab6b
1897353393585157376,《不是啥子大事》,8.819,1753273350,5ce4ca7a
1897353531351096832,无名不是喝红酒吗？,20.045,1753273366,5ce4ca7a
1897353789712054272,《会跳的饮料》,43.083,1753273397,5ce4ca7a
1897353926605278976,666无名是关山难越,54.238,1753273413,5ce4ca7a
1901051177051852032,威龙不会察觉,169.232,1753714160,940401ae
1901304994142340352,《钢铁是怎样炼成的》,143.621,1753744417,ebb88f7b
1903816890800321536,无名：我没说过，勿Q,87.221,1754043858,ee80e670
1905370781648178944,可能是老黑放的,124.984,1754229097,6ef0ca63
1909588362650821376,估计应该是被法棍敲脑袋。,0.47,1754731872,f57be5f6
1910116164378920960,无名：来制造一点幽默吧,121.82,1754794790,2e124f90
1913047981583123968,龙，,41.245,1755144290,4c708b43
1913101390197120512,不忘初心,84.116,1755150657,ca84f3e0
1916057164729206016,惊夜,45.577,1755503013,b95421cf
1916981254860406528,你是指斧头帮小曲是广场大妈的广场舞音乐？,8.515,1755613173,15b2aab9
1917110797667085568,无名“威龙你最好睁着眼睡觉，不然小心我开静步跑你屋里……”,134.771,1755628616,640fbaab
1919185007369715456,前面的白字，那是佐娅才喜欢喝红酒，天名喜欢喝老太手磨的柠檬茶,25.9,1755875881,2817cc87
1921996028283245568,无名是真的吃东西没味道,142.782,1756210981,39b03e3e
1922104627454219264,威龙真的是跳跳糖仙人，整蛊逃不开跳跳糖,14.445,1756223927,4f66a4ea
1923475685612680704,脑机发力了,119.177,1756387369,1784c243
1934409001815353856,ooc了,163.316,1757690722,c3a4278e
1942319113213290752,666还是工地特供,35.125,1758633681,99859fb1
1995981983767048448,不忘初心 ……,91.09,1765030794,a6a6dede
1995982516301251840,你们知道半夜偷玩手机憋笑有多难吗 ！！！,128.13,1765030857,a6a6dede
1995991754876205312,火锅……配水？还是喝的 ……？！不对！！！,172.323,1765031959,a6a6dede
2014544507907553024,来点牢大（不是）,61.286,1767243619,8bb83855
2040257511252889856,这次真绷不住了,150.295,1770308848,96546eb0
2050097790818502400,还真是和跳跳糖过不去了,43.28,1771481901,3456b429
2052390266472244992,盲猜冰红茶,26.427,1771755185,2def753e
2052390586623469824,啊？,51.147,1771755223,2def753e
2052390655024228608,威龙你怎么学坏了,52.837,1771755231,2def753e
2052392225396500736,《相濡以沫》,143.276,1771755419,2def753e
2055887157784652800,《三角洲玩家真实状况》,2.016,1772172047,2def753e
2062432844215198464,跟无名演川剧（我要求的）,16.075,1772952354,2def753e
2083381933085730560,好凶弟,8.772,1775449680,90067119
2083625191132649216,活阎王,99.16,1775478678,4d9be8f9
,,0.0,1775683732.8000336,
lb.c,,0.0,1775683732.8000336,
,,0.0,1775683732.8000336,
1884508788238130432,666威龙跟骇爪学坏了会搞恶作剧了,49.738,1751742153,e97dbe94
1884746302143934976,CS威龙,109.71,1751770467,b4c92ee5
1885019019305275392,德丽莎狂喜,124.529,1751802978,2182fb16
1885067568742988544,四川威龙的辣椒酱没了,132.394,1751808765,1857d45d
1885067857596281856,神秘幽默静步男,158.017,1751808800,1857d45d
1885075515414135296,绷,129.546,1751809712,ad122b0e
1885117037672706816,爱名TV,120.716,1751814662,49f4b830
1885117922562088192,盲猜柠檬茶,17.454,1751814768,1789994a
1885147866151465984,柠檬茶！！！！,21.102,1751818337,afafa8e2
1885149318840291584,《特别调理》《惊喜》,36.412,1751818510,1caa2220
1885150134632459008,无名：真损啊,104.971,1751818608,1caa2220
1885150592859968512,无名：那也不看看是谁把我整成这样的,143.499,1751818662,1caa2220
1885172166757709568,什么味?,127.579,1751821234,a4b5b784
1885178939157683200,加了磁吸炸弹,47.761,1751822042,cd7519e9
1885187421919303168,前面那个让封的是我，我太难了,33.318,1751823053,f3b1aea1
1885231165942983936,太造孽了（狗头）,56.82,1751828267,4489afd7
1885251158378350592,不愧是威龙，啥都能干出来,102.539,1751830651,d495b102
1885251342701325824,不愧是好兄弟呀,107.299,1751830673,d495b102
1885341148764054528,我怎么听说跳跳糖是某科学家研发固体可乐过程中得出来的一个产品呢。（手动狗头）,89.893,1751841378,27835dea
1885344955925376256,绷不住了,105.554,1751841832,96222fda
1885354040393596672,威龙：小馋猫无名,91.598,1751842915,9d47d514
1885369251330665728,人家本来就不聪明 你还铁咩弄人家！给无名买脑机去！,108.091,1751844728,fe9706bf
1885369896716629248,你再看看你后面呢,163.458,1751844805,fe9706bf
1885374262576573952,来制造一点幽默吧,160.17,1751845326,ee1966c
1885393609793636352,1,16.537,1751847632,46419727
1885404208497801728,《金色树叶》,69.309,1751848896,368d5693
1885437154629904896,我就是玩无名的，这么一听，感觉无名又师又可爱,162.12,1751852823,39eab1d8
1885454201816485376,渡鸦：那一天的混乱，浓郁起来~,165.939,1751854855,768733cb
1885461910477156864,调成啥了,143.208,1751855774,96222fda
1885476833156781568,无名：威龙我拿那筷子,109.392,1751857553,f5304173
1885478156442639616,神秘静步男是个人物,110.632,1751857711,b7a3728f
1885496456325515520,跳跳茶？,43.246,1751859893,ba582539
1885561650866698240,怪不得要静步，原来是要捡牛肉干,158.916,1751867664,916feba2
1885600033421265920,无名：柠檬茶牛肉干无敌！,156.961,1751872240,64c86d81
1885642625302970624,把无名当哈夫克人整呢,153.922,1751877317,f7ddcd96
1885687466976551680,我还以为是广东特色凉茶呢,43.084,1751882663,620e12be
1885722251404560640,有没有一种可能无名真就以为这些东西原本就是这个味道,0.0,1751886809,b33d1423
1885729185000475904,这敲脑壳的声音怕是有点痛哦,3.734,1751887636,55335193
1885738369158437376,无名：静步最有用的一集，你最好睁着眼睡觉,114.211,1751888731,c7a4c4a2
1885745676483734016,《扑克face》,101.989,1751889602,c7faf1dc
1885755522620531200,省流：“叮～”,0.104,1751890776,18bf3e4
1885783000101224192,可乐加跳跳糖不变,85.792,1751894051,5e5471b0
1885812979049037056,1,24.363,1751897625,db71a115
1885820417378724352,666无名开大偷牛肉干,154.335,1751898512,7657d1ad
1885833193321004800,《锻炼意志力》,142.569,1751900035,f31a11ad
1885855271331828736,比如说…你想和无名演川剧？,7.176,1751902667,7f9831b9
1885855940717778688,东方树叶是吧,69.18,1751902746,7f9831b9
1885864818264079616,无名：来制造点恐慌吧,167.163,1751903805,97529dd8
1885890101016544768,来制造一点幽默吧,169.937,1751906819,650d52ee
1885938340823041792,逆天,109.06,1751912569,dd60a20d
1886093947899126528,自助餐经典配方，巨好喝，但别加果汁和奶茶,92.289,1751931119,562c86a7
1886126130256789504,上次我问威龙如果我喜欢上他姝姝了怎么办，他说要拿虎蹲炮送我上天(,62.173,1751934955,d085bec1
1886318226074914816,无名已经被调成这样了吗？,149.139,1751957855,a5f0c676
1886327121052936960,无名：“大招一开对面都开始跳舞了”,12.291,1751958915,9d971b89
1886352037928004352,咚,0.347,1751961886,a851ca0a
1886441269715465472,《胃口不小嘛》,89.695,1751972523,e593abe
1886442487329869312,苦瓜味巧克力？！,125.435,1751972668,e593abe
1886442933167885568,《高冷个串串,153.973,1751972721,e593abe
1886479856825596160,无名：本来就有点阴郁，现在感觉更阴郁,65.847,1751977123,5ba11e6d
1886487656486546688,威龙对跳跳糖是有什么执念吗,84.445,1751978053,2fdfb164
1886643291387826688,104人初恋吧,58.297,1751996606,4809b077
1886668239568916992,666神秘静步男开大捡牛肉干,159.672,1751999580,e5bc74d4
1886680858878931200,不忘初心,96.698,1752001084,9ba4157f
1886853557693644288,听完之后的无名:滚出我的脑子！,8.004,1752021672,48b15f27
1886889363133327104,德丽莎,125.211,1752025940,8443a794
1886924497794331136,开大招偷是吧？,155.163,1752030128,d530ce4d
1886936111076027648,牛油火锅！,39.31,1752031513,c1239d75
1886980074016700160,神秘踮脚男,159.002,1752036754,b0bd56b6
1887031803869962496,辣椒酱，不愧是川川川川出身的,129.183,1752042920,6dde2dcd
1887032082439092736,牢龙就是川川川川人，演这个正合适,135.673,1752042953,6dde2dcd
1887254415438602240,德丽莎：不吃给我，我爱吃,127.717,1752069458,1968c70a
1887286242388061952,《不是大事》,8.773,1752073252,213dfde7
1887289681549234944,唉！（跟我的黑海说去吧）,10.32,1752073662,f8e5ed6
1887382148748100352,不应该是法棍吗？,175.868,1752084685,311c5942
1887409916340849664,他可能没吃过那些零食 以为那就是原本的味道,110.712,1752087995,c443d7b0
1887411513632381184,6,143.279,1752088185,7a67fa55
1887463295728883712,？我的大少爷啊……,157.839,1752094358,b129c443
1887569151884078592,省流:被无名用扳手敲脑壳了,0.974,1752106977,daf1e5e6
1887632534779928064,他还是爱他的跳跳糖,95.514,1752114533,df6e64c0
1887675439565624576,无名与威龙的神秘暗号,60.432,1752119648,e3b1ab8e
1887686090824188672,可乐加跳跳糖？,85.2,1752120917,3afcf836
1887715059791809536,666跳跳龙,86.38,1752124371,c0a78260
1887759062150756352,“他们不会察觉…”,163.294,1752129616,2be00ace
1887808995096726272,无名：我谢谢你小子,142.788,1752135569,aead78d2
1888340849721821440,黄金树叶是吧？,61.19,1752198971,85ebdbb4
1888407052918072832,《跳跳仙人》,84.786,1752206863,979b1b98
1888407143573790208,《活阎王》,94.267,1752206873,979b1b98
1888466345394797056,关山南越还我柠檬茶！,27.734,1752213931,384eee64
1888701512067477760,666,95.766,1752241965,91e528ed
1888809260625189632,半夜十二点巡逻的：我记得那是厕所吧？咋还亮着灯呢？,97.566,1752254810,e18f407f
1889021045278083072,来自四川人的红温,130.455,1752280056,2084ad83
1890030413032766976,刚才的话是不是无名说的？,21.152,1752400382,bfe58c2e
1890607577834799360,给娃调成啥了,148.478,1752469186,58328213
1891245365513257984,可怜（指家产上亿）,60.111,1752545216,21fe169
1891319174408922880,？？？,104.981,1752554015,9bf10f9
1891378484157842432,《跳跳仙人》,89.584,1752561085,1047795
1891378823737112320,无名：静步最有用的一集，你最好睁着眼睡觉,125.073,1752561125,1047795
1891527340124195072,无名：你最好睁眼睡觉,117.742,1752578830,36a08a3c
1891668742073931520,来制造一点恐慌吧,169.815,1752595686,2d17918e
1891975208777701376,芥末味大白兔奶糖是真的有的。,109.045,1752632220,2258e670
1892147082623056640,背后行动,164.495,1752652709,323ee76
1893740397336296960,触发无名底层代码了,32.681,1752842647,5658a708
1893832001875021056,喝不完有惩罚，喝完了有奖励,38.717,1752853567,6e54addb
1894526045966266112,无名：来制造一点恐慌吧,163.219,1752936303,ee05232b
1894646046588558848,是关山难越,34.688,1752950609,70f90bd6
1895843250469317120,666川剧,142.441,1753093326,3c734571
1896061237750720768,那一天的混乱，浓郁起来～,171.988,1753119313,b55bbcd8
1896804964462970880,神秘偷肉男,153.806,1753207972,44baab6b
1897353393585157376,《不是啥子大事》,8.819,1753273350,5ce4ca7a
1897353531351096832,无名不是喝红酒吗？,20.045,1753273366,5ce4ca7a
1897353789712054272,《会跳的饮料》,43.083,1753273397,5ce4ca7a
1897353926605278976,666无名是关山难越,54.238,1753273413,5ce4ca7a
1901051177051852032,威龙不会察觉,169.232,1753714160,940401ae
1901304994142340352,《钢铁是怎样炼成的》,143.621,1753744417,ebb88f7b
1903816890800321536,无名：我没说过，勿Q,87.221,1754043858,ee80e670
1905370781648178944,可能是老黑放的,124.984,1754229097,6ef0ca63
1909588362650821376,估计应该是被法棍敲脑袋。,0.47,1754731872,f57be5f6
1910116164378920960,无名：来制造一点幽默吧,121.82,1754794790,2e124f90
1913047981583123968,龙，,41.245,1755144290,4c708b43
1913101390197120512,不忘初心,84.116,1755150657,ca84f3e0
1916057164729206016,惊夜,45.577,1755503013,b95421cf
1916981254860406528,你是指斧头帮小曲是广场大妈的广场舞音乐？,8.515,1755613173,15b2aab9
1917110797667085568,无名“威龙你最好睁着眼睡觉，不然小心我开静步跑你屋里……”,134.771,1755628616,640fbaab
1919185007369715456,前面的白字，那是佐娅才喜欢喝红酒，天名喜欢喝老太手磨的柠檬茶,25.9,1755875881,2817cc87
1921996028283245568,无名是真的吃东西没味道,142.782,1756210981,39b03e3e
1922104627454219264,威龙真的是跳跳糖仙人，整蛊逃不开跳跳糖,14.445,1756223927,4f66a4ea
1923475685612680704,脑机发力了,119.177,1756387369,1784c243
1934409001815353856,ooc了,163.316,1757690722,c3a4278e
1942319113213290752,666还是工地特供,35.125,1758633681,99859fb1
1995981983767048448,不忘初心 ……,91.09,1765030794,a6a6dede
1995982516301251840,你们知道半夜偷玩手机憋笑有多难吗 ！！！,128.13,1765030857,a6a6dede
1995991754876205312,火锅……配水？还是喝的 ……？！不对！！！,172.323,1765031959,a6a6dede
2014544507907553024,来点牢大（不是）,61.286,1767243619,8bb83855
2040257511252889856,这次真绷不住了,150.295,1770308848,96546eb0
2050097790818502400,还真是和跳跳糖过不去了,43.28,1771481901,3456b429
2052390266472244992,盲猜冰红茶,26.427,1771755185,2def753e
2052390586623469824,啊？,51.147,1771755223,2def753e
2052390655024228608,威龙你怎么学坏了,52.837,1771755231,2def753e
2052392225396500736,《相濡以沫》,143.276,1771755419,2def753e
2055887157784652800,《三角洲玩家真实状况》,2.016,1772172047,2def753e
2062432844215198464,跟无名演川剧（我要求的）,16.075,1772952354,2def753e
2083381933085730560,好凶弟,8.772,1775449680,90067119
2083625191132649216,活阎王,99.16,1775478678,4d9be8f9
,,0.0,1775683732.8000336,
lb.c,,0.0,1775683732.8000336,
,,0.0,1775683732.8000336,
1884508788238130432,666威龙跟骇爪学坏了会搞恶作剧了,49.738,1751742153,e97dbe94
1884746302143934976,CS威龙,109.71,1751770467,b4c92ee5
1885019019305275392,德丽莎狂喜,124.529,1751802978,2182fb16
1885067568742988544,四川威龙的辣椒酱没了,132.394,1751808765,1857d45d
1885067857596281856,神秘幽默静步男,158.017,1751808800,1857d45d
1885075515414135296,绷,129.546,1751809712,ad122b0e
1885117037672706816,爱名TV,120.716,1751814662,49f4b830
1885117922562088192,盲猜柠檬茶,17.454,1751814768,1789994a
1885147866151465984,柠檬茶！！！！,21.102,1751818337,afafa8e2
1885149318840291584,《特别调理》《惊喜》,36.412,1751818510,1caa2220
1885150134632459008,无名：真损啊,104.971,1751818608,1caa2220
1885150592859968512,无名：那也不看看是谁把我整成这样的,143.499,1751818662,1caa2220
1885172166757709568,什么味?,127.579,1751821234,a4b5b784
1885178939157683200,加了磁吸炸弹,47.761,1751822042,cd7519e9
1885187421919303168,前面那个让封的是我，我太难了,33.318,1751823053,f3b1aea1
1885231165942983936,太造孽了（狗头）,56.82,1751828267,4489afd7
1885251158378350592,不愧是威龙，啥都能干出来,102.539,1751830651,d495b102
1885251342701325824,不愧是好兄弟呀,107.299,1751830673,d495b102
1885341148764054528,我怎么听说跳跳糖是某科学家研发固体可乐过程中得出来的一个产品呢。（手动狗头）,89.893,1751841378,27835dea
1885344955925376256,绷不住了,105.554,1751841832,96222fda
1885354040393596672,威龙：小馋猫无名,91.598,1751842915,9d47d514
1885369251330665728,人家本来就不聪明 你还铁咩弄人家！给无名买脑机去！,108.091,1751844728,fe9706bf
1885369896716629248,你再看看你后面呢,163.458,1751844805,fe9706bf
1885374262576573952,来制造一点幽默吧,160.17,1751845326,ee1966c
1885393609793636352,1,16.537,1751847632,46419727
1885404208497801728,《金色树叶》,69.309,1751848896,368d5693
1885437154629904896,我就是玩无名的，这么一听，感觉无名又师又可爱,162.12,1751852823,39eab1d8
1885454201816485376,渡鸦：那一天的混乱，浓郁起来~,165.939,1751854855,768733cb
1885461910477156864,调成啥了,143.208,1751855774,96222fda
1885476833156781568,无名：威龙我拿那筷子,109.392,1751857553,f5304173
1885478156442639616,神秘静步男是个人物,110.632,1751857711,b7a3728f
1885496456325515520,跳跳茶？,43.246,1751859893,ba582539
1885561650866698240,怪不得要静步，原来是要捡牛肉干,158.916,1751867664,916feba2
1885600033421265920,无名：柠檬茶牛肉干无敌！,156.961,1751872240,64c86d81
1885642625302970624,把无名当哈夫克人整呢,153.922,1751877317,f7ddcd96
1885687466976551680,我还以为是广东特色凉茶呢,43.084,1751882663,620e12be
1885722251404560640,有没有一种可能无名真就以为这些东西原本就是这个味道,0.0,1751886809,b33d1423
1885729185000475904,这敲脑壳的声音怕是有点痛哦,3.734,1751887636,55335193
1885738369158437376,无名：静步最有用的一集，你最好睁着眼睡觉,114.211,1751888731,c7a4c4a2
1885745676483734016,《扑克face》,101.989,1751889602,c7faf1dc
1885755522620531200,省流：“叮～”,0.104,1751890776,18bf3e4
1885783000101224192,可乐加跳跳糖不变,85.792,1751894051,5e5471b0
1885812979049037056,1,24.363,1751897625,db71a115
1885820417378724352,666无名开大偷牛肉干,154.335,1751898512,7657d1ad
1885833193321004800,《锻炼意志力》,142.569,1751900035,f31a11ad
1885855271331828736,比如说…你想和无名演川剧？,7.176,1751902667,7f9831b9
1885855940717778688,东方树叶是吧,69.18,1751902746,7f9831b9
1885864818264079616,无名：来制造点恐慌吧,167.163,1751903805,97529dd8
1885890101016544768,来制造一点幽默吧,169.937,1751906819,650d52ee
1885938340823041792,逆天,109.06,1751912569,dd60a20d
1886093947899126528,自助餐经典配方，巨好喝，但别加果汁和奶茶,92.289,1751931119,562c86a7
1886126130256789504,上次我问威龙如果我喜欢上他姝姝了怎么办，他说要拿虎蹲炮送我上天(,62.173,1751934955,d085bec1
1886318226074914816,无名已经被调成这样了吗？,149.139,1751957855,a5f0c676
1886327121052936960,无名：“大招一开对面都开始跳舞了”,12.291,1751958915,9d971b89
1886352037928004352,咚,0.347,1751961886,a851ca0a
1886441269715465472,《胃口不小嘛》,89.695,1751972523,e593abe
1886442487329869312,苦瓜味巧克力？！,125.435,1751972668,e593abe
1886442933167885568,《高冷个串串,153.973,1751972721,e593abe
1886479856825596160,无名：本来就有点阴郁，现在感觉更阴郁,65.847,1751977123,5ba11e6d
1886487656486546688,威龙对跳跳糖是有什么执念吗,84.445,1751978053,2fdfb164
1886643291387826688,104人初恋吧,58.297,1751996606,4809b077
1886668239568916992,666神秘静步男开大捡牛肉干,159.672,1751999580,e5bc74d4
1886680858878931200,不忘初心,96.698,1752001084,9ba4157f
1886853557693644288,听完之后的无名:滚出我的脑子！,8.004,1752021672,48b15f27
1886889363133327104,德丽莎,125.211,1752025940,8443a794
1886924497794331136,开大招偷是吧？,155.163,1752030128,d530ce4d
1886936111076027648,牛油火锅！,39.31,1752031513,c1239d75
1886980074016700160,神秘踮脚男,159.002,1752036754,b0bd56b6
1887031803869962496,辣椒酱，不愧是川川川川出身的,129.183,1752042920,6dde2dcd
1887032082439092736,牢龙就是川川川川人，演这个正合适,135.673,1752042953,6dde2dcd
1887254415438602240,德丽莎：不吃给我，我爱吃,127.717,1752069458,1968c70a
1887286242388061952,《不是大事》,8.773,1752073252,213dfde7
1887289681549234944,唉！（跟我的黑海说去吧）,10.32,1752073662,f8e5ed6
1887382148748100352,不应该是法棍吗？,175.868,1752084685,311c5942
1887409916340849664,他可能没吃过那些零食 以为那就是原本的味道,110.712,1752087995,c443d7b0
1887411513632381184,6,143.279,1752088185,7a67fa55
1887463295728883712,？我的大少爷啊……,157.839,1752094358,b129c443
1887569151884078592,省流:被无名用扳手敲脑壳了,0.974,1752106977,daf1e5e6
1887632534779928064,他还是爱他的跳跳糖,95.514,1752114533,df6e64c0
1887675439565624576,无名与威龙的神秘暗号,60.432,1752119648,e3b1ab8e
1887686090824188672,可乐加跳跳糖？,85.2,1752120917,3afcf836
1887715059791809536,666跳跳龙,86.38,1752124371,c0a78260
1887759062150756352,“他们不会察觉…”,163.294,1752129616,2be00ace
1887808995096726272,无名：我谢谢你小子,142.788,1752135569,aead78d2
1888340849721821440,黄金树叶是吧？,61.19,1752198971,85ebdbb4
1888407052918072832,《跳跳仙人》,84.786,1752206863,979b1b98
1888407143573790208,《活阎王》,94.267,1752206873,979b1b98
1888466345394797056,关山南越还我柠檬茶！,27.734,1752213931,384eee64
1888701512067477760,666,95.766,1752241965,91e528ed
1888809260625189632,半夜十二点巡逻的：我记得那是厕所吧？咋还亮着灯呢？,97.566,1752254810,e18f407f
1889021045278083072,来自四川人的红温,130.455,1752280056,2084ad83
1890030413032766976,刚才的话是不是无名说的？,21.152,1752400382,bfe58c2e
1890607577834799360,给娃调成啥了,148.478,1752469186,58328213
1891245365513257984,可怜（指家产上亿）,60.111,1752545216,21fe169
1891319174408922880,？？？,104.981,1752554015,9bf10f9
1891378484157842432,《跳跳仙人》,89.584,1752561085,1047795
1891378823737112320,无名：静步最有用的一集，你最好睁着眼睡觉,125.073,1752561125,1047795
1891527340124195072,无名：你最好睁眼睡觉,117.742,1752578830,36a08a3c
1891668742073931520,来制造一点恐慌吧,169.815,1752595686,2d17918e
1891975208777701376,芥末味大白兔奶糖是真的有的。,109.045,1752632220,2258e670
1892147082623056640,背后行动,164.495,1752652709,323ee76
1893740397336296960,触发无名底层代码了,32.681,1752842647,5658a708
1893832001875021056,喝不完有惩罚，喝完了有奖励,38.717,1752853567,6e54addb
1894526045966266112,无名：来制造一点恐慌吧,163.219,1752936303,ee05232b
1894646046588558848,是关山难越,34.688,1752950609,70f90bd6
1895843250469317120,666川剧,142.441,1753093326,3c734571
1896061237750720768,那一天的混乱，浓郁起来～,171.988,1753119313,b55bbcd8
1896804964462970880,神秘偷肉男,153.806,1753207972,44baab6b
1897353393585157376,《不是啥子大事》,8.819,1753273350,5ce4ca7a
1897353531351096832,无名不是喝红酒吗？,20.045,1753273366,5ce4ca7a
1897353789712054272,《会跳的饮料》,43.083,1753273397,5ce4ca7a
1897353926605278976,666无名是关山难越,54.238,1753273413,5ce4ca7a
1901051177051852032,威龙不会察觉,169.232,1753714160,940401ae
1901304994142340352,《钢铁是怎样炼成的》,143.621,1753744417,ebb88f7b
1903816890800321536,无名：我没说过，勿Q,87.221,1754043858,ee80e670
1905370781648178944,可能是老黑放的,124.984,1754229097,6ef0ca63
1909588362650821376,估计应该是被法棍敲脑袋。,0.47,1754731872,f57be5f6
1910116164378920960,无名：来制造一点幽默吧,121.82,1754794790,2e124f90
1913047981583123968,龙，,41.245,1755144290,4c708b43
1913101390197120512,不忘初心,84.116,1755150657,ca84f3e0
1916057164729206016,惊夜,45.577,1755503013,b95421cf
1916981254860406528,你是指斧头帮小曲是广场大妈的广场舞音乐？,8.515,1755613173,15b2aab9
1917110797667085568,无名“威龙你最好睁着眼睡觉，不然小心我开静步跑你屋里……”,134.771,1755628616,640fbaab
1919185007369715456,前面的白字，那是佐娅才喜欢喝红酒，天名喜欢喝老太手磨的柠檬茶,25.9,1755875881,2817cc87
1921996028283245568,无名是真的吃东西没味道,142.782,1756210981,39b03e3e
1922104627454219264,威龙真的是跳跳糖仙人，整蛊逃不开跳跳糖,14.445,1756223927,4f66a4ea
1923475685612680704,脑机发力了,119.177,1756387369,1784c243
1934409001815353856,ooc了,163.316,1757690722,c3a4278e
1942319113213290752,666还是工地特供,35.125,1758633681,99859fb1
1995981983767048448,不忘初心 ……,91.09,1765030794,a6a6dede
1995982516301251840,你们知道半夜偷玩手机憋笑有多难吗 ！！！,128.13,1765030857,a6a6dede
1995991754876205312,火锅……配水？还是喝的 ……？！不对！！！,172.323,1765031959,a6a6dede
2014544507907553024,来点牢大（不是）,61.286,1767243619,8bb83855
2040257511252889856,这次真绷不住了,150.295,1770308848,96546eb0
2050097790818502400,还真是和跳跳糖过不去了,43.28,1771481901,3456b429
2052390266472244992,盲猜冰红茶,26.427,1771755185,2def753e
2052390586623469824,啊？,51.147,1771755223,2def753e
2052390655024228608,威龙你怎么学坏了,52.837,1771755231,2def753e
2052392225396500736,《相濡以沫》,143.276,1771755419,2def753e
2055887157784652800,《三角洲玩家真实状况》,2.016,1772172047,2def753e
2062432844215198464,跟无名演川剧（我要求的）,16.075,1772952354,2def753e
2083381933085730560,好凶弟,8.772,1775449680,90067119
2083625191132649216,活阎王,99.16,1775478678,4d9be8f9
,,0.0,1775683732.8000336,
lb.c,,0.0,1775683732.8000336,
,,0.0,1775683732.8000336,
1884508788238130432,666威龙跟骇爪学坏了会搞恶作剧了,49.738,1751742153,e97dbe94
1884746302143934976,CS威龙,109.71,1751770467,b4c92ee5
1885019019305275392,德丽莎狂喜,124.529,1751802978,2182fb16
1885067568742988544,四川威龙的辣椒酱没了,132.394,1751808765,1857d45d
1885067857596281856,神秘幽默静步男,158.017,1751808800,1857d45d
1885075515414135296,绷,129.546,1751809712,ad122b0e
1885117037672706816,爱名TV,120.716,1751814662,49f4b830
1885117922562088192,盲猜柠檬茶,17.454,1751814768,1789994a
1885147866151465984,柠檬茶！！！！,21.102,1751818337,afafa8e2
1885149318840291584,《特别调理》《惊喜》,36.412,1751818510,1caa2220
1885150134632459008,无名：真损啊,104.971,1751818608,1caa2220
1885150592859968512,无名：那也不看看是谁把我整成这样的,143.499,1751818662,1caa2220
1885172166757709568,什么味?,127.579,1751821234,a4b5b784
1885178939157683200,加了磁吸炸弹,47.761,1751822042,cd7519e9
1885187421919303168,前面那个让封的是我，我太难了,33.318,1751823053,f3b1aea1
1885231165942983936,太造孽了（狗头）,56.82,1751828267,4489afd7
1885251158378350592,不愧是威龙，啥都能干出来,102.539,1751830651,d495b102
1885251342701325824,不愧是好兄弟呀,107.299,1751830673,d495b102
1885341148764054528,我怎么听说跳跳糖是某科学家研发固体可乐过程中得出来的一个产品呢。（手动狗头）,89.893,1751841378,27835dea
1885344955925376256,绷不住了,105.554,1751841832,96222fda
1885354040393596672,威龙：小馋猫无名,91.598,1751842915,9d47d514
1885369251330665728,人家本来就不聪明 你还铁咩弄人家！给无名买脑机去！,108.091,1751844728,fe9706bf
1885369896716629248,你再看看你后面呢,163.458,1751844805,fe9706bf
1885374262576573952,来制造一点幽默吧,160.17,1751845326,ee1966c
1885393609793636352,1,16.537,1751847632,46419727
1885404208497801728,《金色树叶》,69.309,1751848896,368d5693
1885437154629904896,我就是玩无名的，这么一听，感觉无名又师又可爱,162.12,1751852823,39eab1d8
1885454201816485376,渡鸦：那一天的混乱，浓郁起来~,165.939,1751854855,768733cb
1885461910477156864,调成啥了,143.208,1751855774,96222fda
1885476833156781568,无名：威龙我拿那筷子,109.392,1751857553,f5304173
1885478156442639616,神秘静步男是个人物,110.632,1751857711,b7a3728f
1885496456325515520,跳跳茶？,43.246,1751859893,ba582539
1885561650866698240,怪不得要静步，原来是要捡牛肉干,158.916,1751867664,916feba2
1885600033421265920,无名：柠檬茶牛肉干无敌！,156.961,1751872240,64c86d81
1885642625302970624,把无名当哈夫克人整呢,153.922,1751877317,f7ddcd96
1885687466976551680,我还以为是广东特色凉茶呢,43.084,1751882663,620e12be
1885722251404560640,有没有一种可能无名真就以为这些东西原本就是这个味道,0.0,1751886809,b33d1423
1885729185000475904,这敲脑壳的声音怕是有点痛哦,3.734,1751887636,55335193
1885738369158437376,无名：静步最有用的一集，你最好睁着眼睡觉,114.211,1751888731,c7a4c4a2
1885745676483734016,《扑克face》,101.989,1751889602,c7faf1dc
1885755522620531200,省流：“叮～”,0.104,1751890776,18bf3e4
1885783000101224192,可乐加跳跳糖不变,85.792,1751894051,5e5471b0
1885812979049037056,1,24.363,1751897625,db71a115
1885820417378724352,666无名开大偷牛肉干,154.335,1751898512,7657d1ad
1885833193321004800,《锻炼意志力》,142.569,1751900035,f31a11ad
1885855271331828736,比如说…你想和无名演川剧？,7.176,1751902667,7f9831b9
1885855940717778688,东方树叶是吧,69.18,1751902746,7f9831b9
1885864818264079616,无名：来制造点恐慌吧,167.163,1751903805,97529dd8
1885890101016544768,来制造一点幽默吧,169.937,1751906819,650d52ee
1885938340823041792,逆天,109.06,1751912569,dd60a20d
1886093947899126528,自助餐经典配方，巨好喝，但别加果汁和奶茶,92.289,1751931119,562c86a7
1886126130256789504,上次我问威龙如果我喜欢上他姝姝了怎么办，他说要拿虎蹲炮送我上天(,62.173,1751934955,d085bec1
1886318226074914816,无名已经被调成这样了吗？,149.139,1751957855,a5f0c676
1886327121052936960,无名：“大招一开对面都开始跳舞了”,12.291,1751958915,9d971b89
1886352037928004352,咚,0.347,1751961886,a851ca0a
1886441269715465472,《胃口不小嘛》,89.695,1751972523,e593abe
1886442487329869312,苦瓜味巧克力？！,125.435,1751972668,e593abe
1886442933167885568,《高冷个串串,153.973,1751972721,e593abe
1886479856825596160,无名：本来就有点阴郁，现在感觉更阴郁,65.847,1751977123,5ba11e6d
1886487656486546688,威龙对跳跳糖是有什么执念吗,84.445,1751978053,2fdfb164
1886643291387826688,104人初恋吧,58.297,1751996606,4809b077
1886668239568916992,666神秘静步男开大捡牛肉干,159.672,1751999580,e5bc74d4
1886680858878931200,不忘初心,96.698,1752001084,9ba4157f
1886853557693644288,听完之后的无名:滚出我的脑子！,8.004,1752021672,48b15f27
1886889363133327104,德丽莎,125.211,1752025940,8443a794
1886924497794331136,开大招偷是吧？,155.163,1752030128,d530ce4d
1886936111076027648,牛油火锅！,39.31,1752031513,c1239d75
1886980074016700160,神秘踮脚男,159.002,1752036754,b0bd56b6
1887031803869962496,辣椒酱，不愧是川川川川出身的,129.183,1752042920,6dde2dcd
1887032082439092736,牢龙就是川川川川人，演这个正合适,135.673,1752042953,6dde2dcd
1887254415438602240,德丽莎：不吃给我，我爱吃,127.717,1752069458,1968c70a
1887286242388061952,《不是大事》,8.773,1752073252,213dfde7
1887289681549234944,唉！（跟我的黑海说去吧）,10.32,1752073662,f8e5ed6
1887382148748100352,不应该是法棍吗？,175.868,1752084685,311c5942
1887409916340849664,他可能没吃过那些零食 以为那就是原本的味道,110.712,1752087995,c443d7b0
1887411513632381184,6,143.279,1752088185,7a67fa55
1887463295728883712,？我的大少爷啊……,157.839,1752094358,b129c443
1887569151884078592,省流:被无名用扳手敲脑壳了,0.974,1752106977,daf1e5e6
1887632534779928064,他还是爱他的跳跳糖,95.514,1752114533,df6e64c0
1887675439565624576,无名与威龙的神秘暗号,60.432,1752119648,e3b1ab8e
1887686090824188672,可乐加跳跳糖？,85.2,1752120917,3afcf836
1887715059791809536,666跳跳龙,86.38,1752124371,c0a78260
1887759062150756352,“他们不会察觉…”,163.294,1752129616,2be00ace
1887808995096726272,无名：我谢谢你小子,142.788,1752135569,aead78d2
1888340849721821440,黄金树叶是吧？,61.19,1752198971,85ebdbb4
1888407052918072832,《跳跳仙人》,84.786,1752206863,979b1b98
1888407143573790208,《活阎王》,94.267,1752206873,979b1b98
1888466345394797056,关山南越还我柠檬茶！,27.734,1752213931,384eee64
1888701512067477760,666,95.766,1752241965,91e528ed
1888809260625189632,半夜十二点巡逻的：我记得那是厕所吧？咋还亮着灯呢？,97.566,1752254810,e18f407f
1889021045278083072,来自四川人的红温,130.455,1752280056,2084ad83
1890030413032766976,刚才的话是不是无名说的？,21.152,1752400382,bfe58c2e
1890607577834799360,给娃调成啥了,148.478,1752469186,58328213
1891245365513257984,可怜（指家产上亿）,60.111,1752545216,21fe169
1891319174408922880,？？？,104.981,1752554015,9bf10f9
1891378484157842432,《跳跳仙人》,89.584,1752561085,1047795
1891378823737112320,无名：静步最有用的一集，你最好睁着眼睡觉,125.073,1752561125,1047795
1891527340124195072,无名：你最好睁眼睡觉,117.742,1752578830,36a08a3c
1891668742073931520,来制造一点恐慌吧,169.815,1752595686,2d17918e
1891975208777701376,芥末味大白兔奶糖是真的有的。,109.045,1752632220,2258e670
1892147082623056640,背后行动,164.495,1752652709,323ee76
1893740397336296960,触发无名底层代码了,32.681,1752842647,5658a708
1893832001875021056,喝不完有惩罚，喝完了有奖励,38.717,1752853567,6e54addb
1894526045966266112,无名：来制造一点恐慌吧,163.219,1752936303,ee05232b
1894646046588558848,是关山难越,34.688,1752950609,70f90bd6
1895843250469317120,666川剧,142.441,1753093326,3c734571
1896061237750720768,那一天的混乱，浓郁起来～,171.988,1753119313,b55bbcd8
1896804964462970880,神秘偷肉男,153.806,1753207972,44baab6b
1897353393585157376,《不是啥子大事》,8.819,1753273350,5ce4ca7a
1897353531351096832,无名不是喝红酒吗？,20.045,1753273366,5ce4ca7a
1897353789712054272,《会跳的饮料》,43.083,1753273397,5ce4ca7a
1897353926605278976,666无名是关山难越,54.238,1753273413,5ce4ca7a
1901051177051852032,威龙不会察觉,169.232,1753714160,940401ae
1901304994142340352,《钢铁是怎样炼成的》,143.621,1753744417,ebb88f7b
1903816890800321536,无名：我没说过，勿Q,87.221,1754043858,ee80e670
1905370781648178944,可能是老黑放的,124.984,1754229097,6ef0ca63
1909588362650821376,估计应该是被法棍敲脑袋。,0.47,1754731872,f57be5f6
1910116164378920960,无名：来制造一点幽默吧,121.82,1754794790,2e124f90
1913047981583123968,龙，,41.245,1755144290,4c708b43
1913101390197120512,不忘初心,84.116,1755150657,ca84f3e0
1916057164729206016,惊夜,45.577,1755503013,b95421cf
1916981254860406528,你是指斧头帮小曲是广场大妈的广场舞音乐？,8.515,1755613173,15b2aab9
1917110797667085568,无名“威龙你最好睁着眼睡觉，不然小心我开静步跑你屋里……”,134.771,1755628616,640fbaab
1919185007369715456,前面的白字，那是佐娅才喜欢喝红酒，天名喜欢喝老太手磨的柠檬茶,25.9,1755875881,2817cc87
1921996028283245568,无名是真的吃东西没味道,142.782,1756210981,39b03e3e
1922104627454219264,威龙真的是跳跳糖仙人，整蛊逃不开跳跳糖,14.445,1756223927,4f66a4ea
1923475685612680704,脑机发力了,119.177,1756387369,1784c243
1934409001815353856,ooc了,163.316,1757690722,c3a4278e
1942319113213290752,666还是工地特供,35.125,1758633681,99859fb1
1995981983767048448,不忘初心 ……,91.09,1765030794,a6a6dede
1995982516301251840,你们知道半夜偷玩手机憋笑有多难吗 ！！！,128.13,1765030857,a6a6dede
1995991754876205312,火锅……配水？还是喝的 ……？！不对！！！,172.323,1765031959,a6a6dede
2014544507907553024,来点牢大（不是）,61.286,1767243619,8bb83855
2040257511252889856,这次真绷不住了,150.295,1770308848,96546eb0
2050097790818502400,还真是和跳跳糖过不去了,43.28,1771481901,3456b429
2052390266472244992,盲猜冰红茶,26.427,1771755185,2def753e
2052390586623469824,啊？,51.147,1771755223,2def753e
2052390655024228608,威龙你怎么学坏了,52.837,1771755231,2def753e
2052392225396500736,《相濡以沫》,143.276,1771755419,2def753e
2055887157784652800,《三角洲玩家真实状况》,2.016,1772172047,2def753e
2062432844215198464,跟无名演川剧（我要求的）,16.075,1772952354,2def753e
2083381933085730560,好凶弟,8.772,1775449680,90067119
2083625191132649216,活阎王,99.16,1775478678,4d9be8f9
,,0.0,1775683732.8000336,
lb.c,,0.0,1775683732.8000336,
,,0.0,1775683732.8000336,
1884508788238130432,666威龙跟骇爪学坏了会搞恶作剧了,49.738,1751742153,e97dbe94
1884746302143934976,CS威龙,109.71,1751770467,b4c92ee5
1885019019305275392,德丽莎狂喜,124.529,1751802978,2182fb16
1885067568742988544,四川威龙的辣椒酱没了,132.394,1751808765,1857d45d
1885067857596281856,神秘幽默静步男,158.017,1751808800,1857d45d
1885075515414135296,绷,129.546,1751809712,ad122b0e
1885117037672706816,爱名TV,120.716,1751814662,49f4b830
1885117922562088192,盲猜柠檬茶,17.454,1751814768,1789994a
1885147866151465984,柠檬茶！！！！,21.102,1751818337,afafa8e2
1885149318840291584,《特别调理》《惊喜》,36.412,1751818510,1caa2220
1885150134632459008,无名：真损啊,104.971,1751818608,1caa2220
1885150592859968512,无名：那也不看看是谁把我整成这样的,143.499,1751818662,1caa2220
1885172166757709568,什么味?,127.579,1751821234,a4b5b784
1885178939157683200,加了磁吸炸弹,47.761,1751822042,cd7519e9
1885187421919303168,前面那个让封的是我，我太难了,33.318,1751823053,f3b1aea1
1885231165942983936,太造孽了（狗头）,56.82,1751828267,4489afd7
1885251158378350592,不愧是威龙，啥都能干出来,102.539,1751830651,d495b102
1885251342701325824,不愧是好兄弟呀,107.299,1751830673,d495b102
1885341148764054528,我怎么听说跳跳糖是某科学家研发固体可乐过程中得出来的一个产品呢。（手动狗头）,89.893,1751841378,27835dea
1885344955925376256,绷不住了,105.554,1751841832,96222fda
1885354040393596672,威龙：小馋猫无名,91.598,1751842915,9d47d514
1885369251330665728,人家本来就不聪明 你还铁咩弄人家！给无名买脑机去！,108.091,1751844728,fe9706bf
1885369896716629248,你再看看你后面呢,163.458,1751844805,fe9706bf
1885374262576573952,来制造一点幽默吧,160.17,1751845326,ee1966c
1885393609793636352,1,16.537,1751847632,46419727
1885404208497801728,《金色树叶》,69.309,1751848896,368d5693
1885437154629904896,我就是玩无名的，这么一听，感觉无名又师又可爱,162.12,1751852823,39eab1d8
1885454201816485376,渡鸦：那一天的混乱，浓郁起来~,165.939,1751854855,768733cb
1885461910477156864,调成啥了,143.208,1751855774,96222fda
1885476833156781568,无名：威龙我拿那筷子,109.392,1751857553,f5304173
1885478156442639616,神秘静步男是个人物,110.632,1751857711,b7a3728f
1885496456325515520,跳跳茶？,43.246,1751859893,ba582539
1885561650866698240,怪不得要静步，原来是要捡牛肉干,158.916,1751867664,916feba2
1885600033421265920,无名：柠檬茶牛肉干无敌！,156.961,1751872240,64c86d81
1885642625302970624,把无名当哈夫克人整呢,153.922,1751877317,f7ddcd96
1885687466976551680,我还以为是广东特色凉茶呢,43.084,1751882663,620e12be
1885722251404560640,有没有一种可能无名真就以为这些东西原本就是这个味道,0.0,1751886809,b33d1423
1885729185000475904,这敲脑壳的声音怕是有点痛哦,3.734,1751887636,55335193
1885738369158437376,无名：静步最有用的一集，你最好睁着眼睡觉,114.211,1751888731,c7a4c4a2
1885745676483734016,《扑克face》,101.989,1751889602,c7faf1dc
1885755522620531200,省流：“叮～”,0.104,1751890776,18bf3e4
1885783000101224192,可乐加跳跳糖不变,85.792,1751894051,5e5471b0
1885812979049037056,1,24.363,1751897625,db71a115
1885820417378724352,666无名开大偷牛肉干,154.335,1751898512,7657d1ad
1885833193321004800,《锻炼意志力》,142.569,1751900035,f31a11ad
1885855271331828736,比如说…你想和无名演川剧？,7.176,1751902667,7f9831b9
1885855940717778688,东方树叶是吧,69.18,1751902746,7f9831b9
1885864818264079616,无名：来制造点恐慌吧,167.163,1751903805,97529dd8
1885890101016544768,来制造一点幽默吧,169.937,1751906819,650d52ee
1885938340823041792,逆天,109.06,1751912569,dd60a20d
1886093947899126528,自助餐经典配方，巨好喝，但别加果汁和奶茶,92.289,1751931119,562c86a7
1886126130256789504,上次我问威龙如果我喜欢上他姝姝了怎么办，他说要拿虎蹲炮送我上天(,62.173,1751934955,d085bec1
1886318226074914816,无名已经被调成这样了吗？,149.139,1751957855,a5f0c676
1886327121052936960,无名：“大招一开对面都开始跳舞了”,12.291,1751958915,9d971b89
1886352037928004352,咚,0.347,1751961886,a851ca0a
1886441269715465472,《胃口不小嘛》,89.695,1751972523,e593abe
1886442487329869312,苦瓜味巧克力？！,125.435,1751972668,e593abe
1886442933167885568,《高冷个串串,153.973,1751972721,e593abe
1886479856825596160,无名：本来就有点阴郁，现在感觉更阴郁,65.847,1751977123,5ba11e6d
1886487656486546688,威龙对跳跳糖是有什么执念吗,84.445,1751978053,2fdfb164
1886643291387826688,104人初恋吧,58.297,1751996606,4809b077
1886668239568916992,666神秘静步男开大捡牛肉干,159.672,1751999580,e5bc74d4
1886680858878931200,不忘初心,96.698,1752001084,9ba4157f
1886853557693644288,听完之后的无名:滚出我的脑子！,8.004,1752021672,48b15f27
1886889363133327104,德丽莎,125.211,1752025940,8443a794
1886924497794331136,开大招偷是吧？,155.163,1752030128,d530ce4d
1886936111076027648,牛油火锅！,39.31,1752031513,c1239d75
1886980074016700160,神秘踮脚男,159.002,1752036754,b0bd56b6
1887031803869962496,辣椒酱，不愧是川川川川出身的,129.183,1752042920,6dde2dcd
1887032082439092736,牢龙就是川川川川人，演这个正合适,135.673,1752042953,6dde2dcd
1887254415438602240,德丽莎：不吃给我，我爱吃,127.717,1752069458,1968c70a
1887286242388061952,《不是大事》,8.773,1752073252,213dfde7
1887289681549234944,唉！（跟我的黑海说去吧）,10.32,1752073662,f8e5ed6
1887382148748100352,不应该是法棍吗？,175.868,1752084685,311c5942
1887409916340849664,他可能没吃过那些零食 以为那就是原本的味道,110.712,1752087995,c443d7b0
1887411513632381184,6,143.279,1752088185,7a67fa55
1887463295728883712,？我的大少爷啊……,157.839,1752094358,b129c443
1887569151884078592,省流:被无名用扳手敲脑壳了,0.974,1752106977,daf1e5e6
1887632534779928064,他还是爱他的跳跳糖,95.514,1752114533,df6e64c0
1887675439565624576,无名与威龙的神秘暗号,60.432,1752119648,e3b1ab8e
1887686090824188672,可乐加跳跳糖？,85.2,1752120917,3afcf836
1887715059791809536,666跳跳龙,86.38,1752124371,c0a78260
1887759062150756352,“他们不会察觉…”,163.294,1752129616,2be00ace
1887808995096726272,无名：我谢谢你小子,142.788,1752135569,aead78d2
1888340849721821440,黄金树叶是吧？,61.19,1752198971,85ebdbb4
1888407052918072832,《跳跳仙人》,84.786,1752206863,979b1b98
1888407143573790208,《活阎王》,94.267,1752206873,979b1b98
1888466345394797056,关山南越还我柠檬茶！,27.734,1752213931,384eee64
1888701512067477760,666,95.766,1752241965,91e528ed
1888809260625189632,半夜十二点巡逻的：我记得那是厕所吧？咋还亮着灯呢？,97.566,1752254810,e18f407f
1889021045278083072,来自四川人的红温,130.455,1752280056,2084ad83
1890030413032766976,刚才的话是不是无名说的？,21.152,1752400382,bfe58c2e
1890607577834799360,给娃调成啥了,148.478,1752469186,58328213
1891245365513257984,可怜（指家产上亿）,60.111,1752545216,21fe169
1891319174408922880,？？？,104.981,1752554015,9bf10f9
1891378484157842432,《跳跳仙人》,89.584,1752561085,1047795
1891378823737112320,无名：静步最有用的一集，你最好睁着眼睡觉,125.073,1752561125,1047795
1891527340124195072,无名：你最好睁眼睡觉,117.742,1752578830,36a08a3c
1891668742073931520,来制造一点恐慌吧,169.815,1752595686,2d17918e
1891975208777701376,芥末味大白兔奶糖是真的有的。,109.045,1752632220,2258e670
1892147082623056640,背后行动,164.495,1752652709,323ee76
1893740397336296960,触发无名底层代码了,32.681,1752842647,5658a708
1893832001875021056,喝不完有惩罚，喝完了有奖励,38.717,1752853567,6e54addb
1894526045966266112,无名：来制造一点恐慌吧,163.219,1752936303,ee05232b
1894646046588558848,是关山难越,34.688,1752950609,70f90bd6
1895843250469317120,666川剧,142.441,1753093326,3c734571
1896061237750720768,那一天的混乱，浓郁起来～,171.988,1753119313,b55bbcd8
1896804964462970880,神秘偷肉男,153.806,1753207972,44baab6b
1897353393585157376,《不是啥子大事》,8.819,1753273350,5ce4ca7a
1897353531351096832,无名不是喝红酒吗？,20.045,1753273366,5ce4ca7a
1897353789712054272,《会跳的饮料》,43.083,1753273397,5ce4ca7a
1897353926605278976,666无名是关山难越,54.238,1753273413,5ce4ca7a
1901051177051852032,威龙不会察觉,169.232,1753714160,940401ae
1901304994142340352,《钢铁是怎样炼成的》,143.621,1753744417,ebb88f7b
1903816890800321536,无名：我没说过，勿Q,87.221,1754043858,ee80e670
1905370781648178944,可能是老黑放的,124.984,1754229097,6ef0ca63
1909588362650821376,估计应该是被法棍敲脑袋。,0.47,1754731872,f57be5f6
1910116164378920960,无名：来制造一点幽默吧,121.82,1754794790,2e124f90
1913047981583123968,龙，,41.245,1755144290,4c708b43
1913101390197120512,不忘初心,84.116,1755150657,ca84f3e0
1916057164729206016,惊夜,45.577,1755503013,b95421cf
1916981254860406528,你是指斧头帮小曲是广场大妈的广场舞音乐？,8.515,1755613173,15b2aab9
1917110797667085568,无名“威龙你最好睁着眼睡觉，不然小心我开静步跑你屋里……”,134.771,1755628616,640fbaab
1919185007369715456,前面的白字，那是佐娅才喜欢喝红酒，天名喜欢喝老太手磨的柠檬茶,25.9,1755875881,2817cc87
1921996028283245568,无名是真的吃东西没味道,142.782,1756210981,39b03e3e
1922104627454219264,威龙真的是跳跳糖仙人，整蛊逃不开跳跳糖,14.445,1756223927,4f66a4ea
1923475685612680704,脑机发力了,119.177,1756387369,1784c243
1934409001815353856,ooc了,163.316,1757690722,c3a4278e
1942319113213290752,666还是工地特供,35.125,1758633681,99859fb1
1995981983767048448,不忘初心 ……,91.09,1765030794,a6a6dede
1995982516301251840,你们知道半夜偷玩手机憋笑有多难吗 ！！！,128.13,1765030857,a6a6dede
1995991754876205312,火锅……配水？还是喝的 ……？！不对！！！,172.323,1765031959,a6a6dede
2014544507907553024,来点牢大（不是）,61.286,1767243619,8bb83855
2040257511252889856,这次真绷不住了,150.295,1770308848,96546eb0
2050097790818502400,还真是和跳跳糖过不去了,43.28,1771481901,3456b429
2052390266472244992,盲猜冰红茶,26.427,1771755185,2def753e
2052390586623469824,啊？,51.147,1771755223,2def753e
2052390655024228608,威龙你怎么学坏了,52.837,1771755231,2def753e
2052392225396500736,《相濡以沫》,143.276,1771755419,2def753e
2055887157784652800,《三角洲玩家真实状况》,2.016,1772172047,2def753e
2062432844215198464,跟无名演川剧（我要求的）,16.075,1772952354,2def753e
2083381933085730560,好凶弟,8.772,1775449680,90067119
2083625191132649216,活阎王,99.16,1775478678,4d9be8f9
,,0.0,1775683732.8000336,
lb.c,,0.0,1775683732.8000336,
,,0.0,1775683732.8000336,
1884508788238130432,666威龙跟骇爪学坏了会搞恶作剧了,49.738,1751742153,e97dbe94
1884746302143934976,CS威龙,109.71,1751770467,b4c92ee5
1885019019305275392,德丽莎狂喜,124.529,1751802978,2182fb16
1885067568742988544,四川威龙的辣椒酱没了,132.394,1751808765,1857d45d
1885067857596281856,神秘幽默静步男,158.017,1751808800,1857d45d
1885075515414135296,绷,129.546,1751809712,ad122b0e
1885117037672706816,爱名TV,120.716,1751814662,49f4b830
1885117922562088192,盲猜柠檬茶,17.454,1751814768,1789994a
1885147866151465984,柠檬茶！！！！,21.102,1751818337,afafa8e2
1885149318840291584,《特别调理》《惊喜》,36.412,1751818510,1caa2220
1885150134632459008,无名：真损啊,104.971,1751818608,1caa2220
1885150592859968512,无名：那也不看看是谁把我整成这样的,143.499,1751818662,1caa2220
1885172166757709568,什么味?,127.579,1751821234,a4b5b784
1885178939157683200,加了磁吸炸弹,47.761,1751822042,cd7519e9
1885187421919303168,前面那个让封的是我，我太难了,33.318,1751823053,f3b1aea1
1885231165942983936,太造孽了（狗头）,56.82,1751828267,4489afd7
1885251158378350592,不愧是威龙，啥都能干出来,102.539,1751830651,d495b102
1885251342701325824,不愧是好兄弟呀,107.299,1751830673,d495b102
1885341148764054528,我怎么听说跳跳糖是某科学家研发固体可乐过程中得出来的一个产品呢。（手动狗头）,89.893,1751841378,27835dea
1885344955925376256,绷不住了,105.554,1751841832,96222fda
1885354040393596672,威龙：小馋猫无名,91.598,1751842915,9d47d514
1885369251330665728,人家本来就不聪明 你还铁咩弄人家！给无名买脑机去！,108.091,1751844728,fe9706bf
1885369896716629248,你再看看你后面呢,163.458,1751844805,fe9706bf
1885374262576573952,来制造一点幽默吧,160.17,1751845326,ee1966c
1885393609793636352,1,16.537,1751847632,46419727
1885404208497801728,《金色树叶》,69.309,1751848896,368d5693
1885437154629904896,我就是玩无名的，这么一听，感觉无名又师又可爱,162.12,1751852823,39eab1d8
1885454201816485376,渡鸦：那一天的混乱，浓郁起来~,165.939,1751854855,768733cb
1885461910477156864,调成啥了,143.208,1751855774,96222fda
1885476833156781568,无名：威龙我拿那筷子,109.392,1751857553,f5304173
1885478156442639616,神秘静步男是个人物,110.632,1751857711,b7a3728f
1885496456325515520,跳跳茶？,43.246,1751859893,ba582539
1885561650866698240,怪不得要静步，原来是要捡牛肉干,158.916,1751867664,916feba2
1885600033421265920,无名：柠檬茶牛肉干无敌！,156.961,1751872240,64c86d81
1885642625302970624,把无名当哈夫克人整呢,153.922,1751877317,f7ddcd96
1885687466976551680,我还以为是广东特色凉茶呢,43.084,1751882663,620e12be
1885722251404560640,有没有一种可能无名真就以为这些东西原本就是这个味道,0.0,1751886809,b33d1423
1885729185000475904,这敲脑壳的声音怕是有点痛哦,3.734,1751887636,55335193
1885738369158437376,无名：静步最有用的一集，你最好睁着眼睡觉,114.211,1751888731,c7a4c4a2
1885745676483734016,《扑克face》,101.989,1751889602,c7faf1dc
1885755522620531200,省流：“叮～”,0.104,1751890776,18bf3e4
1885783000101224192,可乐加跳跳糖不变,85.792,1751894051,5e5471b0
1885812979049037056,1,24.363,1751897625,db71a115
1885820417378724352,666无名开大偷牛肉干,154.335,1751898512,7657d1ad
1885833193321004800,《锻炼意志力》,142.569,1751900035,f31a11ad
1885855271331828736,比如说…你想和无名演川剧？,7.176,1751902667,7f9831b9
1885855940717778688,东方树叶是吧,69.18,1751902746,7f9831b9
1885864818264079616,无名：来制造点恐慌吧,167.163,1751903805,97529dd8
1885890101016544768,来制造一点幽默吧,169.937,1751906819,650d52ee
1885938340823041792,逆天,109.06,1751912569,dd60a20d
1886093947899126528,自助餐经典配方，巨好喝，但别加果汁和奶茶,92.289,1751931119,562c86a7
1886126130256789504,上次我问威龙如果我喜欢上他姝姝了怎么办，他说要拿虎蹲炮送我上天(,62.173,1751934955,d085bec1
1886318226074914816,无名已经被调成这样了吗？,149.139,1751957855,a5f0c676
1886327121052936960,无名：“大招一开对面都开始跳舞了”,12.291,1751958915,9d971b89
1886352037928004352,咚,0.347,1751961886,a851ca0a
1886441269715465472,《胃口不小嘛》,89.695,1751972523,e593abe
1886442487329869312,苦瓜味巧克力？！,125.435,1751972668,e593abe
1886442933167885568,《高冷个串串,153.973,1751972721,e593abe
1886479856825596160,无名：本来就有点阴郁，现在感觉更阴郁,65.847,1751977123,5ba11e6d
1886487656486546688,威龙对跳跳糖是有什么执念吗,84.445,1751978053,2fdfb164
1886643291387826688,104人初恋吧,58.297,1751996606,4809b077
1886668239568916992,666神秘静步男开大捡牛肉干,159.672,1751999580,e5bc74d4
1886680858878931200,不忘初心,96.698,1752001084,9ba4157f
1886853557693644288,听完之后的无名:滚出我的脑子！,8.004,1752021672,48b15f27
1886889363133327104,德丽莎,125.211,1752025940,8443a794
1886924497794331136,开大招偷是吧？,155.163,1752030128,d530ce4d
1886936111076027648,牛油火锅！,39.31,1752031513,c1239d75
1886980074016700160,神秘踮脚男,159.002,1752036754,b0bd56b6
1887031803869962496,辣椒酱，不愧是川川川川出身的,129.183,1752042920,6dde2dcd
1887032082439092736,牢龙就是川川川川人，演这个正合适,135.673,1752042953,6dde2dcd
1887254415438602240,德丽莎：不吃给我，我爱吃,127.717,1752069458,1968c70a
1887286242388061952,《不是大事》,8.773,1752073252,213dfde7
1887289681549234944,唉！（跟我的黑海说去吧）,10.32,1752073662,f8e5ed6
1887382148748100352,不应该是法棍吗？,175.868,1752084685,311c5942
1887409916340849664,他可能没吃过那些零食 以为那就是原本的味道,110.712,1752087995,c443d7b0
1887411513632381184,6,143.279,1752088185,7a67fa55
1887463295728883712,？我的大少爷啊……,157.839,1752094358,b129c443
1887569151884078592,省流:被无名用扳手敲脑壳了,0.974,1752106977,daf1e5e6
1887632534779928064,他还是爱他的跳跳糖,95.514,1752114533,df6e64c0
1887675439565624576,无名与威龙的神秘暗号,60.432,1752119648,e3b1ab8e
1887686090824188672,可乐加跳跳糖？,85.2,1752120917,3afcf836
1887715059791809536,666跳跳龙,86.38,1752124371,c0a78260
1887759062150756352,“他们不会察觉…”,163.294,1752129616,2be00ace
1887808995096726272,无名：我谢谢你小子,142.788,1752135569,aead78d2
1888340849721821440,黄金树叶是吧？,61.19,1752198971,85ebdbb4
1888407052918072832,《跳跳仙人》,84.786,1752206863,979b1b98
1888407143573790208,《活阎王》,94.267,1752206873,979b1b98
1888466345394797056,关山南越还我柠檬茶！,27.734,1752213931,384eee64
1888701512067477760,666,95.766,1752241965,91e528ed
1888809260625189632,半夜十二点巡逻的：我记得那是厕所吧？咋还亮着灯呢？,97.566,1752254810,e18f407f
1889021045278083072,来自四川人的红温,130.455,1752280056,2084ad83
1890030413032766976,刚才的话是不是无名说的？,21.152,1752400382,bfe58c2e
1890607577834799360,给娃调成啥了,148.478,1752469186,58328213
1891245365513257984,可怜（指家产上亿）,60.111,1752545216,21fe169
1891319174408922880,？？？,104.981,1752554015,9bf10f9
1891378484157842432,《跳跳仙人》,89.584,1752561085,1047795
1891378823737112320,无名：静步最有用的一集，你最好睁着眼睡觉,125.073,1752561125,1047795
1891527340124195072,无名：你最好睁眼睡觉,117.742,1752578830,36a08a3c
1891668742073931520,来制造一点恐慌吧,169.815,1752595686,2d17918e
1891975208777701376,芥末味大白兔奶糖是真的有的。,109.045,1752632220,2258e670
1892147082623056640,背后行动,164.495,1752652709,323ee76
1893740397336296960,触发无名底层代码了,32.681,1752842647,5658a708
1893832001875021056,喝不完有惩罚，喝完了有奖励,38.717,1752853567,6e54addb
1894526045966266112,无名：来制造一点恐慌吧,163.219,1752936303,ee05232b
1894646046588558848,是关山难越,34.688,1752950609,70f90bd6
1895843250469317120,666川剧,142.441,1753093326,3c734571
1896061237750720768,那一天的混乱，浓郁起来～,171.988,1753119313,b55bbcd8
1896804964462970880,神秘偷肉男,153.806,1753207972,44baab6b
1897353393585157376,《不是啥子大事》,8.819,1753273350,5ce4ca7a
1897353531351096832,无名不是喝红酒吗？,20.045,1753273366,5ce4ca7a
1897353789712054272,《会跳的饮料》,43.083,1753273397,5ce4ca7a
1897353926605278976,666无名是关山难越,54.238,1753273413,5ce4ca7a
1901051177051852032,威龙不会察觉,169.232,1753714160,940401ae
1901304994142340352,《钢铁是怎样炼成的》,143.621,1753744417,ebb88f7b
1903816890800321536,无名：我没说过，勿Q,87.221,1754043858,ee80e670
1905370781648178944,可能是老黑放的,124.984,1754229097,6ef0ca63
1909588362650821376,估计应该是被法棍敲脑袋。,0.47,1754731872,f57be5f6
1910116164378920960,无名：来制造一点幽默吧,121.82,1754794790,2e124f90
1913047981583123968,龙，,41.245,1755144290,4c708b43
1913101390197120512,不忘初心,84.116,1755150657,ca84f3e0
1916057164729206016,惊夜,45.577,1755503013,b95421cf
1916981254860406528,你是指斧头帮小曲是广场大妈的广场舞音乐？,8.515,1755613173,15b2aab9
1917110797667085568,无名“威龙你最好睁着眼睡觉，不然小心我开静步跑你屋里……”,134.771,1755628616,640fbaab
1919185007369715456,前面的白字，那是佐娅才喜欢喝红酒，天名喜欢喝老太手磨的柠檬茶,25.9,1755875881,2817cc87
1921996028283245568,无名是真的吃东西没味道,142.782,1756210981,39b03e3e
1922104627454219264,威龙真的是跳跳糖仙人，整蛊逃不开跳跳糖,14.445,1756223927,4f66a4ea
1923475685612680704,脑机发力了,119.177,1756387369,1784c243
1934409001815353856,ooc了,163.316,1757690722,c3a4278e
1942319113213290752,666还是工地特供,35.125,1758633681,99859fb1
1995981983767048448,不忘初心 ……,91.09,1765030794,a6a6dede
1995982516301251840,你们知道半夜偷玩手机憋笑有多难吗 ！！！,128.13,1765030857,a6a6dede
1995991754876205312,火锅……配水？还是喝的 ……？！不对！！！,172.323,1765031959,a6a6dede
2014544507907553024,来点牢大（不是）,61.286,1767243619,8bb83855
2040257511252889856,这次真绷不住了,150.295,1770308848,96546eb0
2050097790818502400,还真是和跳跳糖过不去了,43.28,1771481901,3456b429
2052390266472244992,盲猜冰红茶,26.427,1771755185,2def753e
2052390586623469824,啊？,51.147,1771755223,2def753e
2052390655024228608,威龙你怎么学坏了,52.837,1771755231,2def753e
2052392225396500736,《相濡以沫》,143.276,1771755419,2def753e
2055887157784652800,《三角洲玩家真实状况》,2.016,1772172047,2def753e
2062432844215198464,跟无名演川剧（我要求的）,16.075,1772952354,2def753e
2083381933085730560,好凶弟,8.772,1775449680,90067119
2083625191132649216,活阎王,99.16,1775478678,4d9be8f9
,,0.0,1775683732.8000336,
lb.c,,0.0,1775683732.8000336,
,,0.0,1775683732.8000336,
1884508788238130432,666威龙跟骇爪学坏了会搞恶作剧了,49.738,1751742153,e97dbe94
1884746302143934976,CS威龙,109.71,1751770467,b4c92ee5
1885019019305275392,德丽莎狂喜,124.529,1751802978,2182fb16
1885067568742988544,四川威龙的辣椒酱没了,132.394,1751808765,1857d45d
1885067857596281856,神秘幽默静步男,158.017,1751808800,1857d45d
1885075515414135296,绷,129.546,1751809712,ad122b0e
1885117037672706816,爱名TV,120.716,1751814662,49f4b830
1885117922562088192,盲猜柠檬茶,17.454,1751814768,1789994a
1885147866151465984,柠檬茶！！！！,21.102,1751818337,afafa8e2
1885149318840291584,《特别调理》《惊喜》,36.412,1751818510,1caa2220
1885150134632459008,无名：真损啊,104.971,1751818608,1caa2220
1885150592859968512,无名：那也不看看是谁把我整成这样的,143.499,1751818662,1caa2220
1885172166757709568,什么味?,127.579,1751821234,a4b5b784
1885178939157683200,加了磁吸炸弹,47.761,1751822042,cd7519e9
1885187421919303168,前面那个让封的是我，我太难了,33.318,1751823053,f3b1aea1
1885231165942983936,太造孽了（狗头）,56.82,1751828267,4489afd7
1885251158378350592,不愧是威龙，啥都能干出来,102.539,1751830651,d495b102
1885251342701325824,不愧是好兄弟呀,107.299,1751830673,d495b102
1885341148764054528,我怎么听说跳跳糖是某科学家研发固体可乐过程中得出来的一个产品呢。（手动狗头）,89.893,1751841378,27835dea
1885344955925376256,绷不住了,105.554,1751841832,96222fda
1885354040393596672,威龙：小馋猫无名,91.598,1751842915,9d47d514
1885369251330665728,人家本来就不聪明 你还铁咩弄人家！给无名买脑机去！,108.091,1751844728,fe9706bf
1885369896716629248,你再看看你后面呢,163.458,1751844805,fe9706bf
1885374262576573952,来制造一点幽默吧,160.17,1751845326,ee1966c
1885393609793636352,1,16.537,1751847632,46419727
1885404208497801728,《金色树叶》,69.309,1751848896,368d5693
1885437154629904896,我就是玩无名的，这么一听，感觉无名又师又可爱,162.12,1751852823,39eab1d8
1885454201816485376,渡鸦：那一天的混乱，浓郁起来~,165.939,1751854855,768733cb
1885461910477156864,调成啥了,143.208,1751855774,96222fda
1885476833156781568,无名：威龙我拿那筷子,109.392,1751857553,f5304173
1885478156442639616,神秘静步男是个人物,110.632,1751857711,b7a3728f
1885496456325515520,跳跳茶？,43.246,1751859893,ba582539
1885561650866698240,怪不得要静步，原来是要捡牛肉干,158.916,1751867664,916feba2
1885600033421265920,无名：柠檬茶牛肉干无敌！,156.961,1751872240,64c86d81
1885642625302970624,把无名当哈夫克人整呢,153.922,1751877317,f7ddcd96
1885687466976551680,我还以为是广东特色凉茶呢,43.084,1751882663,620e12be
1885722251404560640,有没有一种可能无名真就以为这些东西原本就是这个味道,0.0,1751886809,b33d1423
1885729185000475904,这敲脑壳的声音怕是有点痛哦,3.734,1751887636,55335193
1885738369158437376,无名：静步最有用的一集，你最好睁着眼睡觉,114.211,1751888731,c7a4c4a2
1885745676483734016,《扑克face》,101.989,1751889602,c7faf1dc
1885755522620531200,省流：“叮～”,0.104,1751890776,18bf3e4
1885783000101224192,可乐加跳跳糖不变,85.792,1751894051,5e5471b0
1885812979049037056,1,24.363,1751897625,db71a115
1885820417378724352,666无名开大偷牛肉干,154.335,1751898512,7657d1ad
1885833193321004800,《锻炼意志力》,142.569,1751900035,f31a11ad
1885855271331828736,比如说…你想和无名演川剧？,7.176,1751902667,7f9831b9
1885855940717778688,东方树叶是吧,69.18,1751902746,7f9831b9
1885864818264079616,无名：来制造点恐慌吧,167.163,1751903805,97529dd8
1885890101016544768,来制造一点幽默吧,169.937,1751906819,650d52ee
1885938340823041792,逆天,109.06,1751912569,dd60a20d
1886093947899126528,自助餐经典配方，巨好喝，但别加果汁和奶茶,92.289,1751931119,562c86a7
1886126130256789504,上次我问威龙如果我喜欢上他姝姝了怎么办，他说要拿虎蹲炮送我上天(,62.173,1751934955,d085bec1
1886318226074914816,无名已经被调成这样了吗？,149.139,1751957855,a5f0c676
1886327121052936960,无名：“大招一开对面都开始跳舞了”,12.291,1751958915,9d971b89
1886352037928004352,咚,0.347,1751961886,a851ca0a
1886441269715465472,《胃口不小嘛》,89.695,1751972523,e593abe
1886442487329869312,苦瓜味巧克力？！,125.435,1751972668,e593abe
1886442933167885568,《高冷个串串,153.973,1751972721,e593abe
1886479856825596160,无名：本来就有点阴郁，现在感觉更阴郁,65.847,1751977123,5ba11e6d
1886487656486546688,威龙对跳跳糖是有什么执念吗,84.445,1751978053,2fdfb164
1886643291387826688,104人初恋吧,58.297,1751996606,4809b077
1886668239568916992,666神秘静步男开大捡牛肉干,159.672,1751999580,e5bc74d4
1886680858878931200,不忘初心,96.698,1752001084,9ba4157f
1886853557693644288,听完之后的无名:滚出我的脑子！,8.004,1752021672,48b15f27
1886889363133327104,德丽莎,125.211,1752025940,8443a794
1886924497794331136,开大招偷是吧？,155.163,1752030128,d530ce4d
1886936111076027648,牛油火锅！,39.31,1752031513,c1239d75
1886980074016700160,神秘踮脚男,159.002,1752036754,b0bd56b6
1887031803869962496,辣椒酱，不愧是川川川川出身的,129.183,1752042920,6dde2dcd
1887032082439092736,牢龙就是川川川川人，演这个正合适,135.673,1752042953,6dde2dcd
1887254415438602240,德丽莎：不吃给我，我爱吃,127.717,1752069458,1968c70a
1887286242388061952,《不是大事》,8.773,1752073252,213dfde7
1887289681549234944,唉！（跟我的黑海说去吧）,10.32,1752073662,f8e5ed6
1887382148748100352,不应该是法棍吗？,175.868,1752084685,311c5942
1887409916340849664,他可能没吃过那些零食 以为那就是原本的味道,110.712,1752087995,c443d7b0
1887411513632381184,6,143.279,1752088185,7a67fa55
1887463295728883712,？我的大少爷啊……,157.839,1752094358,b129c443
1887569151884078592,省流:被无名用扳手敲脑壳了,0.974,1752106977,daf1e5e6
1887632534779928064,他还是爱他的跳跳糖,95.514,1752114533,df6e64c0
1887675439565624576,无名与威龙的神秘暗号,60.432,1752119648,e3b1ab8e
1887686090824188672,可乐加跳跳糖？,85.2,1752120917,3afcf836
1887715059791809536,666跳跳龙,86.38,1752124371,c0a78260
1887759062150756352,“他们不会察觉…”,163.294,1752129616,2be00ace
1887808995096726272,无名：我谢谢你小子,142.788,1752135569,aead78d2
1888340849721821440,黄金树叶是吧？,61.19,1752198971,85ebdbb4
1888407052918072832,《跳跳仙人》,84.786,1752206863,979b1b98
1888407143573790208,《活阎王》,94.267,1752206873,979b1b98
1888466345394797056,关山南越还我柠檬茶！,27.734,1752213931,384eee64
1888701512067477760,666,95.766,1752241965,91e528ed
1888809260625189632,半夜十二点巡逻的：我记得那是厕所吧？咋还亮着灯呢？,97.566,1752254810,e18f407f
1889021045278083072,来自四川人的红温,130.455,1752280056,2084ad83
1890030413032766976,刚才的话是不是无名说的？,21.152,1752400382,bfe58c2e
1890607577834799360,给娃调成啥了,148.478,1752469186,58328213
1891245365513257984,可怜（指家产上亿）,60.111,1752545216,21fe169
1891319174408922880,？？？,104.981,1752554015,9bf10f9
1891378484157842432,《跳跳仙人》,89.584,1752561085,1047795
1891378823737112320,无名：静步最有用的一集，你最好睁着眼睡觉,125.073,1752561125,1047795
1891527340124195072,无名：你最好睁眼睡觉,117.742,1752578830,36a08a3c
1891668742073931520,来制造一点恐慌吧,169.815,1752595686,2d17918e
1891975208777701376,芥末味大白兔奶糖是真的有的。,109.045,1752632220,2258e670
1892147082623056640,背后行动,164.495,1752652709,323ee76
1893740397336296960,触发无名底层代码了,32.681,1752842647,5658a708
1893832001875021056,喝不完有惩罚，喝完了有奖励,38.717,1752853567,6e54addb
1894526045966266112,无名：来制造一点恐慌吧,163.219,1752936303,ee05232b
1894646046588558848,是关山难越,34.688,1752950609,70f90bd6
1895843250469317120,666川剧,142.441,1753093326,3c734571
1896061237750720768,那一天的混乱，浓郁起来～,171.988,1753119313,b55bbcd8
1896804964462970880,神秘偷肉男,153.806,1753207972,44baab6b
1897353393585157376,《不是啥子大事》,8.819,1753273350,5ce4ca7a
1897353531351096832,无名不是喝红酒吗？,20.045,1753273366,5ce4ca7a
1897353789712054272,《会跳的饮料》,43.083,1753273397,5ce4ca7a
1897353926605278976,666无名是关山难越,54.238,1753273413,5ce4ca7a
1901051177051852032,威龙不会察觉,169.232,1753714160,940401ae
1901304994142340352,《钢铁是怎样炼成的》,143.621,1753744417,ebb88f7b
1903816890800321536,无名：我没说过，勿Q,87.221,1754043858,ee80e670
1905370781648178944,可能是老黑放的,124.984,1754229097,6ef0ca63
1909588362650821376,估计应该是被法棍敲脑袋。,0.47,1754731872,f57be5f6
1910116164378920960,无名：来制造一点幽默吧,121.82,1754794790,2e124f90
1913047981583123968,龙，,41.245,1755144290,4c708b43
1913101390197120512,不忘初心,84.116,1755150657,ca84f3e0
1916057164729206016,惊夜,45.577,1755503013,b95421cf
1916981254860406528,你是指斧头帮小曲是广场大妈的广场舞音乐？,8.515,1755613173,15b2aab9
1917110797667085568,无名“威龙你最好睁着眼睡觉，不然小心我开静步跑你屋里……”,134.771,1755628616,640fbaab
1919185007369715456,前面的白字，那是佐娅才喜欢喝红酒，天名喜欢喝老太手磨的柠檬茶,25.9,1755875881,2817cc87
1921996028283245568,无名是真的吃东西没味道,142.782,1756210981,39b03e3e
1922104627454219264,威龙真的是跳跳糖仙人，整蛊逃不开跳跳糖,14.445,1756223927,4f66a4ea
1923475685612680704,脑机发力了,119.177,1756387369,1784c243
1934409001815353856,ooc了,163.316,1757690722,c3a4278e
1942319113213290752,666还是工地特供,35.125,1758633681,99859fb1
1995981983767048448,不忘初心 ……,91.09,1765030794,a6a6dede
1995982516301251840,你们知道半夜偷玩手机憋笑有多难吗 ！！！,128.13,1765030857,a6a6dede
1995991754876205312,火锅……配水？还是喝的 ……？！不对！！！,172.323,1765031959,a6a6dede
2014544507907553024,来点牢大（不是）,61.286,1767243619,8bb83855
2040257511252889856,这次真绷不住了,150.295,1770308848,96546eb0
2050097790818502400,还真是和跳跳糖过不去了,43.28,1771481901,3456b429
2052390266472244992,盲猜冰红茶,26.427,1771755185,2def753e
2052390586623469824,啊？,51.147,1771755223,2def753e
2052390655024228608,威龙你怎么学坏了,52.837,1771755231,2def753e
2052392225396500736,《相濡以沫》,143.276,1771755419,2def753e
2055887157784652800,《三角洲玩家真实状况》,2.016,1772172047,2def753e
2062432844215198464,跟无名演川剧（我要求的）,16.075,1772952354,2def753e
2083381933085730560,好凶弟,8.772,1775449680,90067119
2083625191132649216,活阎王,99.16,1775478678,4d9be8f9
,,0.0,1775683732.8000336,
lb.c,,0.0,1775683732.8000336,
,,0.0,1775683732.8000336,
1884508788238130432,666威龙跟骇爪学坏了会搞恶作剧了,49.738,1751742153,e97dbe94
1884746302143934976,CS威龙,109.71,1751770467,b4c92ee5
1885019019305275392,德丽莎狂喜,124.529,1751802978,2182fb16
1885067568742988544,四川威龙的辣椒酱没了,132.394,1751808765,1857d45d
1885067857596281856,神秘幽默静步男,158.017,1751808800,1857d45d
1885075515414135296,绷,129.546,1751809712,ad122b0e
1885117037672706816,爱名TV,120.716,1751814662,49f4b830
1885117922562088192,盲猜柠檬茶,17.454,1751814768,1789994a
1885147866151465984,柠檬茶！！！！,21.102,1751818337,afafa8e2
1885149318840291584,《特别调理》《惊喜》,36.412,1751818510,1caa2220
1885150134632459008,无名：真损啊,104.971,1751818608,1caa2220
1885150592859968512,无名：那也不看看是谁把我整成这样的,143.499,1751818662,1caa2220
1885172166757709568,什么味?,127.579,1751821234,a4b5b784
1885178939157683200,加了磁吸炸弹,47.761,1751822042,cd7519e9
1885187421919303168,前面那个让封的是我，我太难了,33.318,1751823053,f3b1aea1
1885231165942983936,太造孽了（狗头）,56.82,1751828267,4489afd7
1885251158378350592,不愧是威龙，啥都能干出来,102.539,1751830651,d495b102
1885251342701325824,不愧是好兄弟呀,107.299,1751830673,d495b102
1885341148764054528,我怎么听说跳跳糖是某科学家研发固体可乐过程中得出来的一个产品呢。（手动狗头）,89.893,1751841378,27835dea
1885344955925376256,绷不住了,105.554,1751841832,96222fda
1885354040393596672,威龙：小馋猫无名,91.598,1751842915,9d47d514
1885369251330665728,人家本来就不聪明 你还铁咩弄人家！给无名买脑机去！,108.091,1751844728,fe9706bf
1885369896716629248,你再看看你后面呢,163.458,1751844805,fe9706bf
1885374262576573952,来制造一点幽默吧,160.17,1751845326,ee1966c
1885393609793636352,1,16.537,1751847632,46419727
1885404208497801728,《金色树叶》,69.309,1751848896,368d5693
1885437154629904896,我就是玩无名的，这么一听，感觉无名又师又可爱,162.12,1751852823,39eab1d8
1885454201816485376,渡鸦：那一天的混乱，浓郁起来~,165.939,1751854855,768733cb
1885461910477156864,调成啥了,143.208,1751855774,96222fda
1885476833156781568,无名：威龙我拿那筷子,109.392,1751857553,f5304173
1885478156442639616,神秘静步男是个人物,110.632,1751857711,b7a3728f
1885496456325515520,跳跳茶？,43.246,1751859893,ba582539
1885561650866698240,怪不得要静步，原来是要捡牛肉干,158.916,1751867664,916feba2
1885600033421265920,无名：柠檬茶牛肉干无敌！,156.961,1751872240,64c86d81
1885642625302970624,把无名当哈夫克人整呢,153.922,1751877317,f7ddcd96
1885687466976551680,我还以为是广东特色凉茶呢,43.084,1751882663,620e12be
1885722251404560640,有没有一种可能无名真就以为这些东西原本就是这个味道,0.0,1751886809,b33d1423
1885729185000475904,这敲脑壳的声音怕是有点痛哦,3.734,1751887636,55335193
1885738369158437376,无名：静步最有用的一集，你最好睁着眼睡觉,114.211,1751888731,c7a4c4a2
1885745676483734016,《扑克face》,101.989,1751889602,c7faf1dc
1885755522620531200,省流：“叮～”,0.104,1751890776,18bf3e4
1885783000101224192,可乐加跳跳糖不变,85.792,1751894051,5e5471b0
1885812979049037056,1,24.363,1751897625,db71a115
1885820417378724352,666无名开大偷牛肉干,154.335,1751898512,7657d1ad
1885833193321004800,《锻炼意志力》,142.569,1751900035,f31a11ad
1885855271331828736,比如说…你想和无名演川剧？,7.176,1751902667,7f9831b9
1885855940717778688,东方树叶是吧,69.18,1751902746,7f9831b9
1885864818264079616,无名：来制造点恐慌吧,167.163,1751903805,97529dd8
1885890101016544768,来制造一点幽默吧,169.937,1751906819,650d52ee
1885938340823041792,逆天,109.06,1751912569,dd60a20d
1886093947899126528,自助餐经典配方，巨好喝，但别加果汁和奶茶,92.289,1751931119,562c86a7
1886126130256789504,上次我问威龙如果我喜欢上他姝姝了怎么办，他说要拿虎蹲炮送我上天(,62.173,1751934955,d085bec1
1886318226074914816,无名已经被调成这样了吗？,149.139,1751957855,a5f0c676
1886327121052936960,无名：“大招一开对面都开始跳舞了”,12.291,1751958915,9d971b89
1886352037928004352,咚,0.347,1751961886,a851ca0a
1886441269715465472,《胃口不小嘛》,89.695,1751972523,e593abe
1886442487329869312,苦瓜味巧克力？！,125.435,1751972668,e593abe
1886442933167885568,《高冷个串串,153.973,1751972721,e593abe
1886479856825596160,无名：本来就有点阴郁，现在感觉更阴郁,65.847,1751977123,5ba11e6d
1886487656486546688,威龙对跳跳糖是有什么执念吗,84.445,1751978053,2fdfb164
1886643291387826688,104人初恋吧,58.297,1751996606,4809b077
1886668239568916992,666神秘静步男开大捡牛肉干,159.672,1751999580,e5bc74d4
1886680858878931200,不忘初心,96.698,1752001084,9ba4157f
1886853557693644288,听完之后的无名:滚出我的脑子！,8.004,1752021672,48b15f27
1886889363133327104,德丽莎,125.211,1752025940,8443a794
1886924497794331136,开大招偷是吧？,155.163,1752030128,d530ce4d
1886936111076027648,牛油火锅！,39.31,1752031513,c1239d75
1886980074016700160,神秘踮脚男,159.002,1752036754,b0bd56b6
1887031803869962496,辣椒酱，不愧是川川川川出身的,129.183,1752042920,6dde2dcd
1887032082439092736,牢龙就是川川川川人，演这个正合适,135.673,1752042953,6dde2dcd
1887254415438602240,德丽莎：不吃给我，我爱吃,127.717,1752069458,1968c70a
1887286242388061952,《不是大事》,8.773,1752073252,213dfde7
1887289681549234944,唉！（跟我的黑海说去吧）,10.32,1752073662,f8e5ed6
1887382148748100352,不应该是法棍吗？,175.868,1752084685,311c5942
1887409916340849664,他可能没吃过那些零食 以为那就是原本的味道,110.712,1752087995,c443d7b0
1887411513632381184,6,143.279,1752088185,7a67fa55
1887463295728883712,？我的大少爷啊……,157.839,1752094358,b129c443
1887569151884078592,省流:被无名用扳手敲脑壳了,0.974,1752106977,daf1e5e6
1887632534779928064,他还是爱他的跳跳糖,95.514,1752114533,df6e64c0
1887675439565624576,无名与威龙的神秘暗号,60.432,1752119648,e3b1ab8e
1887686090824188672,可乐加跳跳糖？,85.2,1752120917,3afcf836
1887715059791809536,666跳跳龙,86.38,1752124371,c0a78260
1887759062150756352,“他们不会察觉…”,163.294,1752129616,2be00ace
1887808995096726272,无名：我谢谢你小子,142.788,1752135569,aead78d2
1888340849721821440,黄金树叶是吧？,61.19,1752198971,85ebdbb4
1888407052918072832,《跳跳仙人》,84.786,1752206863,979b1b98
1888407143573790208,《活阎王》,94.267,1752206873,979b1b98
1888466345394797056,关山南越还我柠檬茶！,27.734,1752213931,384eee64
1888701512067477760,666,95.766,1752241965,91e528ed
1888809260625189632,半夜十二点巡逻的：我记得那是厕所吧？咋还亮着灯呢？,97.566,1752254810,e18f407f
1889021045278083072,来自四川人的红温,130.455,1752280056,2084ad83
1890030413032766976,刚才的话是不是无名说的？,21.152,1752400382,bfe58c2e
1890607577834799360,给娃调成啥了,148.478,1752469186,58328213
1891245365513257984,可怜（指家产上亿）,60.111,1752545216,21fe169
1891319174408922880,？？？,104.981,1752554015,9bf10f9
1891378484157842432,《跳跳仙人》,89.584,1752561085,1047795
1891378823737112320,无名：静步最有用的一集，你最好睁着眼睡觉,125.073,1752561125,1047795
1891527340124195072,无名：你最好睁眼睡觉,117.742,1752578830,36a08a3c
1891668742073931520,来制造一点恐慌吧,169.815,1752595686,2d17918e
1891975208777701376,芥末味大白兔奶糖是真的有的。,109.045,1752632220,2258e670
1892147082623056640,背后行动,164.495,1752652709,323ee76
1893740397336296960,触发无名底层代码了,32.681,1752842647,5658a708
1893832001875021056,喝不完有惩罚，喝完了有奖励,38.717,1752853567,6e54addb
1894526045966266112,无名：来制造一点恐慌吧,163.219,1752936303,ee05232b
1894646046588558848,是关山难越,34.688,1752950609,70f90bd6
1895843250469317120,666川剧,142.441,1753093326,3c734571
1896061237750720768,那一天的混乱，浓郁起来～,171.988,1753119313,b55bbcd8
1896804964462970880,神秘偷肉男,153.806,1753207972,44baab6b
1897353393585157376,《不是啥子大事》,8.819,1753273350,5ce4ca7a
1897353531351096832,无名不是喝红酒吗？,20.045,1753273366,5ce4ca7a
1897353789712054272,《会跳的饮料》,43.083,1753273397,5ce4ca7a
1897353926605278976,666无名是关山难越,54.238,1753273413,5ce4ca7a
1901051177051852032,威龙不会察觉,169.232,1753714160,940401ae
1901304994142340352,《钢铁是怎样炼成的》,143.621,1753744417,ebb88f7b
1903816890800321536,无名：我没说过，勿Q,87.221,1754043858,ee80e670
1905370781648178944,可能是老黑放的,124.984,1754229097,6ef0ca63
1909588362650821376,估计应该是被法棍敲脑袋。,0.47,1754731872,f57be5f6
1910116164378920960,无名：来制造一点幽默吧,121.82,1754794790,2e124f90
1913047981583123968,龙，,41.245,1755144290,4c708b43
1913101390197120512,不忘初心,84.116,1755150657,ca84f3e0
1916057164729206016,惊夜,45.577,1755503013,b95421cf
1916981254860406528,你是指斧头帮小曲是广场大妈的广场舞音乐？,8.515,1755613173,15b2aab9
1917110797667085568,无名“威龙你最好睁着眼睡觉，不然小心我开静步跑你屋里……”,134.771,1755628616,640fbaab
1919185007369715456,前面的白字，那是佐娅才喜欢喝红酒，天名喜欢喝老太手磨的柠檬茶,25.9,1755875881,2817cc87
1921996028283245568,无名是真的吃东西没味道,142.782,1756210981,39b03e3e
1922104627454219264,威龙真的是跳跳糖仙人，整蛊逃不开跳跳糖,14.445,1756223927,4f66a4ea
1923475685612680704,脑机发力了,119.177,1756387369,1784c243
1934409001815353856,ooc了,163.316,1757690722,c3a4278e
1942319113213290752,666还是工地特供,35.125,1758633681,99859fb1
1995981983767048448,不忘初心 ……,91.09,1765030794,a6a6dede
1995982516301251840,你们知道半夜偷玩手机憋笑有多难吗 ！！！,128.13,1765030857,a6a6dede
1995991754876205312,火锅……配水？还是喝的 ……？！不对！！！,172.323,1765031959,a6a6dede
2014544507907553024,来点牢大（不是）,61.286,1767243619,8bb83855
2040257511252889856,这次真绷不住了,150.295,1770308848,96546eb0
2050097790818502400,还真是和跳跳糖过不去了,43.28,1771481901,3456b429
2052390266472244992,盲猜冰红茶,26.427,1771755185,2def753e
2052390586623469824,啊？,51.147,1771755223,2def753e
2052390655024228608,威龙你怎么学坏了,52.837,1771755231,2def753e
2052392225396500736,《相濡以沫》,143.276,1771755419,2def753e
2055887157784652800,《三角洲玩家真实状况》,2.016,1772172047,2def753e
2062432844215198464,跟无名演川剧（我要求的）,16.075,1772952354,2def753e
2083381933085730560,好凶弟,8.772,1775449680,90067119
2083625191132649216,活阎王,99.16,1775478678,4d9be8f9
,,0.0,1775683732.8000336,
lb.c,,0.0,1775683732.8000336,
,,0.0,1775683732.8000336,
1884508788238130432,666威龙跟骇爪学坏了会搞恶作剧了,49.738,1751742153,e97dbe94
1884746302143934976,CS威龙,109.71,1751770467,b4c92ee5
1885019019305275392,德丽莎狂喜,124.529,1751802978,2182fb16
1885067568742988544,四川威龙的辣椒酱没了,132.394,1751808765,1857d45d
1885067857596281856,神秘幽默静步男,158.017,1751808800,1857d45d
1885075515414135296,绷,129.546,1751809712,ad122b0e
1885117037672706816,爱名TV,120.716,1751814662,49f4b830
1885117922562088192,盲猜柠檬茶,17.454,1751814768,1789994a
1885147866151465984,柠檬茶！！！！,21.102,1751818337,afafa8e2
1885149318840291584,《特别调理》《惊喜》,36.412,1751818510,1caa2220
1885150134632459008,无名：真损啊,104.971,1751818608,1caa2220
1885150592859968512,无名：那也不看看是谁把我整成这样的,143.499,1751818662,1caa2220
1885172166757709568,什么味?,127.579,1751821234,a4b5b784
1885178939157683200,加了磁吸炸弹,47.761,1751822042,cd7519e9
1885187421919303168,前面那个让封的是我，我太难了,33.318,1751823053,f3b1aea1
1885231165942983936,太造孽了（狗头）,56.82,1751828267,4489afd7
1885251158378350592,不愧是威龙，啥都能干出来,102.539,1751830651,d495b102
1885251342701325824,不愧是好兄弟呀,107.299,1751830673,d495b102
1885341148764054528,我怎么听说跳跳糖是某科学家研发固体可乐过程中得出来的一个产品呢。（手动狗头）,89.893,1751841378,27835dea
1885344955925376256,绷不住了,105.554,1751841832,96222fda
1885354040393596672,威龙：小馋猫无名,91.598,1751842915,9d47d514
1885369251330665728,人家本来就不聪明 你还铁咩弄人家！给无名买脑机去！,108.091,1751844728,fe9706bf
1885369896716629248,你再看看你后面呢,163.458,1751844805,fe9706bf
1885374262576573952,来制造一点幽默吧,160.17,1751845326,ee1966c
1885393609793636352,1,16.537,1751847632,46419727
1885404208497801728,《金色树叶》,69.309,1751848896,368d5693
1885437154629904896,我就是玩无名的，这么一听，感觉无名又师又可爱,162.12,1751852823,39eab1d8
1885454201816485376,渡鸦：那一天的混乱，浓郁起来~,165.939,1751854855,768733cb
1885461910477156864,调成啥了,143.208,1751855774,96222fda
1885476833156781568,无名：威龙我拿那筷子,109.392,1751857553,f5304173
1885478156442639616,神秘静步男是个人物,110.632,1751857711,b7a3728f
1885496456325515520,跳跳茶？,43.246,1751859893,ba582539
1885561650866698240,怪不得要静步，原来是要捡牛肉干,158.916,1751867664,916feba2
1885600033421265920,无名：柠檬茶牛肉干无敌！,156.961,1751872240,64c86d81
1885642625302970624,把无名当哈夫克人整呢,153.922,1751877317,f7ddcd96
1885687466976551680,我还以为是广东特色凉茶呢,43.084,1751882663,620e12be
1885722251404560640,有没有一种可能无名真就以为这些东西原本就是这个味道,0.0,1751886809,b33d1423
1885729185000475904,这敲脑壳的声音怕是有点痛哦,3.734,1751887636,55335193
1885738369158437376,无名：静步最有用的一集，你最好睁着眼睡觉,114.211,1751888731,c7a4c4a2
1885745676483734016,《扑克face》,101.989,1751889602,c7faf1dc
1885755522620531200,省流：“叮～”,0.104,1751890776,18bf3e4
1885783000101224192,可乐加跳跳糖不变,85.792,1751894051,5e5471b0
1885812979049037056,1,24.363,1751897625,db71a115
1885820417378724352,666无名开大偷牛肉干,154.335,1751898512,7657d1ad
1885833193321004800,《锻炼意志力》,142.569,1751900035,f31a11ad
1885855271331828736,比如说…你想和无名演川剧？,7.176,1751902667,7f9831b9
1885855940717778688,东方树叶是吧,69.18,1751902746,7f9831b9
1885864818264079616,无名：来制造点恐慌吧,167.163,1751903805,97529dd8
1885890101016544768,来制造一点幽默吧,169.937,1751906819,650d52ee
1885938340823041792,逆天,109.06,1751912569,dd60a20d
1886093947899126528,自助餐经典配方，巨好喝，但别加果汁和奶茶,92.289,1751931119,562c86a7
1886126130256789504,上次我问威龙如果我喜欢上他姝姝了怎么办，他说要拿虎蹲炮送我上天(,62.173,1751934955,d085bec1
1886318226074914816,无名已经被调成这样了吗？,149.139,1751957855,a5f0c676
1886327121052936960,无名：“大招一开对面都开始跳舞了”,12.291,1751958915,9d971b89
1886352037928004352,咚,0.347,1751961886,a851ca0a
1886441269715465472,《胃口不小嘛》,89.695,1751972523,e593abe
1886442487329869312,苦瓜味巧克力？！,125.435,1751972668,e593abe
1886442933167885568,《高冷个串串,153.973,1751972721,e593abe
1886479856825596160,无名：本来就有点阴郁，现在感觉更阴郁,65.847,1751977123,5ba11e6d
1886487656486546688,威龙对跳跳糖是有什么执念吗,84.445,1751978053,2fdfb164
1886643291387826688,104人初恋吧,58.297,1751996606,4809b077
1886668239568916992,666神秘静步男开大捡牛肉干,159.672,1751999580,e5bc74d4
1886680858878931200,不忘初心,96.698,1752001084,9ba4157f
1886853557693644288,听完之后的无名:滚出我的脑子！,8.004,1752021672,48b15f27
1886889363133327104,德丽莎,125.211,1752025940,8443a794
1886924497794331136,开大招偷是吧？,155.163,1752030128,d530ce4d
1886936111076027648,牛油火锅！,39.31,1752031513,c1239d75
1886980074016700160,神秘踮脚男,159.002,1752036754,b0bd56b6
1887031803869962496,辣椒酱，不愧是川川川川出身的,129.183,1752042920,6dde2dcd
1887032082439092736,牢龙就是川川川川人，演这个正合适,135.673,1752042953,6dde2dcd
1887254415438602240,德丽莎：不吃给我，我爱吃,127.717,1752069458,1968c70a
1887286242388061952,《不是大事》,8.773,1752073252,213dfde7
1887289681549234944,唉！（跟我的黑海说去吧）,10.32,1752073662,f8e5ed6
1887382148748100352,不应该是法棍吗？,175.868,1752084685,311c5942
1887409916340849664,他可能没吃过那些零食 以为那就是原本的味道,110.712,1752087995,c443d7b0
1887411513632381184,6,143.279,1752088185,7a67fa55
1887463295728883712,？我的大少爷啊……,157.839,1752094358,b129c443
1887569151884078592,省流:被无名用扳手敲脑壳了,0.974,1752106977,daf1e5e6
1887632534779928064,他还是爱他的跳跳糖,95.514,1752114533,df6e64c0
1887675439565624576,无名与威龙的神秘暗号,60.432,1752119648,e3b1ab8e
1887686090824188672,可乐加跳跳糖？,85.2,1752120917,3afcf836
1887715059791809536,666跳跳龙,86.38,1752124371,c0a78260
1887759062150756352,“他们不会察觉…”,163.294,1752129616,2be00ace
1887808995096726272,无名：我谢谢你小子,142.788,1752135569,aead78d2
1888340849721821440,黄金树叶是吧？,61.19,1752198971,85ebdbb4
1888407052918072832,《跳跳仙人》,84.786,1752206863,979b1b98
1888407143573790208,《活阎王》,94.267,1752206873,979b1b98
1888466345394797056,关山南越还我柠檬茶！,27.734,1752213931,384eee64
1888701512067477760,666,95.766,1752241965,91e528ed
1888809260625189632,半夜十二点巡逻的：我记得那是厕所吧？咋还亮着灯呢？,97.566,1752254810,e18f407f
1889021045278083072,来自四川人的红温,130.455,1752280056,2084ad83
1890030413032766976,刚才的话是不是无名说的？,21.152,1752400382,bfe58c2e
1890607577834799360,给娃调成啥了,148.478,1752469186,58328213
1891245365513257984,可怜（指家产上亿）,60.111,1752545216,21fe169
1891319174408922880,？？？,104.981,1752554015,9bf10f9
1891378484157842432,《跳跳仙人》,89.584,1752561085,1047795
1891378823737112320,无名：静步最有用的一集，你最好睁着眼睡觉,125.073,1752561125,1047795
1891527340124195072,无名：你最好睁眼睡觉,117.742,1752578830,36a08a3c
1891668742073931520,来制造一点恐慌吧,169.815,1752595686,2d17918e
1891975208777701376,芥末味大白兔奶糖是真的有的。,109.045,1752632220,2258e670
1892147082623056640,背后行动,164.495,1752652709,323ee76
1893740397336296960,触发无名底层代码了,32.681,1752842647,5658a708
1893832001875021056,喝不完有惩罚，喝完了有奖励,38.717,1752853567,6e54addb
1894526045966266112,无名：来制造一点恐慌吧,163.219,1752936303,ee05232b
1894646046588558848,是关山难越,34.688,1752950609,70f90bd6
1895843250469317120,666川剧,142.441,1753093326,3c734571
1896061237750720768,那一天的混乱，浓郁起来～,171.988,1753119313,b55bbcd8
1896804964462970880,神秘偷肉男,153.806,1753207972,44baab6b
1897353393585157376,《不是啥子大事》,8.819,1753273350,5ce4ca7a
1897353531351096832,无名不是喝红酒吗？,20.045,1753273366,5ce4ca7a
1897353789712054272,《会跳的饮料》,43.083,1753273397,5ce4ca7a
1897353926605278976,666无名是关山难越,54.238,1753273413,5ce4ca7a
1901051177051852032,威龙不会察觉,169.232,1753714160,940401ae
1901304994142340352,《钢铁是怎样炼成的》,143.621,1753744417,ebb88f7b
1903816890800321536,无名：我没说过，勿Q,87.221,1754043858,ee80e670
1905370781648178944,可能是老黑放的,124.984,1754229097,6ef0ca63
1909588362650821376,估计应该是被法棍敲脑袋。,0.47,1754731872,f57be5f6
1910116164378920960,无名：来制造一点幽默吧,121.82,1754794790,2e124f90
1913047981583123968,龙，,41.245,1755144290,4c708b43
1913101390197120512,不忘初心,84.116,1755150657,ca84f3e0
1916057164729206016,惊夜,45.577,1755503013,b95421cf
1916981254860406528,你是指斧头帮小曲是广场大妈的广场舞音乐？,8.515,1755613173,15b2aab9
1917110797667085568,无名“威龙你最好睁着眼睡觉，不然小心我开静步跑你屋里……”,134.771,1755628616,640fbaab
1919185007369715456,前面的白字，那是佐娅才喜欢喝红酒，天名喜欢喝老太手磨的柠檬茶,25.9,1755875881,2817cc87
1921996028283245568,无名是真的吃东西没味道,142.782,1756210981,39b03e3e
1922104627454219264,威龙真的是跳跳糖仙人，整蛊逃不开跳跳糖,14.445,1756223927,4f66a4ea
1923475685612680704,脑机发力了,119.177,1756387369,1784c243
1934409001815353856,ooc了,163.316,1757690722,c3a4278e
1942319113213290752,666还是工地特供,35.125,1758633681,99859fb1
1995981983767048448,不忘初心 ……,91.09,1765030794,a6a6dede
1995982516301251840,你们知道半夜偷玩手机憋笑有多难吗 ！！！,128.13,1765030857,a6a6dede
1995991754876205312,火锅……配水？还是喝的 ……？！不对！！！,172.323,1765031959,a6a6dede
2014544507907553024,来点牢大（不是）,61.286,1767243619,8bb83855
2040257511252889856,这次真绷不住了,150.295,1770308848,96546eb0
2050097790818502400,还真是和跳跳糖过不去了,43.28,1771481901,3456b429
2052390266472244992,盲猜冰红茶,26.427,1771755185,2def753e
2052390586623469824,啊？,51.147,1771755223,2def753e
2052390655024228608,威龙你怎么学坏了,52.837,1771755231,2def753e
2052392225396500736,《相濡以沫》,143.276,1771755419,2def753e
2055887157784652800,《三角洲玩家真实状况》,2.016,1772172047,2def753e
2062432844215198464,跟无名演川剧（我要求的）,16.075,1772952354,2def753e
2083381933085730560,好凶弟,8.772,1775449680,90067119
2083625191132649216,活阎王,99.16,1775478678,4d9be8f9
,,0.0,1775683732.8000336,
lb.c,,0.0,1775683732.8000336,
,,0.0,1775683732.8000336,
1884508788238130432,666威龙跟骇爪学坏了会搞恶作剧了,49.738,1751742153,e97dbe94
1884746302143934976,CS威龙,109.71,1751770467,b4c92ee5
1885019019305275392,德丽莎狂喜,124.529,1751802978,2182fb16
1885067568742988544,四川威龙的辣椒酱没了,132.394,1751808765,1857d45d
1885067857596281856,神秘幽默静步男,158.017,1751808800,1857d45d
1885075515414135296,绷,129.546,1751809712,ad122b0e
1885117037672706816,爱名TV,120.716,1751814662,49f4b830
1885117922562088192,盲猜柠檬茶,17.454,1751814768,1789994a
1885147866151465984,柠檬茶！！！！,21.102,1751818337,afafa8e2
1885149318840291584,《特别调理》《惊喜》,36.412,1751818510,1caa2220
1885150134632459008,无名：真损啊,104.971,1751818608,1caa2220
1885150592859968512,无名：那也不看看是谁把我整成这样的,143.499,1751818662,1caa2220
1885172166757709568,什么味?,127.579,1751821234,a4b5b784
1885178939157683200,加了磁吸炸弹,47.761,1751822042,cd7519e9
1885187421919303168,前面那个让封的是我，我太难了,33.318,1751823053,f3b1aea1
1885231165942983936,太造孽了（狗头）,56.82,1751828267,4489afd7
1885251158378350592,不愧是威龙，啥都能干出来,102.539,1751830651,d495b102
1885251342701325824,不愧是好兄弟呀,107.299,1751830673,d495b102
1885341148764054528,我怎么听说跳跳糖是某科学家研发固体可乐过程中得出来的一个产品呢。（手动狗头）,89.893,1751841378,27835dea
1885344955925376256,绷不住了,105.554,1751841832,96222fda
1885354040393596672,威龙：小馋猫无名,91.598,1751842915,9d47d514
1885369251330665728,人家本来就不聪明 你还铁咩弄人家！给无名买脑机去！,108.091,1751844728,fe9706bf
1885369896716629248,你再看看你后面呢,163.458,1751844805,fe9706bf
1885374262576573952,来制造一点幽默吧,160.17,1751845326,ee1966c
1885393609793636352,1,16.537,1751847632,46419727
1885404208497801728,《金色树叶》,69.309,1751848896,368d5693
1885437154629904896,我就是玩无名的，这么一听，感觉无名又师又可爱,162.12,1751852823,39eab1d8
1885454201816485376,渡鸦：那一天的混乱，浓郁起来~,165.939,1751854855,768733cb
1885461910477156864,调成啥了,143.208,1751855774,96222fda
1885476833156781568,无名：威龙我拿那筷子,109.392,1751857553,f5304173
1885478156442639616,神秘静步男是个人物,110.632,1751857711,b7a3728f
1885496456325515520,跳跳茶？,43.246,1751859893,ba582539
1885561650866698240,怪不得要静步，原来是要捡牛肉干,158.916,1751867664,916feba2
1885600033421265920,无名：柠檬茶牛肉干无敌！,156.961,1751872240,64c86d81
1885642625302970624,把无名当哈夫克人整呢,153.922,1751877317,f7ddcd96
1885687466976551680,我还以为是广东特色凉茶呢,43.084,1751882663,620e12be
1885722251404560640,有没有一种可能无名真就以为这些东西原本就是这个味道,0.0,1751886809,b33d1423
1885729185000475904,这敲脑壳的声音怕是有点痛哦,3.734,1751887636,55335193
1885738369158437376,无名：静步最有用的一集，你最好睁着眼睡觉,114.211,1751888731,c7a4c4a2
1885745676483734016,《扑克face》,101.989,1751889602,c7faf1dc
1885755522620531200,省流：“叮～”,0.104,1751890776,18bf3e4
1885783000101224192,可乐加跳跳糖不变,85.792,1751894051,5e5471b0
1885812979049037056,1,24.363,1751897625,db71a115
1885820417378724352,666无名开大偷牛肉干,154.335,1751898512,7657d1ad
1885833193321004800,《锻炼意志力》,142.569,1751900035,f31a11ad
1885855271331828736,比如说…你想和无名演川剧？,7.176,1751902667,7f9831b9
1885855940717778688,东方树叶是吧,69.18,1751902746,7f9831b9
1885864818264079616,无名：来制造点恐慌吧,167.163,1751903805,97529dd8
1885890101016544768,来制造一点幽默吧,169.937,1751906819,650d52ee
1885938340823041792,逆天,109.06,1751912569,dd60a20d
1886093947899126528,自助餐经典配方，巨好喝，但别加果汁和奶茶,92.289,1751931119,562c86a7
1886126130256789504,上次我问威龙如果我喜欢上他姝姝了怎么办，他说要拿虎蹲炮送我上天(,62.173,1751934955,d085bec1
1886318226074914816,无名已经被调成这样了吗？,149.139,1751957855,a5f0c676
1886327121052936960,无名：“大招一开对面都开始跳舞了”,12.291,1751958915,9d971b89
1886352037928004352,咚,0.347,1751961886,a851ca0a
1886441269715465472,《胃口不小嘛》,89.695,1751972523,e593abe
1886442487329869312,苦瓜味巧克力？！,125.435,1751972668,e593abe
1886442933167885568,《高冷个串串,153.973,1751972721,e593abe
1886479856825596160,无名：本来就有点阴郁，现在感觉更阴郁,65.847,1751977123,5ba11e6d
1886487656486546688,威龙对跳跳糖是有什么执念吗,84.445,1751978053,2fdfb164
1886643291387826688,104人初恋吧,58.297,1751996606,4809b077
1886668239568916992,666神秘静步男开大捡牛肉干,159.672,1751999580,e5bc74d4
1886680858878931200,不忘初心,96.698,1752001084,9ba4157f
1886853557693644288,听完之后的无名:滚出我的脑子！,8.004,1752021672,48b15f27
1886889363133327104,德丽莎,125.211,1752025940,8443a794
1886924497794331136,开大招偷是吧？,155.163,1752030128,d530ce4d
1886936111076027648,牛油火锅！,39.31,1752031513,c1239d75
1886980074016700160,神秘踮脚男,159.002,1752036754,b0bd56b6
1887031803869962496,辣椒酱，不愧是川川川川出身的,129.183,1752042920,6dde2dcd
1887032082439092736,牢龙就是川川川川人，演这个正合适,135.673,1752042953,6dde2dcd
1887254415438602240,德丽莎：不吃给我，我爱吃,127.717,1752069458,1968c70a
1887286242388061952,《不是大事》,8.773,1752073252,213dfde7
1887289681549234944,唉！（跟我的黑海说去吧）,10.32,1752073662,f8e5ed6
1887382148748100352,不应该是法棍吗？,175.868,1752084685,311c5942
1887409916340849664,他可能没吃过那些零食 以为那就是原本的味道,110.712,1752087995,c443d7b0
1887411513632381184,6,143.279,1752088185,7a67fa55
1887463295728883712,？我的大少爷啊……,157.839,1752094358,b129c443
1887569151884078592,省流:被无名用扳手敲脑壳了,0.974,1752106977,daf1e5e6
1887632534779928064,他还是爱他的跳跳糖,95.514,1752114533,df6e64c0
1887675439565624576,无名与威龙的神秘暗号,60.432,1752119648,e3b1ab8e
1887686090824188672,可乐加跳跳糖？,85.2,1752120917,3afcf836
1887715059791809536,666跳跳龙,86.38,1752124371,c0a78260
1887759062150756352,“他们不会察觉…”,163.294,1752129616,2be00ace
1887808995096726272,无名：我谢谢你小子,142.788,1752135569,aead78d2
1888340849721821440,黄金树叶是吧？,61.19,1752198971,85ebdbb4
1888407052918072832,《跳跳仙人》,84.786,1752206863,979b1b98
1888407143573790208,《活阎王》,94.267,1752206873,979b1b98
1888466345394797056,关山南越还我柠檬茶！,27.734,1752213931,384eee64
1888701512067477760,666,95.766,1752241965,91e528ed
1888809260625189632,半夜十二点巡逻的：我记得那是厕所吧？咋还亮着灯呢？,97.566,1752254810,e18f407f
1889021045278083072,来自四川人的红温,130.455,1752280056,2084ad83
1890030413032766976,刚才的话是不是无名说的？,21.152,1752400382,bfe58c2e
1890607577834799360,给娃调成啥了,148.478,1752469186,58328213
1891245365513257984,可怜（指家产上亿）,60.111,1752545216,21fe169
1891319174408922880,？？？,104.981,1752554015,9bf10f9
1891378484157842432,《跳跳仙人》,89.584,1752561085,1047795
1891378823737112320,无名：静步最有用的一集，你最好睁着眼睡觉,125.073,1752561125,1047795
1891527340124195072,无名：你最好睁眼睡觉,117.742,1752578830,36a08a3c
1891668742073931520,来制造一点恐慌吧,169.815,1752595686,2d17918e
1891975208777701376,芥末味大白兔奶糖是真的有的。,109.045,1752632220,2258e670
1892147082623056640,背后行动,164.495,1752652709,323ee76
1893740397336296960,触发无名底层代码了,32.681,1752842647,5658a708
1893832001875021056,喝不完有惩罚，喝完了有奖励,38.717,1752853567,6e54addb
1894526045966266112,无名：来制造一点恐慌吧,163.219,1752936303,ee05232b
1894646046588558848,是关山难越,34.688,1752950609,70f90bd6
1895843250469317120,666川剧,142.441,1753093326,3c734571
1896061237750720768,那一天的混乱，浓郁起来～,171.988,1753119313,b55bbcd8
1896804964462970880,神秘偷肉男,153.806,1753207972,44baab6b
1897353393585157376,《不是啥子大事》,8.819,1753273350,5ce4ca7a
1897353531351096832,无名不是喝红酒吗？,20.045,1753273366,5ce4ca7a
1897353789712054272,《会跳的饮料》,43.083,1753273397,5ce4ca7a
1897353926605278976,666无名是关山难越,54.238,1753273413,5ce4ca7a
1901051177051852032,威龙不会察觉,169.232,1753714160,940401ae
1901304994142340352,《钢铁是怎样炼成的》,143.621,1753744417,ebb88f7b
1903816890800321536,无名：我没说过，勿Q,87.221,1754043858,ee80e670
1905370781648178944,可能是老黑放的,124.984,1754229097,6ef0ca63
1909588362650821376,估计应该是被法棍敲脑袋。,0.47,1754731872,f57be5f6
1910116164378920960,无名：来制造一点幽默吧,121.82,1754794790,2e124f90
1913047981583123968,龙，,41.245,1755144290,4c708b43
1913101390197120512,不忘初心,84.116,1755150657,ca84f3e0
1916057164729206016,惊夜,45.577,1755503013,b95421cf
1916981254860406528,你是指斧头帮小曲是广场大妈的广场舞音乐？,8.515,1755613173,15b2aab9
1917110797667085568,无名“威龙你最好睁着眼睡觉，不然小心我开静步跑你屋里……”,134.771,1755628616,640fbaab
1919185007369715456,前面的白字，那是佐娅才喜欢喝红酒，天名喜欢喝老太手磨的柠檬茶,25.9,1755875881,2817cc87
1921996028283245568,无名是真的吃东西没味道,142.782,1756210981,39b03e3e
1922104627454219264,威龙真的是跳跳糖仙人，整蛊逃不开跳跳糖,14.445,1756223927,4f66a4ea
1923475685612680704,脑机发力了,119.177,1756387369,1784c243
1934409001815353856,ooc了,163.316,1757690722,c3a4278e
1942319113213290752,666还是工地特供,35.125,1758633681,99859fb1
1995981983767048448,不忘初心 ……,91.09,1765030794,a6a6dede
1995982516301251840,你们知道半夜偷玩手机憋笑有多难吗 ！！！,128.13,1765030857,a6a6dede
1995991754876205312,火锅……配水？还是喝的 ……？！不对！！！,172.323,1765031959,a6a6dede
2014544507907553024,来点牢大（不是）,61.286,1767243619,8bb83855
2040257511252889856,这次真绷不住了,150.295,1770308848,96546eb0
2050097790818502400,还真是和跳跳糖过不去了,43.28,1771481901,3456b429
2052390266472244992,盲猜冰红茶,26.427,1771755185,2def753e
2052390586623469824,啊？,51.147,1771755223,2def753e
2052390655024228608,威龙你怎么学坏了,52.837,1771755231,2def753e
2052392225396500736,《相濡以沫》,143.276,1771755419,2def753e
2055887157784652800,《三角洲玩家真实状况》,2.016,1772172047,2def753e
2062432844215198464,跟无名演川剧（我要求的）,16.075,1772952354,2def753e
2083381933085730560,好凶弟,8.772,1775449680,90067119
2083625191132649216,活阎王,99.16,1775478678,4d9be8f9
,,0.0,1775683732.8000336,
lb.c,,0.0,1775683732.8000336,
,,0.0,1775683732.8000336,
1884508788238130432,666威龙跟骇爪学坏了会搞恶作剧了,49.738,1751742153,e97dbe94
1884746302143934976,CS威龙,109.71,1751770467,b4c92ee5
1885019019305275392,德丽莎狂喜,124.529,1751802978,2182fb16
1885067568742988544,四川威龙的辣椒酱没了,132.394,1751808765,1857d45d
1885067857596281856,神秘幽默静步男,158.017,1751808800,1857d45d
1885075515414135296,绷,129.546,1751809712,ad122b0e
1885117037672706816,爱名TV,120.716,1751814662,49f4b830
1885117922562088192,盲猜柠檬茶,17.454,1751814768,1789994a
1885147866151465984,柠檬茶！！！！,21.102,1751818337,afafa8e2
1885149318840291584,《特别调理》《惊喜》,36.412,1751818510,1caa2220
1885150134632459008,无名：真损啊,104.971,1751818608,1caa2220
1885150592859968512,无名：那也不看看是谁把我整成这样的,143.499,1751818662,1caa2220
1885172166757709568,什么味?,127.579,1751821234,a4b5b784
1885178939157683200,加了磁吸炸弹,47.761,1751822042,cd7519e9
1885187421919303168,前面那个让封的是我，我太难了,33.318,1751823053,f3b1aea1
1885231165942983936,太造孽了（狗头）,56.82,1751828267,4489afd7
1885251158378350592,不愧是威龙，啥都能干出来,102.539,1751830651,d495b102
1885251342701325824,不愧是好兄弟呀,107.299,1751830673,d495b102
1885341148764054528,我怎么听说跳跳糖是某科学家研发固体可乐过程中得出来的一个产品呢。（手动狗头）,89.893,1751841378,27835dea
1885344955925376256,绷不住了,105.554,1751841832,96222fda
1885354040393596672,威龙：小馋猫无名,91.598,1751842915,9d47d514
1885369251330665728,人家本来就不聪明 你还铁咩弄人家！给无名买脑机去！,108.091,1751844728,fe9706bf
1885369896716629248,你再看看你后面呢,163.458,1751844805,fe9706bf
1885374262576573952,来制造一点幽默吧,160.17,1751845326,ee1966c
1885393609793636352,1,16.537,1751847632,46419727
1885404208497801728,《金色树叶》,69.309,1751848896,368d5693
1885437154629904896,我就是玩无名的，这么一听，感觉无名又师又可爱,162.12,1751852823,39eab1d8
1885454201816485376,渡鸦：那一天的混乱，浓郁起来~,165.939,1751854855,768733cb
1885461910477156864,调成啥了,143.208,1751855774,96222fda
1885476833156781568,无名：威龙我拿那筷子,109.392,1751857553,f5304173
1885478156442639616,神秘静步男是个人物,110.632,1751857711,b7a3728f
1885496456325515520,跳跳茶？,43.246,1751859893,ba582539
1885561650866698240,怪不得要静步，原来是要捡牛肉干,158.916,1751867664,916feba2
1885600033421265920,无名：柠檬茶牛肉干无敌！,156.961,1751872240,64c86d81
1885642625302970624,把无名当哈夫克人整呢,153.922,1751877317,f7ddcd96
1885687466976551680,我还以为是广东特色凉茶呢,43.084,1751882663,620e12be
1885722251404560640,有没有一种可能无名真就以为这些东西原本就是这个味道,0.0,1751886809,b33d1423
1885729185000475904,这敲脑壳的声音怕是有点痛哦,3.734,1751887636,55335193
1885738369158437376,无名：静步最有用的一集，你最好睁着眼睡觉,114.211,1751888731,c7a4c4a2
1885745676483734016,《扑克face》,101.989,1751889602,c7faf1dc
1885755522620531200,省流：“叮～”,0.104,1751890776,18bf3e4
1885783000101224192,可乐加跳跳糖不变,85.792,1751894051,5e5471b0
1885812979049037056,1,24.363,1751897625,db71a115
1885820417378724352,666无名开大偷牛肉干,154.335,1751898512,7657d1ad
1885833193321004800,《锻炼意志力》,142.569,1751900035,f31a11ad
1885855271331828736,比如说…你想和无名演川剧？,7.176,1751902667,7f9831b9
1885855940717778688,东方树叶是吧,69.18,1751902746,7f9831b9
1885864818264079616,无名：来制造点恐慌吧,167.163,1751903805,97529dd8
1885890101016544768,来制造一点幽默吧,169.937,1751906819,650d52ee
1885938340823041792,逆天,109.06,1751912569,dd60a20d
1886093947899126528,自助餐经典配方，巨好喝，但别加果汁和奶茶,92.289,1751931119,562c86a7
1886126130256789504,上次我问威龙如果我喜欢上他姝姝了怎么办，他说要拿虎蹲炮送我上天(,62.173,1751934955,d085bec1
1886318226074914816,无名已经被调成这样了吗？,149.139,1751957855,a5f0c676
1886327121052936960,无名：“大招一开对面都开始跳舞了”,12.291,1751958915,9d971b89
1886352037928004352,咚,0.347,1751961886,a851ca0a
1886441269715465472,《胃口不小嘛》,89.695,1751972523,e593abe
1886442487329869312,苦瓜味巧克力？！,125.435,1751972668,e593abe
1886442933167885568,《高冷个串串,153.973,1751972721,e593abe
1886479856825596160,无名：本来就有点阴郁，现在感觉更阴郁,65.847,1751977123,5ba11e6d
1886487656486546688,威龙对跳跳糖是有什么执念吗,84.445,1751978053,2fdfb164
1886643291387826688,104人初恋吧,58.297,1751996606,4809b077
1886668239568916992,666神秘静步男开大捡牛肉干,159.672,1751999580,e5bc74d4
1886680858878931200,不忘初心,96.698,1752001084,9ba4157f
1886853557693644288,听完之后的无名:滚出我的脑子！,8.004,1752021672,48b15f27
1886889363133327104,德丽莎,125.211,1752025940,8443a794
1886924497794331136,开大招偷是吧？,155.163,1752030128,d530ce4d
1886936111076027648,牛油火锅！,39.31,1752031513,c1239d75
1886980074016700160,神秘踮脚男,159.002,1752036754,b0bd56b6
1887031803869962496,辣椒酱，不愧是川川川川出身的,129.183,1752042920,6dde2dcd
1887032082439092736,牢龙就是川川川川人，演这个正合适,135.673,1752042953,6dde2dcd
1887254415438602240,德丽莎：不吃给我，我爱吃,127.717,1752069458,1968c70a
1887286242388061952,《不是大事》,8.773,1752073252,213dfde7
1887289681549234944,唉！（跟我的黑海说去吧）,10.32,1752073662,f8e5ed6
1887382148748100352,不应该是法棍吗？,175.868,1752084685,311c5942
1887409916340849664,他可能没吃过那些零食 以为那就是原本的味道,110.712,1752087995,c443d7b0
1887411513632381184,6,143.279,1752088185,7a67fa55
1887463295728883712,？我的大少爷啊……,157.839,1752094358,b129c443
1887569151884078592,省流:被无名用扳手敲脑壳了,0.974,1752106977,daf1e5e6
1887632534779928064,他还是爱他的跳跳糖,95.514,1752114533,df6e64c0
1887675439565624576,无名与威龙的神秘暗号,60.432,1752119648,e3b1ab8e
1887686090824188672,可乐加跳跳糖？,85.2,1752120917,3afcf836
1887715059791809536,666跳跳龙,86.38,1752124371,c0a78260
1887759062150756352,“他们不会察觉…”,163.294,1752129616,2be00ace
1887808995096726272,无名：我谢谢你小子,142.788,1752135569,aead78d2
1888340849721821440,黄金树叶是吧？,61.19,1752198971,85ebdbb4
1888407052918072832,《跳跳仙人》,84.786,1752206863,979b1b98
1888407143573790208,《活阎王》,94.267,1752206873,979b1b98
1888466345394797056,关山南越还我柠檬茶！,27.734,1752213931,384eee64
1888701512067477760,666,95.766,1752241965,91e528ed
1888809260625189632,半夜十二点巡逻的：我记得那是厕所吧？咋还亮着灯呢？,97.566,1752254810,e18f407f
1889021045278083072,来自四川人的红温,130.455,1752280056,2084ad83
1890030413032766976,刚才的话是不是无名说的？,21.152,1752400382,bfe58c2e
1890607577834799360,给娃调成啥了,148.478,1752469186,58328213
1891245365513257984,可怜（指家产上亿）,60.111,1752545216,21fe169
1891319174408922880,？？？,104.981,1752554015,9bf10f9
1891378484157842432,《跳跳仙人》,89.584,1752561085,1047795
1891378823737112320,无名：静步最有用的一集，你最好睁着眼睡觉,125.073,1752561125,1047795
1891527340124195072,无名：你最好睁眼睡觉,117.742,1752578830,36a08a3c
1891668742073931520,来制造一点恐慌吧,169.815,1752595686,2d17918e
1891975208777701376,芥末味大白兔奶糖是真的有的。,109.045,1752632220,2258e670
1892147082623056640,背后行动,164.495,1752652709,323ee76
1893740397336296960,触发无名底层代码了,32.681,1752842647,5658a708
1893832001875021056,喝不完有惩罚，喝完了有奖励,38.717,1752853567,6e54addb
1894526045966266112,无名：来制造一点恐慌吧,163.219,1752936303,ee05232b
1894646046588558848,是关山难越,34.688,1752950609,70f90bd6
1895843250469317120,666川剧,142.441,1753093326,3c734571
1896061237750720768,那一天的混乱，浓郁起来～,171.988,1753119313,b55bbcd8
1896804964462970880,神秘偷肉男,153.806,1753207972,44baab6b
1897353393585157376,《不是啥子大事》,8.819,1753273350,5ce4ca7a
1897353531351096832,无名不是喝红酒吗？,20.045,1753273366,5ce4ca7a
1897353789712054272,《会跳的饮料》,43.083,1753273397,5ce4ca7a
1897353926605278976,666无名是关山难越,54.238,1753273413,5ce4ca7a
1901051177051852032,威龙不会察觉,169.232,1753714160,940401ae
1901304994142340352,《钢铁是怎样炼成的》,143.621,1753744417,ebb88f7b
1903816890800321536,无名：我没说过，勿Q,87.221,1754043858,ee80e670
1905370781648178944,可能是老黑放的,124.984,1754229097,6ef0ca63
1909588362650821376,估计应该是被法棍敲脑袋。,0.47,1754731872,f57be5f6
1910116164378920960,无名：来制造一点幽默吧,121.82,1754794790,2e124f90
1913047981583123968,龙，,41.245,1755144290,4c708b43
1913101390197120512,不忘初心,84.116,1755150657,ca84f3e0
1916057164729206016,惊夜,45.577,1755503013,b95421cf
1916981254860406528,你是指斧头帮小曲是广场大妈的广场舞音乐？,8.515,1755613173,15b2aab9
1917110797667085568,无名“威龙你最好睁着眼睡觉，不然小心我开静步跑你屋里……”,134.771,1755628616,640fbaab
1919185007369715456,前面的白字，那是佐娅才喜欢喝红酒，天名喜欢喝老太手磨的柠檬茶,25.9,1755875881,2817cc87
1921996028283245568,无名是真的吃东西没味道,142.782,1756210981,39b03e3e
1922104627454219264,威龙真的是跳跳糖仙人，整蛊逃不开跳跳糖,14.445,1756223927,4f66a4ea
1923475685612680704,脑机发力了,119.177,1756387369,1784c243
1934409001815353856,ooc了,163.316,1757690722,c3a4278e
1942319113213290752,666还是工地特供,35.125,1758633681,99859fb1
1995981983767048448,不忘初心 ……,91.09,1765030794,a6a6dede
1995982516301251840,你们知道半夜偷玩手机憋笑有多难吗 ！！！,128.13,1765030857,a6a6dede
1995991754876205312,火锅……配水？还是喝的 ……？！不对！！！,172.323,1765031959,a6a6dede
2014544507907553024,来点牢大（不是）,61.286,1767243619,8bb83855
2040257511252889856,这次真绷不住了,150.295,1770308848,96546eb0
2050097790818502400,还真是和跳跳糖过不去了,43.28,1771481901,3456b429
2052390266472244992,盲猜冰红茶,26.427,1771755185,2def753e
2052390586623469824,啊？,51.147,1771755223,2def753e
2052390655024228608,威龙你怎么学坏了,52.837,1771755231,2def753e
2052392225396500736,《相濡以沫》,143.276,1771755419,2def753e
2055887157784652800,《三角洲玩家真实状况》,2.016,1772172047,2def753e
2062432844215198464,跟无名演川剧（我要求的）,16.075,1772952354,2def753e
2083381933085730560,好凶弟,8.772,1775449680,90067119
2083625191132649216,活阎王,99.16,1775478678,4d9be8f9
,,0.0,1775683732.8000336,
lb.c,,0.0,1775683732.8000336,
,,0.0,1775683732.8000336,
1884508788238130432,666威龙跟骇爪学坏了会搞恶作剧了,49.738,1751742153,e97dbe94
1884746302143934976,CS威龙,109.71,1751770467,b4c92ee5
1885019019305275392,德丽莎狂喜,124.529,1751802978,2182fb16
1885067568742988544,四川威龙的辣椒酱没了,132.394,1751808765,1857d45d
1885067857596281856,神秘幽默静步男,158.017,1751808800,1857d45d
1885075515414135296,绷,129.546,1751809712,ad122b0e
1885117037672706816,爱名TV,120.716,1751814662,49f4b830
1885117922562088192,盲猜柠檬茶,17.454,1751814768,1789994a
1885147866151465984,柠檬茶！！！！,21.102,1751818337,afafa8e2
1885149318840291584,《特别调理》《惊喜》,36.412,1751818510,1caa2220
1885150134632459008,无名：真损啊,104.971,1751818608,1caa2220
1885150592859968512,无名：那也不看看是谁把我整成这样的,143.499,1751818662,1caa2220
1885172166757709568,什么味?,127.579,1751821234,a4b5b784
1885178939157683200,加了磁吸炸弹,47.761,1751822042,cd7519e9
1885187421919303168,前面那个让封的是我，我太难了,33.318,1751823053,f3b1aea1
1885231165942983936,太造孽了（狗头）,56.82,1751828267,4489afd7
1885251158378350592,不愧是威龙，啥都能干出来,102.539,1751830651,d495b102
1885251342701325824,不愧是好兄弟呀,107.299,1751830673,d495b102
1885341148764054528,我怎么听说跳跳糖是某科学家研发固体可乐过程中得出来的一个产品呢。（手动狗头）,89.893,1751841378,27835dea
1885344955925376256,绷不住了,105.554,1751841832,96222fda
1885354040393596672,威龙：小馋猫无名,91.598,1751842915,9d47d514
1885369251330665728,人家本来就不聪明 你还铁咩弄人家！给无名买脑机去！,108.091,1751844728,fe9706bf
1885369896716629248,你再看看你后面呢,163.458,1751844805,fe9706bf
1885374262576573952,来制造一点幽默吧,160.17,1751845326,ee1966c
1885393609793636352,1,16.537,1751847632,46419727
1885404208497801728,《金色树叶》,69.309,1751848896,368d5693
1885437154629904896,我就是玩无名的，这么一听，感觉无名又师又可爱,162.12,1751852823,39eab1d8
1885454201816485376,渡鸦：那一天的混乱，浓郁起来~,165.939,1751854855,768733cb
1885461910477156864,调成啥了,143.208,1751855774,96222fda
1885476833156781568,无名：威龙我拿那筷子,109.392,1751857553,f5304173
1885478156442639616,神秘静步男是个人物,110.632,1751857711,b7a3728f
1885496456325515520,跳跳茶？,43.246,1751859893,ba582539
1885561650866698240,怪不得要静步，原来是要捡牛肉干,158.916,1751867664,916feba2
1885600033421265920,无名：柠檬茶牛肉干无敌！,156.961,1751872240,64c86d81
1885642625302970624,把无名当哈夫克人整呢,153.922,1751877317,f7ddcd96
1885687466976551680,我还以为是广东特色凉茶呢,43.084,1751882663,620e12be
1885722251404560640,有没有一种可能无名真就以为这些东西原本就是这个味道,0.0,1751886809,b33d1423
1885729185000475904,这敲脑壳的声音怕是有点痛哦,3.734,1751887636,55335193
1885738369158437376,无名：静步最有用的一集，你最好睁着眼睡觉,114.211,1751888731,c7a4c4a2
1885745676483734016,《扑克face》,101.989,1751889602,c7faf1dc
1885755522620531200,省流：“叮～”,0.104,1751890776,18bf3e4
1885783000101224192,可乐加跳跳糖不变,85.792,1751894051,5e5471b0
1885812979049037056,1,24.363,1751897625,db71a115
1885820417378724352,666无名开大偷牛肉干,154.335,1751898512,7657d1ad
1885833193321004800,《锻炼意志力》,142.569,1751900035,f31a11ad
1885855271331828736,比如说…你想和无名演川剧？,7.176,1751902667,7f9831b9
1885855940717778688,东方树叶是吧,69.18,1751902746,7f9831b9
1885864818264079616,无名：来制造点恐慌吧,167.163,1751903805,97529dd8
1885890101016544768,来制造一点幽默吧,169.937,1751906819,650d52ee
1885938340823041792,逆天,109.06,1751912569,dd60a20d
1886093947899126528,自助餐经典配方，巨好喝，但别加果汁和奶茶,92.289,1751931119,562c86a7
1886126130256789504,上次我问威龙如果我喜欢上他姝姝了怎么办，他说要拿虎蹲炮送我上天(,62.173,1751934955,d085bec1
1886318226074914816,无名已经被调成这样了吗？,149.139,1751957855,a5f0c676
1886327121052936960,无名：“大招一开对面都开始跳舞了”,12.291,1751958915,9d971b89
1886352037928004352,咚,0.347,1751961886,a851ca0a
1886441269715465472,《胃口不小嘛》,89.695,1751972523,e593abe
1886442487329869312,苦瓜味巧克力？！,125.435,1751972668,e593abe
1886442933167885568,《高冷个串串,153.973,1751972721,e593abe
1886479856825596160,无名：本来就有点阴郁，现在感觉更阴郁,65.847,1751977123,5ba11e6d
1886487656486546688,威龙对跳跳糖是有什么执念吗,84.445,1751978053,2fdfb164
1886643291387826688,104人初恋吧,58.297,1751996606,4809b077
1886668239568916992,666神秘静步男开大捡牛肉干,159.672,1751999580,e5bc74d4
1886680858878931200,不忘初心,96.698,1752001084,9ba4157f
1886853557693644288,听完之后的无名:滚出我的脑子！,8.004,1752021672,48b15f27
1886889363133327104,德丽莎,125.211,1752025940,8443a794
1886924497794331136,开大招偷是吧？,155.163,1752030128,d530ce4d
1886936111076027648,牛油火锅！,39.31,1752031513,c1239d75
1886980074016700160,神秘踮脚男,159.002,1752036754,b0bd56b6
1887031803869962496,辣椒酱，不愧是川川川川出身的,129.183,1752042920,6dde2dcd
1887032082439092736,牢龙就是川川川川人，演这个正合适,135.673,1752042953,6dde2dcd
1887254415438602240,德丽莎：不吃给我，我爱吃,127.717,1752069458,1968c70a
1887286242388061952,《不是大事》,8.773,1752073252,213dfde7
1887289681549234944,唉！（跟我的黑海说去吧）,10.32,1752073662,f8e5ed6
1887382148748100352,不应该是法棍吗？,175.868,1752084685,311c5942
1887409916340849664,他可能没吃过那些零食 以为那就是原本的味道,110.712,1752087995,c443d7b0
1887411513632381184,6,143.279,1752088185,7a67fa55
1887463295728883712,？我的大少爷啊……,157.839,1752094358,b129c443
1887569151884078592,省流:被无名用扳手敲脑壳了,0.974,1752106977,daf1e5e6
1887632534779928064,他还是爱他的跳跳糖,95.514,1752114533,df6e64c0
1887675439565624576,无名与威龙的神秘暗号,60.432,1752119648,e3b1ab8e
1887686090824188672,可乐加跳跳糖？,85.2,1752120917,3afcf836
1887715059791809536,666跳跳龙,86.38,1752124371,c0a78260
1887759062150756352,“他们不会察觉…”,163.294,1752129616,2be00ace
1887808995096726272,无名：我谢谢你小子,142.788,1752135569,aead78d2
1888340849721821440,黄金树叶是吧？,61.19,1752198971,85ebdbb4
1888407052918072832,《跳跳仙人》,84.786,1752206863,979b1b98
1888407143573790208,《活阎王》,94.267,1752206873,979b1b98
1888466345394797056,关山南越还我柠檬茶！,27.734,1752213931,384eee64
1888701512067477760,666,95.766,1752241965,91e528ed
1888809260625189632,半夜十二点巡逻的：我记得那是厕所吧？咋还亮着灯呢？,97.566,1752254810,e18f407f
1889021045278083072,来自四川人的红温,130.455,1752280056,2084ad83
1890030413032766976,刚才的话是不是无名说的？,21.152,1752400382,bfe58c2e
1890607577834799360,给娃调成啥了,148.478,1752469186,58328213
1891245365513257984,可怜（指家产上亿）,60.111,1752545216,21fe169
1891319174408922880,？？？,104.981,1752554015,9bf10f9
1891378484157842432,《跳跳仙人》,89.584,1752561085,1047795
1891378823737112320,无名：静步最有用的一集，你最好睁着眼睡觉,125.073,1752561125,1047795
1891527340124195072,无名：你最好睁眼睡觉,117.742,1752578830,36a08a3c
1891668742073931520,来制造一点恐慌吧,169.815,1752595686,2d17918e
1891975208777701376,芥末味大白兔奶糖是真的有的。,109.045,1752632220,2258e670
1892147082623056640,背后行动,164.495,1752652709,323ee76
1893740397336296960,触发无名底层代码了,32.681,1752842647,5658a708
1893832001875021056,喝不完有惩罚，喝完了有奖励,38.717,1752853567,6e54addb
1894526045966266112,无名：来制造一点恐慌吧,163.219,1752936303,ee05232b
1894646046588558848,是关山难越,34.688,1752950609,70f90bd6
1895843250469317120,666川剧,142.441,1753093326,3c734571
1896061237750720768,那一天的混乱，浓郁起来～,171.988,1753119313,b55bbcd8
1896804964462970880,神秘偷肉男,153.806,1753207972,44baab6b
1897353393585157376,《不是啥子大事》,8.819,1753273350,5ce4ca7a
1897353531351096832,无名不是喝红酒吗？,20.045,1753273366,5ce4ca7a
1897353789712054272,《会跳的饮料》,43.083,1753273397,5ce4ca7a
1897353926605278976,666无名是关山难越,54.238,1753273413,5ce4ca7a
1901051177051852032,威龙不会察觉,169.232,1753714160,940401ae
1901304994142340352,《钢铁是怎样炼成的》,143.621,1753744417,ebb88f7b
1903816890800321536,无名：我没说过，勿Q,87.221,1754043858,ee80e670
1905370781648178944,可能是老黑放的,124.984,1754229097,6ef0ca63
1909588362650821376,估计应该是被法棍敲脑袋。,0.47,1754731872,f57be5f6
1910116164378920960,无名：来制造一点幽默吧,121.82,1754794790,2e124f90
1913047981583123968,龙，,41.245,1755144290,4c708b43
1913101390197120512,不忘初心,84.116,1755150657,ca84f3e0
1916057164729206016,惊夜,45.577,1755503013,b95421cf
1916981254860406528,你是指斧头帮小曲是广场大妈的广场舞音乐？,8.515,1755613173,15b2aab9
1917110797667085568,无名“威龙你最好睁着眼睡觉，不然小心我开静步跑你屋里……”,134.771,1755628616,640fbaab
1919185007369715456,前面的白字，那是佐娅才喜欢喝红酒，天名喜欢喝老太手磨的柠檬茶,25.9,1755875881,2817cc87
1921996028283245568,无名是真的吃东西没味道,142.782,1756210981,39b03e3e
1922104627454219264,威龙真的是跳跳糖仙人，整蛊逃不开跳跳糖,14.445,1756223927,4f66a4ea
1923475685612680704,脑机发力了,119.177,1756387369,1784c243
1934409001815353856,ooc了,163.316,1757690722,c3a4278e
1942319113213290752,666还是工地特供,35.125,1758633681,99859fb1
1995981983767048448,不忘初心 ……,91.09,1765030794,a6a6dede
1995982516301251840,你们知道半夜偷玩手机憋笑有多难吗 ！！！,128.13,1765030857,a6a6dede
1995991754876205312,火锅……配水？还是喝的 ……？！不对！！！,172.323,1765031959,a6a6dede
2014544507907553024,来点牢大（不是）,61.286,1767243619,8bb83855
2040257511252889856,这次真绷不住了,150.295,1770308848,96546eb0
2050097790818502400,还真是和跳跳糖过不去了,43.28,1771481901,3456b429
2052390266472244992,盲猜冰红茶,26.427,1771755185,2def753e
2052390586623469824,啊？,51.147,1771755223,2def753e
2052390655024228608,威龙你怎么学坏了,52.837,1771755231,2def753e
2052392225396500736,《相濡以沫》,143.276,1771755419,2def753e
2055887157784652800,《三角洲玩家真实状况》,2.016,1772172047,2def753e
2062432844215198464,跟无名演川剧（我要求的）,16.075,1772952354,2def753e
2083381933085730560,好凶弟,8.772,1775449680,90067119
2083625191132649216,活阎王,99.16,1775478678,4d9be8f9
,,0.0,1775683732.8000336,
lb.c,,0.0,1775683732.8000336,
,,0.0,1775683732.8000336,
1884508788238130432,666威龙跟骇爪学坏了会搞恶作剧了,49.738,1751742153,e97dbe94
1884746302143934976,CS威龙,109.71,1751770467,b4c92ee5
1885019019305275392,德丽莎狂喜,124.529,1751802978,2182fb16
1885067568742988544,四川威龙的辣椒酱没了,132.394,1751808765,1857d45d
1885067857596281856,神秘幽默静步男,158.017,1751808800,1857d45d
1885075515414135296,绷,129.546,1751809712,ad122b0e
1885117037672706816,爱名TV,120.716,1751814662,49f4b830
1885117922562088192,盲猜柠檬茶,17.454,1751814768,1789994a
1885147866151465984,柠檬茶！！！！,21.102,1751818337,afafa8e2
1885149318840291584,《特别调理》《惊喜》,36.412,1751818510,1caa2220
1885150134632459008,无名：真损啊,104.971,1751818608,1caa2220
1885150592859968512,无名：那也不看看是谁把我整成这样的,143.499,1751818662,1caa2220
1885172166757709568,什么味?,127.579,1751821234,a4b5b784
1885178939157683200,加了磁吸炸弹,47.761,1751822042,cd7519e9
1885187421919303168,前面那个让封的是我，我太难了,33.318,1751823053,f3b1aea1
1885231165942983936,太造孽了（狗头）,56.82,1751828267,4489afd7
1885251158378350592,不愧是威龙，啥都能干出来,102.539,1751830651,d495b102
1885251342701325824,不愧是好兄弟呀,107.299,1751830673,d495b102
1885341148764054528,我怎么听说跳跳糖是某科学家研发固体可乐过程中得出来的一个产品呢。（手动狗头）,89.893,1751841378,27835dea
1885344955925376256,绷不住了,105.554,1751841832,96222fda
1885354040393596672,威龙：小馋猫无名,91.598,1751842915,9d47d514
1885369251330665728,人家本来就不聪明 你还铁咩弄人家！给无名买脑机去！,108.091,1751844728,fe9706bf
1885369896716629248,你再看看你后面呢,163.458,1751844805,fe9706bf
1885374262576573952,来制造一点幽默吧,160.17,1751845326,ee1966c
1885393609793636352,1,16.537,1751847632,46419727
1885404208497801728,《金色树叶》,69.309,1751848896,368d5693
1885437154629904896,我就是玩无名的，这么一听，感觉无名又师又可爱,162.12,1751852823,39eab1d8
1885454201816485376,渡鸦：那一天的混乱，浓郁起来~,165.939,1751854855,768733cb
1885461910477156864,调成啥了,143.208,1751855774,96222fda
1885476833156781568,无名：威龙我拿那筷子,109.392,1751857553,f5304173
1885478156442639616,神秘静步男是个人物,110.632,1751857711,b7a3728f
1885496456325515520,跳跳茶？,43.246,1751859893,ba582539
1885561650866698240,怪不得要静步，原来是要捡牛肉干,158.916,1751867664,916feba2
1885600033421265920,无名：柠檬茶牛肉干无敌！,156.961,1751872240,64c86d81
1885642625302970624,把无名当哈夫克人整呢,153.922,1751877317,f7ddcd96
1885687466976551680,我还以为是广东特色凉茶呢,43.084,1751882663,620e12be
1885722251404560640,有没有一种可能无名真就以为这些东西原本就是这个味道,0.0,1751886809,b33d1423
1885729185000475904,这敲脑壳的声音怕是有点痛哦,3.734,1751887636,55335193
1885738369158437376,无名：静步最有用的一集，你最好睁着眼睡觉,114.211,1751888731,c7a4c4a2
1885745676483734016,《扑克face》,101.989,1751889602,c7faf1dc
1885755522620531200,省流：“叮～”,0.104,1751890776,18bf3e4
1885783000101224192,可乐加跳跳糖不变,85.792,1751894051,5e5471b0
1885812979049037056,1,24.363,1751897625,db71a115
1885820417378724352,666无名开大偷牛肉干,154.335,1751898512,7657d1ad
1885833193321004800,《锻炼意志力》,142.569,1751900035,f31a11ad
1885855271331828736,比如说…你想和无名演川剧？,7.176,1751902667,7f9831b9
1885855940717778688,东方树叶是吧,69.18,1751902746,7f9831b9
1885864818264079616,无名：来制造点恐慌吧,167.163,1751903805,97529dd8
1885890101016544768,来制造一点幽默吧,169.937,1751906819,650d52ee
1885938340823041792,逆天,109.06,1751912569,dd60a20d
1886093947899126528,自助餐经典配方，巨好喝，但别加果汁和奶茶,92.289,1751931119,562c86a7
1886126130256789504,上次我问威龙如果我喜欢上他姝姝了怎么办，他说要拿虎蹲炮送我上天(,62.173,1751934955,d085bec1
1886318226074914816,无名已经被调成这样了吗？,149.139,1751957855,a5f0c676
1886327121052936960,无名：“大招一开对面都开始跳舞了”,12.291,1751958915,9d971b89
1886352037928004352,咚,0.347,1751961886,a851ca0a
1886441269715465472,《胃口不小嘛》,89.695,1751972523,e593abe
1886442487329869312,苦瓜味巧克力？！,125.435,1751972668,e593abe
1886442933167885568,《高冷个串串,153.973,1751972721,e593abe
1886479856825596160,无名：本来就有点阴郁，现在感觉更阴郁,65.847,1751977123,5ba11e6d
1886487656486546688,威龙对跳跳糖是有什么执念吗,84.445,1751978053,2fdfb164
1886643291387826688,104人初恋吧,58.297,1751996606,4809b077
1886668239568916992,666神秘静步男开大捡牛肉干,159.672,1751999580,e5bc74d4
1886680858878931200,不忘初心,96.698,1752001084,9ba4157f
1886853557693644288,听完之后的无名:滚出我的脑子！,8.004,1752021672,48b15f27
1886889363133327104,德丽莎,125.211,1752025940,8443a794
1886924497794331136,开大招偷是吧？,155.163,1752030128,d530ce4d
1886936111076027648,牛油火锅！,39.31,1752031513,c1239d75
1886980074016700160,神秘踮脚男,159.002,1752036754,b0bd56b6
1887031803869962496,辣椒酱，不愧是川川川川出身的,129.183,1752042920,6dde2dcd
1887032082439092736,牢龙就是川川川川人，演这个正合适,135.673,1752042953,6dde2dcd
1887254415438602240,德丽莎：不吃给我，我爱吃,127.717,1752069458,1968c70a
1887286242388061952,《不是大事》,8.773,1752073252,213dfde7
1887289681549234944,唉！（跟我的黑海说去吧）,10.32,1752073662,f8e5ed6
1887382148748100352,不应该是法棍吗？,175.868,1752084685,311c5942
1887409916340849664,他可能没吃过那些零食 以为那就是原本的味道,110.712,1752087995,c443d7b0
1887411513632381184,6,143.279,1752088185,7a67fa55
1887463295728883712,？我的大少爷啊……,157.839,1752094358,b129c443
1887569151884078592,省流:被无名用扳手敲脑壳了,0.974,1752106977,daf1e5e6
1887632534779928064,他还是爱他的跳跳糖,95.514,1752114533,df6e64c0
1887675439565624576,无名与威龙的神秘暗号,60.432,1752119648,e3b1ab8e
1887686090824188672,可乐加跳跳糖？,85.2,1752120917,3afcf836
1887715059791809536,666跳跳龙,86.38,1752124371,c0a78260
1887759062150756352,“他们不会察觉…”,163.294,1752129616,2be00ace
1887808995096726272,无名：我谢谢你小子,142.788,1752135569,aead78d2
1888340849721821440,黄金树叶是吧？,61.19,1752198971,85ebdbb4
1888407052918072832,《跳跳仙人》,84.786,1752206863,979b1b98
1888407143573790208,《活阎王》,94.267,1752206873,979b1b98
1888466345394797056,关山南越还我柠檬茶！,27.734,1752213931,384eee64
1888701512067477760,666,95.766,1752241965,91e528ed
1888809260625189632,半夜十二点巡逻的：我记得那是厕所吧？咋还亮着灯呢？,97.566,1752254810,e18f407f
1889021045278083072,来自四川人的红温,130.455,1752280056,2084ad83
1890030413032766976,刚才的话是不是无名说的？,21.152,1752400382,bfe58c2e
1890607577834799360,给娃调成啥了,148.478,1752469186,58328213
1891245365513257984,可怜（指家产上亿）,60.111,1752545216,21fe169
1891319174408922880,？？？,104.981,1752554015,9bf10f9
1891378484157842432,《跳跳仙人》,89.584,1752561085,1047795
1891378823737112320,无名：静步最有用的一集，你最好睁着眼睡觉,125.073,1752561125,1047795
1891527340124195072,无名：你最好睁眼睡觉,117.742,1752578830,36a08a3c
1891668742073931520,来制造一点恐慌吧,169.815,1752595686,2d17918e
1891975208777701376,芥末味大白兔奶糖是真的有的。,109.045,1752632220,2258e670
1892147082623056640,背后行动,164.495,1752652709,323ee76
1893740397336296960,触发无名底层代码了,32.681,1752842647,5658a708
1893832001875021056,喝不完有惩罚，喝完了有奖励,38.717,1752853567,6e54addb
1894526045966266112,无名：来制造一点恐慌吧,163.219,1752936303,ee05232b
1894646046588558848,是关山难越,34.688,1752950609,70f90bd6
1895843250469317120,666川剧,142.441,1753093326,3c734571
1896061237750720768,那一天的混乱，浓郁起来～,171.988,1753119313,b55bbcd8
1896804964462970880,神秘偷肉男,153.806,1753207972,44baab6b
1897353393585157376,《不是啥子大事》,8.819,1753273350,5ce4ca7a
1897353531351096832,无名不是喝红酒吗？,20.045,1753273366,5ce4ca7a
1897353789712054272,《会跳的饮料》,43.083,1753273397,5ce4ca7a
1897353926605278976,666无名是关山难越,54.238,1753273413,5ce4ca7a
1901051177051852032,威龙不会察觉,169.232,1753714160,940401ae
1901304994142340352,《钢铁是怎样炼成的》,143.621,1753744417,ebb88f7b
1903816890800321536,无名：我没说过，勿Q,87.221,1754043858,ee80e670
1905370781648178944,可能是老黑放的,124.984,1754229097,6ef0ca63
1909588362650821376,估计应该是被法棍敲脑袋。,0.47,1754731872,f57be5f6
1910116164378920960,无名：来制造一点幽默吧,121.82,1754794790,2e124f90
1913047981583123968,龙，,41.245,1755144290,4c708b43
1913101390197120512,不忘初心,84.116,1755150657,ca84f3e0
1916057164729206016,惊夜,45.577,1755503013,b95421cf
1916981254860406528,你是指斧头帮小曲是广场大妈的广场舞音乐？,8.515,1755613173,15b2aab9
1917110797667085568,无名“威龙你最好睁着眼睡觉，不然小心我开静步跑你屋里……”,134.771,1755628616,640fbaab
1919185007369715456,前面的白字，那是佐娅才喜欢喝红酒，天名喜欢喝老太手磨的柠檬茶,25.9,1755875881,2817cc87
1921996028283245568,无名是真的吃东西没味道,142.782,1756210981,39b03e3e
1922104627454219264,威龙真的是跳跳糖仙人，整蛊逃不开跳跳糖,14.445,1756223927,4f66a4ea
1923475685612680704,脑机发力了,119.177,1756387369,1784c243
1934409001815353856,ooc了,163.316,1757690722,c3a4278e
1942319113213290752,666还是工地特供,35.125,1758633681,99859fb1
1995981983767048448,不忘初心 ……,91.09,1765030794,a6a6dede
1995982516301251840,你们知道半夜偷玩手机憋笑有多难吗 ！！！,128.13,1765030857,a6a6dede
1995991754876205312,火锅……配水？还是喝的 ……？！不对！！！,172.323,1765031959,a6a6dede
2014544507907553024,来点牢大（不是）,61.286,1767243619,8bb83855
2040257511252889856,这次真绷不住了,150.295,1770308848,96546eb0
2050097790818502400,还真是和跳跳糖过不去了,43.28,1771481901,3456b429
2052390266472244992,盲猜冰红茶,26.427,1771755185,2def753e
2052390586623469824,啊？,51.147,1771755223,2def753e
2052390655024228608,威龙你怎么学坏了,52.837,1771755231,2def753e
2052392225396500736,《相濡以沫》,143.276,1771755419,2def753e
2055887157784652800,《三角洲玩家真实状况》,2.016,1772172047,2def753e
2062432844215198464,跟无名演川剧（我要求的）,16.075,1772952354,2def753e
2083381933085730560,好凶弟,8.772,1775449680,90067119
2083625191132649216,活阎王,99.16,1775478678,4d9be8f9
,,0.0,1775683732.8000336,
lb.c,,0.0,1775683732.8000336,
,,0.0,1775683732.8000336,
1884508788238130432,666威龙跟骇爪学坏了会搞恶作剧了,49.738,1751742153,e97dbe94
1884746302143934976,CS威龙,109.71,1751770467,b4c92ee5
1885019019305275392,德丽莎狂喜,124.529,1751802978,2182fb16
1885067568742988544,四川威龙的辣椒酱没了,132.394,1751808765,1857d45d
1885067857596281856,神秘幽默静步男,158.017,1751808800,1857d45d
1885075515414135296,绷,129.546,1751809712,ad122b0e
1885117037672706816,爱名TV,120.716,1751814662,49f4b830
1885117922562088192,盲猜柠檬茶,17.454,1751814768,1789994a
1885147866151465984,柠檬茶！！！！,21.102,1751818337,afafa8e2
1885149318840291584,《特别调理》《惊喜》,36.412,1751818510,1caa2220
1885150134632459008,无名：真损啊,104.971,1751818608,1caa2220
1885150592859968512,无名：那也不看看是谁把我整成这样的,143.499,1751818662,1caa2220
1885172166757709568,什么味?,127.579,1751821234,a4b5b784
1885178939157683200,加了磁吸炸弹,47.761,1751822042,cd7519e9
1885187421919303168,前面那个让封的是我，我太难了,33.318,1751823053,f3b1aea1
1885231165942983936,太造孽了（狗头）,56.82,1751828267,4489afd7
1885251158378350592,不愧是威龙，啥都能干出来,102.539,1751830651,d495b102
1885251342701325824,不愧是好兄弟呀,107.299,1751830673,d495b102
1885341148764054528,我怎么听说跳跳糖是某科学家研发固体可乐过程中得出来的一个产品呢。（手动狗头）,89.893,1751841378,27835dea
1885344955925376256,绷不住了,105.554,1751841832,96222fda
1885354040393596672,威龙：小馋猫无名,91.598,1751842915,9d47d514
1885369251330665728,人家本来就不聪明 你还铁咩弄人家！给无名买脑机去！,108.091,1751844728,fe9706bf
1885369896716629248,你再看看你后面呢,163.458,1751844805,fe9706bf
1885374262576573952,来制造一点幽默吧,160.17,1751845326,ee1966c
1885393609793636352,1,16.537,1751847632,46419727
1885404208497801728,《金色树叶》,69.309,1751848896,368d5693
1885437154629904896,我就是玩无名的，这么一听，感觉无名又师又可爱,162.12,1751852823,39eab1d8
1885454201816485376,渡鸦：那一天的混乱，浓郁起来~,165.939,1751854855,768733cb
1885461910477156864,调成啥了,143.208,1751855774,96222fda
1885476833156781568,无名：威龙我拿那筷子,109.392,1751857553,f5304173
1885478156442639616,神秘静步男是个人物,110.632,1751857711,b7a3728f
1885496456325515520,跳跳茶？,43.246,1751859893,ba582539
1885561650866698240,怪不得要静步，原来是要捡牛肉干,158.916,1751867664,916feba2
1885600033421265920,无名：柠檬茶牛肉干无敌！,156.961,1751872240,64c86d81
1885642625302970624,把无名当哈夫克人整呢,153.922,1751877317,f7ddcd96
1885687466976551680,我还以为是广东特色凉茶呢,43.084,1751882663,620e12be
1885722251404560640,有没有一种可能无名真就以为这些东西原本就是这个味道,0.0,1751886809,b33d1423
1885729185000475904,这敲脑壳的声音怕是有点痛哦,3.734,1751887636,55335193
1885738369158437376,无名：静步最有用的一集，你最好睁着眼睡觉,114.211,1751888731,c7a4c4a2
1885745676483734016,《扑克face》,101.989,1751889602,c7faf1dc
1885755522620531200,省流：“叮～”,0.104,1751890776,18bf3e4
1885783000101224192,可乐加跳跳糖不变,85.792,1751894051,5e5471b0
1885812979049037056,1,24.363,1751897625,db71a115
1885820417378724352,666无名开大偷牛肉干,154.335,1751898512,7657d1ad
1885833193321004800,《锻炼意志力》,142.569,1751900035,f31a11ad
1885855271331828736,比如说…你想和无名演川剧？,7.176,1751902667,7f9831b9
1885855940717778688,东方树叶是吧,69.18,1751902746,7f9831b9
1885864818264079616,无名：来制造点恐慌吧,167.163,1751903805,97529dd8
1885890101016544768,来制造一点幽默吧,169.937,1751906819,650d52ee
1885938340823041792,逆天,109.06,1751912569,dd60a20d
1886093947899126528,自助餐经典配方，巨好喝，但别加果汁和奶茶,92.289,1751931119,562c86a7
1886126130256789504,上次我问威龙如果我喜欢上他姝姝了怎么办，他说要拿虎蹲炮送我上天(,62.173,1751934955,d085bec1
1886318226074914816,无名已经被调成这样了吗？,149.139,1751957855,a5f0c676
1886327121052936960,无名：“大招一开对面都开始跳舞了”,12.291,1751958915,9d971b89
1886352037928004352,咚,0.347,1751961886,a851ca0a
1886441269715465472,《胃口不小嘛》,89.695,1751972523,e593abe
1886442487329869312,苦瓜味巧克力？！,125.435,1751972668,e593abe
1886442933167885568,《高冷个串串,153.973,1751972721,e593abe
1886479856825596160,无名：本来就有点阴郁，现在感觉更阴郁,65.847,1751977123,5ba11e6d
1886487656486546688,威龙对跳跳糖是有什么执念吗,84.445,1751978053,2fdfb164
1886643291387826688,104人初恋吧,58.297,1751996606,4809b077
1886668239568916992,666神秘静步男开大捡牛肉干,159.672,1751999580,e5bc74d4
1886680858878931200,不忘初心,96.698,1752001084,9ba4157f
1886853557693644288,听完之后的无名:滚出我的脑子！,8.004,1752021672,48b15f27
1886889363133327104,德丽莎,125.211,1752025940,8443a794
1886924497794331136,开大招偷是吧？,155.163,1752030128,d530ce4d
1886936111076027648,牛油火锅！,39.31,1752031513,c1239d75
1886980074016700160,神秘踮脚男,159.002,1752036754,b0bd56b6
1887031803869962496,辣椒酱，不愧是川川川川出身的,129.183,1752042920,6dde2dcd
1887032082439092736,牢龙就是川川川川人，演这个正合适,135.673,1752042953,6dde2dcd
1887254415438602240,德丽莎：不吃给我，我爱吃,127.717,1752069458,1968c70a
1887286242388061952,《不是大事》,8.773,1752073252,213dfde7
1887289681549234944,唉！（跟我的黑海说去吧）,10.32,1752073662,f8e5ed6
1887382148748100352,不应该是法棍吗？,175.868,1752084685,311c5942
1887409916340849664,他可能没吃过那些零食 以为那就是原本的味道,110.712,1752087995,c443d7b0
1887411513632381184,6,143.279,1752088185,7a67fa55
1887463295728883712,？我的大少爷啊……,157.839,1752094358,b129c443
1887569151884078592,省流:被无名用扳手敲脑壳了,0.974,1752106977,daf1e5e6
1887632534779928064,他还是爱他的跳跳糖,95.514,1752114533,df6e64c0
1887675439565624576,无名与威龙的神秘暗号,60.432,1752119648,e3b1ab8e
1887686090824188672,可乐加跳跳糖？,85.2,1752120917,3afcf836
1887715059791809536,666跳跳龙,86.38,1752124371,c0a78260
1887759062150756352,“他们不会察觉…”,163.294,1752129616,2be00ace
1887808995096726272,无名：我谢谢你小子,142.788,1752135569,aead78d2
1888340849721821440,黄金树叶是吧？,61.19,1752198971,85ebdbb4
1888407052918072832,《跳跳仙人》,84.786,1752206863,979b1b98
1888407143573790208,《活阎王》,94.267,1752206873,979b1b98
1888466345394797056,关山南越还我柠檬茶！,27.734,1752213931,384eee64
1888701512067477760,666,95.766,1752241965,91e528ed
1888809260625189632,半夜十二点巡逻的：我记得那是厕所吧？咋还亮着灯呢？,97.566,1752254810,e18f407f
1889021045278083072,来自四川人的红温,130.455,1752280056,2084ad83
1890030413032766976,刚才的话是不是无名说的？,21.152,1752400382,bfe58c2e
1890607577834799360,给娃调成啥了,148.478,1752469186,58328213
1891245365513257984,可怜（指家产上亿）,60.111,1752545216,21fe169
1891319174408922880,？？？,104.981,1752554015,9bf10f9
1891378484157842432,《跳跳仙人》,89.584,1752561085,1047795
1891378823737112320,无名：静步最有用的一集，你最好睁着眼睡觉,125.073,1752561125,1047795
1891527340124195072,无名：你最好睁眼睡觉,117.742,1752578830,36a08a3c
1891668742073931520,来制造一点恐慌吧,169.815,1752595686,2d17918e
1891975208777701376,芥末味大白兔奶糖是真的有的。,109.045,1752632220,2258e670
1892147082623056640,背后行动,164.495,1752652709,323ee76
1893740397336296960,触发无名底层代码了,32.681,1752842647,5658a708
1893832001875021056,喝不完有惩罚，喝完了有奖励,38.717,1752853567,6e54addb
1894526045966266112,无名：来制造一点恐慌吧,163.219,1752936303,ee05232b
1894646046588558848,是关山难越,34.688,1752950609,70f90bd6
1895843250469317120,666川剧,142.441,1753093326,3c734571
1896061237750720768,那一天的混乱，浓郁起来～,171.988,1753119313,b55bbcd8
1896804964462970880,神秘偷肉男,153.806,1753207972,44baab6b
1897353393585157376,《不是啥子大事》,8.819,1753273350,5ce4ca7a
1897353531351096832,无名不是喝红酒吗？,20.045,1753273366,5ce4ca7a
1897353789712054272,《会跳的饮料》,43.083,1753273397,5ce4ca7a
1897353926605278976,666无名是关山难越,54.238,1753273413,5ce4ca7a
1901051177051852032,威龙不会察觉,169.232,1753714160,940401ae
1901304994142340352,《钢铁是怎样炼成的》,143.621,1753744417,ebb88f7b
1903816890800321536,无名：我没说过，勿Q,87.221,1754043858,ee80e670
1905370781648178944,可能是老黑放的,124.984,1754229097,6ef0ca63
1909588362650821376,估计应该是被法棍敲脑袋。,0.47,1754731872,f57be5f6
1910116164378920960,无名：来制造一点幽默吧,121.82,1754794790,2e124f90
1913047981583123968,龙，,41.245,1755144290,4c708b43
1913101390197120512,不忘初心,84.116,1755150657,ca84f3e0
1916057164729206016,惊夜,45.577,1755503013,b95421cf
1916981254860406528,你是指斧头帮小曲是广场大妈的广场舞音乐？,8.515,1755613173,15b2aab9
1917110797667085568,无名“威龙你最好睁着眼睡觉，不然小心我开静步跑你屋里……”,134.771,1755628616,640fbaab
1919185007369715456,前面的白字，那是佐娅才喜欢喝红酒，天名喜欢喝老太手磨的柠檬茶,25.9,1755875881,2817cc87
1921996028283245568,无名是真的吃东西没味道,142.782,1756210981,39b03e3e
1922104627454219264,威龙真的是跳跳糖仙人，整蛊逃不开跳跳糖,14.445,1756223927,4f66a4ea
1923475685612680704,脑机发力了,119.177,1756387369,1784c243
1934409001815353856,ooc了,163.316,1757690722,c3a4278e
1942319113213290752,666还是工地特供,35.125,1758633681,99859fb1
1995981983767048448,不忘初心 ……,91.09,1765030794,a6a6dede
1995982516301251840,你们知道半夜偷玩手机憋笑有多难吗 ！！！,128.13,1765030857,a6a6dede
1995991754876205312,火锅……配水？还是喝的 ……？！不对！！！,172.323,1765031959,a6a6dede
2014544507907553024,来点牢大（不是）,61.286,1767243619,8bb83855
2040257511252889856,这次真绷不住了,150.295,1770308848,96546eb0
2050097790818502400,还真是和跳跳糖过不去了,43.28,1771481901,3456b429
2052390266472244992,盲猜冰红茶,26.427,1771755185,2def753e
2052390586623469824,啊？,51.147,1771755223,2def753e
2052390655024228608,威龙你怎么学坏了,52.837,1771755231,2def753e
2052392225396500736,《相濡以沫》,143.276,1771755419,2def753e
2055887157784652800,《三角洲玩家真实状况》,2.016,1772172047,2def753e
2062432844215198464,跟无名演川剧（我要求的）,16.075,1772952354,2def753e
2083381933085730560,好凶弟,8.772,1775449680,90067119
2083625191132649216,活阎王,99.16,1775478678,4d9be8f9
,,0.0,1775683732.8000336,
lb.c,,0.0,1775683732.8000336,
,,0.0,1775683732.8000336,
1884508788238130432,666威龙跟骇爪学坏了会搞恶作剧了,49.738,1751742153,e97dbe94
1884746302143934976,CS威龙,109.71,1751770467,b4c92ee5
1885019019305275392,德丽莎狂喜,124.529,1751802978,2182fb16
1885067568742988544,四川威龙的辣椒酱没了,132.394,1751808765,1857d45d
1885067857596281856,神秘幽默静步男,158.017,1751808800,1857d45d
1885075515414135296,绷,129.546,1751809712,ad122b0e
1885117037672706816,爱名TV,120.716,1751814662,49f4b830
1885117922562088192,盲猜柠檬茶,17.454,1751814768,1789994a
1885147866151465984,柠檬茶！！！！,21.102,1751818337,afafa8e2
1885149318840291584,《特别调理》《惊喜》,36.412,1751818510,1caa2220
1885150134632459008,无名：真损啊,104.971,1751818608,1caa2220
1885150592859968512,无名：那也不看看是谁把我整成这样的,143.499,1751818662,1caa2220
1885172166757709568,什么味?,127.579,1751821234,a4b5b784
1885178939157683200,加了磁吸炸弹,47.761,1751822042,cd7519e9
1885187421919303168,前面那个让封的是我，我太难了,33.318,1751823053,f3b1aea1
1885231165942983936,太造孽了（狗头）,56.82,1751828267,4489afd7
1885251158378350592,不愧是威龙，啥都能干出来,102.539,1751830651,d495b102
1885251342701325824,不愧是好兄弟呀,107.299,1751830673,d495b102
1885341148764054528,我怎么听说跳跳糖是某科学家研发固体可乐过程中得出来的一个产品呢。（手动狗头）,89.893,1751841378,27835dea
1885344955925376256,绷不住了,105.554,1751841832,96222fda
1885354040393596672,威龙：小馋猫无名,91.598,1751842915,9d47d514
1885369251330665728,人家本来就不聪明 你还铁咩弄人家！给无名买脑机去！,108.091,1751844728,fe9706bf
1885369896716629248,你再看看你后面呢,163.458,1751844805,fe9706bf
1885374262576573952,来制造一点幽默吧,160.17,1751845326,ee1966c
1885393609793636352,1,16.537,1751847632,46419727
1885404208497801728,《金色树叶》,69.309,1751848896,368d5693
1885437154629904896,我就是玩无名的，这么一听，感觉无名又师又可爱,162.12,1751852823,39eab1d8
1885454201816485376,渡鸦：那一天的混乱，浓郁起来~,165.939,1751854855,768733cb
1885461910477156864,调成啥了,143.208,1751855774,96222fda
1885476833156781568,无名：威龙我拿那筷子,109.392,1751857553,f5304173
1885478156442639616,神秘静步男是个人物,110.632,1751857711,b7a3728f
1885496456325515520,跳跳茶？,43.246,1751859893,ba582539
1885561650866698240,怪不得要静步，原来是要捡牛肉干,158.916,1751867664,916feba2
1885600033421265920,无名：柠檬茶牛肉干无敌！,156.961,1751872240,64c86d81
1885642625302970624,把无名当哈夫克人整呢,153.922,1751877317,f7ddcd96
1885687466976551680,我还以为是广东特色凉茶呢,43.084,1751882663,620e12be
1885722251404560640,有没有一种可能无名真就以为这些东西原本就是这个味道,0.0,1751886809,b33d1423
1885729185000475904,这敲脑壳的声音怕是有点痛哦,3.734,1751887636,55335193
1885738369158437376,无名：静步最有用的一集，你最好睁着眼睡觉,114.211,1751888731,c7a4c4a2
1885745676483734016,《扑克face》,101.989,1751889602,c7faf1dc
1885755522620531200,省流：“叮～”,0.104,1751890776,18bf3e4
1885783000101224192,可乐加跳跳糖不变,85.792,1751894051,5e5471b0
1885812979049037056,1,24.363,1751897625,db71a115
1885820417378724352,666无名开大偷牛肉干,154.335,1751898512,7657d1ad
1885833193321004800,《锻炼意志力》,142.569,1751900035,f31a11ad
1885855271331828736,比如说…你想和无名演川剧？,7.176,1751902667,7f9831b9
1885855940717778688,东方树叶是吧,69.18,1751902746,7f9831b9
1885864818264079616,无名：来制造点恐慌吧,167.163,1751903805,97529dd8
1885890101016544768,来制造一点幽默吧,169.937,1751906819,650d52ee
1885938340823041792,逆天,109.06,1751912569,dd60a20d
1886093947899126528,自助餐经典配方，巨好喝，但别加果汁和奶茶,92.289,1751931119,562c86a7
1886126130256789504,上次我问威龙如果我喜欢上他姝姝了怎么办，他说要拿虎蹲炮送我上天(,62.173,1751934955,d085bec1
1886318226074914816,无名已经被调成这样了吗？,149.139,1751957855,a5f0c676
1886327121052936960,无名：“大招一开对面都开始跳舞了”,12.291,1751958915,9d971b89
1886352037928004352,咚,0.347,1751961886,a851ca0a
1886441269715465472,《胃口不小嘛》,89.695,1751972523,e593abe
1886442487329869312,苦瓜味巧克力？！,125.435,1751972668,e593abe
1886442933167885568,《高冷个串串,153.973,1751972721,e593abe
1886479856825596160,无名：本来就有点阴郁，现在感觉更阴郁,65.847,1751977123,5ba11e6d
1886487656486546688,威龙对跳跳糖是有什么执念吗,84.445,1751978053,2fdfb164
1886643291387826688,104人初恋吧,58.297,1751996606,4809b077
1886668239568916992,666神秘静步男开大捡牛肉干,159.672,1751999580,e5bc74d4
1886680858878931200,不忘初心,96.698,1752001084,9ba4157f
1886853557693644288,听完之后的无名:滚出我的脑子！,8.004,1752021672,48b15f27
1886889363133327104,德丽莎,125.211,1752025940,8443a794
1886924497794331136,开大招偷是吧？,155.163,1752030128,d530ce4d
1886936111076027648,牛油火锅！,39.31,1752031513,c1239d75
1886980074016700160,神秘踮脚男,159.002,1752036754,b0bd56b6
1887031803869962496,辣椒酱，不愧是川川川川出身的,129.183,1752042920,6dde2dcd
1887032082439092736,牢龙就是川川川川人，演这个正合适,135.673,1752042953,6dde2dcd
1887254415438602240,德丽莎：不吃给我，我爱吃,127.717,1752069458,1968c70a
1887286242388061952,《不是大事》,8.773,1752073252,213dfde7
1887289681549234944,唉！（跟我的黑海说去吧）,10.32,1752073662,f8e5ed6
1887382148748100352,不应该是法棍吗？,175.868,1752084685,311c5942
1887409916340849664,他可能没吃过那些零食 以为那就是原本的味道,110.712,1752087995,c443d7b0
1887411513632381184,6,143.279,1752088185,7a67fa55
1887463295728883712,？我的大少爷啊……,157.839,1752094358,b129c443
1887569151884078592,省流:被无名用扳手敲脑壳了,0.974,1752106977,daf1e5e6
1887632534779928064,他还是爱他的跳跳糖,95.514,1752114533,df6e64c0
1887675439565624576,无名与威龙的神秘暗号,60.432,1752119648,e3b1ab8e
1887686090824188672,可乐加跳跳糖？,85.2,1752120917,3afcf836
1887715059791809536,666跳跳龙,86.38,1752124371,c0a78260
1887759062150756352,“他们不会察觉…”,163.294,1752129616,2be00ace
1887808995096726272,无名：我谢谢你小子,142.788,1752135569,aead78d2
1888340849721821440,黄金树叶是吧？,61.19,1752198971,85ebdbb4
1888407052918072832,《跳跳仙人》,84.786,1752206863,979b1b98
1888407143573790208,《活阎王》,94.267,1752206873,979b1b98
1888466345394797056,关山南越还我柠檬茶！,27.734,1752213931,384eee64
1888701512067477760,666,95.766,1752241965,91e528ed
1888809260625189632,半夜十二点巡逻的：我记得那是厕所吧？咋还亮着灯呢？,97.566,1752254810,e18f407f
1889021045278083072,来自四川人的红温,130.455,1752280056,2084ad83
1890030413032766976,刚才的话是不是无名说的？,21.152,1752400382,bfe58c2e
1890607577834799360,给娃调成啥了,148.478,1752469186,58328213
1891245365513257984,可怜（指家产上亿）,60.111,1752545216,21fe169
1891319174408922880,？？？,104.981,1752554015,9bf10f9
1891378484157842432,《跳跳仙人》,89.584,1752561085,1047795
1891378823737112320,无名：静步最有用的一集，你最好睁着眼睡觉,125.073,1752561125,1047795
1891527340124195072,无名：你最好睁眼睡觉,117.742,1752578830,36a08a3c
1891668742073931520,来制造一点恐慌吧,169.815,1752595686,2d17918e
1891975208777701376,芥末味大白兔奶糖是真的有的。,109.045,1752632220,2258e670
1892147082623056640,背后行动,164.495,1752652709,323ee76
1893740397336296960,触发无名底层代码了,32.681,1752842647,5658a708
1893832001875021056,喝不完有惩罚，喝完了有奖励,38.717,1752853567,6e54addb
1894526045966266112,无名：来制造一点恐慌吧,163.219,1752936303,ee05232b
1894646046588558848,是关山难越,34.688,1752950609,70f90bd6
1895843250469317120,666川剧,142.441,1753093326,3c734571
1896061237750720768,那一天的混乱，浓郁起来～,171.988,1753119313,b55bbcd8
1896804964462970880,神秘偷肉男,153.806,1753207972,44baab6b
1897353393585157376,《不是啥子大事》,8.819,1753273350,5ce4ca7a
1897353531351096832,无名不是喝红酒吗？,20.045,1753273366,5ce4ca7a
1897353789712054272,《会跳的饮料》,43.083,1753273397,5ce4ca7a
1897353926605278976,666无名是关山难越,54.238,1753273413,5ce4ca7a
1901051177051852032,威龙不会察觉,169.232,1753714160,940401ae
1901304994142340352,《钢铁是怎样炼成的》,143.621,1753744417,ebb88f7b
1903816890800321536,无名：我没说过，勿Q,87.221,1754043858,ee80e670
1905370781648178944,可能是老黑放的,124.984,1754229097,6ef0ca63
1909588362650821376,估计应该是被法棍敲脑袋。,0.47,1754731872,f57be5f6
1910116164378920960,无名：来制造一点幽默吧,121.82,1754794790,2e124f90
1913047981583123968,龙，,41.245,1755144290,4c708b43
1913101390197120512,不忘初心,84.116,1755150657,ca84f3e0
1916057164729206016,惊夜,45.577,1755503013,b95421cf
1916981254860406528,你是指斧头帮小曲是广场大妈的广场舞音乐？,8.515,1755613173,15b2aab9
1917110797667085568,无名“威龙你最好睁着眼睡觉，不然小心我开静步跑你屋里……”,134.771,1755628616,640fbaab
1919185007369715456,前面的白字，那是佐娅才喜欢喝红酒，天名喜欢喝老太手磨的柠檬茶,25.9,1755875881,2817cc87
1921996028283245568,无名是真的吃东西没味道,142.782,1756210981,39b03e3e
1922104627454219264,威龙真的是跳跳糖仙人，整蛊逃不开跳跳糖,14.445,1756223927,4f66a4ea
1923475685612680704,脑机发力了,119.177,1756387369,1784c243
1934409001815353856,ooc了,163.316,1757690722,c3a4278e
1942319113213290752,666还是工地特供,35.125,1758633681,99859fb1
1995981983767048448,不忘初心 ……,91.09,1765030794,a6a6dede
1995982516301251840,你们知道半夜偷玩手机憋笑有多难吗 ！！！,128.13,1765030857,a6a6dede
1995991754876205312,火锅……配水？还是喝的 ……？！不对！！！,172.323,1765031959,a6a6dede
2014544507907553024,来点牢大（不是）,61.286,1767243619,8bb83855
2040257511252889856,这次真绷不住了,150.295,1770308848,96546eb0
2050097790818502400,还真是和跳跳糖过不去了,43.28,1771481901,3456b429
2052390266472244992,盲猜冰红茶,26.427,1771755185,2def753e
2052390586623469824,啊？,51.147,1771755223,2def753e
2052390655024228608,威龙你怎么学坏了,52.837,1771755231,2def753e
2052392225396500736,《相濡以沫》,143.276,1771755419,2def753e
2055887157784652800,《三角洲玩家真实状况》,2.016,1772172047,2def753e
2062432844215198464,跟无名演川剧（我要求的）,16.075,1772952354,2def753e
2083381933085730560,好凶弟,8.772,1775449680,90067119
2083625191132649216,活阎王,99.16,1775478678,4d9be8f9
,,0.0,1775683732.8000336,
lb.c,,0.0,1775683732.8000336,
,,0.0,1775683732.8000336,
1884508788238130432,666威龙跟骇爪学坏了会搞恶作剧了,49.738,1751742153,e97dbe94
1884746302143934976,CS威龙,109.71,1751770467,b4c92ee5
1885019019305275392,德丽莎狂喜,124.529,1751802978,2182fb16
1885067568742988544,四川威龙的辣椒酱没了,132.394,1751808765,1857d45d
1885067857596281856,神秘幽默静步男,158.017,1751808800,1857d45d
1885075515414135296,绷,129.546,1751809712,ad122b0e
1885117037672706816,爱名TV,120.716,1751814662,49f4b830
1885117922562088192,盲猜柠檬茶,17.454,1751814768,1789994a
1885147866151465984,柠檬茶！！！！,21.102,1751818337,afafa8e2
1885149318840291584,《特别调理》《惊喜》,36.412,1751818510,1caa2220
1885150134632459008,无名：真损啊,104.971,1751818608,1caa2220
1885150592859968512,无名：那也不看看是谁把我整成这样的,143.499,1751818662,1caa2220
1885172166757709568,什么味?,127.579,1751821234,a4b5b784
1885178939157683200,加了磁吸炸弹,47.761,1751822042,cd7519e9
1885187421919303168,前面那个让封的是我，我太难了,33.318,1751823053,f3b1aea1
1885231165942983936,太造孽了（狗头）,56.82,1751828267,4489afd7
1885251158378350592,不愧是威龙，啥都能干出来,102.539,1751830651,d495b102
1885251342701325824,不愧是好兄弟呀,107.299,1751830673,d495b102
1885341148764054528,我怎么听说跳跳糖是某科学家研发固体可乐过程中得出来的一个产品呢。（手动狗头）,89.893,1751841378,27835dea
1885344955925376256,绷不住了,105.554,1751841832,96222fda
1885354040393596672,威龙：小馋猫无名,91.598,1751842915,9d47d514
1885369251330665728,人家本来就不聪明 你还铁咩弄人家！给无名买脑机去！,108.091,1751844728,fe9706bf
1885369896716629248,你再看看你后面呢,163.458,1751844805,fe9706bf
1885374262576573952,来制造一点幽默吧,160.17,1751845326,ee1966c
1885393609793636352,1,16.537,1751847632,46419727
1885404208497801728,《金色树叶》,69.309,1751848896,368d5693
1885437154629904896,我就是玩无名的，这么一听，感觉无名又师又可爱,162.12,1751852823,39eab1d8
1885454201816485376,渡鸦：那一天的混乱，浓郁起来~,165.939,1751854855,768733cb
1885461910477156864,调成啥了,143.208,1751855774,96222fda
1885476833156781568,无名：威龙我拿那筷子,109.392,1751857553,f5304173
1885478156442639616,神秘静步男是个人物,110.632,1751857711,b7a3728f
1885496456325515520,跳跳茶？,43.246,1751859893,ba582539
1885561650866698240,怪不得要静步，原来是要捡牛肉干,158.916,1751867664,916feba2
1885600033421265920,无名：柠檬茶牛肉干无敌！,156.961,1751872240,64c86d81
1885642625302970624,把无名当哈夫克人整呢,153.922,1751877317,f7ddcd96
1885687466976551680,我还以为是广东特色凉茶呢,43.084,1751882663,620e12be
1885722251404560640,有没有一种可能无名真就以为这些东西原本就是这个味道,0.0,1751886809,b33d1423
1885729185000475904,这敲脑壳的声音怕是有点痛哦,3.734,1751887636,55335193
1885738369158437376,无名：静步最有用的一集，你最好睁着眼睡觉,114.211,1751888731,c7a4c4a2
1885745676483734016,《扑克face》,101.989,1751889602,c7faf1dc
1885755522620531200,省流：“叮～”,0.104,1751890776,18bf3e4
1885783000101224192,可乐加跳跳糖不变,85.792,1751894051,5e5471b0
1885812979049037056,1,24.363,1751897625,db71a115
1885820417378724352,666无名开大偷牛肉干,154.335,1751898512,7657d1ad
1885833193321004800,《锻炼意志力》,142.569,1751900035,f31a11ad
1885855271331828736,比如说…你想和无名演川剧？,7.176,1751902667,7f9831b9
1885855940717778688,东方树叶是吧,69.18,1751902746,7f9831b9
1885864818264079616,无名：来制造点恐慌吧,167.163,1751903805,97529dd8
1885890101016544768,来制造一点幽默吧,169.937,1751906819,650d52ee
1885938340823041792,逆天,109.06,1751912569,dd60a20d
1886093947899126528,自助餐经典配方，巨好喝，但别加果汁和奶茶,92.289,1751931119,562c86a7
1886126130256789504,上次我问威龙如果我喜欢上他姝姝了怎么办，他说要拿虎蹲炮送我上天(,62.173,1751934955,d085bec1
1886318226074914816,无名已经被调成这样了吗？,149.139,1751957855,a5f0c676
1886327121052936960,无名：“大招一开对面都开始跳舞了”,12.291,1751958915,9d971b89
1886352037928004352,咚,0.347,1751961886,a851ca0a
1886441269715465472,《胃口不小嘛》,89.695,1751972523,e593abe
1886442487329869312,苦瓜味巧克力？！,125.435,1751972668,e593abe
1886442933167885568,《高冷个串串,153.973,1751972721,e593abe
1886479856825596160,无名：本来就有点阴郁，现在感觉更阴郁,65.847,1751977123,5ba11e6d
1886487656486546688,威龙对跳跳糖是有什么执念吗,84.445,1751978053,2fdfb164
1886643291387826688,104人初恋吧,58.297,1751996606,4809b077
1886668239568916992,666神秘静步男开大捡牛肉干,159.672,1751999580,e5bc74d4
1886680858878931200,不忘初心,96.698,1752001084,9ba4157f
1886853557693644288,听完之后的无名:滚出我的脑子！,8.004,1752021672,48b15f27
1886889363133327104,德丽莎,125.211,1752025940,8443a794
1886924497794331136,开大招偷是吧？,155.163,1752030128,d530ce4d
1886936111076027648,牛油火锅！,39.31,1752031513,c1239d75
1886980074016700160,神秘踮脚男,159.002,1752036754,b0bd56b6
1887031803869962496,辣椒酱，不愧是川川川川出身的,129.183,1752042920,6dde2dcd
1887032082439092736,牢龙就是川川川川人，演这个正合适,135.673,1752042953,6dde2dcd
1887254415438602240,德丽莎：不吃给我，我爱吃,127.717,1752069458,1968c70a
1887286242388061952,《不是大事》,8.773,1752073252,213dfde7
1887289681549234944,唉！（跟我的黑海说去吧）,10.32,1752073662,f8e5ed6
1887382148748100352,不应该是法棍吗？,175.868,1752084685,311c5942
1887409916340849664,他可能没吃过那些零食 以为那就是原本的味道,110.712,1752087995,c443d7b0
1887411513632381184,6,143.279,1752088185,7a67fa55
1887463295728883712,？我的大少爷啊……,157.839,1752094358,b129c443
1887569151884078592,省流:被无名用扳手敲脑壳了,0.974,1752106977,daf1e5e6
1887632534779928064,他还是爱他的跳跳糖,95.514,1752114533,df6e64c0
1887675439565624576,无名与威龙的神秘暗号,60.432,1752119648,e3b1ab8e
1887686090824188672,可乐加跳跳糖？,85.2,1752120917,3afcf836
1887715059791809536,666跳跳龙,86.38,1752124371,c0a78260
1887759062150756352,“他们不会察觉…”,163.294,1752129616,2be00ace
1887808995096726272,无名：我谢谢你小子,142.788,1752135569,aead78d2
1888340849721821440,黄金树叶是吧？,61.19,1752198971,85ebdbb4
1888407052918072832,《跳跳仙人》,84.786,1752206863,979b1b98
1888407143573790208,《活阎王》,94.267,1752206873,979b1b98
1888466345394797056,关山南越还我柠檬茶！,27.734,1752213931,384eee64
1888701512067477760,666,95.766,1752241965,91e528ed
1888809260625189632,半夜十二点巡逻的：我记得那是厕所吧？咋还亮着灯呢？,97.566,1752254810,e18f407f
1889021045278083072,来自四川人的红温,130.455,1752280056,2084ad83
1890030413032766976,刚才的话是不是无名说的？,21.152,1752400382,bfe58c2e
1890607577834799360,给娃调成啥了,148.478,1752469186,58328213
1891245365513257984,可怜（指家产上亿）,60.111,1752545216,21fe169
1891319174408922880,？？？,104.981,1752554015,9bf10f9
1891378484157842432,《跳跳仙人》,89.584,1752561085,1047795
1891378823737112320,无名：静步最有用的一集，你最好睁着眼睡觉,125.073,1752561125,1047795
1891527340124195072,无名：你最好睁眼睡觉,117.742,1752578830,36a08a3c
1891668742073931520,来制造一点恐慌吧,169.815,1752595686,2d17918e
1891975208777701376,芥末味大白兔奶糖是真的有的。,109.045,1752632220,2258e670
1892147082623056640,背后行动,164.495,1752652709,323ee76
1893740397336296960,触发无名底层代码了,32.681,1752842647,5658a708
1893832001875021056,喝不完有惩罚，喝完了有奖励,38.717,1752853567,6e54addb
1894526045966266112,无名：来制造一点恐慌吧,163.219,1752936303,ee05232b
1894646046588558848,是关山难越,34.688,1752950609,70f90bd6
1895843250469317120,666川剧,142.441,1753093326,3c734571
1896061237750720768,那一天的混乱，浓郁起来～,171.988,1753119313,b55bbcd8
1896804964462970880,神秘偷肉男,153.806,1753207972,44baab6b
1897353393585157376,《不是啥子大事》,8.819,1753273350,5ce4ca7a
1897353531351096832,无名不是喝红酒吗？,20.045,1753273366,5ce4ca7a
1897353789712054272,《会跳的饮料》,43.083,1753273397,5ce4ca7a
1897353926605278976,666无名是关山难越,54.238,1753273413,5ce4ca7a
1901051177051852032,威龙不会察觉,169.232,1753714160,940401ae
1901304994142340352,《钢铁是怎样炼成的》,143.621,1753744417,ebb88f7b
1903816890800321536,无名：我没说过，勿Q,87.221,1754043858,ee80e670
1905370781648178944,可能是老黑放的,124.984,1754229097,6ef0ca63
1909588362650821376,估计应该是被法棍敲脑袋。,0.47,1754731872,f57be5f6
1910116164378920960,无名：来制造一点幽默吧,121.82,1754794790,2e124f90
1913047981583123968,龙，,41.245,1755144290,4c708b43
1913101390197120512,不忘初心,84.116,1755150657,ca84f3e0
1916057164729206016,惊夜,45.577,1755503013,b95421cf
1916981254860406528,你是指斧头帮小曲是广场大妈的广场舞音乐？,8.515,1755613173,15b2aab9
1917110797667085568,无名“威龙你最好睁着眼睡觉，不然小心我开静步跑你屋里……”,134.771,1755628616,640fbaab
1919185007369715456,前面的白字，那是佐娅才喜欢喝红酒，天名喜欢喝老太手磨的柠檬茶,25.9,1755875881,2817cc87
1921996028283245568,无名是真的吃东西没味道,142.782,1756210981,39b03e3e
1922104627454219264,威龙真的是跳跳糖仙人，整蛊逃不开跳跳糖,14.445,1756223927,4f66a4ea
1923475685612680704,脑机发力了,119.177,1756387369,1784c243
1934409001815353856,ooc了,163.316,1757690722,c3a4278e
1942319113213290752,666还是工地特供,35.125,1758633681,99859fb1
1995981983767048448,不忘初心 ……,91.09,1765030794,a6a6dede
1995982516301251840,你们知道半夜偷玩手机憋笑有多难吗 ！！！,128.13,1765030857,a6a6dede
1995991754876205312,火锅……配水？还是喝的 ……？！不对！！！,172.323,1765031959,a6a6dede
2014544507907553024,来点牢大（不是）,61.286,1767243619,8bb83855
2040257511252889856,这次真绷不住了,150.295,1770308848,96546eb0
2050097790818502400,还真是和跳跳糖过不去了,43.28,1771481901,3456b429
2052390266472244992,盲猜冰红茶,26.427,1771755185,2def753e
2052390586623469824,啊？,51.147,1771755223,2def753e
2052390655024228608,威龙你怎么学坏了,52.837,1771755231,2def753e
2052392225396500736,《相濡以沫》,143.276,1771755419,2def753e
2055887157784652800,《三角洲玩家真实状况》,2.016,1772172047,2def753e
2062432844215198464,跟无名演川剧（我要求的）,16.075,1772952354,2def753e
2083381933085730560,好凶弟,8.772,1775449680,90067119
2083625191132649216,活阎王,99.16,1775478678,4d9be8f9
,,0.0,1775683732.8000336,
lb.c,,0.0,1775683732.8000336,
,,0.0,1775683732.8000336,
