danmaku_id,content,progress,ctime,user_hash
1621835620366372352,已三连博主，跪求资料,171.278,1720429072,ecc8a32d
1709598114895345920,求数据,147.915,1730891176,80991f94
1714559462448084480,已三连，求源码数据集,28.514,1731482615,6b1eb5ce
1765307410907816704,已三连，求花卉图像的DataSet,117.187,1737532242,21d7146c
1794158568766269184,已三连，求资料,8.276,1740971568,24ff77b4
1804645075075297536,已三连 求文件,114.249,1742221657,c085bd0a
2002380992626631936,up主yyds:),7.809,1765793615,2c5180e3
2002392734664610560,Mark！,0.0,1765795015,28ac5a2b
2002463856739421696,i了i了:),42.144,1765803493,af03608b
2002491364285820416,优秀^_^,16.163,1765806772,f55e8a6e
2002867085776585472,厉害!,42.561,1765851562,7b15eeb7
2002932431506180352,只投了两个币的我配看么[脸红]！,52.308,1765859352,47f18758
2002943209013096704,看起来不错!,35.016,1765860636,9d06dad3
2002948736653360896,火钳刘明。,21.183,1765861295,e546586b
2002949394890312960,火钳刘明!,29.821,1765861374,21098974
2002958799090618880,学到了学到了.,68.19,1765862495,443e6dc3
2003000631426273280,看起来不错!,77.37,1765867482,443e6dc3
2024100266114810880,你的视频在此地不要火~,15.442,1768382754,767b8b0f
2024170620111721984,妙啊~,21.012,1768391141,e546586b
2024181903427043072,收藏从未停止，行动从未开始.,94.45,1768392486,c85c452c
2024208676474518016,支持！,9.049,1768395678,c8e388f9
2024763809000208640,爷有生之年关注的up更新了！！,133.715,1768461855,b752aeeb
2038706975143633920,哇哦～^_^,121.656,1770124010,84e2fa2b
2040384849860478464,发个友善的弹幕见证当下919,81.876,1770324028,475e82bb
2042133028871865344,i了i了.,247.825,1770532427,a9bab31
2043510938761906176,很久没有被这样的视频触动了。:),37.464,1770696687,73145f81
2056498043129250304,快乐已get哈哈哈!,9.253,1772244870,74de65b9
1602250105321380608,基于Pytorch框架的花卉图像识别模型实战，求三连加关注！！,3.766,1718094296,82455640
1602249954863147264,基于Pytorch框架的花卉图像识别模型实战，求三连加关注！！,3.766,1718094278,82455640
1602250006008848384,基于Pytorch框架的花卉图像识别模型实战，求三连加关注！！,3.766,1718094284,82455640
1602250154134799616,基于Pytorch框架的花卉图像识别模型实战，求三连加关注！！,3.766,1718094302,82455640
1602250055224556800,基于Pytorch框架的花卉图像识别模型实战，求三连加关注！！,3.766,1718094290,82455640
,,0.0,1775645360.3863423,
lb.c,,0.0,1775645360.3863423,
,,0.0,1775645360.3863423,
1621835620366372352,已三连博主，跪求资料,171.278,1720429072,ecc8a32d
1709598114895345920,求数据,147.915,1730891176,80991f94
1714559462448084480,已三连，求源码数据集,28.514,1731482615,6b1eb5ce
1765307410907816704,已三连，求花卉图像的DataSet,117.187,1737532242,21d7146c
1794158568766269184,已三连，求资料,8.276,1740971568,24ff77b4
1804645075075297536,已三连 求文件,114.249,1742221657,c085bd0a
2002380992626631936,up主yyds:),7.809,1765793615,2c5180e3
2002463856739421696,i了i了:),42.144,1765803493,af03608b
2002491364285820416,优秀^_^,16.163,1765806772,f55e8a6e
2002867085776585472,厉害!,42.561,1765851562,7b15eeb7
2002932431506180352,只投了两个币的我配看么[脸红]！,52.308,1765859352,47f18758
2002943209013096704,看起来不错!,35.016,1765860636,9d06dad3
2002948736653360896,火钳刘明。,21.183,1765861295,e546586b
2002949394890312960,火钳刘明!,29.821,1765861374,21098974
2002958799090618880,学到了学到了.,68.19,1765862495,443e6dc3
2003000631426273280,看起来不错!,77.37,1765867482,443e6dc3
2024100266114810880,你的视频在此地不要火~,15.442,1768382754,767b8b0f
2024170620111721984,妙啊~,21.012,1768391141,e546586b
2024181903427043072,收藏从未停止，行动从未开始.,94.45,1768392486,c85c452c
2024208676474518016,支持！,9.049,1768395678,c8e388f9
2024763809000208640,爷有生之年关注的up更新了！！,133.715,1768461855,b752aeeb
2038706975143633920,哇哦～^_^,121.656,1770124010,84e2fa2b
2040384849860478464,发个友善的弹幕见证当下919,81.876,1770324028,475e82bb
2042133028871865344,i了i了.,247.825,1770532427,a9bab31
2042809898336968448,妙啊.,0.0,1770613116,1ba1b5c7
2043510938761906176,很久没有被这样的视频触动了。:),37.464,1770696687,73145f81
2056498043129250304,快乐已get哈哈哈!,9.253,1772244870,74de65b9
1602250154134799616,基于Pytorch框架的花卉图像识别模型实战，求三连加关注！！,3.766,1718094302,82455640
1602250006008848384,基于Pytorch框架的花卉图像识别模型实战，求三连加关注！！,3.766,1718094284,82455640
1602250105321380608,基于Pytorch框架的花卉图像识别模型实战，求三连加关注！！,3.766,1718094296,82455640
1602249954863147264,基于Pytorch框架的花卉图像识别模型实战，求三连加关注！！,3.766,1718094278,82455640
1602250055224556800,基于Pytorch框架的花卉图像识别模型实战，求三连加关注！！,3.766,1718094290,82455640
,,0.0,1775645360.3863423,
lb.c,,0.0,1775645360.3863423,
,,0.0,1775645360.3863423,
1621835620366372352,已三连博主，跪求资料,171.278,1720429072,ecc8a32d
1709598114895345920,求数据,147.915,1730891176,80991f94
1714559462448084480,已三连，求源码数据集,28.514,1731482615,6b1eb5ce
1765307410907816704,已三连，求花卉图像的DataSet,117.187,1737532242,21d7146c
1794158568766269184,已三连，求资料,8.276,1740971568,24ff77b4
1804645075075297536,已三连 求文件,114.249,1742221657,c085bd0a
2002380992626631936,up主yyds:),7.809,1765793615,2c5180e3
2002463856739421696,i了i了:),42.144,1765803493,af03608b
2002491364285820416,优秀^_^,16.163,1765806772,f55e8a6e
2002867085776585472,厉害!,42.561,1765851562,7b15eeb7
2002932431506180352,只投了两个币的我配看么[脸红]！,52.308,1765859352,47f18758
2002943209013096704,看起来不错!,35.016,1765860636,9d06dad3
2002948736653360896,火钳刘明。,21.183,1765861295,e546586b
2002949394890312960,火钳刘明!,29.821,1765861374,21098974
2002958799090618880,学到了学到了.,68.19,1765862495,443e6dc3
2002964287454609920,厉害了呀！,0.0,1765863149,5f0e24c8
2003000631426273280,看起来不错!,77.37,1765867482,443e6dc3
2024100266114810880,你的视频在此地不要火~,15.442,1768382754,767b8b0f
2024170620111721984,妙啊~,21.012,1768391141,e546586b
2024181903427043072,收藏从未停止，行动从未开始.,94.45,1768392486,c85c452c
2024208676474518016,支持！,9.049,1768395678,c8e388f9
2024763809000208640,爷有生之年关注的up更新了！！,133.715,1768461855,b752aeeb
2038706975143633920,哇哦～^_^,121.656,1770124010,84e2fa2b
2040384849860478464,发个友善的弹幕见证当下919,81.876,1770324028,475e82bb
2042133028871865344,i了i了.,247.825,1770532427,a9bab31
2043510938761906176,很久没有被这样的视频触动了。:),37.464,1770696687,73145f81
2056498043129250304,快乐已get哈哈哈!,9.253,1772244870,74de65b9
1602250006008848384,基于Pytorch框架的花卉图像识别模型实战，求三连加关注！！,3.766,1718094284,82455640
1602250105321380608,基于Pytorch框架的花卉图像识别模型实战，求三连加关注！！,3.766,1718094296,82455640
1602249954863147264,基于Pytorch框架的花卉图像识别模型实战，求三连加关注！！,3.766,1718094278,82455640
1602250055224556800,基于Pytorch框架的花卉图像识别模型实战，求三连加关注！！,3.766,1718094290,82455640
1602250154134799616,基于Pytorch框架的花卉图像识别模型实战，求三连加关注！！,3.766,1718094302,82455640
,,0.0,1775645360.3863423,
lb.c,,0.0,1775645360.3863423,
,,0.0,1775645360.3863423,
1621835620366372352,已三连博主，跪求资料,171.278,1720429072,ecc8a32d
1709598114895345920,求数据,147.915,1730891176,80991f94
1714559462448084480,已三连，求源码数据集,28.514,1731482615,6b1eb5ce
1765307410907816704,已三连，求花卉图像的DataSet,117.187,1737532242,21d7146c
1794158568766269184,已三连，求资料,8.276,1740971568,24ff77b4
1804645075075297536,已三连 求文件,114.249,1742221657,c085bd0a
2002380992626631936,up主yyds:),7.809,1765793615,2c5180e3
2002463856739421696,i了i了:),42.144,1765803493,af03608b
2002491364285820416,优秀^_^,16.163,1765806772,f55e8a6e
2002867085776585472,厉害!,42.561,1765851562,7b15eeb7
2002932431506180352,只投了两个币的我配看么[脸红]！,52.308,1765859352,47f18758
2002943209013096704,看起来不错!,35.016,1765860636,9d06dad3
2002948736653360896,火钳刘明。,21.183,1765861295,e546586b
2002949394890312960,火钳刘明!,29.821,1765861374,21098974
2002958799090618880,学到了学到了.,68.19,1765862495,443e6dc3
2002964287454609920,厉害了呀！,0.0,1765863149,5f0e24c8
2003000631426273280,看起来不错!,77.37,1765867482,443e6dc3
2024100266114810880,你的视频在此地不要火~,15.442,1768382754,767b8b0f
2024170620111721984,妙啊~,21.012,1768391141,e546586b
2024181903427043072,收藏从未停止，行动从未开始.,94.45,1768392486,c85c452c
2024208676474518016,支持！,9.049,1768395678,c8e388f9
2024763809000208640,爷有生之年关注的up更新了！！,133.715,1768461855,b752aeeb
2038706975143633920,哇哦～^_^,121.656,1770124010,84e2fa2b
2040384849860478464,发个友善的弹幕见证当下919,81.876,1770324028,475e82bb
2042133028871865344,i了i了.,247.825,1770532427,a9bab31
2043510938761906176,很久没有被这样的视频触动了。:),37.464,1770696687,73145f81
2056498043129250304,快乐已get哈哈哈!,9.253,1772244870,74de65b9
1602249954863147264,基于Pytorch框架的花卉图像识别模型实战，求三连加关注！！,3.766,1718094278,82455640
1602250006008848384,基于Pytorch框架的花卉图像识别模型实战，求三连加关注！！,3.766,1718094284,82455640
1602250154134799616,基于Pytorch框架的花卉图像识别模型实战，求三连加关注！！,3.766,1718094302,82455640
1602250105321380608,基于Pytorch框架的花卉图像识别模型实战，求三连加关注！！,3.766,1718094296,82455640
1602250055224556800,基于Pytorch框架的花卉图像识别模型实战，求三连加关注！！,3.766,1718094290,82455640
,,0.0,1775645360.3863423,
lb.c,,0.0,1775645360.3863423,
,,0.0,1775645360.3863423,
1602969349403014144,背景是,0.0,1718180037,ab21a53d
1621835620366372352,已三连博主，跪求资料,171.278,1720429072,ecc8a32d
1709598114895345920,求数据,147.915,1730891176,80991f94
1714559462448084480,已三连，求源码数据集,28.514,1731482615,6b1eb5ce
1765307410907816704,已三连，求花卉图像的DataSet,117.187,1737532242,21d7146c
1794158568766269184,已三连，求资料,8.276,1740971568,24ff77b4
1804645075075297536,已三连 求文件,114.249,1742221657,c085bd0a
2002380992626631936,up主yyds:),7.809,1765793615,2c5180e3
2002463856739421696,i了i了:),42.144,1765803493,af03608b
2002491364285820416,优秀^_^,16.163,1765806772,f55e8a6e
2002867085776585472,厉害!,42.561,1765851562,7b15eeb7
2002932431506180352,只投了两个币的我配看么[脸红]！,52.308,1765859352,47f18758
2002943209013096704,看起来不错!,35.016,1765860636,9d06dad3
2002948736653360896,火钳刘明。,21.183,1765861295,e546586b
2002949394890312960,火钳刘明!,29.821,1765861374,21098974
2002958799090618880,学到了学到了.,68.19,1765862495,443e6dc3
2003000631426273280,看起来不错!,77.37,1765867482,443e6dc3
2024100266114810880,你的视频在此地不要火~,15.442,1768382754,767b8b0f
2024170620111721984,妙啊~,21.012,1768391141,e546586b
2024181903427043072,收藏从未停止，行动从未开始.,94.45,1768392486,c85c452c
2024208676474518016,支持！,9.049,1768395678,c8e388f9
2024763809000208640,爷有生之年关注的up更新了！！,133.715,1768461855,b752aeeb
2038706975143633920,哇哦～^_^,121.656,1770124010,84e2fa2b
2040384849860478464,发个友善的弹幕见证当下919,81.876,1770324028,475e82bb
2042133028871865344,i了i了.,247.825,1770532427,a9bab31
2043510938761906176,很久没有被这样的视频触动了。:),37.464,1770696687,73145f81
2056498043129250304,快乐已get哈哈哈!,9.253,1772244870,74de65b9
1602249954863147264,基于Pytorch框架的花卉图像识别模型实战，求三连加关注！！,3.766,1718094278,82455640
1602250154134799616,基于Pytorch框架的花卉图像识别模型实战，求三连加关注！！,3.766,1718094302,82455640
1602250105321380608,基于Pytorch框架的花卉图像识别模型实战，求三连加关注！！,3.766,1718094296,82455640
1602250055224556800,基于Pytorch框架的花卉图像识别模型实战，求三连加关注！！,3.766,1718094290,82455640
1602250006008848384,基于Pytorch框架的花卉图像识别模型实战，求三连加关注！！,3.766,1718094284,82455640
,,0.0,1775645360.3863423,
lb.c,,0.0,1775645360.3863423,
,,0.0,1775645360.3863423,
1621835620366372352,已三连博主，跪求资料,171.278,1720429072,ecc8a32d
1709598114895345920,求数据,147.915,1730891176,80991f94
1714559462448084480,已三连，求源码数据集,28.514,1731482615,6b1eb5ce
1765307410907816704,已三连，求花卉图像的DataSet,117.187,1737532242,21d7146c
1794158568766269184,已三连，求资料,8.276,1740971568,24ff77b4
1804645075075297536,已三连 求文件,114.249,1742221657,c085bd0a
2002380992626631936,up主yyds:),7.809,1765793615,2c5180e3
2002392734664610560,Mark！,0.0,1765795015,28ac5a2b
2002463856739421696,i了i了:),42.144,1765803493,af03608b
2002491364285820416,优秀^_^,16.163,1765806772,f55e8a6e
2002867085776585472,厉害!,42.561,1765851562,7b15eeb7
2002932431506180352,只投了两个币的我配看么[脸红]！,52.308,1765859352,47f18758
2002943209013096704,看起来不错!,35.016,1765860636,9d06dad3
2002948736653360896,火钳刘明。,21.183,1765861295,e546586b
2002949394890312960,火钳刘明!,29.821,1765861374,21098974
2002958799090618880,学到了学到了.,68.19,1765862495,443e6dc3
2003000631426273280,看起来不错!,77.37,1765867482,443e6dc3
2024100266114810880,你的视频在此地不要火~,15.442,1768382754,767b8b0f
2024170620111721984,妙啊~,21.012,1768391141,e546586b
2024181903427043072,收藏从未停止，行动从未开始.,94.45,1768392486,c85c452c
2024208676474518016,支持！,9.049,1768395678,c8e388f9
2024763809000208640,爷有生之年关注的up更新了！！,133.715,1768461855,b752aeeb
2038706975143633920,哇哦～^_^,121.656,1770124010,84e2fa2b
2040384849860478464,发个友善的弹幕见证当下919,81.876,1770324028,475e82bb
2042133028871865344,i了i了.,247.825,1770532427,a9bab31
2043510938761906176,很久没有被这样的视频触动了。:),37.464,1770696687,73145f81
2056498043129250304,快乐已get哈哈哈!,9.253,1772244870,74de65b9
1602250006008848384,基于Pytorch框架的花卉图像识别模型实战，求三连加关注！！,3.766,1718094284,82455640
1602250105321380608,基于Pytorch框架的花卉图像识别模型实战，求三连加关注！！,3.766,1718094296,82455640
1602249954863147264,基于Pytorch框架的花卉图像识别模型实战，求三连加关注！！,3.766,1718094278,82455640
1602250055224556800,基于Pytorch框架的花卉图像识别模型实战，求三连加关注！！,3.766,1718094290,82455640
1602250154134799616,基于Pytorch框架的花卉图像识别模型实战，求三连加关注！！,3.766,1718094302,82455640
,,0.0,1775645360.3863423,
lb.c,,0.0,1775645360.3863423,
,,0.0,1775645360.3863423,
1621835620366372352,已三连博主，跪求资料,171.278,1720429072,ecc8a32d
1709598114895345920,求数据,147.915,1730891176,80991f94
1714559462448084480,已三连，求源码数据集,28.514,1731482615,6b1eb5ce
1765307410907816704,已三连，求花卉图像的DataSet,117.187,1737532242,21d7146c
1794158568766269184,已三连，求资料,8.276,1740971568,24ff77b4
1804645075075297536,已三连 求文件,114.249,1742221657,c085bd0a
2002380992626631936,up主yyds:),7.809,1765793615,2c5180e3
2002384055886825728,阿婆主加油，支持你~,0.0,1765793980,bc73012d
2002463856739421696,i了i了:),42.144,1765803493,af03608b
2002491364285820416,优秀^_^,16.163,1765806772,f55e8a6e
2002867085776585472,厉害!,42.561,1765851562,7b15eeb7
2002932431506180352,只投了两个币的我配看么[脸红]！,52.308,1765859352,47f18758
2002943209013096704,看起来不错!,35.016,1765860636,9d06dad3
2002948736653360896,火钳刘明。,21.183,1765861295,e546586b
2002949394890312960,火钳刘明!,29.821,1765861374,21098974
2002958799090618880,学到了学到了.,68.19,1765862495,443e6dc3
2003000631426273280,看起来不错!,77.37,1765867482,443e6dc3
2024100266114810880,你的视频在此地不要火~,15.442,1768382754,767b8b0f
2024170620111721984,妙啊~,21.012,1768391141,e546586b
2024181903427043072,收藏从未停止，行动从未开始.,94.45,1768392486,c85c452c
2024208676474518016,支持！,9.049,1768395678,c8e388f9
2024763809000208640,爷有生之年关注的up更新了！！,133.715,1768461855,b752aeeb
2038706975143633920,哇哦～^_^,121.656,1770124010,84e2fa2b
2040384849860478464,发个友善的弹幕见证当下919,81.876,1770324028,475e82bb
2042133028871865344,i了i了.,247.825,1770532427,a9bab31
2043510938761906176,很久没有被这样的视频触动了。:),37.464,1770696687,73145f81
2056498043129250304,快乐已get哈哈哈!,9.253,1772244870,74de65b9
1602250006008848384,基于Pytorch框架的花卉图像识别模型实战，求三连加关注！！,3.766,1718094284,82455640
1602250154134799616,基于Pytorch框架的花卉图像识别模型实战，求三连加关注！！,3.766,1718094302,82455640
1602250105321380608,基于Pytorch框架的花卉图像识别模型实战，求三连加关注！！,3.766,1718094296,82455640
1602250055224556800,基于Pytorch框架的花卉图像识别模型实战，求三连加关注！！,3.766,1718094290,82455640
1602249954863147264,基于Pytorch框架的花卉图像识别模型实战，求三连加关注！！,3.766,1718094278,82455640
,,0.0,1775645360.3863423,
lb.c,,0.0,1775645360.3863423,
,,0.0,1775645360.3863423,
1621835620366372352,已三连博主，跪求资料,171.278,1720429072,ecc8a32d
1709598114895345920,求数据,147.915,1730891176,80991f94
1714559462448084480,已三连，求源码数据集,28.514,1731482615,6b1eb5ce
1765307410907816704,已三连，求花卉图像的DataSet,117.187,1737532242,21d7146c
1794158568766269184,已三连，求资料,8.276,1740971568,24ff77b4
1804645075075297536,已三连 求文件,114.249,1742221657,c085bd0a
2002380992626631936,up主yyds:),7.809,1765793615,2c5180e3
2002463856739421696,i了i了:),42.144,1765803493,af03608b
2002491364285820416,优秀^_^,16.163,1765806772,f55e8a6e
2002867085776585472,厉害!,42.561,1765851562,7b15eeb7
2002932431506180352,只投了两个币的我配看么[脸红]！,52.308,1765859352,47f18758
2002943209013096704,看起来不错!,35.016,1765860636,9d06dad3
2002948736653360896,火钳刘明。,21.183,1765861295,e546586b
2002949394890312960,火钳刘明!,29.821,1765861374,21098974
2002958799090618880,学到了学到了.,68.19,1765862495,443e6dc3
2003000631426273280,看起来不错!,77.37,1765867482,443e6dc3
2024100266114810880,你的视频在此地不要火~,15.442,1768382754,767b8b0f
2024170620111721984,妙啊~,21.012,1768391141,e546586b
2024181903427043072,收藏从未停止，行动从未开始.,94.45,1768392486,c85c452c
2024208676474518016,支持！,9.049,1768395678,c8e388f9
2024241445623677952,i了i了~,0.0,1768399584,fefc3234
2024763809000208640,爷有生之年关注的up更新了！！,133.715,1768461855,b752aeeb
2038706975143633920,哇哦～^_^,121.656,1770124010,84e2fa2b
2040384849860478464,发个友善的弹幕见证当下919,81.876,1770324028,475e82bb
2042133028871865344,i了i了.,247.825,1770532427,a9bab31
2043510938761906176,很久没有被这样的视频触动了。:),37.464,1770696687,73145f81
2056498043129250304,快乐已get哈哈哈!,9.253,1772244870,74de65b9
1602250055224556800,基于Pytorch框架的花卉图像识别模型实战，求三连加关注！！,3.766,1718094290,82455640
1602249954863147264,基于Pytorch框架的花卉图像识别模型实战，求三连加关注！！,3.766,1718094278,82455640
1602250105321380608,基于Pytorch框架的花卉图像识别模型实战，求三连加关注！！,3.766,1718094296,82455640
1602250006008848384,基于Pytorch框架的花卉图像识别模型实战，求三连加关注！！,3.766,1718094284,82455640
1602250154134799616,基于Pytorch框架的花卉图像识别模型实战，求三连加关注！！,3.766,1718094302,82455640
,,0.0,1775645360.3863423,
lb.c,,0.0,1775645360.3863423,
,,0.0,1775645360.3863423,
1621835620366372352,已三连博主，跪求资料,171.278,1720429072,ecc8a32d
1709598114895345920,求数据,147.915,1730891176,80991f94
1714559462448084480,已三连，求源码数据集,28.514,1731482615,6b1eb5ce
1765307410907816704,已三连，求花卉图像的DataSet,117.187,1737532242,21d7146c
1794158568766269184,已三连，求资料,8.276,1740971568,24ff77b4
1804645075075297536,已三连 求文件,114.249,1742221657,c085bd0a
2002380992626631936,up主yyds:),7.809,1765793615,2c5180e3
2002463856739421696,i了i了:),42.144,1765803493,af03608b
2002491364285820416,优秀^_^,16.163,1765806772,f55e8a6e
2002867085776585472,厉害!,42.561,1765851562,7b15eeb7
2002932431506180352,只投了两个币的我配看么[脸红]！,52.308,1765859352,47f18758
2002943209013096704,看起来不错!,35.016,1765860636,9d06dad3
2002948736653360896,火钳刘明。,21.183,1765861295,e546586b
2002949394890312960,火钳刘明!,29.821,1765861374,21098974
2002958799090618880,学到了学到了.,68.19,1765862495,443e6dc3
2003000631426273280,看起来不错!,77.37,1765867482,443e6dc3
2024100266114810880,你的视频在此地不要火~,15.442,1768382754,767b8b0f
2024170620111721984,妙啊~,21.012,1768391141,e546586b
2024181903427043072,收藏从未停止，行动从未开始.,94.45,1768392486,c85c452c
2024208676474518016,支持！,9.049,1768395678,c8e388f9
2024763809000208640,爷有生之年关注的up更新了！！,133.715,1768461855,b752aeeb
2038706975143633920,哇哦～^_^,121.656,1770124010,84e2fa2b
2038742731139893248,看了up主的视频学到了很多感谢^_^,0.0,1770128272,1ba1b5c7
2040384849860478464,发个友善的弹幕见证当下919,81.876,1770324028,475e82bb
2042133028871865344,i了i了.,247.825,1770532427,a9bab31
2043510938761906176,很久没有被这样的视频触动了。:),37.464,1770696687,73145f81
2056498043129250304,快乐已get哈哈哈!,9.253,1772244870,74de65b9
1602250055224556800,基于Pytorch框架的花卉图像识别模型实战，求三连加关注！！,3.766,1718094290,82455640
1602249954863147264,基于Pytorch框架的花卉图像识别模型实战，求三连加关注！！,3.766,1718094278,82455640
1602250154134799616,基于Pytorch框架的花卉图像识别模型实战，求三连加关注！！,3.766,1718094302,82455640
1602250006008848384,基于Pytorch框架的花卉图像识别模型实战，求三连加关注！！,3.766,1718094284,82455640
1602250105321380608,基于Pytorch框架的花卉图像识别模型实战，求三连加关注！！,3.766,1718094296,82455640
,,0.0,1775645360.3863423,
lb.c,,0.0,1775645360.3863423,
,,0.0,1775645360.3863423,
1609307305369718528,up剪辑的真好，赞赞赞~,0.0,1718935580,5f0e24c8
1621835620366372352,已三连博主，跪求资料,171.278,1720429072,ecc8a32d
1709598114895345920,求数据,147.915,1730891176,80991f94
1714559462448084480,已三连，求源码数据集,28.514,1731482615,6b1eb5ce
1765307410907816704,已三连，求花卉图像的DataSet,117.187,1737532242,21d7146c
1794158568766269184,已三连，求资料,8.276,1740971568,24ff77b4
1804645075075297536,已三连 求文件,114.249,1742221657,c085bd0a
2002380992626631936,up主yyds:),7.809,1765793615,2c5180e3
2002463856739421696,i了i了:),42.144,1765803493,af03608b
2002491364285820416,优秀^_^,16.163,1765806772,f55e8a6e
2002867085776585472,厉害!,42.561,1765851562,7b15eeb7
2002932431506180352,只投了两个币的我配看么[脸红]！,52.308,1765859352,47f18758
2002943209013096704,看起来不错!,35.016,1765860636,9d06dad3
2002948736653360896,火钳刘明。,21.183,1765861295,e546586b
2002949394890312960,火钳刘明!,29.821,1765861374,21098974
2002958799090618880,学到了学到了.,68.19,1765862495,443e6dc3
2003000631426273280,看起来不错!,77.37,1765867482,443e6dc3
2024100266114810880,你的视频在此地不要火~,15.442,1768382754,767b8b0f
2024170620111721984,妙啊~,21.012,1768391141,e546586b
2024181903427043072,收藏从未停止，行动从未开始.,94.45,1768392486,c85c452c
2024208676474518016,支持！,9.049,1768395678,c8e388f9
2024763809000208640,爷有生之年关注的up更新了！！,133.715,1768461855,b752aeeb
2038706975143633920,哇哦～^_^,121.656,1770124010,84e2fa2b
2040384849860478464,发个友善的弹幕见证当下919,81.876,1770324028,475e82bb
2042133028871865344,i了i了.,247.825,1770532427,a9bab31
2043510938761906176,很久没有被这样的视频触动了。:),37.464,1770696687,73145f81
2056498043129250304,快乐已get哈哈哈!,9.253,1772244870,74de65b9
1602249954863147264,基于Pytorch框架的花卉图像识别模型实战，求三连加关注！！,3.766,1718094278,82455640
1602250006008848384,基于Pytorch框架的花卉图像识别模型实战，求三连加关注！！,3.766,1718094284,82455640
1602250154134799616,基于Pytorch框架的花卉图像识别模型实战，求三连加关注！！,3.766,1718094302,82455640
1602250105321380608,基于Pytorch框架的花卉图像识别模型实战，求三连加关注！！,3.766,1718094296,82455640
1602250055224556800,基于Pytorch框架的花卉图像识别模型实战，求三连加关注！！,3.766,1718094290,82455640
,,0.0,1775645360.3863423,
lb.c,,0.0,1775645360.3863423,
,,0.0,1775645360.3863423,
1609307305369718528,up剪辑的真好，赞赞赞~,0.0,1718935580,5f0e24c8
1621835620366372352,已三连博主，跪求资料,171.278,1720429072,ecc8a32d
1709598114895345920,求数据,147.915,1730891176,80991f94
1714559462448084480,已三连，求源码数据集,28.514,1731482615,6b1eb5ce
1765307410907816704,已三连，求花卉图像的DataSet,117.187,1737532242,21d7146c
1794158568766269184,已三连，求资料,8.276,1740971568,24ff77b4
1804645075075297536,已三连 求文件,114.249,1742221657,c085bd0a
2002380992626631936,up主yyds:),7.809,1765793615,2c5180e3
2002463856739421696,i了i了:),42.144,1765803493,af03608b
2002491364285820416,优秀^_^,16.163,1765806772,f55e8a6e
2002867085776585472,厉害!,42.561,1765851562,7b15eeb7
2002932431506180352,只投了两个币的我配看么[脸红]！,52.308,1765859352,47f18758
2002943209013096704,看起来不错!,35.016,1765860636,9d06dad3
2002948736653360896,火钳刘明。,21.183,1765861295,e546586b
2002949394890312960,火钳刘明!,29.821,1765861374,21098974
2002958799090618880,学到了学到了.,68.19,1765862495,443e6dc3
2003000631426273280,看起来不错!,77.37,1765867482,443e6dc3
2024100266114810880,你的视频在此地不要火~,15.442,1768382754,767b8b0f
2024170620111721984,妙啊~,21.012,1768391141,e546586b
2024181903427043072,收藏从未停止，行动从未开始.,94.45,1768392486,c85c452c
2024208676474518016,支持！,9.049,1768395678,c8e388f9
2024763809000208640,爷有生之年关注的up更新了！！,133.715,1768461855,b752aeeb
2038706975143633920,哇哦～^_^,121.656,1770124010,84e2fa2b
2040384849860478464,发个友善的弹幕见证当下919,81.876,1770324028,475e82bb
2042133028871865344,i了i了.,247.825,1770532427,a9bab31
2043510938761906176,很久没有被这样的视频触动了。:),37.464,1770696687,73145f81
2056498043129250304,快乐已get哈哈哈!,9.253,1772244870,74de65b9
1602249954863147264,基于Pytorch框架的花卉图像识别模型实战，求三连加关注！！,3.766,1718094278,82455640
1602250154134799616,基于Pytorch框架的花卉图像识别模型实战，求三连加关注！！,3.766,1718094302,82455640
1602250006008848384,基于Pytorch框架的花卉图像识别模型实战，求三连加关注！！,3.766,1718094284,82455640
1602250055224556800,基于Pytorch框架的花卉图像识别模型实战，求三连加关注！！,3.766,1718094290,82455640
1602250105321380608,基于Pytorch框架的花卉图像识别模型实战，求三连加关注！！,3.766,1718094296,82455640
,,0.0,1775645360.3863423,
lb.c,,0.0,1775645360.3863423,
,,0.0,1775645360.3863423,
1621835620366372352,已三连博主，跪求资料,171.278,1720429072,ecc8a32d
1709598114895345920,求数据,147.915,1730891176,80991f94
1714559462448084480,已三连，求源码数据集,28.514,1731482615,6b1eb5ce
1765307410907816704,已三连，求花卉图像的DataSet,117.187,1737532242,21d7146c
1794158568766269184,已三连，求资料,8.276,1740971568,24ff77b4
1804645075075297536,已三连 求文件,114.249,1742221657,c085bd0a
2002380992626631936,up主yyds:),7.809,1765793615,2c5180e3
2002463856739421696,i了i了:),42.144,1765803493,af03608b
2002491364285820416,优秀^_^,16.163,1765806772,f55e8a6e
2002867085776585472,厉害!,42.561,1765851562,7b15eeb7
2002932431506180352,只投了两个币的我配看么[脸红]！,52.308,1765859352,47f18758
2002943209013096704,看起来不错!,35.016,1765860636,9d06dad3
2002948736653360896,火钳刘明。,21.183,1765861295,e546586b
2002949394890312960,火钳刘明!,29.821,1765861374,21098974
2002958799090618880,学到了学到了.,68.19,1765862495,443e6dc3
2003000631426273280,看起来不错!,77.37,1765867482,443e6dc3
2024100266114810880,你的视频在此地不要火~,15.442,1768382754,767b8b0f
2024170620111721984,妙啊~,21.012,1768391141,e546586b
2024181903427043072,收藏从未停止，行动从未开始.,94.45,1768392486,c85c452c
2024208676474518016,支持！,9.049,1768395678,c8e388f9
2024763809000208640,爷有生之年关注的up更新了！！,133.715,1768461855,b752aeeb
2038706975143633920,哇哦～^_^,121.656,1770124010,84e2fa2b
2040384849860478464,发个友善的弹幕见证当下919,81.876,1770324028,475e82bb
2042133028871865344,i了i了.,247.825,1770532427,a9bab31
2042809898336968448,妙啊.,0.0,1770613116,1ba1b5c7
2043510938761906176,很久没有被这样的视频触动了。:),37.464,1770696687,73145f81
2056498043129250304,快乐已get哈哈哈!,9.253,1772244870,74de65b9
1602250154134799616,基于Pytorch框架的花卉图像识别模型实战，求三连加关注！！,3.766,1718094302,82455640
1602250006008848384,基于Pytorch框架的花卉图像识别模型实战，求三连加关注！！,3.766,1718094284,82455640
1602250105321380608,基于Pytorch框架的花卉图像识别模型实战，求三连加关注！！,3.766,1718094296,82455640
1602250055224556800,基于Pytorch框架的花卉图像识别模型实战，求三连加关注！！,3.766,1718094290,82455640
1602249954863147264,基于Pytorch框架的花卉图像识别模型实战，求三连加关注！！,3.766,1718094278,82455640
,,0.0,1775645360.3863423,
lb.c,,0.0,1775645360.3863423,
,,0.0,1775645360.3863423,
1621835620366372352,已三连博主，跪求资料,171.278,1720429072,ecc8a32d
1709598114895345920,求数据,147.915,1730891176,80991f94
1714559462448084480,已三连，求源码数据集,28.514,1731482615,6b1eb5ce
1765307410907816704,已三连，求花卉图像的DataSet,117.187,1737532242,21d7146c
1794158568766269184,已三连，求资料,8.276,1740971568,24ff77b4
1804645075075297536,已三连 求文件,114.249,1742221657,c085bd0a
2002380992626631936,up主yyds:),7.809,1765793615,2c5180e3
2002463856739421696,i了i了:),42.144,1765803493,af03608b
2002491364285820416,优秀^_^,16.163,1765806772,f55e8a6e
2002867085776585472,厉害!,42.561,1765851562,7b15eeb7
2002932431506180352,只投了两个币的我配看么[脸红]！,52.308,1765859352,47f18758
2002943209013096704,看起来不错!,35.016,1765860636,9d06dad3
2002948736653360896,火钳刘明。,21.183,1765861295,e546586b
2002949394890312960,火钳刘明!,29.821,1765861374,21098974
2002958799090618880,学到了学到了.,68.19,1765862495,443e6dc3
2003000631426273280,看起来不错!,77.37,1765867482,443e6dc3
2024100266114810880,你的视频在此地不要火~,15.442,1768382754,767b8b0f
2024156564914847232,进收藏夹吃灰~,0.0,1768389466,1ba1b5c7
2024170620111721984,妙啊~,21.012,1768391141,e546586b
2024181903427043072,收藏从未停止，行动从未开始.,94.45,1768392486,c85c452c
2024208676474518016,支持！,9.049,1768395678,c8e388f9
2024763809000208640,爷有生之年关注的up更新了！！,133.715,1768461855,b752aeeb
2038706975143633920,哇哦～^_^,121.656,1770124010,84e2fa2b
2040384849860478464,发个友善的弹幕见证当下919,81.876,1770324028,475e82bb
2042133028871865344,i了i了.,247.825,1770532427,a9bab31
2043510938761906176,很久没有被这样的视频触动了。:),37.464,1770696687,73145f81
2056498043129250304,快乐已get哈哈哈!,9.253,1772244870,74de65b9
1602249954863147264,基于Pytorch框架的花卉图像识别模型实战，求三连加关注！！,3.766,1718094278,82455640
1602250105321380608,基于Pytorch框架的花卉图像识别模型实战，求三连加关注！！,3.766,1718094296,82455640
1602250006008848384,基于Pytorch框架的花卉图像识别模型实战，求三连加关注！！,3.766,1718094284,82455640
1602250154134799616,基于Pytorch框架的花卉图像识别模型实战，求三连加关注！！,3.766,1718094302,82455640
1602250055224556800,基于Pytorch框架的花卉图像识别模型实战，求三连加关注！！,3.766,1718094290,82455640
,,0.0,1775645360.3863423,
lb.c,,0.0,1775645360.3863423,
,,0.0,1775645360.3863423,
1609292714250468608,你值得得到更多推广:),0.0,1718933841,d99133be
1621835620366372352,已三连博主，跪求资料,171.278,1720429072,ecc8a32d
1709598114895345920,求数据,147.915,1730891176,80991f94
1714559462448084480,已三连，求源码数据集,28.514,1731482615,6b1eb5ce
1765307410907816704,已三连，求花卉图像的DataSet,117.187,1737532242,21d7146c
1794158568766269184,已三连，求资料,8.276,1740971568,24ff77b4
1804645075075297536,已三连 求文件,114.249,1742221657,c085bd0a
2002380992626631936,up主yyds:),7.809,1765793615,2c5180e3
2002463856739421696,i了i了:),42.144,1765803493,af03608b
2002491364285820416,优秀^_^,16.163,1765806772,f55e8a6e
2002867085776585472,厉害!,42.561,1765851562,7b15eeb7
2002932431506180352,只投了两个币的我配看么[脸红]！,52.308,1765859352,47f18758
2002943209013096704,看起来不错!,35.016,1765860636,9d06dad3
2002948736653360896,火钳刘明。,21.183,1765861295,e546586b
2002949394890312960,火钳刘明!,29.821,1765861374,21098974
2002958799090618880,学到了学到了.,68.19,1765862495,443e6dc3
2003000631426273280,看起来不错!,77.37,1765867482,443e6dc3
2024100266114810880,你的视频在此地不要火~,15.442,1768382754,767b8b0f
2024170620111721984,妙啊~,21.012,1768391141,e546586b
2024181903427043072,收藏从未停止，行动从未开始.,94.45,1768392486,c85c452c
2024208676474518016,支持！,9.049,1768395678,c8e388f9
2024763809000208640,爷有生之年关注的up更新了！！,133.715,1768461855,b752aeeb
2038706975143633920,哇哦～^_^,121.656,1770124010,84e2fa2b
2040384849860478464,发个友善的弹幕见证当下919,81.876,1770324028,475e82bb
2042133028871865344,i了i了.,247.825,1770532427,a9bab31
2043510938761906176,很久没有被这样的视频触动了。:),37.464,1770696687,73145f81
2056498043129250304,快乐已get哈哈哈!,9.253,1772244870,74de65b9
1602250055224556800,基于Pytorch框架的花卉图像识别模型实战，求三连加关注！！,3.766,1718094290,82455640
1602250006008848384,基于Pytorch框架的花卉图像识别模型实战，求三连加关注！！,3.766,1718094284,82455640
1602250105321380608,基于Pytorch框架的花卉图像识别模型实战，求三连加关注！！,3.766,1718094296,82455640
1602249954863147264,基于Pytorch框架的花卉图像识别模型实战，求三连加关注！！,3.766,1718094278,82455640
1602250154134799616,基于Pytorch框架的花卉图像识别模型实战，求三连加关注！！,3.766,1718094302,82455640
,,0.0,1775645360.3863423,
lb.c,,0.0,1775645360.3863423,
,,0.0,1775645360.3863423,
1621835620366372352,已三连博主，跪求资料,171.278,1720429072,ecc8a32d
1709598114895345920,求数据,147.915,1730891176,80991f94
1714559462448084480,已三连，求源码数据集,28.514,1731482615,6b1eb5ce
1765307410907816704,已三连，求花卉图像的DataSet,117.187,1737532242,21d7146c
1794158568766269184,已三连，求资料,8.276,1740971568,24ff77b4
1804645075075297536,已三连 求文件,114.249,1742221657,c085bd0a
2002380992626631936,up主yyds:),7.809,1765793615,2c5180e3
2002463856739421696,i了i了:),42.144,1765803493,af03608b
2002466248046258432,视频不错。,0.0,1765803778,155d46cc
2002491364285820416,优秀^_^,16.163,1765806772,f55e8a6e
2002867085776585472,厉害!,42.561,1765851562,7b15eeb7
2002932431506180352,只投了两个币的我配看么[脸红]！,52.308,1765859352,47f18758
2002943209013096704,看起来不错!,35.016,1765860636,9d06dad3
2002948736653360896,火钳刘明。,21.183,1765861295,e546586b
2002949394890312960,火钳刘明!,29.821,1765861374,21098974
2002958799090618880,学到了学到了.,68.19,1765862495,443e6dc3
2003000631426273280,看起来不错!,77.37,1765867482,443e6dc3
2024100266114810880,你的视频在此地不要火~,15.442,1768382754,767b8b0f
2024170620111721984,妙啊~,21.012,1768391141,e546586b
2024181903427043072,收藏从未停止，行动从未开始.,94.45,1768392486,c85c452c
2024208676474518016,支持！,9.049,1768395678,c8e388f9
2024763809000208640,爷有生之年关注的up更新了！！,133.715,1768461855,b752aeeb
2038706975143633920,哇哦～^_^,121.656,1770124010,84e2fa2b
2040384849860478464,发个友善的弹幕见证当下919,81.876,1770324028,475e82bb
2042133028871865344,i了i了.,247.825,1770532427,a9bab31
2043510938761906176,很久没有被这样的视频触动了。:),37.464,1770696687,73145f81
2056498043129250304,快乐已get哈哈哈!,9.253,1772244870,74de65b9
1602250006008848384,基于Pytorch框架的花卉图像识别模型实战，求三连加关注！！,3.766,1718094284,82455640
1602250105321380608,基于Pytorch框架的花卉图像识别模型实战，求三连加关注！！,3.766,1718094296,82455640
1602250154134799616,基于Pytorch框架的花卉图像识别模型实战，求三连加关注！！,3.766,1718094302,82455640
1602249954863147264,基于Pytorch框架的花卉图像识别模型实战，求三连加关注！！,3.766,1718094278,82455640
1602250055224556800,基于Pytorch框架的花卉图像识别模型实战，求三连加关注！！,3.766,1718094290,82455640
,,0.0,1775645360.3863423,
lb.c,,0.0,1775645360.3863423,
,,0.0,1775645360.3863423,
1621835620366372352,已三连博主，跪求资料,171.278,1720429072,ecc8a32d
1709598114895345920,求数据,147.915,1730891176,80991f94
1714559462448084480,已三连，求源码数据集,28.514,1731482615,6b1eb5ce
1765307410907816704,已三连，求花卉图像的DataSet,117.187,1737532242,21d7146c
1794158568766269184,已三连，求资料,8.276,1740971568,24ff77b4
1804645075075297536,已三连 求文件,114.249,1742221657,c085bd0a
2002380992626631936,up主yyds:),7.809,1765793615,2c5180e3
2002463856739421696,i了i了:),42.144,1765803493,af03608b
2002491364285820416,优秀^_^,16.163,1765806772,f55e8a6e
2002867085776585472,厉害!,42.561,1765851562,7b15eeb7
2002932431506180352,只投了两个币的我配看么[脸红]！,52.308,1765859352,47f18758
2002943209013096704,看起来不错!,35.016,1765860636,9d06dad3
2002948736653360896,火钳刘明。,21.183,1765861295,e546586b
2002949394890312960,火钳刘明!,29.821,1765861374,21098974
2002958799090618880,学到了学到了.,68.19,1765862495,443e6dc3
2003000631426273280,看起来不错!,77.37,1765867482,443e6dc3
2024100266114810880,你的视频在此地不要火~,15.442,1768382754,767b8b0f
2024170620111721984,妙啊~,21.012,1768391141,e546586b
2024181903427043072,收藏从未停止，行动从未开始.,94.45,1768392486,c85c452c
2024208676474518016,支持！,9.049,1768395678,c8e388f9
2024763809000208640,爷有生之年关注的up更新了！！,133.715,1768461855,b752aeeb
2038706975143633920,哇哦～^_^,121.656,1770124010,84e2fa2b
2040384849860478464,发个友善的弹幕见证当下919,81.876,1770324028,475e82bb
2042133028871865344,i了i了.,247.825,1770532427,a9bab31
2042809898336968448,妙啊.,0.0,1770613116,1ba1b5c7
2043510938761906176,很久没有被这样的视频触动了。:),37.464,1770696687,73145f81
2056498043129250304,快乐已get哈哈哈!,9.253,1772244870,74de65b9
1602250154134799616,基于Pytorch框架的花卉图像识别模型实战，求三连加关注！！,3.766,1718094302,82455640
1602250006008848384,基于Pytorch框架的花卉图像识别模型实战，求三连加关注！！,3.766,1718094284,82455640
1602250105321380608,基于Pytorch框架的花卉图像识别模型实战，求三连加关注！！,3.766,1718094296,82455640
1602250055224556800,基于Pytorch框架的花卉图像识别模型实战，求三连加关注！！,3.766,1718094290,82455640
1602249954863147264,基于Pytorch框架的花卉图像识别模型实战，求三连加关注！！,3.766,1718094278,82455640
,,0.0,1775645360.3863423,
lb.c,,0.0,1775645360.3863423,
,,0.0,1775645360.3863423,
1621835620366372352,已三连博主，跪求资料,171.278,1720429072,ecc8a32d
1709598114895345920,求数据,147.915,1730891176,80991f94
1714559462448084480,已三连，求源码数据集,28.514,1731482615,6b1eb5ce
1765307410907816704,已三连，求花卉图像的DataSet,117.187,1737532242,21d7146c
1794158568766269184,已三连，求资料,8.276,1740971568,24ff77b4
1804645075075297536,已三连 求文件,114.249,1742221657,c085bd0a
2002380992626631936,up主yyds:),7.809,1765793615,2c5180e3
2002392734664610560,Mark！,0.0,1765795015,28ac5a2b
2002463856739421696,i了i了:),42.144,1765803493,af03608b
2002491364285820416,优秀^_^,16.163,1765806772,f55e8a6e
2002867085776585472,厉害!,42.561,1765851562,7b15eeb7
2002932431506180352,只投了两个币的我配看么[脸红]！,52.308,1765859352,47f18758
2002943209013096704,看起来不错!,35.016,1765860636,9d06dad3
2002948736653360896,火钳刘明。,21.183,1765861295,e546586b
2002949394890312960,火钳刘明!,29.821,1765861374,21098974
2002958799090618880,学到了学到了.,68.19,1765862495,443e6dc3
2003000631426273280,看起来不错!,77.37,1765867482,443e6dc3
2024100266114810880,你的视频在此地不要火~,15.442,1768382754,767b8b0f
2024170620111721984,妙啊~,21.012,1768391141,e546586b
2024181903427043072,收藏从未停止，行动从未开始.,94.45,1768392486,c85c452c
2024208676474518016,支持！,9.049,1768395678,c8e388f9
2024763809000208640,爷有生之年关注的up更新了！！,133.715,1768461855,b752aeeb
2038706975143633920,哇哦～^_^,121.656,1770124010,84e2fa2b
2040384849860478464,发个友善的弹幕见证当下919,81.876,1770324028,475e82bb
2042133028871865344,i了i了.,247.825,1770532427,a9bab31
2043510938761906176,很久没有被这样的视频触动了。:),37.464,1770696687,73145f81
2056498043129250304,快乐已get哈哈哈!,9.253,1772244870,74de65b9
1602250055224556800,基于Pytorch框架的花卉图像识别模型实战，求三连加关注！！,3.766,1718094290,82455640
1602250154134799616,基于Pytorch框架的花卉图像识别模型实战，求三连加关注！！,3.766,1718094302,82455640
1602249954863147264,基于Pytorch框架的花卉图像识别模型实战，求三连加关注！！,3.766,1718094278,82455640
1602250105321380608,基于Pytorch框架的花卉图像识别模型实战，求三连加关注！！,3.766,1718094296,82455640
1602250006008848384,基于Pytorch框架的花卉图像识别模型实战，求三连加关注！！,3.766,1718094284,82455640
,,0.0,1775645360.3863423,
lb.c,,0.0,1775645360.3863423,
,,0.0,1775645360.3863423,
1621835620366372352,已三连博主，跪求资料,171.278,1720429072,ecc8a32d
1709598114895345920,求数据,147.915,1730891176,80991f94
1765307410907816704,已三连，求花卉图像的DataSet,117.187,1737532242,21d7146c
1794158568766269184,已三连，求资料,8.276,1740971568,24ff77b4
1804645075075297536,已三连 求文件,114.249,1742221657,c085bd0a
2002380992626631936,up主yyds:),7.809,1765793615,2c5180e3
2002386681135011584,学到了学到了~,0.0,1765794293,2f7c324a
2002463856739421696,i了i了:),42.144,1765803493,af03608b
2002485008254232576,我们会一直陪着你的。,20.716,1765806015,c6623a38
2002799094917305600,不错不错,26.14,1765843457,d1191d14
2002867085776585472,厉害!,42.561,1765851562,7b15eeb7
2002943209013096704,看起来不错!,35.016,1765860636,9d06dad3
2002948736653360896,火钳刘明。,21.183,1765861295,e546586b
2002949394890312960,火钳刘明!,29.821,1765861374,21098974
2002958799090618880,学到了学到了.,68.19,1765862495,443e6dc3
2003000631426273280,看起来不错!,77.37,1765867482,443e6dc3
2024100266114810880,你的视频在此地不要火~,15.442,1768382754,767b8b0f
2024181903427043072,收藏从未停止，行动从未开始.,94.45,1768392486,c85c452c
2024616701538476032,一起加油。,11.841,1768444318,5bd395e9
2024763809000208640,爷有生之年关注的up更新了！！,133.715,1768461855,b752aeeb
2038706975143633920,哇哦～^_^,121.656,1770124010,84e2fa2b
2040384849860478464,发个友善的弹幕见证当下919,81.876,1770324028,475e82bb
2040983682378482432,当浮一大白！。,28.289,1770395414,6bc913e8
2042133028871865344,i了i了.,247.825,1770532427,a9bab31
2042750646351965696,发个友善的弹幕见证当下1947,55.154,1770606053,62e181c3
2043510938761906176,很久没有被这样的视频触动了。:),37.464,1770696687,73145f81
2052263366705880064,有生之年！.,8.372,1771740057,e1c19366
1602250154134799616,基于Pytorch框架的花卉图像识别模型实战，求三连加关注！！,3.766,1718094302,82455640
1602250055224556800,基于Pytorch框架的花卉图像识别模型实战，求三连加关注！！,3.766,1718094290,82455640
1602250006008848384,基于Pytorch框架的花卉图像识别模型实战，求三连加关注！！,3.766,1718094284,82455640
1602250105321380608,基于Pytorch框架的花卉图像识别模型实战，求三连加关注！！,3.766,1718094296,82455640
1602249954863147264,基于Pytorch框架的花卉图像识别模型实战，求三连加关注！！,3.766,1718094278,82455640
,,0.0,1775645360.3863423,
lb.c,,0.0,1775645360.3863423,
,,0.0,1775645360.3863423,
1621835620366372352,已三连博主，跪求资料,171.278,1720429072,ecc8a32d
1709598114895345920,求数据,147.915,1730891176,80991f94
1714559462448084480,已三连，求源码数据集,28.514,1731482615,6b1eb5ce
1765307410907816704,已三连，求花卉图像的DataSet,117.187,1737532242,21d7146c
1794158568766269184,已三连，求资料,8.276,1740971568,24ff77b4
1804645075075297536,已三连 求文件,114.249,1742221657,c085bd0a
2002380992626631936,up主yyds:),7.809,1765793615,2c5180e3
2002463856739421696,i了i了:),42.144,1765803493,af03608b
2002491364285820416,优秀^_^,16.163,1765806772,f55e8a6e
2002867085776585472,厉害!,42.561,1765851562,7b15eeb7
2002932431506180352,只投了两个币的我配看么[脸红]！,52.308,1765859352,47f18758
2002943209013096704,看起来不错!,35.016,1765860636,9d06dad3
2002948736653360896,火钳刘明。,21.183,1765861295,e546586b
2002949394890312960,火钳刘明!,29.821,1765861374,21098974
2002958799090618880,学到了学到了.,68.19,1765862495,443e6dc3
2003000631426273280,看起来不错!,77.37,1765867482,443e6dc3
2024100266114810880,你的视频在此地不要火~,15.442,1768382754,767b8b0f
2024170620111721984,妙啊~,21.012,1768391141,e546586b
2024181903427043072,收藏从未停止，行动从未开始.,94.45,1768392486,c85c452c
2024208676474518016,支持！,9.049,1768395678,c8e388f9
2024241115876324864,这个真收藏了，很有用。,0.0,1768399545,64a0500d
2024763809000208640,爷有生之年关注的up更新了！！,133.715,1768461855,b752aeeb
2038706975143633920,哇哦～^_^,121.656,1770124010,84e2fa2b
2040384849860478464,发个友善的弹幕见证当下919,81.876,1770324028,475e82bb
2042133028871865344,i了i了.,247.825,1770532427,a9bab31
2043510938761906176,很久没有被这样的视频触动了。:),37.464,1770696687,73145f81
2056498043129250304,快乐已get哈哈哈!,9.253,1772244870,74de65b9
1602250154134799616,基于Pytorch框架的花卉图像识别模型实战，求三连加关注！！,3.766,1718094302,82455640
1602250105321380608,基于Pytorch框架的花卉图像识别模型实战，求三连加关注！！,3.766,1718094296,82455640
1602250006008848384,基于Pytorch框架的花卉图像识别模型实战，求三连加关注！！,3.766,1718094284,82455640
1602249954863147264,基于Pytorch框架的花卉图像识别模型实战，求三连加关注！！,3.766,1718094278,82455640
1602250055224556800,基于Pytorch框架的花卉图像识别模型实战，求三连加关注！！,3.766,1718094290,82455640
,,0.0,1775645360.3863423,
lb.c,,0.0,1775645360.3863423,
,,0.0,1775645360.3863423,
1621835620366372352,已三连博主，跪求资料,171.278,1720429072,ecc8a32d
1709598114895345920,求数据,147.915,1730891176,80991f94
1714559462448084480,已三连，求源码数据集,28.514,1731482615,6b1eb5ce
1765307410907816704,已三连，求花卉图像的DataSet,117.187,1737532242,21d7146c
1794158568766269184,已三连，求资料,8.276,1740971568,24ff77b4
1804645075075297536,已三连 求文件,114.249,1742221657,c085bd0a
2002380992626631936,up主yyds:),7.809,1765793615,2c5180e3
2002463856739421696,i了i了:),42.144,1765803493,af03608b
2002491364285820416,优秀^_^,16.163,1765806772,f55e8a6e
2002867085776585472,厉害!,42.561,1765851562,7b15eeb7
2002932431506180352,只投了两个币的我配看么[脸红]！,52.308,1765859352,47f18758
2002943209013096704,看起来不错!,35.016,1765860636,9d06dad3
2002948736653360896,火钳刘明。,21.183,1765861295,e546586b
2002949394890312960,火钳刘明!,29.821,1765861374,21098974
2002958799090618880,学到了学到了.,68.19,1765862495,443e6dc3
2003000631426273280,看起来不错!,77.37,1765867482,443e6dc3
2024100266114810880,你的视频在此地不要火~,15.442,1768382754,767b8b0f
2024170620111721984,妙啊~,21.012,1768391141,e546586b
2024181903427043072,收藏从未停止，行动从未开始.,94.45,1768392486,c85c452c
2024208676474518016,支持！,9.049,1768395678,c8e388f9
2024763809000208640,爷有生之年关注的up更新了！！,133.715,1768461855,b752aeeb
2038706975143633920,哇哦～^_^,121.656,1770124010,84e2fa2b
2038742731139893248,看了up主的视频学到了很多感谢^_^,0.0,1770128272,1ba1b5c7
2040384849860478464,发个友善的弹幕见证当下919,81.876,1770324028,475e82bb
2042133028871865344,i了i了.,247.825,1770532427,a9bab31
2043510938761906176,很久没有被这样的视频触动了。:),37.464,1770696687,73145f81
2056498043129250304,快乐已get哈哈哈!,9.253,1772244870,74de65b9
1602250154134799616,基于Pytorch框架的花卉图像识别模型实战，求三连加关注！！,3.766,1718094302,82455640
1602250105321380608,基于Pytorch框架的花卉图像识别模型实战，求三连加关注！！,3.766,1718094296,82455640
1602250055224556800,基于Pytorch框架的花卉图像识别模型实战，求三连加关注！！,3.766,1718094290,82455640
1602250006008848384,基于Pytorch框架的花卉图像识别模型实战，求三连加关注！！,3.766,1718094284,82455640
1602249954863147264,基于Pytorch框架的花卉图像识别模型实战，求三连加关注！！,3.766,1718094278,82455640
,,0.0,1775645360.3863423,
lb.c,,0.0,1775645360.3863423,
,,0.0,1775645360.3863423,
