danmaku_id,content,progress,ctime,user_hash
1994574921476614656,怎么感觉老马样子有点变了？只是换了发型吗？好像变年轻了,180.339,1764863059,460903e3
2004640743767618304,马斯克就该做该做的事，毕竟商业才是他的主盘,43.993,1766062998,7358fdf0
2005448932058318848,人类掌控AI,67.398,1766159342,89ea5ed6
2006583982376567808,瘦了吧,195.511,1766294650,8ac593fe
2008194677521626368,哇聪明的额头,251.569,1766486660,f89301d5
2008243038467529728,科技改变一切,66.723,1766492425,4ba0e74c
2067352387282502144,人家这些巨富变年轻的手段多着呢，有些很贵不是一般人用的起的，有些比较隐蔽不是一般人能接触到的。,219.62,1773538809,610054c7
2078588419852047616,这个衣服板正 也显年轻,229.245,1774878248,392f8f5e
2083289610448319232,怎么感觉老马的样子变了变苍老了很多？,201.793,1775438674,76a4e857
1986501343808528896,2025年11月19号｜华盛顿，美国,32.244,1763900613,f138e03a
1992584442061544192,视频中的所有涉及的Grok，指的是马斯克旗下的AI公司,26.896,1764625775,f138e03a
1992573801397355776,EV指的是新能源汽车,98.945,1764624507,f138e03a
,,0.0,1775655591.4716349,
lb.c,,0.0,1775655591.4716349,
,,0.0,1775655591.4716349,
1990730617591017472,？？？？？？？？？,509.704,1764404782,ec41363d
1997406083832238080,牛,381.08,1765200560,baae3be5
2077020586450135808,赚虚拟币是吗，头脑玩家,521.474,1774691348,20850664
2022128542133513472,Iain M. Banks 的《文化》系列（The Culture series）,549.052,1768147706,f138e03a
1992574871070870784,Gork，指的是马斯克旗下的AIgongsi,426.998,1764624634,f138e03a
1992575292279532544,Grok，这里指的是马斯克旗下的AI公司,426.626,1764624684,f138e03a
,,0.0,1775655591.4716349,
lb.c,,0.0,1775655591.4716349,
,,0.0,1775655591.4716349,
2021258231821272832,啦啦啦啦啦啦啦啦啦啦啦啦啦啦啦啦啦啦啦啦啦啦啦啦啦啦啦啦啦啦啦啦啦啦啦啦啦啦啦啦啦啦啦啦啦啦啦啦啦啦啦啦啦啦啦啦啦啦啦啦啦啦啦啦啦啦啦啦啦啦啦啦啦啦啦啦啦啦啦啦啦啦啦啦啦啦啦啦啦啦啦啦啦啦啦啦啦啦啦啦,835.919,1768043957,978e3cdf
2023941527201943296,有缘,1009.212,1768363831,f9267d71
1992576471591898880,这里指的是Grok，马斯克的AI,892.03,1764624825,f138e03a
1992575965884691968,这里指的是马斯克的Grok，也就是马斯克的AI公司,822.558,1764624765,f138e03a
,,0.0,1775655591.4716349,
lb.c,,0.0,1775655591.4716349,
,,0.0,1775655591.4716349,
1992579454891358720,1/20亿,1251.31,1764625181,f138e03a
,,0.0,1775655591.4716349,
lb.c,,0.0,1775655591.4716349,
,,0.0,1775655591.4716349,
1994363185628737024,？？？？,1561.291,1764837818,5689d4dd
1992583055156159744,Grok，马斯克旗下的AI,1609.694,1764625610,f138e03a
,,0.0,1775655591.4716349,
lb.c,,0.0,1775655591.4716349,
,,0.0,1775655591.4716349,
1994574921476614656,怎么感觉老马样子有点变了？只是换了发型吗？好像变年轻了,180.339,1764863059,460903e3
2004640743767618304,马斯克就该做该做的事，毕竟商业才是他的主盘,43.993,1766062998,7358fdf0
2005448932058318848,人类掌控AI,67.398,1766159342,89ea5ed6
2006583982376567808,瘦了吧,195.511,1766294650,8ac593fe
2008194677521626368,哇聪明的额头,251.569,1766486660,f89301d5
2008243038467529728,科技改变一切,66.723,1766492425,4ba0e74c
2067352387282502144,人家这些巨富变年轻的手段多着呢，有些很贵不是一般人用的起的，有些比较隐蔽不是一般人能接触到的。,219.62,1773538809,610054c7
2078588419852047616,这个衣服板正 也显年轻,229.245,1774878248,392f8f5e
2083289610448319232,怎么感觉老马的样子变了变苍老了很多？,201.793,1775438674,76a4e857
1986501343808528896,2025年11月19号｜华盛顿，美国,32.244,1763900613,f138e03a
1992584442061544192,视频中的所有涉及的Grok，指的是马斯克旗下的AI公司,26.896,1764625775,f138e03a
1992573801397355776,EV指的是新能源汽车,98.945,1764624507,f138e03a
,,0.0,1775655591.4716349,
lb.c,,0.0,1775655591.4716349,
,,0.0,1775655591.4716349,
1990730617591017472,？？？？？？？？？,509.704,1764404782,ec41363d
1997406083832238080,牛,381.08,1765200560,baae3be5
2077020586450135808,赚虚拟币是吗，头脑玩家,521.474,1774691348,20850664
1992574871070870784,Gork，指的是马斯克旗下的AIgongsi,426.998,1764624634,f138e03a
2022128542133513472,Iain M. Banks 的《文化》系列（The Culture series）,549.052,1768147706,f138e03a
1992575292279532544,Grok，这里指的是马斯克旗下的AI公司,426.626,1764624684,f138e03a
,,0.0,1775655591.4716349,
lb.c,,0.0,1775655591.4716349,
,,0.0,1775655591.4716349,
2021258231821272832,啦啦啦啦啦啦啦啦啦啦啦啦啦啦啦啦啦啦啦啦啦啦啦啦啦啦啦啦啦啦啦啦啦啦啦啦啦啦啦啦啦啦啦啦啦啦啦啦啦啦啦啦啦啦啦啦啦啦啦啦啦啦啦啦啦啦啦啦啦啦啦啦啦啦啦啦啦啦啦啦啦啦啦啦啦啦啦啦啦啦啦啦啦啦啦啦啦啦啦啦,835.919,1768043957,978e3cdf
2023941527201943296,有缘,1009.212,1768363831,f9267d71
1992576471591898880,这里指的是Grok，马斯克的AI,892.03,1764624825,f138e03a
1992575965884691968,这里指的是马斯克的Grok，也就是马斯克的AI公司,822.558,1764624765,f138e03a
,,0.0,1775655591.4716349,
lb.c,,0.0,1775655591.4716349,
,,0.0,1775655591.4716349,
1992579454891358720,1/20亿,1251.31,1764625181,f138e03a
,,0.0,1775655591.4716349,
lb.c,,0.0,1775655591.4716349,
,,0.0,1775655591.4716349,
1994363185628737024,？？？？,1561.291,1764837818,5689d4dd
1992583055156159744,Grok，马斯克旗下的AI,1609.694,1764625610,f138e03a
,,0.0,1775655591.4716349,
lb.c,,0.0,1775655591.4716349,
,,0.0,1775655591.4716349,
1994574921476614656,怎么感觉老马样子有点变了？只是换了发型吗？好像变年轻了,180.339,1764863059,460903e3
2004640743767618304,马斯克就该做该做的事，毕竟商业才是他的主盘,43.993,1766062998,7358fdf0
2005448932058318848,人类掌控AI,67.398,1766159342,89ea5ed6
2006583982376567808,瘦了吧,195.511,1766294650,8ac593fe
2008194677521626368,哇聪明的额头,251.569,1766486660,f89301d5
2008243038467529728,科技改变一切,66.723,1766492425,4ba0e74c
2067352387282502144,人家这些巨富变年轻的手段多着呢，有些很贵不是一般人用的起的，有些比较隐蔽不是一般人能接触到的。,219.62,1773538809,610054c7
2078588419852047616,这个衣服板正 也显年轻,229.245,1774878248,392f8f5e
2083289610448319232,怎么感觉老马的样子变了变苍老了很多？,201.793,1775438674,76a4e857
1992584442061544192,视频中的所有涉及的Grok，指的是马斯克旗下的AI公司,26.896,1764625775,f138e03a
1986501343808528896,2025年11月19号｜华盛顿，美国,32.244,1763900613,f138e03a
1992573801397355776,EV指的是新能源汽车,98.945,1764624507,f138e03a
,,0.0,1775655591.4716349,
lb.c,,0.0,1775655591.4716349,
,,0.0,1775655591.4716349,
1990730617591017472,？？？？？？？？？,509.704,1764404782,ec41363d
1997406083832238080,牛,381.08,1765200560,baae3be5
2077020586450135808,赚虚拟币是吗，头脑玩家,521.474,1774691348,20850664
1992575292279532544,Grok，这里指的是马斯克旗下的AI公司,426.626,1764624684,f138e03a
2022128542133513472,Iain M. Banks 的《文化》系列（The Culture series）,549.052,1768147706,f138e03a
1992574871070870784,Gork，指的是马斯克旗下的AIgongsi,426.998,1764624634,f138e03a
,,0.0,1775655591.4716349,
lb.c,,0.0,1775655591.4716349,
,,0.0,1775655591.4716349,
2021258231821272832,啦啦啦啦啦啦啦啦啦啦啦啦啦啦啦啦啦啦啦啦啦啦啦啦啦啦啦啦啦啦啦啦啦啦啦啦啦啦啦啦啦啦啦啦啦啦啦啦啦啦啦啦啦啦啦啦啦啦啦啦啦啦啦啦啦啦啦啦啦啦啦啦啦啦啦啦啦啦啦啦啦啦啦啦啦啦啦啦啦啦啦啦啦啦啦啦啦啦啦啦,835.919,1768043957,978e3cdf
2023941527201943296,有缘,1009.212,1768363831,f9267d71
1992576471591898880,这里指的是Grok，马斯克的AI,892.03,1764624825,f138e03a
1992575965884691968,这里指的是马斯克的Grok，也就是马斯克的AI公司,822.558,1764624765,f138e03a
,,0.0,1775655591.4716349,
lb.c,,0.0,1775655591.4716349,
,,0.0,1775655591.4716349,
1992579454891358720,1/20亿,1251.31,1764625181,f138e03a
,,0.0,1775655591.4716349,
lb.c,,0.0,1775655591.4716349,
,,0.0,1775655591.4716349,
1994363185628737024,？？？？,1561.291,1764837818,5689d4dd
1992583055156159744,Grok，马斯克旗下的AI,1609.694,1764625610,f138e03a
,,0.0,1775655591.4716349,
lb.c,,0.0,1775655591.4716349,
,,0.0,1775655591.4716349,
1994574921476614656,怎么感觉老马样子有点变了？只是换了发型吗？好像变年轻了,180.339,1764863059,460903e3
2004640743767618304,马斯克就该做该做的事，毕竟商业才是他的主盘,43.993,1766062998,7358fdf0
2005448932058318848,人类掌控AI,67.398,1766159342,89ea5ed6
2006583982376567808,瘦了吧,195.511,1766294650,8ac593fe
2008194677521626368,哇聪明的额头,251.569,1766486660,f89301d5
2008243038467529728,科技改变一切,66.723,1766492425,4ba0e74c
2067352387282502144,人家这些巨富变年轻的手段多着呢，有些很贵不是一般人用的起的，有些比较隐蔽不是一般人能接触到的。,219.62,1773538809,610054c7
2078588419852047616,这个衣服板正 也显年轻,229.245,1774878248,392f8f5e
2083289610448319232,怎么感觉老马的样子变了变苍老了很多？,201.793,1775438674,76a4e857
1992584442061544192,视频中的所有涉及的Grok，指的是马斯克旗下的AI公司,26.896,1764625775,f138e03a
1992573801397355776,EV指的是新能源汽车,98.945,1764624507,f138e03a
1986501343808528896,2025年11月19号｜华盛顿，美国,32.244,1763900613,f138e03a
,,0.0,1775655591.4716349,
lb.c,,0.0,1775655591.4716349,
,,0.0,1775655591.4716349,
1990730617591017472,？？？？？？？？？,509.704,1764404782,ec41363d
1997406083832238080,牛,381.08,1765200560,baae3be5
2077020586450135808,赚虚拟币是吗，头脑玩家,521.474,1774691348,20850664
1992574871070870784,Gork，指的是马斯克旗下的AIgongsi,426.998,1764624634,f138e03a
2022128542133513472,Iain M. Banks 的《文化》系列（The Culture series）,549.052,1768147706,f138e03a
1992575292279532544,Grok，这里指的是马斯克旗下的AI公司,426.626,1764624684,f138e03a
,,0.0,1775655591.4716349,
lb.c,,0.0,1775655591.4716349,
,,0.0,1775655591.4716349,
2021258231821272832,啦啦啦啦啦啦啦啦啦啦啦啦啦啦啦啦啦啦啦啦啦啦啦啦啦啦啦啦啦啦啦啦啦啦啦啦啦啦啦啦啦啦啦啦啦啦啦啦啦啦啦啦啦啦啦啦啦啦啦啦啦啦啦啦啦啦啦啦啦啦啦啦啦啦啦啦啦啦啦啦啦啦啦啦啦啦啦啦啦啦啦啦啦啦啦啦啦啦啦啦,835.919,1768043957,978e3cdf
2023941527201943296,有缘,1009.212,1768363831,f9267d71
1992575965884691968,这里指的是马斯克的Grok，也就是马斯克的AI公司,822.558,1764624765,f138e03a
1992576471591898880,这里指的是Grok，马斯克的AI,892.03,1764624825,f138e03a
,,0.0,1775655591.4716349,
lb.c,,0.0,1775655591.4716349,
,,0.0,1775655591.4716349,
1992579454891358720,1/20亿,1251.31,1764625181,f138e03a
,,0.0,1775655591.4716349,
lb.c,,0.0,1775655591.4716349,
,,0.0,1775655591.4716349,
1994363185628737024,？？？？,1561.291,1764837818,5689d4dd
1992583055156159744,Grok，马斯克旗下的AI,1609.694,1764625610,f138e03a
,,0.0,1775655591.4716349,
lb.c,,0.0,1775655591.4716349,
,,0.0,1775655591.4716349,
1994574921476614656,怎么感觉老马样子有点变了？只是换了发型吗？好像变年轻了,180.339,1764863059,460903e3
2004640743767618304,马斯克就该做该做的事，毕竟商业才是他的主盘,43.993,1766062998,7358fdf0
2005448932058318848,人类掌控AI,67.398,1766159342,89ea5ed6
2006583982376567808,瘦了吧,195.511,1766294650,8ac593fe
2008194677521626368,哇聪明的额头,251.569,1766486660,f89301d5
2008243038467529728,科技改变一切,66.723,1766492425,4ba0e74c
2067352387282502144,人家这些巨富变年轻的手段多着呢，有些很贵不是一般人用的起的，有些比较隐蔽不是一般人能接触到的。,219.62,1773538809,610054c7
2078588419852047616,这个衣服板正 也显年轻,229.245,1774878248,392f8f5e
2083289610448319232,怎么感觉老马的样子变了变苍老了很多？,201.793,1775438674,76a4e857
1992573801397355776,EV指的是新能源汽车,98.945,1764624507,f138e03a
1992584442061544192,视频中的所有涉及的Grok，指的是马斯克旗下的AI公司,26.896,1764625775,f138e03a
1986501343808528896,2025年11月19号｜华盛顿，美国,32.244,1763900613,f138e03a
,,0.0,1775655591.4716349,
lb.c,,0.0,1775655591.4716349,
,,0.0,1775655591.4716349,
1990730617591017472,？？？？？？？？？,509.704,1764404782,ec41363d
1997406083832238080,牛,381.08,1765200560,baae3be5
2077020586450135808,赚虚拟币是吗，头脑玩家,521.474,1774691348,20850664
1992574871070870784,Gork，指的是马斯克旗下的AIgongsi,426.998,1764624634,f138e03a
2022128542133513472,Iain M. Banks 的《文化》系列（The Culture series）,549.052,1768147706,f138e03a
1992575292279532544,Grok，这里指的是马斯克旗下的AI公司,426.626,1764624684,f138e03a
,,0.0,1775655591.4716349,
lb.c,,0.0,1775655591.4716349,
,,0.0,1775655591.4716349,
2021258231821272832,啦啦啦啦啦啦啦啦啦啦啦啦啦啦啦啦啦啦啦啦啦啦啦啦啦啦啦啦啦啦啦啦啦啦啦啦啦啦啦啦啦啦啦啦啦啦啦啦啦啦啦啦啦啦啦啦啦啦啦啦啦啦啦啦啦啦啦啦啦啦啦啦啦啦啦啦啦啦啦啦啦啦啦啦啦啦啦啦啦啦啦啦啦啦啦啦啦啦啦啦,835.919,1768043957,978e3cdf
2023941527201943296,有缘,1009.212,1768363831,f9267d71
1992575965884691968,这里指的是马斯克的Grok，也就是马斯克的AI公司,822.558,1764624765,f138e03a
1992576471591898880,这里指的是Grok，马斯克的AI,892.03,1764624825,f138e03a
,,0.0,1775655591.4716349,
lb.c,,0.0,1775655591.4716349,
,,0.0,1775655591.4716349,
1992579454891358720,1/20亿,1251.31,1764625181,f138e03a
,,0.0,1775655591.4716349,
lb.c,,0.0,1775655591.4716349,
,,0.0,1775655591.4716349,
1994363185628737024,？？？？,1561.291,1764837818,5689d4dd
1992583055156159744,Grok，马斯克旗下的AI,1609.694,1764625610,f138e03a
,,0.0,1775655591.4716349,
lb.c,,0.0,1775655591.4716349,
,,0.0,1775655591.4716349,
1994574921476614656,怎么感觉老马样子有点变了？只是换了发型吗？好像变年轻了,180.339,1764863059,460903e3
2004640743767618304,马斯克就该做该做的事，毕竟商业才是他的主盘,43.993,1766062998,7358fdf0
2005448932058318848,人类掌控AI,67.398,1766159342,89ea5ed6
2006583982376567808,瘦了吧,195.511,1766294650,8ac593fe
2008194677521626368,哇聪明的额头,251.569,1766486660,f89301d5
2008243038467529728,科技改变一切,66.723,1766492425,4ba0e74c
2067352387282502144,人家这些巨富变年轻的手段多着呢，有些很贵不是一般人用的起的，有些比较隐蔽不是一般人能接触到的。,219.62,1773538809,610054c7
2078588419852047616,这个衣服板正 也显年轻,229.245,1774878248,392f8f5e
2083289610448319232,怎么感觉老马的样子变了变苍老了很多？,201.793,1775438674,76a4e857
1986501343808528896,2025年11月19号｜华盛顿，美国,32.244,1763900613,f138e03a
1992584442061544192,视频中的所有涉及的Grok，指的是马斯克旗下的AI公司,26.896,1764625775,f138e03a
1992573801397355776,EV指的是新能源汽车,98.945,1764624507,f138e03a
,,0.0,1775655591.4716349,
lb.c,,0.0,1775655591.4716349,
,,0.0,1775655591.4716349,
1990730617591017472,？？？？？？？？？,509.704,1764404782,ec41363d
1997406083832238080,牛,381.08,1765200560,baae3be5
2077020586450135808,赚虚拟币是吗，头脑玩家,521.474,1774691348,20850664
2022128542133513472,Iain M. Banks 的《文化》系列（The Culture series）,549.052,1768147706,f138e03a
1992574871070870784,Gork，指的是马斯克旗下的AIgongsi,426.998,1764624634,f138e03a
1992575292279532544,Grok，这里指的是马斯克旗下的AI公司,426.626,1764624684,f138e03a
,,0.0,1775655591.4716349,
lb.c,,0.0,1775655591.4716349,
,,0.0,1775655591.4716349,
2021258231821272832,啦啦啦啦啦啦啦啦啦啦啦啦啦啦啦啦啦啦啦啦啦啦啦啦啦啦啦啦啦啦啦啦啦啦啦啦啦啦啦啦啦啦啦啦啦啦啦啦啦啦啦啦啦啦啦啦啦啦啦啦啦啦啦啦啦啦啦啦啦啦啦啦啦啦啦啦啦啦啦啦啦啦啦啦啦啦啦啦啦啦啦啦啦啦啦啦啦啦啦啦,835.919,1768043957,978e3cdf
2023941527201943296,有缘,1009.212,1768363831,f9267d71
1992576471591898880,这里指的是Grok，马斯克的AI,892.03,1764624825,f138e03a
1992575965884691968,这里指的是马斯克的Grok，也就是马斯克的AI公司,822.558,1764624765,f138e03a
,,0.0,1775655591.4716349,
lb.c,,0.0,1775655591.4716349,
,,0.0,1775655591.4716349,
1992579454891358720,1/20亿,1251.31,1764625181,f138e03a
,,0.0,1775655591.4716349,
lb.c,,0.0,1775655591.4716349,
,,0.0,1775655591.4716349,
1994363185628737024,？？？？,1561.291,1764837818,5689d4dd
1992583055156159744,Grok，马斯克旗下的AI,1609.694,1764625610,f138e03a
,,0.0,1775655591.4716349,
lb.c,,0.0,1775655591.4716349,
,,0.0,1775655591.4716349,
1994574921476614656,怎么感觉老马样子有点变了？只是换了发型吗？好像变年轻了,180.339,1764863059,460903e3
2004640743767618304,马斯克就该做该做的事，毕竟商业才是他的主盘,43.993,1766062998,7358fdf0
2005448932058318848,人类掌控AI,67.398,1766159342,89ea5ed6
2006583982376567808,瘦了吧,195.511,1766294650,8ac593fe
2008194677521626368,哇聪明的额头,251.569,1766486660,f89301d5
2008243038467529728,科技改变一切,66.723,1766492425,4ba0e74c
2067352387282502144,人家这些巨富变年轻的手段多着呢，有些很贵不是一般人用的起的，有些比较隐蔽不是一般人能接触到的。,219.62,1773538809,610054c7
2078588419852047616,这个衣服板正 也显年轻,229.245,1774878248,392f8f5e
2083289610448319232,怎么感觉老马的样子变了变苍老了很多？,201.793,1775438674,76a4e857
1992573801397355776,EV指的是新能源汽车,98.945,1764624507,f138e03a
1992584442061544192,视频中的所有涉及的Grok，指的是马斯克旗下的AI公司,26.896,1764625775,f138e03a
1986501343808528896,2025年11月19号｜华盛顿，美国,32.244,1763900613,f138e03a
,,0.0,1775655591.4716349,
lb.c,,0.0,1775655591.4716349,
,,0.0,1775655591.4716349,
1990730617591017472,？？？？？？？？？,509.704,1764404782,ec41363d
1997406083832238080,牛,381.08,1765200560,baae3be5
2077020586450135808,赚虚拟币是吗，头脑玩家,521.474,1774691348,20850664
1992574871070870784,Gork，指的是马斯克旗下的AIgongsi,426.998,1764624634,f138e03a
1992575292279532544,Grok，这里指的是马斯克旗下的AI公司,426.626,1764624684,f138e03a
2022128542133513472,Iain M. Banks 的《文化》系列（The Culture series）,549.052,1768147706,f138e03a
,,0.0,1775655591.4716349,
lb.c,,0.0,1775655591.4716349,
,,0.0,1775655591.4716349,
2021258231821272832,啦啦啦啦啦啦啦啦啦啦啦啦啦啦啦啦啦啦啦啦啦啦啦啦啦啦啦啦啦啦啦啦啦啦啦啦啦啦啦啦啦啦啦啦啦啦啦啦啦啦啦啦啦啦啦啦啦啦啦啦啦啦啦啦啦啦啦啦啦啦啦啦啦啦啦啦啦啦啦啦啦啦啦啦啦啦啦啦啦啦啦啦啦啦啦啦啦啦啦啦,835.919,1768043957,978e3cdf
2023941527201943296,有缘,1009.212,1768363831,f9267d71
1992576471591898880,这里指的是Grok，马斯克的AI,892.03,1764624825,f138e03a
1992575965884691968,这里指的是马斯克的Grok，也就是马斯克的AI公司,822.558,1764624765,f138e03a
,,0.0,1775655591.4716349,
lb.c,,0.0,1775655591.4716349,
,,0.0,1775655591.4716349,
1992579454891358720,1/20亿,1251.31,1764625181,f138e03a
,,0.0,1775655591.4716349,
lb.c,,0.0,1775655591.4716349,
,,0.0,1775655591.4716349,
1994363185628737024,？？？？,1561.291,1764837818,5689d4dd
1992583055156159744,Grok，马斯克旗下的AI,1609.694,1764625610,f138e03a
,,0.0,1775655591.4716349,
lb.c,,0.0,1775655591.4716349,
,,0.0,1775655591.4716349,
1994574921476614656,怎么感觉老马样子有点变了？只是换了发型吗？好像变年轻了,180.339,1764863059,460903e3
2004640743767618304,马斯克就该做该做的事，毕竟商业才是他的主盘,43.993,1766062998,7358fdf0
2005448932058318848,人类掌控AI,67.398,1766159342,89ea5ed6
2006583982376567808,瘦了吧,195.511,1766294650,8ac593fe
2008194677521626368,哇聪明的额头,251.569,1766486660,f89301d5
2008243038467529728,科技改变一切,66.723,1766492425,4ba0e74c
2067352387282502144,人家这些巨富变年轻的手段多着呢，有些很贵不是一般人用的起的，有些比较隐蔽不是一般人能接触到的。,219.62,1773538809,610054c7
2078588419852047616,这个衣服板正 也显年轻,229.245,1774878248,392f8f5e
2083289610448319232,怎么感觉老马的样子变了变苍老了很多？,201.793,1775438674,76a4e857
1992584442061544192,视频中的所有涉及的Grok，指的是马斯克旗下的AI公司,26.896,1764625775,f138e03a
1992573801397355776,EV指的是新能源汽车,98.945,1764624507,f138e03a
1986501343808528896,2025年11月19号｜华盛顿，美国,32.244,1763900613,f138e03a
,,0.0,1775655591.4716349,
lb.c,,0.0,1775655591.4716349,
,,0.0,1775655591.4716349,
1990730617591017472,？？？？？？？？？,509.704,1764404782,ec41363d
1997406083832238080,牛,381.08,1765200560,baae3be5
2077020586450135808,赚虚拟币是吗，头脑玩家,521.474,1774691348,20850664
1992575292279532544,Grok，这里指的是马斯克旗下的AI公司,426.626,1764624684,f138e03a
2022128542133513472,Iain M. Banks 的《文化》系列（The Culture series）,549.052,1768147706,f138e03a
1992574871070870784,Gork，指的是马斯克旗下的AIgongsi,426.998,1764624634,f138e03a
,,0.0,1775655591.4716349,
lb.c,,0.0,1775655591.4716349,
,,0.0,1775655591.4716349,
2021258231821272832,啦啦啦啦啦啦啦啦啦啦啦啦啦啦啦啦啦啦啦啦啦啦啦啦啦啦啦啦啦啦啦啦啦啦啦啦啦啦啦啦啦啦啦啦啦啦啦啦啦啦啦啦啦啦啦啦啦啦啦啦啦啦啦啦啦啦啦啦啦啦啦啦啦啦啦啦啦啦啦啦啦啦啦啦啦啦啦啦啦啦啦啦啦啦啦啦啦啦啦啦,835.919,1768043957,978e3cdf
2023941527201943296,有缘,1009.212,1768363831,f9267d71
1992575965884691968,这里指的是马斯克的Grok，也就是马斯克的AI公司,822.558,1764624765,f138e03a
1992576471591898880,这里指的是Grok，马斯克的AI,892.03,1764624825,f138e03a
,,0.0,1775655591.4716349,
lb.c,,0.0,1775655591.4716349,
,,0.0,1775655591.4716349,
1992579454891358720,1/20亿,1251.31,1764625181,f138e03a
,,0.0,1775655591.4716349,
lb.c,,0.0,1775655591.4716349,
,,0.0,1775655591.4716349,
1994363185628737024,？？？？,1561.291,1764837818,5689d4dd
1992583055156159744,Grok，马斯克旗下的AI,1609.694,1764625610,f138e03a
,,0.0,1775655591.4716349,
lb.c,,0.0,1775655591.4716349,
,,0.0,1775655591.4716349,
1994574921476614656,怎么感觉老马样子有点变了？只是换了发型吗？好像变年轻了,180.339,1764863059,460903e3
2004640743767618304,马斯克就该做该做的事，毕竟商业才是他的主盘,43.993,1766062998,7358fdf0
2005448932058318848,人类掌控AI,67.398,1766159342,89ea5ed6
2006583982376567808,瘦了吧,195.511,1766294650,8ac593fe
2008194677521626368,哇聪明的额头,251.569,1766486660,f89301d5
2008243038467529728,科技改变一切,66.723,1766492425,4ba0e74c
2067352387282502144,人家这些巨富变年轻的手段多着呢，有些很贵不是一般人用的起的，有些比较隐蔽不是一般人能接触到的。,219.62,1773538809,610054c7
2078588419852047616,这个衣服板正 也显年轻,229.245,1774878248,392f8f5e
2083289610448319232,怎么感觉老马的样子变了变苍老了很多？,201.793,1775438674,76a4e857
1986501343808528896,2025年11月19号｜华盛顿，美国,32.244,1763900613,f138e03a
1992573801397355776,EV指的是新能源汽车,98.945,1764624507,f138e03a
1992584442061544192,视频中的所有涉及的Grok，指的是马斯克旗下的AI公司,26.896,1764625775,f138e03a
,,0.0,1775655591.4716349,
lb.c,,0.0,1775655591.4716349,
,,0.0,1775655591.4716349,
1990730617591017472,？？？？？？？？？,509.704,1764404782,ec41363d
1997406083832238080,牛,381.08,1765200560,baae3be5
2077020586450135808,赚虚拟币是吗，头脑玩家,521.474,1774691348,20850664
2022128542133513472,Iain M. Banks 的《文化》系列（The Culture series）,549.052,1768147706,f138e03a
1992574871070870784,Gork，指的是马斯克旗下的AIgongsi,426.998,1764624634,f138e03a
1992575292279532544,Grok，这里指的是马斯克旗下的AI公司,426.626,1764624684,f138e03a
,,0.0,1775655591.4716349,
lb.c,,0.0,1775655591.4716349,
,,0.0,1775655591.4716349,
2021258231821272832,啦啦啦啦啦啦啦啦啦啦啦啦啦啦啦啦啦啦啦啦啦啦啦啦啦啦啦啦啦啦啦啦啦啦啦啦啦啦啦啦啦啦啦啦啦啦啦啦啦啦啦啦啦啦啦啦啦啦啦啦啦啦啦啦啦啦啦啦啦啦啦啦啦啦啦啦啦啦啦啦啦啦啦啦啦啦啦啦啦啦啦啦啦啦啦啦啦啦啦啦,835.919,1768043957,978e3cdf
2023941527201943296,有缘,1009.212,1768363831,f9267d71
1992576471591898880,这里指的是Grok，马斯克的AI,892.03,1764624825,f138e03a
1992575965884691968,这里指的是马斯克的Grok，也就是马斯克的AI公司,822.558,1764624765,f138e03a
,,0.0,1775655591.4716349,
lb.c,,0.0,1775655591.4716349,
,,0.0,1775655591.4716349,
1992579454891358720,1/20亿,1251.31,1764625181,f138e03a
,,0.0,1775655591.4716349,
lb.c,,0.0,1775655591.4716349,
,,0.0,1775655591.4716349,
1994363185628737024,？？？？,1561.291,1764837818,5689d4dd
1992583055156159744,Grok，马斯克旗下的AI,1609.694,1764625610,f138e03a
,,0.0,1775655591.4716349,
lb.c,,0.0,1775655591.4716349,
,,0.0,1775655591.4716349,
1994574921476614656,怎么感觉老马样子有点变了？只是换了发型吗？好像变年轻了,180.339,1764863059,460903e3
2004640743767618304,马斯克就该做该做的事，毕竟商业才是他的主盘,43.993,1766062998,7358fdf0
2005448932058318848,人类掌控AI,67.398,1766159342,89ea5ed6
2006583982376567808,瘦了吧,195.511,1766294650,8ac593fe
2008194677521626368,哇聪明的额头,251.569,1766486660,f89301d5
2008243038467529728,科技改变一切,66.723,1766492425,4ba0e74c
2067352387282502144,人家这些巨富变年轻的手段多着呢，有些很贵不是一般人用的起的，有些比较隐蔽不是一般人能接触到的。,219.62,1773538809,610054c7
2078588419852047616,这个衣服板正 也显年轻,229.245,1774878248,392f8f5e
2083289610448319232,怎么感觉老马的样子变了变苍老了很多？,201.793,1775438674,76a4e857
1986501343808528896,2025年11月19号｜华盛顿，美国,32.244,1763900613,f138e03a
1992584442061544192,视频中的所有涉及的Grok，指的是马斯克旗下的AI公司,26.896,1764625775,f138e03a
1992573801397355776,EV指的是新能源汽车,98.945,1764624507,f138e03a
,,0.0,1775655591.4716349,
lb.c,,0.0,1775655591.4716349,
,,0.0,1775655591.4716349,
1990730617591017472,？？？？？？？？？,509.704,1764404782,ec41363d
1997406083832238080,牛,381.08,1765200560,baae3be5
2077020586450135808,赚虚拟币是吗，头脑玩家,521.474,1774691348,20850664
1992575292279532544,Grok，这里指的是马斯克旗下的AI公司,426.626,1764624684,f138e03a
1992574871070870784,Gork，指的是马斯克旗下的AIgongsi,426.998,1764624634,f138e03a
2022128542133513472,Iain M. Banks 的《文化》系列（The Culture series）,549.052,1768147706,f138e03a
,,0.0,1775655591.4716349,
lb.c,,0.0,1775655591.4716349,
,,0.0,1775655591.4716349,
2021258231821272832,啦啦啦啦啦啦啦啦啦啦啦啦啦啦啦啦啦啦啦啦啦啦啦啦啦啦啦啦啦啦啦啦啦啦啦啦啦啦啦啦啦啦啦啦啦啦啦啦啦啦啦啦啦啦啦啦啦啦啦啦啦啦啦啦啦啦啦啦啦啦啦啦啦啦啦啦啦啦啦啦啦啦啦啦啦啦啦啦啦啦啦啦啦啦啦啦啦啦啦啦,835.919,1768043957,978e3cdf
2023941527201943296,有缘,1009.212,1768363831,f9267d71
1992575965884691968,这里指的是马斯克的Grok，也就是马斯克的AI公司,822.558,1764624765,f138e03a
1992576471591898880,这里指的是Grok，马斯克的AI,892.03,1764624825,f138e03a
,,0.0,1775655591.4716349,
lb.c,,0.0,1775655591.4716349,
,,0.0,1775655591.4716349,
1992579454891358720,1/20亿,1251.31,1764625181,f138e03a
,,0.0,1775655591.4716349,
lb.c,,0.0,1775655591.4716349,
,,0.0,1775655591.4716349,
1994363185628737024,？？？？,1561.291,1764837818,5689d4dd
1992583055156159744,Grok，马斯克旗下的AI,1609.694,1764625610,f138e03a
,,0.0,1775655591.4716349,
lb.c,,0.0,1775655591.4716349,
,,0.0,1775655591.4716349,
1994574921476614656,怎么感觉老马样子有点变了？只是换了发型吗？好像变年轻了,180.339,1764863059,460903e3
2004640743767618304,马斯克就该做该做的事，毕竟商业才是他的主盘,43.993,1766062998,7358fdf0
2005448932058318848,人类掌控AI,67.398,1766159342,89ea5ed6
2006583982376567808,瘦了吧,195.511,1766294650,8ac593fe
2008194677521626368,哇聪明的额头,251.569,1766486660,f89301d5
2008243038467529728,科技改变一切,66.723,1766492425,4ba0e74c
2067352387282502144,人家这些巨富变年轻的手段多着呢，有些很贵不是一般人用的起的，有些比较隐蔽不是一般人能接触到的。,219.62,1773538809,610054c7
2078588419852047616,这个衣服板正 也显年轻,229.245,1774878248,392f8f5e
2083289610448319232,怎么感觉老马的样子变了变苍老了很多？,201.793,1775438674,76a4e857
1992573801397355776,EV指的是新能源汽车,98.945,1764624507,f138e03a
1986501343808528896,2025年11月19号｜华盛顿，美国,32.244,1763900613,f138e03a
1992584442061544192,视频中的所有涉及的Grok，指的是马斯克旗下的AI公司,26.896,1764625775,f138e03a
,,0.0,1775655591.4716349,
lb.c,,0.0,1775655591.4716349,
,,0.0,1775655591.4716349,
1990730617591017472,？？？？？？？？？,509.704,1764404782,ec41363d
1997406083832238080,牛,381.08,1765200560,baae3be5
2077020586450135808,赚虚拟币是吗，头脑玩家,521.474,1774691348,20850664
2022128542133513472,Iain M. Banks 的《文化》系列（The Culture series）,549.052,1768147706,f138e03a
1992574871070870784,Gork，指的是马斯克旗下的AIgongsi,426.998,1764624634,f138e03a
1992575292279532544,Grok，这里指的是马斯克旗下的AI公司,426.626,1764624684,f138e03a
,,0.0,1775655591.4716349,
lb.c,,0.0,1775655591.4716349,
,,0.0,1775655591.4716349,
2021258231821272832,啦啦啦啦啦啦啦啦啦啦啦啦啦啦啦啦啦啦啦啦啦啦啦啦啦啦啦啦啦啦啦啦啦啦啦啦啦啦啦啦啦啦啦啦啦啦啦啦啦啦啦啦啦啦啦啦啦啦啦啦啦啦啦啦啦啦啦啦啦啦啦啦啦啦啦啦啦啦啦啦啦啦啦啦啦啦啦啦啦啦啦啦啦啦啦啦啦啦啦啦,835.919,1768043957,978e3cdf
2023941527201943296,有缘,1009.212,1768363831,f9267d71
1992576471591898880,这里指的是Grok，马斯克的AI,892.03,1764624825,f138e03a
1992575965884691968,这里指的是马斯克的Grok，也就是马斯克的AI公司,822.558,1764624765,f138e03a
,,0.0,1775655591.4716349,
lb.c,,0.0,1775655591.4716349,
,,0.0,1775655591.4716349,
1992579454891358720,1/20亿,1251.31,1764625181,f138e03a
,,0.0,1775655591.4716349,
lb.c,,0.0,1775655591.4716349,
,,0.0,1775655591.4716349,
1994363185628737024,？？？？,1561.291,1764837818,5689d4dd
1992583055156159744,Grok，马斯克旗下的AI,1609.694,1764625610,f138e03a
,,0.0,1775655591.4716349,
lb.c,,0.0,1775655591.4716349,
,,0.0,1775655591.4716349,
1994574921476614656,怎么感觉老马样子有点变了？只是换了发型吗？好像变年轻了,180.339,1764863059,460903e3
2004640743767618304,马斯克就该做该做的事，毕竟商业才是他的主盘,43.993,1766062998,7358fdf0
2005448932058318848,人类掌控AI,67.398,1766159342,89ea5ed6
2006583982376567808,瘦了吧,195.511,1766294650,8ac593fe
2008194677521626368,哇聪明的额头,251.569,1766486660,f89301d5
2008243038467529728,科技改变一切,66.723,1766492425,4ba0e74c
2067352387282502144,人家这些巨富变年轻的手段多着呢，有些很贵不是一般人用的起的，有些比较隐蔽不是一般人能接触到的。,219.62,1773538809,610054c7
2078588419852047616,这个衣服板正 也显年轻,229.245,1774878248,392f8f5e
2083289610448319232,怎么感觉老马的样子变了变苍老了很多？,201.793,1775438674,76a4e857
1986501343808528896,2025年11月19号｜华盛顿，美国,32.244,1763900613,f138e03a
1992584442061544192,视频中的所有涉及的Grok，指的是马斯克旗下的AI公司,26.896,1764625775,f138e03a
1992573801397355776,EV指的是新能源汽车,98.945,1764624507,f138e03a
,,0.0,1775655591.4716349,
lb.c,,0.0,1775655591.4716349,
,,0.0,1775655591.4716349,
1990730617591017472,？？？？？？？？？,509.704,1764404782,ec41363d
1997406083832238080,牛,381.08,1765200560,baae3be5
2077020586450135808,赚虚拟币是吗，头脑玩家,521.474,1774691348,20850664
1992574871070870784,Gork，指的是马斯克旗下的AIgongsi,426.998,1764624634,f138e03a
1992575292279532544,Grok，这里指的是马斯克旗下的AI公司,426.626,1764624684,f138e03a
2022128542133513472,Iain M. Banks 的《文化》系列（The Culture series）,549.052,1768147706,f138e03a
,,0.0,1775655591.4716349,
lb.c,,0.0,1775655591.4716349,
,,0.0,1775655591.4716349,
2021258231821272832,啦啦啦啦啦啦啦啦啦啦啦啦啦啦啦啦啦啦啦啦啦啦啦啦啦啦啦啦啦啦啦啦啦啦啦啦啦啦啦啦啦啦啦啦啦啦啦啦啦啦啦啦啦啦啦啦啦啦啦啦啦啦啦啦啦啦啦啦啦啦啦啦啦啦啦啦啦啦啦啦啦啦啦啦啦啦啦啦啦啦啦啦啦啦啦啦啦啦啦啦,835.919,1768043957,978e3cdf
2023941527201943296,有缘,1009.212,1768363831,f9267d71
1992576471591898880,这里指的是Grok，马斯克的AI,892.03,1764624825,f138e03a
1992575965884691968,这里指的是马斯克的Grok，也就是马斯克的AI公司,822.558,1764624765,f138e03a
,,0.0,1775655591.4716349,
lb.c,,0.0,1775655591.4716349,
,,0.0,1775655591.4716349,
1992579454891358720,1/20亿,1251.31,1764625181,f138e03a
,,0.0,1775655591.4716349,
lb.c,,0.0,1775655591.4716349,
,,0.0,1775655591.4716349,
1994363185628737024,？？？？,1561.291,1764837818,5689d4dd
1992583055156159744,Grok，马斯克旗下的AI,1609.694,1764625610,f138e03a
,,0.0,1775655591.4716349,
lb.c,,0.0,1775655591.4716349,
,,0.0,1775655591.4716349,
1994574921476614656,怎么感觉老马样子有点变了？只是换了发型吗？好像变年轻了,180.339,1764863059,460903e3
2004640743767618304,马斯克就该做该做的事，毕竟商业才是他的主盘,43.993,1766062998,7358fdf0
2005448932058318848,人类掌控AI,67.398,1766159342,89ea5ed6
2006583982376567808,瘦了吧,195.511,1766294650,8ac593fe
2008194677521626368,哇聪明的额头,251.569,1766486660,f89301d5
2008243038467529728,科技改变一切,66.723,1766492425,4ba0e74c
2067352387282502144,人家这些巨富变年轻的手段多着呢，有些很贵不是一般人用的起的，有些比较隐蔽不是一般人能接触到的。,219.62,1773538809,610054c7
2078588419852047616,这个衣服板正 也显年轻,229.245,1774878248,392f8f5e
2083289610448319232,怎么感觉老马的样子变了变苍老了很多？,201.793,1775438674,76a4e857
1992584442061544192,视频中的所有涉及的Grok，指的是马斯克旗下的AI公司,26.896,1764625775,f138e03a
1986501343808528896,2025年11月19号｜华盛顿，美国,32.244,1763900613,f138e03a
1992573801397355776,EV指的是新能源汽车,98.945,1764624507,f138e03a
,,0.0,1775655591.4716349,
lb.c,,0.0,1775655591.4716349,
,,0.0,1775655591.4716349,
1990730617591017472,？？？？？？？？？,509.704,1764404782,ec41363d
1997406083832238080,牛,381.08,1765200560,baae3be5
2077020586450135808,赚虚拟币是吗，头脑玩家,521.474,1774691348,20850664
1992574871070870784,Gork，指的是马斯克旗下的AIgongsi,426.998,1764624634,f138e03a
1992575292279532544,Grok，这里指的是马斯克旗下的AI公司,426.626,1764624684,f138e03a
2022128542133513472,Iain M. Banks 的《文化》系列（The Culture series）,549.052,1768147706,f138e03a
,,0.0,1775655591.4716349,
lb.c,,0.0,1775655591.4716349,
,,0.0,1775655591.4716349,
2021258231821272832,啦啦啦啦啦啦啦啦啦啦啦啦啦啦啦啦啦啦啦啦啦啦啦啦啦啦啦啦啦啦啦啦啦啦啦啦啦啦啦啦啦啦啦啦啦啦啦啦啦啦啦啦啦啦啦啦啦啦啦啦啦啦啦啦啦啦啦啦啦啦啦啦啦啦啦啦啦啦啦啦啦啦啦啦啦啦啦啦啦啦啦啦啦啦啦啦啦啦啦啦,835.919,1768043957,978e3cdf
2023941527201943296,有缘,1009.212,1768363831,f9267d71
1992575965884691968,这里指的是马斯克的Grok，也就是马斯克的AI公司,822.558,1764624765,f138e03a
1992576471591898880,这里指的是Grok，马斯克的AI,892.03,1764624825,f138e03a
,,0.0,1775655591.4716349,
lb.c,,0.0,1775655591.4716349,
,,0.0,1775655591.4716349,
1992579454891358720,1/20亿,1251.31,1764625181,f138e03a
,,0.0,1775655591.4716349,
lb.c,,0.0,1775655591.4716349,
,,0.0,1775655591.4716349,
1994363185628737024,？？？？,1561.291,1764837818,5689d4dd
1992583055156159744,Grok，马斯克旗下的AI,1609.694,1764625610,f138e03a
,,0.0,1775655591.4716349,
lb.c,,0.0,1775655591.4716349,
,,0.0,1775655591.4716349,
1994574921476614656,怎么感觉老马样子有点变了？只是换了发型吗？好像变年轻了,180.339,1764863059,460903e3
2004640743767618304,马斯克就该做该做的事，毕竟商业才是他的主盘,43.993,1766062998,7358fdf0
2005448932058318848,人类掌控AI,67.398,1766159342,89ea5ed6
2006583982376567808,瘦了吧,195.511,1766294650,8ac593fe
2008194677521626368,哇聪明的额头,251.569,1766486660,f89301d5
2008243038467529728,科技改变一切,66.723,1766492425,4ba0e74c
2067352387282502144,人家这些巨富变年轻的手段多着呢，有些很贵不是一般人用的起的，有些比较隐蔽不是一般人能接触到的。,219.62,1773538809,610054c7
2078588419852047616,这个衣服板正 也显年轻,229.245,1774878248,392f8f5e
2083289610448319232,怎么感觉老马的样子变了变苍老了很多？,201.793,1775438674,76a4e857
1986501343808528896,2025年11月19号｜华盛顿，美国,32.244,1763900613,f138e03a
1992573801397355776,EV指的是新能源汽车,98.945,1764624507,f138e03a
1992584442061544192,视频中的所有涉及的Grok，指的是马斯克旗下的AI公司,26.896,1764625775,f138e03a
,,0.0,1775655591.4716349,
lb.c,,0.0,1775655591.4716349,
,,0.0,1775655591.4716349,
1990730617591017472,？？？？？？？？？,509.704,1764404782,ec41363d
1997406083832238080,牛,381.08,1765200560,baae3be5
2077020586450135808,赚虚拟币是吗，头脑玩家,521.474,1774691348,20850664
1992575292279532544,Grok，这里指的是马斯克旗下的AI公司,426.626,1764624684,f138e03a
2022128542133513472,Iain M. Banks 的《文化》系列（The Culture series）,549.052,1768147706,f138e03a
1992574871070870784,Gork，指的是马斯克旗下的AIgongsi,426.998,1764624634,f138e03a
,,0.0,1775655591.4716349,
lb.c,,0.0,1775655591.4716349,
,,0.0,1775655591.4716349,
2021258231821272832,啦啦啦啦啦啦啦啦啦啦啦啦啦啦啦啦啦啦啦啦啦啦啦啦啦啦啦啦啦啦啦啦啦啦啦啦啦啦啦啦啦啦啦啦啦啦啦啦啦啦啦啦啦啦啦啦啦啦啦啦啦啦啦啦啦啦啦啦啦啦啦啦啦啦啦啦啦啦啦啦啦啦啦啦啦啦啦啦啦啦啦啦啦啦啦啦啦啦啦啦,835.919,1768043957,978e3cdf
2023941527201943296,有缘,1009.212,1768363831,f9267d71
1992575965884691968,这里指的是马斯克的Grok，也就是马斯克的AI公司,822.558,1764624765,f138e03a
1992576471591898880,这里指的是Grok，马斯克的AI,892.03,1764624825,f138e03a
,,0.0,1775655591.4716349,
lb.c,,0.0,1775655591.4716349,
,,0.0,1775655591.4716349,
1992579454891358720,1/20亿,1251.31,1764625181,f138e03a
,,0.0,1775655591.4716349,
lb.c,,0.0,1775655591.4716349,
,,0.0,1775655591.4716349,
1994363185628737024,？？？？,1561.291,1764837818,5689d4dd
1992583055156159744,Grok，马斯克旗下的AI,1609.694,1764625610,f138e03a
,,0.0,1775655591.4716349,
lb.c,,0.0,1775655591.4716349,
,,0.0,1775655591.4716349,
1994574921476614656,怎么感觉老马样子有点变了？只是换了发型吗？好像变年轻了,180.339,1764863059,460903e3
2004640743767618304,马斯克就该做该做的事，毕竟商业才是他的主盘,43.993,1766062998,7358fdf0
2005448932058318848,人类掌控AI,67.398,1766159342,89ea5ed6
2006583982376567808,瘦了吧,195.511,1766294650,8ac593fe
2008194677521626368,哇聪明的额头,251.569,1766486660,f89301d5
2008243038467529728,科技改变一切,66.723,1766492425,4ba0e74c
2067352387282502144,人家这些巨富变年轻的手段多着呢，有些很贵不是一般人用的起的，有些比较隐蔽不是一般人能接触到的。,219.62,1773538809,610054c7
2078588419852047616,这个衣服板正 也显年轻,229.245,1774878248,392f8f5e
2083289610448319232,怎么感觉老马的样子变了变苍老了很多？,201.793,1775438674,76a4e857
1992573801397355776,EV指的是新能源汽车,98.945,1764624507,f138e03a
1986501343808528896,2025年11月19号｜华盛顿，美国,32.244,1763900613,f138e03a
1992584442061544192,视频中的所有涉及的Grok，指的是马斯克旗下的AI公司,26.896,1764625775,f138e03a
,,0.0,1775655591.4716349,
lb.c,,0.0,1775655591.4716349,
,,0.0,1775655591.4716349,
1990730617591017472,？？？？？？？？？,509.704,1764404782,ec41363d
1997406083832238080,牛,381.08,1765200560,baae3be5
2077020586450135808,赚虚拟币是吗，头脑玩家,521.474,1774691348,20850664
1992575292279532544,Grok，这里指的是马斯克旗下的AI公司,426.626,1764624684,f138e03a
1992574871070870784,Gork，指的是马斯克旗下的AIgongsi,426.998,1764624634,f138e03a
2022128542133513472,Iain M. Banks 的《文化》系列（The Culture series）,549.052,1768147706,f138e03a
,,0.0,1775655591.4716349,
lb.c,,0.0,1775655591.4716349,
,,0.0,1775655591.4716349,
2021258231821272832,啦啦啦啦啦啦啦啦啦啦啦啦啦啦啦啦啦啦啦啦啦啦啦啦啦啦啦啦啦啦啦啦啦啦啦啦啦啦啦啦啦啦啦啦啦啦啦啦啦啦啦啦啦啦啦啦啦啦啦啦啦啦啦啦啦啦啦啦啦啦啦啦啦啦啦啦啦啦啦啦啦啦啦啦啦啦啦啦啦啦啦啦啦啦啦啦啦啦啦啦,835.919,1768043957,978e3cdf
2023941527201943296,有缘,1009.212,1768363831,f9267d71
1992575965884691968,这里指的是马斯克的Grok，也就是马斯克的AI公司,822.558,1764624765,f138e03a
1992576471591898880,这里指的是Grok，马斯克的AI,892.03,1764624825,f138e03a
,,0.0,1775655591.4716349,
lb.c,,0.0,1775655591.4716349,
,,0.0,1775655591.4716349,
1992579454891358720,1/20亿,1251.31,1764625181,f138e03a
,,0.0,1775655591.4716349,
lb.c,,0.0,1775655591.4716349,
,,0.0,1775655591.4716349,
1994363185628737024,？？？？,1561.291,1764837818,5689d4dd
1992583055156159744,Grok，马斯克旗下的AI,1609.694,1764625610,f138e03a
,,0.0,1775655591.4716349,
lb.c,,0.0,1775655591.4716349,
,,0.0,1775655591.4716349,
1994574921476614656,怎么感觉老马样子有点变了？只是换了发型吗？好像变年轻了,180.339,1764863059,460903e3
2004640743767618304,马斯克就该做该做的事，毕竟商业才是他的主盘,43.993,1766062998,7358fdf0
2005448932058318848,人类掌控AI,67.398,1766159342,89ea5ed6
2006583982376567808,瘦了吧,195.511,1766294650,8ac593fe
2008194677521626368,哇聪明的额头,251.569,1766486660,f89301d5
2008243038467529728,科技改变一切,66.723,1766492425,4ba0e74c
2067352387282502144,人家这些巨富变年轻的手段多着呢，有些很贵不是一般人用的起的，有些比较隐蔽不是一般人能接触到的。,219.62,1773538809,610054c7
2078588419852047616,这个衣服板正 也显年轻,229.245,1774878248,392f8f5e
2083289610448319232,怎么感觉老马的样子变了变苍老了很多？,201.793,1775438674,76a4e857
1992584442061544192,视频中的所有涉及的Grok，指的是马斯克旗下的AI公司,26.896,1764625775,f138e03a
1992573801397355776,EV指的是新能源汽车,98.945,1764624507,f138e03a
1986501343808528896,2025年11月19号｜华盛顿，美国,32.244,1763900613,f138e03a
,,0.0,1775655591.4716349,
lb.c,,0.0,1775655591.4716349,
,,0.0,1775655591.4716349,
1990730617591017472,？？？？？？？？？,509.704,1764404782,ec41363d
1997406083832238080,牛,381.08,1765200560,baae3be5
2077020586450135808,赚虚拟币是吗，头脑玩家,521.474,1774691348,20850664
2022128542133513472,Iain M. Banks 的《文化》系列（The Culture series）,549.052,1768147706,f138e03a
1992574871070870784,Gork，指的是马斯克旗下的AIgongsi,426.998,1764624634,f138e03a
1992575292279532544,Grok，这里指的是马斯克旗下的AI公司,426.626,1764624684,f138e03a
,,0.0,1775655591.4716349,
lb.c,,0.0,1775655591.4716349,
,,0.0,1775655591.4716349,
2021258231821272832,啦啦啦啦啦啦啦啦啦啦啦啦啦啦啦啦啦啦啦啦啦啦啦啦啦啦啦啦啦啦啦啦啦啦啦啦啦啦啦啦啦啦啦啦啦啦啦啦啦啦啦啦啦啦啦啦啦啦啦啦啦啦啦啦啦啦啦啦啦啦啦啦啦啦啦啦啦啦啦啦啦啦啦啦啦啦啦啦啦啦啦啦啦啦啦啦啦啦啦啦,835.919,1768043957,978e3cdf
2023941527201943296,有缘,1009.212,1768363831,f9267d71
1992576471591898880,这里指的是Grok，马斯克的AI,892.03,1764624825,f138e03a
1992575965884691968,这里指的是马斯克的Grok，也就是马斯克的AI公司,822.558,1764624765,f138e03a
,,0.0,1775655591.4716349,
lb.c,,0.0,1775655591.4716349,
,,0.0,1775655591.4716349,
1992579454891358720,1/20亿,1251.31,1764625181,f138e03a
,,0.0,1775655591.4716349,
lb.c,,0.0,1775655591.4716349,
,,0.0,1775655591.4716349,
1994363185628737024,？？？？,1561.291,1764837818,5689d4dd
1992583055156159744,Grok，马斯克旗下的AI,1609.694,1764625610,f138e03a
,,0.0,1775655591.4716349,
lb.c,,0.0,1775655591.4716349,
,,0.0,1775655591.4716349,
1994574921476614656,怎么感觉老马样子有点变了？只是换了发型吗？好像变年轻了,180.339,1764863059,460903e3
2004640743767618304,马斯克就该做该做的事，毕竟商业才是他的主盘,43.993,1766062998,7358fdf0
2005448932058318848,人类掌控AI,67.398,1766159342,89ea5ed6
2006583982376567808,瘦了吧,195.511,1766294650,8ac593fe
2008194677521626368,哇聪明的额头,251.569,1766486660,f89301d5
2008243038467529728,科技改变一切,66.723,1766492425,4ba0e74c
2067352387282502144,人家这些巨富变年轻的手段多着呢，有些很贵不是一般人用的起的，有些比较隐蔽不是一般人能接触到的。,219.62,1773538809,610054c7
2078588419852047616,这个衣服板正 也显年轻,229.245,1774878248,392f8f5e
2083289610448319232,怎么感觉老马的样子变了变苍老了很多？,201.793,1775438674,76a4e857
1992573801397355776,EV指的是新能源汽车,98.945,1764624507,f138e03a
1992584442061544192,视频中的所有涉及的Grok，指的是马斯克旗下的AI公司,26.896,1764625775,f138e03a
1986501343808528896,2025年11月19号｜华盛顿，美国,32.244,1763900613,f138e03a
,,0.0,1775655591.4716349,
lb.c,,0.0,1775655591.4716349,
,,0.0,1775655591.4716349,
1990730617591017472,？？？？？？？？？,509.704,1764404782,ec41363d
1997406083832238080,牛,381.08,1765200560,baae3be5
2077020586450135808,赚虚拟币是吗，头脑玩家,521.474,1774691348,20850664
2022128542133513472,Iain M. Banks 的《文化》系列（The Culture series）,549.052,1768147706,f138e03a
1992574871070870784,Gork，指的是马斯克旗下的AIgongsi,426.998,1764624634,f138e03a
1992575292279532544,Grok，这里指的是马斯克旗下的AI公司,426.626,1764624684,f138e03a
,,0.0,1775655591.4716349,
lb.c,,0.0,1775655591.4716349,
,,0.0,1775655591.4716349,
2021258231821272832,啦啦啦啦啦啦啦啦啦啦啦啦啦啦啦啦啦啦啦啦啦啦啦啦啦啦啦啦啦啦啦啦啦啦啦啦啦啦啦啦啦啦啦啦啦啦啦啦啦啦啦啦啦啦啦啦啦啦啦啦啦啦啦啦啦啦啦啦啦啦啦啦啦啦啦啦啦啦啦啦啦啦啦啦啦啦啦啦啦啦啦啦啦啦啦啦啦啦啦啦,835.919,1768043957,978e3cdf
2023941527201943296,有缘,1009.212,1768363831,f9267d71
1992576471591898880,这里指的是Grok，马斯克的AI,892.03,1764624825,f138e03a
1992575965884691968,这里指的是马斯克的Grok，也就是马斯克的AI公司,822.558,1764624765,f138e03a
,,0.0,1775655591.4716349,
lb.c,,0.0,1775655591.4716349,
,,0.0,1775655591.4716349,
1992579454891358720,1/20亿,1251.31,1764625181,f138e03a
,,0.0,1775655591.4716349,
lb.c,,0.0,1775655591.4716349,
,,0.0,1775655591.4716349,
1994363185628737024,？？？？,1561.291,1764837818,5689d4dd
1992583055156159744,Grok，马斯克旗下的AI,1609.694,1764625610,f138e03a
,,0.0,1775655591.4716349,
lb.c,,0.0,1775655591.4716349,
,,0.0,1775655591.4716349,
1994574921476614656,怎么感觉老马样子有点变了？只是换了发型吗？好像变年轻了,180.339,1764863059,460903e3
2004640743767618304,马斯克就该做该做的事，毕竟商业才是他的主盘,43.993,1766062998,7358fdf0
2005448932058318848,人类掌控AI,67.398,1766159342,89ea5ed6
2006583982376567808,瘦了吧,195.511,1766294650,8ac593fe
2008194677521626368,哇聪明的额头,251.569,1766486660,f89301d5
2008243038467529728,科技改变一切,66.723,1766492425,4ba0e74c
2067352387282502144,人家这些巨富变年轻的手段多着呢，有些很贵不是一般人用的起的，有些比较隐蔽不是一般人能接触到的。,219.62,1773538809,610054c7
2078588419852047616,这个衣服板正 也显年轻,229.245,1774878248,392f8f5e
2083289610448319232,怎么感觉老马的样子变了变苍老了很多？,201.793,1775438674,76a4e857
1986501343808528896,2025年11月19号｜华盛顿，美国,32.244,1763900613,f138e03a
1992584442061544192,视频中的所有涉及的Grok，指的是马斯克旗下的AI公司,26.896,1764625775,f138e03a
1992573801397355776,EV指的是新能源汽车,98.945,1764624507,f138e03a
,,0.0,1775655591.4716349,
lb.c,,0.0,1775655591.4716349,
,,0.0,1775655591.4716349,
1990730617591017472,？？？？？？？？？,509.704,1764404782,ec41363d
1997406083832238080,牛,381.08,1765200560,baae3be5
2077020586450135808,赚虚拟币是吗，头脑玩家,521.474,1774691348,20850664
2022128542133513472,Iain M. Banks 的《文化》系列（The Culture series）,549.052,1768147706,f138e03a
1992574871070870784,Gork，指的是马斯克旗下的AIgongsi,426.998,1764624634,f138e03a
1992575292279532544,Grok，这里指的是马斯克旗下的AI公司,426.626,1764624684,f138e03a
,,0.0,1775655591.4716349,
lb.c,,0.0,1775655591.4716349,
,,0.0,1775655591.4716349,
2021258231821272832,啦啦啦啦啦啦啦啦啦啦啦啦啦啦啦啦啦啦啦啦啦啦啦啦啦啦啦啦啦啦啦啦啦啦啦啦啦啦啦啦啦啦啦啦啦啦啦啦啦啦啦啦啦啦啦啦啦啦啦啦啦啦啦啦啦啦啦啦啦啦啦啦啦啦啦啦啦啦啦啦啦啦啦啦啦啦啦啦啦啦啦啦啦啦啦啦啦啦啦啦,835.919,1768043957,978e3cdf
2023941527201943296,有缘,1009.212,1768363831,f9267d71
1992576471591898880,这里指的是Grok，马斯克的AI,892.03,1764624825,f138e03a
1992575965884691968,这里指的是马斯克的Grok，也就是马斯克的AI公司,822.558,1764624765,f138e03a
,,0.0,1775655591.4716349,
lb.c,,0.0,1775655591.4716349,
,,0.0,1775655591.4716349,
1992579454891358720,1/20亿,1251.31,1764625181,f138e03a
,,0.0,1775655591.4716349,
lb.c,,0.0,1775655591.4716349,
,,0.0,1775655591.4716349,
1994363185628737024,？？？？,1561.291,1764837818,5689d4dd
1992583055156159744,Grok，马斯克旗下的AI,1609.694,1764625610,f138e03a
,,0.0,1775655591.4716349,
lb.c,,0.0,1775655591.4716349,
,,0.0,1775655591.4716349,
1994574921476614656,怎么感觉老马样子有点变了？只是换了发型吗？好像变年轻了,180.339,1764863059,460903e3
2004640743767618304,马斯克就该做该做的事，毕竟商业才是他的主盘,43.993,1766062998,7358fdf0
2005448932058318848,人类掌控AI,67.398,1766159342,89ea5ed6
2006583982376567808,瘦了吧,195.511,1766294650,8ac593fe
2008194677521626368,哇聪明的额头,251.569,1766486660,f89301d5
2008243038467529728,科技改变一切,66.723,1766492425,4ba0e74c
2067352387282502144,人家这些巨富变年轻的手段多着呢，有些很贵不是一般人用的起的，有些比较隐蔽不是一般人能接触到的。,219.62,1773538809,610054c7
2078588419852047616,这个衣服板正 也显年轻,229.245,1774878248,392f8f5e
2083289610448319232,怎么感觉老马的样子变了变苍老了很多？,201.793,1775438674,76a4e857
1992584442061544192,视频中的所有涉及的Grok，指的是马斯克旗下的AI公司,26.896,1764625775,f138e03a
1986501343808528896,2025年11月19号｜华盛顿，美国,32.244,1763900613,f138e03a
1992573801397355776,EV指的是新能源汽车,98.945,1764624507,f138e03a
,,0.0,1775655591.4716349,
lb.c,,0.0,1775655591.4716349,
,,0.0,1775655591.4716349,
1990730617591017472,？？？？？？？？？,509.704,1764404782,ec41363d
1997406083832238080,牛,381.08,1765200560,baae3be5
2077020586450135808,赚虚拟币是吗，头脑玩家,521.474,1774691348,20850664
1992575292279532544,Grok，这里指的是马斯克旗下的AI公司,426.626,1764624684,f138e03a
1992574871070870784,Gork，指的是马斯克旗下的AIgongsi,426.998,1764624634,f138e03a
2022128542133513472,Iain M. Banks 的《文化》系列（The Culture series）,549.052,1768147706,f138e03a
,,0.0,1775655591.4716349,
lb.c,,0.0,1775655591.4716349,
,,0.0,1775655591.4716349,
2021258231821272832,啦啦啦啦啦啦啦啦啦啦啦啦啦啦啦啦啦啦啦啦啦啦啦啦啦啦啦啦啦啦啦啦啦啦啦啦啦啦啦啦啦啦啦啦啦啦啦啦啦啦啦啦啦啦啦啦啦啦啦啦啦啦啦啦啦啦啦啦啦啦啦啦啦啦啦啦啦啦啦啦啦啦啦啦啦啦啦啦啦啦啦啦啦啦啦啦啦啦啦啦,835.919,1768043957,978e3cdf
2023941527201943296,有缘,1009.212,1768363831,f9267d71
1992575965884691968,这里指的是马斯克的Grok，也就是马斯克的AI公司,822.558,1764624765,f138e03a
1992576471591898880,这里指的是Grok，马斯克的AI,892.03,1764624825,f138e03a
,,0.0,1775655591.4716349,
lb.c,,0.0,1775655591.4716349,
,,0.0,1775655591.4716349,
1992579454891358720,1/20亿,1251.31,1764625181,f138e03a
,,0.0,1775655591.4716349,
lb.c,,0.0,1775655591.4716349,
,,0.0,1775655591.4716349,
1994363185628737024,？？？？,1561.291,1764837818,5689d4dd
1992583055156159744,Grok，马斯克旗下的AI,1609.694,1764625610,f138e03a
,,0.0,1775655591.4716349,
lb.c,,0.0,1775655591.4716349,
,,0.0,1775655591.4716349,
1994574921476614656,怎么感觉老马样子有点变了？只是换了发型吗？好像变年轻了,180.339,1764863059,460903e3
