danmaku_id,content,progress,ctime,user_hash
2066107915517310720,快乐已get哈哈哈!,40.776,1773390456,d4d08db4
2066308252773347584,感动呜呜呜.,42.565,1773414338,7dffa913
2066350454820226560,哈哈，这都给我刷到了，置顶！,156.052,1773419369,a9bab31
2066456271959428096,发个友善的弹幕见证当下6032,16.085,1773431984,475e82bb
2066495357319428352,发个友善的弹幕见证当下8046,9.0,1773436643,1bf4212c
2066637927098380800,发个友善的弹幕见证当下558,23.213,1773453639,9936c17b
2066776022074393856,前方高能！.,0.0,1773470101,3c52fb53
2068129909054017024,一键三联必须安排！！,217.262,1773631497,a9bab31
2068185361469109248,阿婆主加油，支持你~,28.834,1773638107,88938f3a
2068394861828599040,好活当赏:),36.296,1773663081,ec58ddc6
2068422783587248640,厉害了呀！,37.642,1773666410,c6623a38
2068440060889785088,支持一下!,29.298,1773668470,a5cbf60d
2068784859614669056,很久没有被这样的视频触动了。！,21.892,1773709573,835310b2
2072569311964943872,爷爷你关注的UP更新了！！,22.421,1774160715,443e6dc3
2072574101004558592,你的视频在此地不要火，我去想两句骚话回来^_^,326.0,1774161286,bc73012d
2080542173824114176,一起加油。,153.066,1775111154,c85bd52b
2080660558533224960,恭喜你发现宝藏.,1.0,1775125266,b457fe55
2080700746088932096,赞一下！,15.245,1775130057,1b75e992
2080765061848399360,我们会一直陪着你的:),0.0,1775137724,fa801280
2081858078026161920,哈哈，这都给我刷到了,6.426,1775268022,841f8537
2083479812294797312,很久没有被这样的视频触动了。.,4.275,1775461348,69e0ce06
2084248918497016832,Mark^_^,45.732,1775553032,88c32cdb
2063227757592849664,【2026版】零基础转行AI千万别瞎学！这是我熬夜整理的保姆级自学路线图，求支持一下,5.019,1773047115,67f1ccb6
2063228039743520000,【2026版】零基础转行AI千万别瞎学！这是我熬夜整理的保姆级自学路线图，求支持一下,25.792,1773047148,67f1ccb6
2063227963893768448,【2026版】零基础转行AI千万别瞎学！这是我熬夜整理的保姆级自学路线图，求支持一下,19.726,1773047139,67f1ccb6
2063227890317405696,【2026版】零基础转行AI千万别瞎学！这是我熬夜整理的保姆级自学路线图，求支持一下,14.581,1773047130,67f1ccb6
2063227690190435584,【2026版】零基础转行AI千万别瞎学！这是我熬夜整理的保姆级自学路线图，求支持一下,0.512,1773047107,67f1ccb6
2063227825506939136,【2026版】零基础转行AI千万别瞎学！这是我熬夜整理的保姆级自学路线图，求支持一下,10.163,1773047123,67f1ccb6
,,0.0,1775600247.1236649,
lb.c,,0.0,1775600247.1236649,
,,0.0,1775600247.1236649,
2069620030299163904,点赞呀UP.,425.71,1773809133,a9bab31
,,0.0,1775600247.1236649,
lb.c,,0.0,1775600247.1236649,
,,0.0,1775600247.1236649,
2069900365650402304,已三连，求资料,819.142,1773842552,d52128e1
2083012046357713152,戳到点子上了，值1个币!,908.069,1775405586,2a3d0493
,,0.0,1775600247.1236649,
lb.c,,0.0,1775600247.1236649,
,,0.0,1775600247.1236649,
,,0.0,1775600247.1236649,
lb.c,,0.0,1775600247.1236649,
,,0.0,1775600247.1236649,
,,0.0,1775600247.1236649,
lb.c,,0.0,1775600247.1236649,
,,0.0,1775600247.1236649,
,,0.0,1775600247.1236649,
lb.c,,0.0,1775600247.1236649,
,,0.0,1775600247.1236649,
,,0.0,1775600247.1236649,
lb.c,,0.0,1775600247.1236649,
,,0.0,1775600247.1236649,
,,0.0,1775600247.1236649,
lb.c,,0.0,1775600247.1236649,
,,0.0,1775600247.1236649,
2066107915517310720,快乐已get哈哈哈!,40.776,1773390456,d4d08db4
2066308252773347584,感动呜呜呜.,42.565,1773414338,7dffa913
2066350454820226560,哈哈，这都给我刷到了，置顶！,156.052,1773419369,a9bab31
2066456271959428096,发个友善的弹幕见证当下6032,16.085,1773431984,475e82bb
2066495357319428352,发个友善的弹幕见证当下8046,9.0,1773436643,1bf4212c
2066637927098380800,发个友善的弹幕见证当下558,23.213,1773453639,9936c17b
2066695375884000512,爷有生之年关注的up更新了！~,0.0,1773460487,1ba1b5c7
2068129909054017024,一键三联必须安排！！,217.262,1773631497,a9bab31
2068185361469109248,阿婆主加油，支持你~,28.834,1773638107,88938f3a
2068394861828599040,好活当赏:),36.296,1773663081,ec58ddc6
2068422783587248640,厉害了呀！,37.642,1773666410,c6623a38
2068440060889785088,支持一下!,29.298,1773668470,a5cbf60d
2068784859614669056,很久没有被这样的视频触动了。！,21.892,1773709573,835310b2
2072569311964943872,爷爷你关注的UP更新了！！,22.421,1774160715,443e6dc3
2072574101004558592,你的视频在此地不要火，我去想两句骚话回来^_^,326.0,1774161286,bc73012d
2080542173824114176,一起加油。,153.066,1775111154,c85bd52b
2080660558533224960,恭喜你发现宝藏.,1.0,1775125266,b457fe55
2080700746088932096,赞一下！,15.245,1775130057,1b75e992
2080765061848399360,我们会一直陪着你的:),0.0,1775137724,fa801280
2081858078026161920,哈哈，这都给我刷到了,6.426,1775268022,841f8537
2083479812294797312,很久没有被这样的视频触动了。.,4.275,1775461348,69e0ce06
2084248918497016832,Mark^_^,45.732,1775553032,88c32cdb
2063227690190435584,【2026版】零基础转行AI千万别瞎学！这是我熬夜整理的保姆级自学路线图，求支持一下,0.512,1773047107,67f1ccb6
2063227890317405696,【2026版】零基础转行AI千万别瞎学！这是我熬夜整理的保姆级自学路线图，求支持一下,14.581,1773047130,67f1ccb6
2063227963893768448,【2026版】零基础转行AI千万别瞎学！这是我熬夜整理的保姆级自学路线图，求支持一下,19.726,1773047139,67f1ccb6
2063228039743520000,【2026版】零基础转行AI千万别瞎学！这是我熬夜整理的保姆级自学路线图，求支持一下,25.792,1773047148,67f1ccb6
2063227825506939136,【2026版】零基础转行AI千万别瞎学！这是我熬夜整理的保姆级自学路线图，求支持一下,10.163,1773047123,67f1ccb6
2063227757592849664,【2026版】零基础转行AI千万别瞎学！这是我熬夜整理的保姆级自学路线图，求支持一下,5.019,1773047115,67f1ccb6
,,0.0,1775600247.1236649,
lb.c,,0.0,1775600247.1236649,
,,0.0,1775600247.1236649,
2069620030299163904,点赞呀UP.,425.71,1773809133,a9bab31
,,0.0,1775600247.1236649,
lb.c,,0.0,1775600247.1236649,
,,0.0,1775600247.1236649,
2069900365650402304,已三连，求资料,819.142,1773842552,d52128e1
2083012046357713152,戳到点子上了，值1个币!,908.069,1775405586,2a3d0493
,,0.0,1775600247.1236649,
lb.c,,0.0,1775600247.1236649,
,,0.0,1775600247.1236649,
,,0.0,1775600247.1236649,
lb.c,,0.0,1775600247.1236649,
,,0.0,1775600247.1236649,
,,0.0,1775600247.1236649,
lb.c,,0.0,1775600247.1236649,
,,0.0,1775600247.1236649,
,,0.0,1775600247.1236649,
lb.c,,0.0,1775600247.1236649,
,,0.0,1775600247.1236649,
,,0.0,1775600247.1236649,
lb.c,,0.0,1775600247.1236649,
,,0.0,1775600247.1236649,
,,0.0,1775600247.1236649,
lb.c,,0.0,1775600247.1236649,
,,0.0,1775600247.1236649,
2066107915517310720,快乐已get哈哈哈!,40.776,1773390456,d4d08db4
2066308252773347584,感动呜呜呜.,42.565,1773414338,7dffa913
2066350454820226560,哈哈，这都给我刷到了，置顶！,156.052,1773419369,a9bab31
2066456271959428096,发个友善的弹幕见证当下6032,16.085,1773431984,475e82bb
2066495357319428352,发个友善的弹幕见证当下8046,9.0,1773436643,1bf4212c
2066637927098380800,发个友善的弹幕见证当下558,23.213,1773453639,9936c17b
2066695375884000512,爷有生之年关注的up更新了！~,0.0,1773460487,1ba1b5c7
2068129909054017024,一键三联必须安排！！,217.262,1773631497,a9bab31
2068185361469109248,阿婆主加油，支持你~,28.834,1773638107,88938f3a
2068394861828599040,好活当赏:),36.296,1773663081,ec58ddc6
2068422783587248640,厉害了呀！,37.642,1773666410,c6623a38
2068440060889785088,支持一下!,29.298,1773668470,a5cbf60d
2068784859614669056,很久没有被这样的视频触动了。！,21.892,1773709573,835310b2
2072569311964943872,爷爷你关注的UP更新了！！,22.421,1774160715,443e6dc3
2072574101004558592,你的视频在此地不要火，我去想两句骚话回来^_^,326.0,1774161286,bc73012d
2080542173824114176,一起加油。,153.066,1775111154,c85bd52b
2080660558533224960,恭喜你发现宝藏.,1.0,1775125266,b457fe55
2080700746088932096,赞一下！,15.245,1775130057,1b75e992
2080765061848399360,我们会一直陪着你的:),0.0,1775137724,fa801280
2081858078026161920,哈哈，这都给我刷到了,6.426,1775268022,841f8537
2083479812294797312,很久没有被这样的视频触动了。.,4.275,1775461348,69e0ce06
2084248918497016832,Mark^_^,45.732,1775553032,88c32cdb
2063227690190435584,【2026版】零基础转行AI千万别瞎学！这是我熬夜整理的保姆级自学路线图，求支持一下,0.512,1773047107,67f1ccb6
2063227963893768448,【2026版】零基础转行AI千万别瞎学！这是我熬夜整理的保姆级自学路线图，求支持一下,19.726,1773047139,67f1ccb6
2063227890317405696,【2026版】零基础转行AI千万别瞎学！这是我熬夜整理的保姆级自学路线图，求支持一下,14.581,1773047130,67f1ccb6
2063227825506939136,【2026版】零基础转行AI千万别瞎学！这是我熬夜整理的保姆级自学路线图，求支持一下,10.163,1773047123,67f1ccb6
2063227757592849664,【2026版】零基础转行AI千万别瞎学！这是我熬夜整理的保姆级自学路线图，求支持一下,5.019,1773047115,67f1ccb6
2063228039743520000,【2026版】零基础转行AI千万别瞎学！这是我熬夜整理的保姆级自学路线图，求支持一下,25.792,1773047148,67f1ccb6
,,0.0,1775600247.1236649,
lb.c,,0.0,1775600247.1236649,
,,0.0,1775600247.1236649,
2069620030299163904,点赞呀UP.,425.71,1773809133,a9bab31
,,0.0,1775600247.1236649,
lb.c,,0.0,1775600247.1236649,
,,0.0,1775600247.1236649,
2069900365650402304,已三连，求资料,819.142,1773842552,d52128e1
2083012046357713152,戳到点子上了，值1个币!,908.069,1775405586,2a3d0493
,,0.0,1775600247.1236649,
lb.c,,0.0,1775600247.1236649,
,,0.0,1775600247.1236649,
,,0.0,1775600247.1236649,
lb.c,,0.0,1775600247.1236649,
,,0.0,1775600247.1236649,
,,0.0,1775600247.1236649,
lb.c,,0.0,1775600247.1236649,
,,0.0,1775600247.1236649,
,,0.0,1775600247.1236649,
lb.c,,0.0,1775600247.1236649,
,,0.0,1775600247.1236649,
,,0.0,1775600247.1236649,
lb.c,,0.0,1775600247.1236649,
,,0.0,1775600247.1236649,
,,0.0,1775600247.1236649,
lb.c,,0.0,1775600247.1236649,
,,0.0,1775600247.1236649,
2066107915517310720,快乐已get哈哈哈!,40.776,1773390456,d4d08db4
2066162049797135616,Mark!,0.0,1773396910,3c52fb53
2066308252773347584,感动呜呜呜.,42.565,1773414338,7dffa913
2066350454820226560,哈哈，这都给我刷到了，置顶！,156.052,1773419369,a9bab31
2066456271959428096,发个友善的弹幕见证当下6032,16.085,1773431984,475e82bb
2066495357319428352,发个友善的弹幕见证当下8046,9.0,1773436643,1bf4212c
2066637927098380800,发个友善的弹幕见证当下558,23.213,1773453639,9936c17b
2068129909054017024,一键三联必须安排！！,217.262,1773631497,a9bab31
2068185361469109248,阿婆主加油，支持你~,28.834,1773638107,88938f3a
2068394861828599040,好活当赏:),36.296,1773663081,ec58ddc6
2068422783587248640,厉害了呀！,37.642,1773666410,c6623a38
2068440060889785088,支持一下!,29.298,1773668470,a5cbf60d
2068784859614669056,很久没有被这样的视频触动了。！,21.892,1773709573,835310b2
2072569311964943872,爷爷你关注的UP更新了！！,22.421,1774160715,443e6dc3
2072574101004558592,你的视频在此地不要火，我去想两句骚话回来^_^,326.0,1774161286,bc73012d
2080542173824114176,一起加油。,153.066,1775111154,c85bd52b
2080660558533224960,恭喜你发现宝藏.,1.0,1775125266,b457fe55
2080700746088932096,赞一下！,15.245,1775130057,1b75e992
2080765061848399360,我们会一直陪着你的:),0.0,1775137724,fa801280
2081858078026161920,哈哈，这都给我刷到了,6.426,1775268022,841f8537
2083479812294797312,很久没有被这样的视频触动了。.,4.275,1775461348,69e0ce06
2084248918497016832,Mark^_^,45.732,1775553032,88c32cdb
2063227757592849664,【2026版】零基础转行AI千万别瞎学！这是我熬夜整理的保姆级自学路线图，求支持一下,5.019,1773047115,67f1ccb6
2063227690190435584,【2026版】零基础转行AI千万别瞎学！这是我熬夜整理的保姆级自学路线图，求支持一下,0.512,1773047107,67f1ccb6
2063227890317405696,【2026版】零基础转行AI千万别瞎学！这是我熬夜整理的保姆级自学路线图，求支持一下,14.581,1773047130,67f1ccb6
2063227963893768448,【2026版】零基础转行AI千万别瞎学！这是我熬夜整理的保姆级自学路线图，求支持一下,19.726,1773047139,67f1ccb6
2063228039743520000,【2026版】零基础转行AI千万别瞎学！这是我熬夜整理的保姆级自学路线图，求支持一下,25.792,1773047148,67f1ccb6
2063227825506939136,【2026版】零基础转行AI千万别瞎学！这是我熬夜整理的保姆级自学路线图，求支持一下,10.163,1773047123,67f1ccb6
,,0.0,1775600247.1236649,
lb.c,,0.0,1775600247.1236649,
,,0.0,1775600247.1236649,
2069620030299163904,点赞呀UP.,425.71,1773809133,a9bab31
,,0.0,1775600247.1236649,
lb.c,,0.0,1775600247.1236649,
,,0.0,1775600247.1236649,
2069900365650402304,已三连，求资料,819.142,1773842552,d52128e1
2083012046357713152,戳到点子上了，值1个币!,908.069,1775405586,2a3d0493
,,0.0,1775600247.1236649,
lb.c,,0.0,1775600247.1236649,
,,0.0,1775600247.1236649,
,,0.0,1775600247.1236649,
lb.c,,0.0,1775600247.1236649,
,,0.0,1775600247.1236649,
,,0.0,1775600247.1236649,
lb.c,,0.0,1775600247.1236649,
,,0.0,1775600247.1236649,
,,0.0,1775600247.1236649,
lb.c,,0.0,1775600247.1236649,
,,0.0,1775600247.1236649,
,,0.0,1775600247.1236649,
lb.c,,0.0,1775600247.1236649,
,,0.0,1775600247.1236649,
,,0.0,1775600247.1236649,
lb.c,,0.0,1775600247.1236649,
,,0.0,1775600247.1236649,
2066107915517310720,快乐已get哈哈哈!,40.776,1773390456,d4d08db4
2066308252773347584,感动呜呜呜.,42.565,1773414338,7dffa913
2066350454820226560,哈哈，这都给我刷到了，置顶！,156.052,1773419369,a9bab31
2066456271959428096,发个友善的弹幕见证当下6032,16.085,1773431984,475e82bb
2066495357319428352,发个友善的弹幕见证当下8046,9.0,1773436643,1bf4212c
2066637927098380800,发个友善的弹幕见证当下558,23.213,1773453639,9936c17b
2068129909054017024,一键三联必须安排！！,217.262,1773631497,a9bab31
2068185361469109248,阿婆主加油，支持你~,28.834,1773638107,88938f3a
2068374030096309248,可以。,0.0,1773660598,1b79b3ac
2068394861828599040,好活当赏:),36.296,1773663081,ec58ddc6
2068422783587248640,厉害了呀！,37.642,1773666410,c6623a38
2068440060889785088,支持一下!,29.298,1773668470,a5cbf60d
2068784859614669056,很久没有被这样的视频触动了。！,21.892,1773709573,835310b2
2072569311964943872,爷爷你关注的UP更新了！！,22.421,1774160715,443e6dc3
2072574101004558592,你的视频在此地不要火，我去想两句骚话回来^_^,326.0,1774161286,bc73012d
2080542173824114176,一起加油。,153.066,1775111154,c85bd52b
2080660558533224960,恭喜你发现宝藏.,1.0,1775125266,b457fe55
2080700746088932096,赞一下！,15.245,1775130057,1b75e992
2080765061848399360,我们会一直陪着你的:),0.0,1775137724,fa801280
2081858078026161920,哈哈，这都给我刷到了,6.426,1775268022,841f8537
2083479812294797312,很久没有被这样的视频触动了。.,4.275,1775461348,69e0ce06
2084248918497016832,Mark^_^,45.732,1775553032,88c32cdb
2063227757592849664,【2026版】零基础转行AI千万别瞎学！这是我熬夜整理的保姆级自学路线图，求支持一下,5.019,1773047115,67f1ccb6
2063227963893768448,【2026版】零基础转行AI千万别瞎学！这是我熬夜整理的保姆级自学路线图，求支持一下,19.726,1773047139,67f1ccb6
2063228039743520000,【2026版】零基础转行AI千万别瞎学！这是我熬夜整理的保姆级自学路线图，求支持一下,25.792,1773047148,67f1ccb6
2063227890317405696,【2026版】零基础转行AI千万别瞎学！这是我熬夜整理的保姆级自学路线图，求支持一下,14.581,1773047130,67f1ccb6
2063227690190435584,【2026版】零基础转行AI千万别瞎学！这是我熬夜整理的保姆级自学路线图，求支持一下,0.512,1773047107,67f1ccb6
2063227825506939136,【2026版】零基础转行AI千万别瞎学！这是我熬夜整理的保姆级自学路线图，求支持一下,10.163,1773047123,67f1ccb6
,,0.0,1775600247.1236649,
lb.c,,0.0,1775600247.1236649,
,,0.0,1775600247.1236649,
2069620030299163904,点赞呀UP.,425.71,1773809133,a9bab31
,,0.0,1775600247.1236649,
lb.c,,0.0,1775600247.1236649,
,,0.0,1775600247.1236649,
2069900365650402304,已三连，求资料,819.142,1773842552,d52128e1
2083012046357713152,戳到点子上了，值1个币!,908.069,1775405586,2a3d0493
,,0.0,1775600247.1236649,
lb.c,,0.0,1775600247.1236649,
,,0.0,1775600247.1236649,
,,0.0,1775600247.1236649,
lb.c,,0.0,1775600247.1236649,
,,0.0,1775600247.1236649,
,,0.0,1775600247.1236649,
lb.c,,0.0,1775600247.1236649,
,,0.0,1775600247.1236649,
,,0.0,1775600247.1236649,
lb.c,,0.0,1775600247.1236649,
,,0.0,1775600247.1236649,
,,0.0,1775600247.1236649,
lb.c,,0.0,1775600247.1236649,
,,0.0,1775600247.1236649,
,,0.0,1775600247.1236649,
lb.c,,0.0,1775600247.1236649,
,,0.0,1775600247.1236649,
2066107915517310720,快乐已get哈哈哈!,40.776,1773390456,d4d08db4
2066308252773347584,感动呜呜呜.,42.565,1773414338,7dffa913
2066350454820226560,哈哈，这都给我刷到了，置顶！,156.052,1773419369,a9bab31
2066456271959428096,发个友善的弹幕见证当下6032,16.085,1773431984,475e82bb
2066495357319428352,发个友善的弹幕见证当下8046,9.0,1773436643,1bf4212c
2066637927098380800,发个友善的弹幕见证当下558,23.213,1773453639,9936c17b
2066695375884000512,爷有生之年关注的up更新了！~,0.0,1773460487,1ba1b5c7
2068129909054017024,一键三联必须安排！！,217.262,1773631497,a9bab31
2068185361469109248,阿婆主加油，支持你~,28.834,1773638107,88938f3a
2068394861828599040,好活当赏:),36.296,1773663081,ec58ddc6
2068422783587248640,厉害了呀！,37.642,1773666410,c6623a38
2068440060889785088,支持一下!,29.298,1773668470,a5cbf60d
2068784859614669056,很久没有被这样的视频触动了。！,21.892,1773709573,835310b2
2072569311964943872,爷爷你关注的UP更新了！！,22.421,1774160715,443e6dc3
2072574101004558592,你的视频在此地不要火，我去想两句骚话回来^_^,326.0,1774161286,bc73012d
2080542173824114176,一起加油。,153.066,1775111154,c85bd52b
2080660558533224960,恭喜你发现宝藏.,1.0,1775125266,b457fe55
2080700746088932096,赞一下！,15.245,1775130057,1b75e992
2080765061848399360,我们会一直陪着你的:),0.0,1775137724,fa801280
2081858078026161920,哈哈，这都给我刷到了,6.426,1775268022,841f8537
2083479812294797312,很久没有被这样的视频触动了。.,4.275,1775461348,69e0ce06
2084248918497016832,Mark^_^,45.732,1775553032,88c32cdb
2063227963893768448,【2026版】零基础转行AI千万别瞎学！这是我熬夜整理的保姆级自学路线图，求支持一下,19.726,1773047139,67f1ccb6
2063227757592849664,【2026版】零基础转行AI千万别瞎学！这是我熬夜整理的保姆级自学路线图，求支持一下,5.019,1773047115,67f1ccb6
2063227825506939136,【2026版】零基础转行AI千万别瞎学！这是我熬夜整理的保姆级自学路线图，求支持一下,10.163,1773047123,67f1ccb6
2063227890317405696,【2026版】零基础转行AI千万别瞎学！这是我熬夜整理的保姆级自学路线图，求支持一下,14.581,1773047130,67f1ccb6
2063228039743520000,【2026版】零基础转行AI千万别瞎学！这是我熬夜整理的保姆级自学路线图，求支持一下,25.792,1773047148,67f1ccb6
2063227690190435584,【2026版】零基础转行AI千万别瞎学！这是我熬夜整理的保姆级自学路线图，求支持一下,0.512,1773047107,67f1ccb6
,,0.0,1775600247.1236649,
lb.c,,0.0,1775600247.1236649,
,,0.0,1775600247.1236649,
2069620030299163904,点赞呀UP.,425.71,1773809133,a9bab31
,,0.0,1775600247.1236649,
lb.c,,0.0,1775600247.1236649,
,,0.0,1775600247.1236649,
2069900365650402304,已三连，求资料,819.142,1773842552,d52128e1
2083012046357713152,戳到点子上了，值1个币!,908.069,1775405586,2a3d0493
,,0.0,1775600247.1236649,
lb.c,,0.0,1775600247.1236649,
,,0.0,1775600247.1236649,
,,0.0,1775600247.1236649,
lb.c,,0.0,1775600247.1236649,
,,0.0,1775600247.1236649,
,,0.0,1775600247.1236649,
lb.c,,0.0,1775600247.1236649,
,,0.0,1775600247.1236649,
,,0.0,1775600247.1236649,
lb.c,,0.0,1775600247.1236649,
,,0.0,1775600247.1236649,
,,0.0,1775600247.1236649,
lb.c,,0.0,1775600247.1236649,
,,0.0,1775600247.1236649,
,,0.0,1775600247.1236649,
lb.c,,0.0,1775600247.1236649,
,,0.0,1775600247.1236649,
2066107915517310720,快乐已get哈哈哈!,40.776,1773390456,d4d08db4
2066308252773347584,感动呜呜呜.,42.565,1773414338,7dffa913
2066350454820226560,哈哈，这都给我刷到了，置顶！,156.052,1773419369,a9bab31
2066456271959428096,发个友善的弹幕见证当下6032,16.085,1773431984,475e82bb
2066495357319428352,发个友善的弹幕见证当下8046,9.0,1773436643,1bf4212c
2066637927098380800,发个友善的弹幕见证当下558,23.213,1773453639,9936c17b
2068129909054017024,一键三联必须安排！！,217.262,1773631497,a9bab31
2068185361469109248,阿婆主加油，支持你~,28.834,1773638107,88938f3a
2068394861828599040,好活当赏:),36.296,1773663081,ec58ddc6
2068422783587248640,厉害了呀！,37.642,1773666410,c6623a38
2068440060889785088,支持一下!,29.298,1773668470,a5cbf60d
2068784859614669056,很久没有被这样的视频触动了。！,21.892,1773709573,835310b2
2072569311964943872,爷爷你关注的UP更新了！！,22.421,1774160715,443e6dc3
2072574101004558592,你的视频在此地不要火，我去想两句骚话回来^_^,326.0,1774161286,bc73012d
2073341452938931712,感动呜呜呜!,0.0,1774252761,5f0e24c8
2080542173824114176,一起加油。,153.066,1775111154,c85bd52b
2080660558533224960,恭喜你发现宝藏.,1.0,1775125266,b457fe55
2080700746088932096,赞一下！,15.245,1775130057,1b75e992
2080765061848399360,我们会一直陪着你的:),0.0,1775137724,fa801280
2081858078026161920,哈哈，这都给我刷到了,6.426,1775268022,841f8537
2083479812294797312,很久没有被这样的视频触动了。.,4.275,1775461348,69e0ce06
2084248918497016832,Mark^_^,45.732,1775553032,88c32cdb
2063227757592849664,【2026版】零基础转行AI千万别瞎学！这是我熬夜整理的保姆级自学路线图，求支持一下,5.019,1773047115,67f1ccb6
2063228039743520000,【2026版】零基础转行AI千万别瞎学！这是我熬夜整理的保姆级自学路线图，求支持一下,25.792,1773047148,67f1ccb6
2063227825506939136,【2026版】零基础转行AI千万别瞎学！这是我熬夜整理的保姆级自学路线图，求支持一下,10.163,1773047123,67f1ccb6
2063227890317405696,【2026版】零基础转行AI千万别瞎学！这是我熬夜整理的保姆级自学路线图，求支持一下,14.581,1773047130,67f1ccb6
2063227690190435584,【2026版】零基础转行AI千万别瞎学！这是我熬夜整理的保姆级自学路线图，求支持一下,0.512,1773047107,67f1ccb6
2063227963893768448,【2026版】零基础转行AI千万别瞎学！这是我熬夜整理的保姆级自学路线图，求支持一下,19.726,1773047139,67f1ccb6
,,0.0,1775600247.1236649,
lb.c,,0.0,1775600247.1236649,
,,0.0,1775600247.1236649,
2069620030299163904,点赞呀UP.,425.71,1773809133,a9bab31
,,0.0,1775600247.1236649,
lb.c,,0.0,1775600247.1236649,
,,0.0,1775600247.1236649,
2069900365650402304,已三连，求资料,819.142,1773842552,d52128e1
2083012046357713152,戳到点子上了，值1个币!,908.069,1775405586,2a3d0493
,,0.0,1775600247.1236649,
lb.c,,0.0,1775600247.1236649,
,,0.0,1775600247.1236649,
,,0.0,1775600247.1236649,
lb.c,,0.0,1775600247.1236649,
,,0.0,1775600247.1236649,
,,0.0,1775600247.1236649,
lb.c,,0.0,1775600247.1236649,
,,0.0,1775600247.1236649,
,,0.0,1775600247.1236649,
lb.c,,0.0,1775600247.1236649,
,,0.0,1775600247.1236649,
,,0.0,1775600247.1236649,
lb.c,,0.0,1775600247.1236649,
,,0.0,1775600247.1236649,
,,0.0,1775600247.1236649,
lb.c,,0.0,1775600247.1236649,
,,0.0,1775600247.1236649,
2066107915517310720,快乐已get哈哈哈!,40.776,1773390456,d4d08db4
2066308252773347584,感动呜呜呜.,42.565,1773414338,7dffa913
2066350454820226560,哈哈，这都给我刷到了，置顶！,156.052,1773419369,a9bab31
2066456271959428096,发个友善的弹幕见证当下6032,16.085,1773431984,475e82bb
2066495357319428352,发个友善的弹幕见证当下8046,9.0,1773436643,1bf4212c
2066637927098380800,发个友善的弹幕见证当下558,23.213,1773453639,9936c17b
2066695375884000512,爷有生之年关注的up更新了！~,0.0,1773460487,1ba1b5c7
2068129909054017024,一键三联必须安排！！,217.262,1773631497,a9bab31
2068185361469109248,阿婆主加油，支持你~,28.834,1773638107,88938f3a
2068394861828599040,好活当赏:),36.296,1773663081,ec58ddc6
2068422783587248640,厉害了呀！,37.642,1773666410,c6623a38
2068440060889785088,支持一下!,29.298,1773668470,a5cbf60d
2068784859614669056,很久没有被这样的视频触动了。！,21.892,1773709573,835310b2
2072569311964943872,爷爷你关注的UP更新了！！,22.421,1774160715,443e6dc3
2072574101004558592,你的视频在此地不要火，我去想两句骚话回来^_^,326.0,1774161286,bc73012d
2080542173824114176,一起加油。,153.066,1775111154,c85bd52b
2080660558533224960,恭喜你发现宝藏.,1.0,1775125266,b457fe55
2080700746088932096,赞一下！,15.245,1775130057,1b75e992
2080765061848399360,我们会一直陪着你的:),0.0,1775137724,fa801280
2081858078026161920,哈哈，这都给我刷到了,6.426,1775268022,841f8537
2083479812294797312,很久没有被这样的视频触动了。.,4.275,1775461348,69e0ce06
2084248918497016832,Mark^_^,45.732,1775553032,88c32cdb
2063227825506939136,【2026版】零基础转行AI千万别瞎学！这是我熬夜整理的保姆级自学路线图，求支持一下,10.163,1773047123,67f1ccb6
2063227963893768448,【2026版】零基础转行AI千万别瞎学！这是我熬夜整理的保姆级自学路线图，求支持一下,19.726,1773047139,67f1ccb6
2063227890317405696,【2026版】零基础转行AI千万别瞎学！这是我熬夜整理的保姆级自学路线图，求支持一下,14.581,1773047130,67f1ccb6
2063228039743520000,【2026版】零基础转行AI千万别瞎学！这是我熬夜整理的保姆级自学路线图，求支持一下,25.792,1773047148,67f1ccb6
2063227690190435584,【2026版】零基础转行AI千万别瞎学！这是我熬夜整理的保姆级自学路线图，求支持一下,0.512,1773047107,67f1ccb6
2063227757592849664,【2026版】零基础转行AI千万别瞎学！这是我熬夜整理的保姆级自学路线图，求支持一下,5.019,1773047115,67f1ccb6
,,0.0,1775600247.1236649,
lb.c,,0.0,1775600247.1236649,
,,0.0,1775600247.1236649,
2069620030299163904,点赞呀UP.,425.71,1773809133,a9bab31
,,0.0,1775600247.1236649,
lb.c,,0.0,1775600247.1236649,
,,0.0,1775600247.1236649,
2069900365650402304,已三连，求资料,819.142,1773842552,d52128e1
2083012046357713152,戳到点子上了，值1个币!,908.069,1775405586,2a3d0493
,,0.0,1775600247.1236649,
lb.c,,0.0,1775600247.1236649,
,,0.0,1775600247.1236649,
,,0.0,1775600247.1236649,
lb.c,,0.0,1775600247.1236649,
,,0.0,1775600247.1236649,
,,0.0,1775600247.1236649,
lb.c,,0.0,1775600247.1236649,
,,0.0,1775600247.1236649,
,,0.0,1775600247.1236649,
lb.c,,0.0,1775600247.1236649,
,,0.0,1775600247.1236649,
,,0.0,1775600247.1236649,
lb.c,,0.0,1775600247.1236649,
,,0.0,1775600247.1236649,
,,0.0,1775600247.1236649,
lb.c,,0.0,1775600247.1236649,
,,0.0,1775600247.1236649,
2066107915517310720,快乐已get哈哈哈!,40.776,1773390456,d4d08db4
2066308252773347584,感动呜呜呜.,42.565,1773414338,7dffa913
2066350454820226560,哈哈，这都给我刷到了，置顶！,156.052,1773419369,a9bab31
2066456271959428096,发个友善的弹幕见证当下6032,16.085,1773431984,475e82bb
2066495357319428352,发个友善的弹幕见证当下8046,9.0,1773436643,1bf4212c
2066637927098380800,发个友善的弹幕见证当下558,23.213,1773453639,9936c17b
2066776022074393856,前方高能！.,0.0,1773470101,3c52fb53
2068129909054017024,一键三联必须安排！！,217.262,1773631497,a9bab31
2068185361469109248,阿婆主加油，支持你~,28.834,1773638107,88938f3a
2068394861828599040,好活当赏:),36.296,1773663081,ec58ddc6
2068422783587248640,厉害了呀！,37.642,1773666410,c6623a38
2068440060889785088,支持一下!,29.298,1773668470,a5cbf60d
2068784859614669056,很久没有被这样的视频触动了。！,21.892,1773709573,835310b2
2072569311964943872,爷爷你关注的UP更新了！！,22.421,1774160715,443e6dc3
2072574101004558592,你的视频在此地不要火，我去想两句骚话回来^_^,326.0,1774161286,bc73012d
2080542173824114176,一起加油。,153.066,1775111154,c85bd52b
2080660558533224960,恭喜你发现宝藏.,1.0,1775125266,b457fe55
2080700746088932096,赞一下！,15.245,1775130057,1b75e992
2080765061848399360,我们会一直陪着你的:),0.0,1775137724,fa801280
2081858078026161920,哈哈，这都给我刷到了,6.426,1775268022,841f8537
2083479812294797312,很久没有被这样的视频触动了。.,4.275,1775461348,69e0ce06
2084248918497016832,Mark^_^,45.732,1775553032,88c32cdb
2063227825506939136,【2026版】零基础转行AI千万别瞎学！这是我熬夜整理的保姆级自学路线图，求支持一下,10.163,1773047123,67f1ccb6
2063227890317405696,【2026版】零基础转行AI千万别瞎学！这是我熬夜整理的保姆级自学路线图，求支持一下,14.581,1773047130,67f1ccb6
2063228039743520000,【2026版】零基础转行AI千万别瞎学！这是我熬夜整理的保姆级自学路线图，求支持一下,25.792,1773047148,67f1ccb6
2063227757592849664,【2026版】零基础转行AI千万别瞎学！这是我熬夜整理的保姆级自学路线图，求支持一下,5.019,1773047115,67f1ccb6
2063227690190435584,【2026版】零基础转行AI千万别瞎学！这是我熬夜整理的保姆级自学路线图，求支持一下,0.512,1773047107,67f1ccb6
2063227963893768448,【2026版】零基础转行AI千万别瞎学！这是我熬夜整理的保姆级自学路线图，求支持一下,19.726,1773047139,67f1ccb6
,,0.0,1775600247.1236649,
lb.c,,0.0,1775600247.1236649,
,,0.0,1775600247.1236649,
2069620030299163904,点赞呀UP.,425.71,1773809133,a9bab31
,,0.0,1775600247.1236649,
lb.c,,0.0,1775600247.1236649,
,,0.0,1775600247.1236649,
2069900365650402304,已三连，求资料,819.142,1773842552,d52128e1
2083012046357713152,戳到点子上了，值1个币!,908.069,1775405586,2a3d0493
,,0.0,1775600247.1236649,
lb.c,,0.0,1775600247.1236649,
,,0.0,1775600247.1236649,
,,0.0,1775600247.1236649,
lb.c,,0.0,1775600247.1236649,
,,0.0,1775600247.1236649,
,,0.0,1775600247.1236649,
lb.c,,0.0,1775600247.1236649,
,,0.0,1775600247.1236649,
,,0.0,1775600247.1236649,
lb.c,,0.0,1775600247.1236649,
,,0.0,1775600247.1236649,
,,0.0,1775600247.1236649,
lb.c,,0.0,1775600247.1236649,
,,0.0,1775600247.1236649,
,,0.0,1775600247.1236649,
lb.c,,0.0,1775600247.1236649,
,,0.0,1775600247.1236649,
2066107915517310720,快乐已get哈哈哈!,40.776,1773390456,d4d08db4
2066308252773347584,感动呜呜呜.,42.565,1773414338,7dffa913
2066350454820226560,哈哈，这都给我刷到了，置顶！,156.052,1773419369,a9bab31
2066456271959428096,发个友善的弹幕见证当下6032,16.085,1773431984,475e82bb
2066495357319428352,发个友善的弹幕见证当下8046,9.0,1773436643,1bf4212c
2066637927098380800,发个友善的弹幕见证当下558,23.213,1773453639,9936c17b
2066776022074393856,前方高能！.,0.0,1773470101,3c52fb53
2068129909054017024,一键三联必须安排！！,217.262,1773631497,a9bab31
2068185361469109248,阿婆主加油，支持你~,28.834,1773638107,88938f3a
2068394861828599040,好活当赏:),36.296,1773663081,ec58ddc6
2068422783587248640,厉害了呀！,37.642,1773666410,c6623a38
2068440060889785088,支持一下!,29.298,1773668470,a5cbf60d
2068784859614669056,很久没有被这样的视频触动了。！,21.892,1773709573,835310b2
2072569311964943872,爷爷你关注的UP更新了！！,22.421,1774160715,443e6dc3
2072574101004558592,你的视频在此地不要火，我去想两句骚话回来^_^,326.0,1774161286,bc73012d
2080542173824114176,一起加油。,153.066,1775111154,c85bd52b
2080660558533224960,恭喜你发现宝藏.,1.0,1775125266,b457fe55
2080700746088932096,赞一下！,15.245,1775130057,1b75e992
2080765061848399360,我们会一直陪着你的:),0.0,1775137724,fa801280
2081858078026161920,哈哈，这都给我刷到了,6.426,1775268022,841f8537
2083479812294797312,很久没有被这样的视频触动了。.,4.275,1775461348,69e0ce06
2084248918497016832,Mark^_^,45.732,1775553032,88c32cdb
2063228039743520000,【2026版】零基础转行AI千万别瞎学！这是我熬夜整理的保姆级自学路线图，求支持一下,25.792,1773047148,67f1ccb6
2063227690190435584,【2026版】零基础转行AI千万别瞎学！这是我熬夜整理的保姆级自学路线图，求支持一下,0.512,1773047107,67f1ccb6
2063227890317405696,【2026版】零基础转行AI千万别瞎学！这是我熬夜整理的保姆级自学路线图，求支持一下,14.581,1773047130,67f1ccb6
2063227825506939136,【2026版】零基础转行AI千万别瞎学！这是我熬夜整理的保姆级自学路线图，求支持一下,10.163,1773047123,67f1ccb6
2063227963893768448,【2026版】零基础转行AI千万别瞎学！这是我熬夜整理的保姆级自学路线图，求支持一下,19.726,1773047139,67f1ccb6
2063227757592849664,【2026版】零基础转行AI千万别瞎学！这是我熬夜整理的保姆级自学路线图，求支持一下,5.019,1773047115,67f1ccb6
,,0.0,1775600247.1236649,
lb.c,,0.0,1775600247.1236649,
,,0.0,1775600247.1236649,
2069620030299163904,点赞呀UP.,425.71,1773809133,a9bab31
,,0.0,1775600247.1236649,
lb.c,,0.0,1775600247.1236649,
,,0.0,1775600247.1236649,
2069900365650402304,已三连，求资料,819.142,1773842552,d52128e1
2083012046357713152,戳到点子上了，值1个币!,908.069,1775405586,2a3d0493
,,0.0,1775600247.1236649,
lb.c,,0.0,1775600247.1236649,
,,0.0,1775600247.1236649,
,,0.0,1775600247.1236649,
lb.c,,0.0,1775600247.1236649,
,,0.0,1775600247.1236649,
,,0.0,1775600247.1236649,
lb.c,,0.0,1775600247.1236649,
,,0.0,1775600247.1236649,
,,0.0,1775600247.1236649,
lb.c,,0.0,1775600247.1236649,
,,0.0,1775600247.1236649,
,,0.0,1775600247.1236649,
lb.c,,0.0,1775600247.1236649,
,,0.0,1775600247.1236649,
,,0.0,1775600247.1236649,
lb.c,,0.0,1775600247.1236649,
,,0.0,1775600247.1236649,
2066107915517310720,快乐已get哈哈哈!,40.776,1773390456,d4d08db4
2066308252773347584,感动呜呜呜.,42.565,1773414338,7dffa913
2066350454820226560,哈哈，这都给我刷到了，置顶！,156.052,1773419369,a9bab31
2066456271959428096,发个友善的弹幕见证当下6032,16.085,1773431984,475e82bb
2066495357319428352,发个友善的弹幕见证当下8046,9.0,1773436643,1bf4212c
2066637927098380800,发个友善的弹幕见证当下558,23.213,1773453639,9936c17b
2068129909054017024,一键三联必须安排！！,217.262,1773631497,a9bab31
2068185361469109248,阿婆主加油，支持你~,28.834,1773638107,88938f3a
2068394861828599040,好活当赏:),36.296,1773663081,ec58ddc6
2068422783587248640,厉害了呀！,37.642,1773666410,c6623a38
2068440060889785088,支持一下!,29.298,1773668470,a5cbf60d
2068784859614669056,很久没有被这样的视频触动了。！,21.892,1773709573,835310b2
2072569311964943872,爷爷你关注的UP更新了！！,22.421,1774160715,443e6dc3
2072574101004558592,你的视频在此地不要火，我去想两句骚话回来^_^,326.0,1774161286,bc73012d
2073341452938931712,感动呜呜呜!,0.0,1774252761,5f0e24c8
2080542173824114176,一起加油。,153.066,1775111154,c85bd52b
2080660558533224960,恭喜你发现宝藏.,1.0,1775125266,b457fe55
2080700746088932096,赞一下！,15.245,1775130057,1b75e992
2080765061848399360,我们会一直陪着你的:),0.0,1775137724,fa801280
2081858078026161920,哈哈，这都给我刷到了,6.426,1775268022,841f8537
2083479812294797312,很久没有被这样的视频触动了。.,4.275,1775461348,69e0ce06
2084248918497016832,Mark^_^,45.732,1775553032,88c32cdb
2063228039743520000,【2026版】零基础转行AI千万别瞎学！这是我熬夜整理的保姆级自学路线图，求支持一下,25.792,1773047148,67f1ccb6
2063227825506939136,【2026版】零基础转行AI千万别瞎学！这是我熬夜整理的保姆级自学路线图，求支持一下,10.163,1773047123,67f1ccb6
2063227890317405696,【2026版】零基础转行AI千万别瞎学！这是我熬夜整理的保姆级自学路线图，求支持一下,14.581,1773047130,67f1ccb6
2063227690190435584,【2026版】零基础转行AI千万别瞎学！这是我熬夜整理的保姆级自学路线图，求支持一下,0.512,1773047107,67f1ccb6
2063227757592849664,【2026版】零基础转行AI千万别瞎学！这是我熬夜整理的保姆级自学路线图，求支持一下,5.019,1773047115,67f1ccb6
2063227963893768448,【2026版】零基础转行AI千万别瞎学！这是我熬夜整理的保姆级自学路线图，求支持一下,19.726,1773047139,67f1ccb6
,,0.0,1775600247.1236649,
lb.c,,0.0,1775600247.1236649,
,,0.0,1775600247.1236649,
2069620030299163904,点赞呀UP.,425.71,1773809133,a9bab31
,,0.0,1775600247.1236649,
lb.c,,0.0,1775600247.1236649,
,,0.0,1775600247.1236649,
2069900365650402304,已三连，求资料,819.142,1773842552,d52128e1
2083012046357713152,戳到点子上了，值1个币!,908.069,1775405586,2a3d0493
,,0.0,1775600247.1236649,
lb.c,,0.0,1775600247.1236649,
,,0.0,1775600247.1236649,
,,0.0,1775600247.1236649,
lb.c,,0.0,1775600247.1236649,
,,0.0,1775600247.1236649,
,,0.0,1775600247.1236649,
lb.c,,0.0,1775600247.1236649,
,,0.0,1775600247.1236649,
,,0.0,1775600247.1236649,
lb.c,,0.0,1775600247.1236649,
,,0.0,1775600247.1236649,
,,0.0,1775600247.1236649,
lb.c,,0.0,1775600247.1236649,
,,0.0,1775600247.1236649,
,,0.0,1775600247.1236649,
lb.c,,0.0,1775600247.1236649,
,,0.0,1775600247.1236649,
2066107915517310720,快乐已get哈哈哈!,40.776,1773390456,d4d08db4
2066308252773347584,感动呜呜呜.,42.565,1773414338,7dffa913
2066350454820226560,哈哈，这都给我刷到了，置顶！,156.052,1773419369,a9bab31
2066456271959428096,发个友善的弹幕见证当下6032,16.085,1773431984,475e82bb
2066495357319428352,发个友善的弹幕见证当下8046,9.0,1773436643,1bf4212c
2066637927098380800,发个友善的弹幕见证当下558,23.213,1773453639,9936c17b
2066776022074393856,前方高能！.,0.0,1773470101,3c52fb53
2068129909054017024,一键三联必须安排！！,217.262,1773631497,a9bab31
2068185361469109248,阿婆主加油，支持你~,28.834,1773638107,88938f3a
2068394861828599040,好活当赏:),36.296,1773663081,ec58ddc6
2068422783587248640,厉害了呀！,37.642,1773666410,c6623a38
2068440060889785088,支持一下!,29.298,1773668470,a5cbf60d
2068784859614669056,很久没有被这样的视频触动了。！,21.892,1773709573,835310b2
2072569311964943872,爷爷你关注的UP更新了！！,22.421,1774160715,443e6dc3
2072574101004558592,你的视频在此地不要火，我去想两句骚话回来^_^,326.0,1774161286,bc73012d
2080542173824114176,一起加油。,153.066,1775111154,c85bd52b
2080660558533224960,恭喜你发现宝藏.,1.0,1775125266,b457fe55
2080700746088932096,赞一下！,15.245,1775130057,1b75e992
2080765061848399360,我们会一直陪着你的:),0.0,1775137724,fa801280
2081858078026161920,哈哈，这都给我刷到了,6.426,1775268022,841f8537
2083479812294797312,很久没有被这样的视频触动了。.,4.275,1775461348,69e0ce06
2084248918497016832,Mark^_^,45.732,1775553032,88c32cdb
2063227890317405696,【2026版】零基础转行AI千万别瞎学！这是我熬夜整理的保姆级自学路线图，求支持一下,14.581,1773047130,67f1ccb6
2063227963893768448,【2026版】零基础转行AI千万别瞎学！这是我熬夜整理的保姆级自学路线图，求支持一下,19.726,1773047139,67f1ccb6
2063227690190435584,【2026版】零基础转行AI千万别瞎学！这是我熬夜整理的保姆级自学路线图，求支持一下,0.512,1773047107,67f1ccb6
2063228039743520000,【2026版】零基础转行AI千万别瞎学！这是我熬夜整理的保姆级自学路线图，求支持一下,25.792,1773047148,67f1ccb6
2063227757592849664,【2026版】零基础转行AI千万别瞎学！这是我熬夜整理的保姆级自学路线图，求支持一下,5.019,1773047115,67f1ccb6
2063227825506939136,【2026版】零基础转行AI千万别瞎学！这是我熬夜整理的保姆级自学路线图，求支持一下,10.163,1773047123,67f1ccb6
,,0.0,1775600247.1236649,
lb.c,,0.0,1775600247.1236649,
,,0.0,1775600247.1236649,
2069620030299163904,点赞呀UP.,425.71,1773809133,a9bab31
,,0.0,1775600247.1236649,
lb.c,,0.0,1775600247.1236649,
,,0.0,1775600247.1236649,
2069900365650402304,已三连，求资料,819.142,1773842552,d52128e1
2083012046357713152,戳到点子上了，值1个币!,908.069,1775405586,2a3d0493
,,0.0,1775600247.1236649,
lb.c,,0.0,1775600247.1236649,
,,0.0,1775600247.1236649,
,,0.0,1775600247.1236649,
lb.c,,0.0,1775600247.1236649,
,,0.0,1775600247.1236649,
,,0.0,1775600247.1236649,
lb.c,,0.0,1775600247.1236649,
,,0.0,1775600247.1236649,
,,0.0,1775600247.1236649,
lb.c,,0.0,1775600247.1236649,
,,0.0,1775600247.1236649,
,,0.0,1775600247.1236649,
lb.c,,0.0,1775600247.1236649,
,,0.0,1775600247.1236649,
,,0.0,1775600247.1236649,
lb.c,,0.0,1775600247.1236649,
,,0.0,1775600247.1236649,
2066107915517310720,快乐已get哈哈哈!,40.776,1773390456,d4d08db4
2066308252773347584,感动呜呜呜.,42.565,1773414338,7dffa913
2066350454820226560,哈哈，这都给我刷到了，置顶！,156.052,1773419369,a9bab31
2066456271959428096,发个友善的弹幕见证当下6032,16.085,1773431984,475e82bb
2066495357319428352,发个友善的弹幕见证当下8046,9.0,1773436643,1bf4212c
2066637927098380800,发个友善的弹幕见证当下558,23.213,1773453639,9936c17b
2068129909054017024,一键三联必须安排！！,217.262,1773631497,a9bab31
2068185361469109248,阿婆主加油，支持你~,28.834,1773638107,88938f3a
2068394861828599040,好活当赏:),36.296,1773663081,ec58ddc6
2068422783587248640,厉害了呀！,37.642,1773666410,c6623a38
2068440060889785088,支持一下!,29.298,1773668470,a5cbf60d
2068784859614669056,很久没有被这样的视频触动了。！,21.892,1773709573,835310b2
2072569311964943872,爷爷你关注的UP更新了！！,22.421,1774160715,443e6dc3
2072574101004558592,你的视频在此地不要火，我去想两句骚话回来^_^,326.0,1774161286,bc73012d
2073341452938931712,感动呜呜呜!,0.0,1774252761,5f0e24c8
2080542173824114176,一起加油。,153.066,1775111154,c85bd52b
2080660558533224960,恭喜你发现宝藏.,1.0,1775125266,b457fe55
2080700746088932096,赞一下！,15.245,1775130057,1b75e992
2080765061848399360,我们会一直陪着你的:),0.0,1775137724,fa801280
2081858078026161920,哈哈，这都给我刷到了,6.426,1775268022,841f8537
2083479812294797312,很久没有被这样的视频触动了。.,4.275,1775461348,69e0ce06
2084248918497016832,Mark^_^,45.732,1775553032,88c32cdb
2063227890317405696,【2026版】零基础转行AI千万别瞎学！这是我熬夜整理的保姆级自学路线图，求支持一下,14.581,1773047130,67f1ccb6
2063227963893768448,【2026版】零基础转行AI千万别瞎学！这是我熬夜整理的保姆级自学路线图，求支持一下,19.726,1773047139,67f1ccb6
2063227690190435584,【2026版】零基础转行AI千万别瞎学！这是我熬夜整理的保姆级自学路线图，求支持一下,0.512,1773047107,67f1ccb6
2063228039743520000,【2026版】零基础转行AI千万别瞎学！这是我熬夜整理的保姆级自学路线图，求支持一下,25.792,1773047148,67f1ccb6
2063227825506939136,【2026版】零基础转行AI千万别瞎学！这是我熬夜整理的保姆级自学路线图，求支持一下,10.163,1773047123,67f1ccb6
2063227757592849664,【2026版】零基础转行AI千万别瞎学！这是我熬夜整理的保姆级自学路线图，求支持一下,5.019,1773047115,67f1ccb6
,,0.0,1775600247.1236649,
lb.c,,0.0,1775600247.1236649,
,,0.0,1775600247.1236649,
2069620030299163904,点赞呀UP.,425.71,1773809133,a9bab31
,,0.0,1775600247.1236649,
lb.c,,0.0,1775600247.1236649,
,,0.0,1775600247.1236649,
2069900365650402304,已三连，求资料,819.142,1773842552,d52128e1
2083012046357713152,戳到点子上了，值1个币!,908.069,1775405586,2a3d0493
,,0.0,1775600247.1236649,
lb.c,,0.0,1775600247.1236649,
,,0.0,1775600247.1236649,
,,0.0,1775600247.1236649,
lb.c,,0.0,1775600247.1236649,
,,0.0,1775600247.1236649,
,,0.0,1775600247.1236649,
lb.c,,0.0,1775600247.1236649,
,,0.0,1775600247.1236649,
,,0.0,1775600247.1236649,
lb.c,,0.0,1775600247.1236649,
,,0.0,1775600247.1236649,
,,0.0,1775600247.1236649,
lb.c,,0.0,1775600247.1236649,
,,0.0,1775600247.1236649,
,,0.0,1775600247.1236649,
lb.c,,0.0,1775600247.1236649,
,,0.0,1775600247.1236649,
2066107915517310720,快乐已get哈哈哈!,40.776,1773390456,d4d08db4
2066308252773347584,感动呜呜呜.,42.565,1773414338,7dffa913
2066350454820226560,哈哈，这都给我刷到了，置顶！,156.052,1773419369,a9bab31
2066456271959428096,发个友善的弹幕见证当下6032,16.085,1773431984,475e82bb
2066495357319428352,发个友善的弹幕见证当下8046,9.0,1773436643,1bf4212c
2066637927098380800,发个友善的弹幕见证当下558,23.213,1773453639,9936c17b
2066695375884000512,爷有生之年关注的up更新了！~,0.0,1773460487,1ba1b5c7
2068129909054017024,一键三联必须安排！！,217.262,1773631497,a9bab31
2068185361469109248,阿婆主加油，支持你~,28.834,1773638107,88938f3a
2068394861828599040,好活当赏:),36.296,1773663081,ec58ddc6
2068422783587248640,厉害了呀！,37.642,1773666410,c6623a38
2068440060889785088,支持一下!,29.298,1773668470,a5cbf60d
2068784859614669056,很久没有被这样的视频触动了。！,21.892,1773709573,835310b2
2072569311964943872,爷爷你关注的UP更新了！！,22.421,1774160715,443e6dc3
2072574101004558592,你的视频在此地不要火，我去想两句骚话回来^_^,326.0,1774161286,bc73012d
2080542173824114176,一起加油。,153.066,1775111154,c85bd52b
2080660558533224960,恭喜你发现宝藏.,1.0,1775125266,b457fe55
2080700746088932096,赞一下！,15.245,1775130057,1b75e992
2080765061848399360,我们会一直陪着你的:),0.0,1775137724,fa801280
2081858078026161920,哈哈，这都给我刷到了,6.426,1775268022,841f8537
2083479812294797312,很久没有被这样的视频触动了。.,4.275,1775461348,69e0ce06
2084248918497016832,Mark^_^,45.732,1775553032,88c32cdb
2063227963893768448,【2026版】零基础转行AI千万别瞎学！这是我熬夜整理的保姆级自学路线图，求支持一下,19.726,1773047139,67f1ccb6
2063227690190435584,【2026版】零基础转行AI千万别瞎学！这是我熬夜整理的保姆级自学路线图，求支持一下,0.512,1773047107,67f1ccb6
2063227890317405696,【2026版】零基础转行AI千万别瞎学！这是我熬夜整理的保姆级自学路线图，求支持一下,14.581,1773047130,67f1ccb6
2063227757592849664,【2026版】零基础转行AI千万别瞎学！这是我熬夜整理的保姆级自学路线图，求支持一下,5.019,1773047115,67f1ccb6
2063228039743520000,【2026版】零基础转行AI千万别瞎学！这是我熬夜整理的保姆级自学路线图，求支持一下,25.792,1773047148,67f1ccb6
2063227825506939136,【2026版】零基础转行AI千万别瞎学！这是我熬夜整理的保姆级自学路线图，求支持一下,10.163,1773047123,67f1ccb6
,,0.0,1775600247.1236649,
lb.c,,0.0,1775600247.1236649,
,,0.0,1775600247.1236649,
2069620030299163904,点赞呀UP.,425.71,1773809133,a9bab31
,,0.0,1775600247.1236649,
lb.c,,0.0,1775600247.1236649,
,,0.0,1775600247.1236649,
2069900365650402304,已三连，求资料,819.142,1773842552,d52128e1
2083012046357713152,戳到点子上了，值1个币!,908.069,1775405586,2a3d0493
,,0.0,1775600247.1236649,
lb.c,,0.0,1775600247.1236649,
,,0.0,1775600247.1236649,
,,0.0,1775600247.1236649,
lb.c,,0.0,1775600247.1236649,
,,0.0,1775600247.1236649,
,,0.0,1775600247.1236649,
lb.c,,0.0,1775600247.1236649,
,,0.0,1775600247.1236649,
,,0.0,1775600247.1236649,
lb.c,,0.0,1775600247.1236649,
,,0.0,1775600247.1236649,
,,0.0,1775600247.1236649,
lb.c,,0.0,1775600247.1236649,
,,0.0,1775600247.1236649,
,,0.0,1775600247.1236649,
lb.c,,0.0,1775600247.1236649,
,,0.0,1775600247.1236649,
2066107915517310720,快乐已get哈哈哈!,40.776,1773390456,d4d08db4
2066162049797135616,Mark!,0.0,1773396910,3c52fb53
2066308252773347584,感动呜呜呜.,42.565,1773414338,7dffa913
2066350454820226560,哈哈，这都给我刷到了，置顶！,156.052,1773419369,a9bab31
2066456271959428096,发个友善的弹幕见证当下6032,16.085,1773431984,475e82bb
2066495357319428352,发个友善的弹幕见证当下8046,9.0,1773436643,1bf4212c
2066637927098380800,发个友善的弹幕见证当下558,23.213,1773453639,9936c17b
2068129909054017024,一键三联必须安排！！,217.262,1773631497,a9bab31
2068185361469109248,阿婆主加油，支持你~,28.834,1773638107,88938f3a
2068394861828599040,好活当赏:),36.296,1773663081,ec58ddc6
2068422783587248640,厉害了呀！,37.642,1773666410,c6623a38
2068440060889785088,支持一下!,29.298,1773668470,a5cbf60d
2068784859614669056,很久没有被这样的视频触动了。！,21.892,1773709573,835310b2
2072569311964943872,爷爷你关注的UP更新了！！,22.421,1774160715,443e6dc3
2072574101004558592,你的视频在此地不要火，我去想两句骚话回来^_^,326.0,1774161286,bc73012d
2080542173824114176,一起加油。,153.066,1775111154,c85bd52b
2080660558533224960,恭喜你发现宝藏.,1.0,1775125266,b457fe55
2080700746088932096,赞一下！,15.245,1775130057,1b75e992
2080765061848399360,我们会一直陪着你的:),0.0,1775137724,fa801280
2081858078026161920,哈哈，这都给我刷到了,6.426,1775268022,841f8537
2083479812294797312,很久没有被这样的视频触动了。.,4.275,1775461348,69e0ce06
2084248918497016832,Mark^_^,45.732,1775553032,88c32cdb
2063227890317405696,【2026版】零基础转行AI千万别瞎学！这是我熬夜整理的保姆级自学路线图，求支持一下,14.581,1773047130,67f1ccb6
2063227690190435584,【2026版】零基础转行AI千万别瞎学！这是我熬夜整理的保姆级自学路线图，求支持一下,0.512,1773047107,67f1ccb6
2063227757592849664,【2026版】零基础转行AI千万别瞎学！这是我熬夜整理的保姆级自学路线图，求支持一下,5.019,1773047115,67f1ccb6
2063228039743520000,【2026版】零基础转行AI千万别瞎学！这是我熬夜整理的保姆级自学路线图，求支持一下,25.792,1773047148,67f1ccb6
2063227963893768448,【2026版】零基础转行AI千万别瞎学！这是我熬夜整理的保姆级自学路线图，求支持一下,19.726,1773047139,67f1ccb6
2063227825506939136,【2026版】零基础转行AI千万别瞎学！这是我熬夜整理的保姆级自学路线图，求支持一下,10.163,1773047123,67f1ccb6
,,0.0,1775600247.1236649,
lb.c,,0.0,1775600247.1236649,
,,0.0,1775600247.1236649,
2069620030299163904,点赞呀UP.,425.71,1773809133,a9bab31
,,0.0,1775600247.1236649,
lb.c,,0.0,1775600247.1236649,
,,0.0,1775600247.1236649,
2069900365650402304,已三连，求资料,819.142,1773842552,d52128e1
2083012046357713152,戳到点子上了，值1个币!,908.069,1775405586,2a3d0493
,,0.0,1775600247.1236649,
lb.c,,0.0,1775600247.1236649,
,,0.0,1775600247.1236649,
,,0.0,1775600247.1236649,
lb.c,,0.0,1775600247.1236649,
,,0.0,1775600247.1236649,
,,0.0,1775600247.1236649,
lb.c,,0.0,1775600247.1236649,
,,0.0,1775600247.1236649,
,,0.0,1775600247.1236649,
lb.c,,0.0,1775600247.1236649,
,,0.0,1775600247.1236649,
,,0.0,1775600247.1236649,
lb.c,,0.0,1775600247.1236649,
,,0.0,1775600247.1236649,
,,0.0,1775600247.1236649,
lb.c,,0.0,1775600247.1236649,
,,0.0,1775600247.1236649,
2066107915517310720,快乐已get哈哈哈!,40.776,1773390456,d4d08db4
2066308252773347584,感动呜呜呜.,42.565,1773414338,7dffa913
2066350454820226560,哈哈，这都给我刷到了，置顶！,156.052,1773419369,a9bab31
2066456271959428096,发个友善的弹幕见证当下6032,16.085,1773431984,475e82bb
2066495357319428352,发个友善的弹幕见证当下8046,9.0,1773436643,1bf4212c
2066637927098380800,发个友善的弹幕见证当下558,23.213,1773453639,9936c17b
2068129909054017024,一键三联必须安排！！,217.262,1773631497,a9bab31
