danmaku_id,content,progress,ctime,user_hash
1647171673608366848,学习,20.444,1723449364,3bd96bee
1647171768517338368,大家好,44.095,1723449376,d9913f74
1647171873064578048,新加坡国立大学大佬,87.298,1723449388,314031b4
1647172164929097216,谢谢up,78.932,1723449423,3bd96bee
1647172505187819264,yes,119.475,1723449464,3bd96bee
1647172603309452288,up多更,131.155,1723449475,3bd96bee
1647172656921003776,歇息一下,137.714,1723449482,3bd96bee
1647172726730852608,继续学,145.99,1723449490,3bd96bee
1647172767264984320,大家好,193.782,1723449495,314031b4
1647172878137155584,大佬们好,176.279,1723449508,d9913f74
1647172938459511040,承包,214.178,1723449515,314031b4
1647173420863361536,第二节课见,103.083,1723449573,f24c0402
1647173487225421056,课件,248.9,1723449581,d9913f74
1647173665651267584,分享一下,270.123,1723449602,d9913f74
1647173828901942784,三连,289.611,1723449621,d9913f74
1647173907998227456,弹幕,233.002,1723449631,314031b4
1647173973605456128,发个弹幕再看,164.084,1723449639,314031b4
1647174090836266496,发一下弹幕大家交流交流,320.829,1723449653,d9913f74
1653663642388218880,这么好的视频 终于火起来啦！,259.021,1724223267,a7dfc431
1656439742038251776,别闪了,99.759,1724554204,5318e36c
1656642773396442880,卷积提取特征,1.059,1724578408,b96e65db
1657563526992139776,我就想知道我看这个能不能学会dcs自控设计和结晶过程的推演，这两个事情对我很重要,57.923,1724688170,310a234b
1658995515435644416,用梯度更好理解,66.251,1724858876,425d6634
1663104301620648192,11,10.867,1725348682,b71eb9f
1664492784923070208,e'则，好！,21.647,1725514202,a411ea4f
1664778952159281152,不是1是全白，0才是全黑吗,69.197,1725548316,875de193
1666116435845568768,Jiaong Ji 碗糯,19.118,1725707756,bcd5dc99
1654394336902749952,视频配套资料看评论区,2.77,1724310373,90118730
1654394259710747136,视频配套资料看评论区,22.502,1724310364,90118730
1654445677650096384,视频配套资料看评论区,0.677,1724316493,90118730
1654394508584038656,视频配套资料看评论区,5.114,1724310394,90118730
1654394560710887936,视频配套资料看评论区,3.382,1724310400,90118730
1654445773884403968,视频配套资料看评论区,0.677,1724316505,90118730
1654445629692278528,视频配套资料看评论区,0.677,1724316488,90118730
1654395016615252992,视频配套资料看评论区,3.016,1724310454,90118730
1654394870418375168,视频配套资料看评论区,29.973,1724310437,90118730
1654445581290168064,视频配套资料看评论区,0.677,1724316482,90118730
1654394628247796736,视频配套资料看评论区,1.062,1724310408,90118730
1654394707444410624,视频配套资料看评论区,1.978,1724310417,90118730
1654395099628465152,视频配套资料看评论区,2.148,1724310464,90118730
1654445830113017088,视频配套资料看评论区,0.677,1724316512,90118730
1654445724718595328,视频配套资料看评论区,0.677,1724316499,90118730
,,0.0,1775645360.3863423,
lb.c,,0.0,1775645360.3863423,
,,0.0,1775645360.3863423,
1647174282415323392,诶嘿,450.019,1723449675,f24c0402
1656765784212746752,信息压缩,669.701,1724593072,ebecc403
1662206395027627008,讲的挺好,401.942,1725241643,c18aa07
1690140987747838464,有人,624.1,1728571706,661e7c10
,,0.0,1775645360.3863423,
lb.c,,0.0,1775645360.3863423,
,,0.0,1775645360.3863423,
1662219757937986816,真的不懂,733.943,1725243236,c18aa07
1665446605974863616,一个284连线的图切成小块，然后对这个小块来说，连接线数量变小（9），则后道处理规模也变小了,736.548,1725627906,d14352e7
,,0.0,1775645360.3863423,
lb.c,,0.0,1775645360.3863423,
,,0.0,1775645360.3863423,
1647171673608366848,学习,20.444,1723449364,3bd96bee
1647171768517338368,大家好,44.095,1723449376,d9913f74
1647171873064578048,新加坡国立大学大佬,87.298,1723449388,314031b4
1647172164929097216,谢谢up,78.932,1723449423,3bd96bee
1647172505187819264,yes,119.475,1723449464,3bd96bee
1647172603309452288,up多更,131.155,1723449475,3bd96bee
1647172656921003776,歇息一下,137.714,1723449482,3bd96bee
1647172726730852608,继续学,145.99,1723449490,3bd96bee
1647172767264984320,大家好,193.782,1723449495,314031b4
1647172878137155584,大佬们好,176.279,1723449508,d9913f74
1647172938459511040,承包,214.178,1723449515,314031b4
1647173420863361536,第二节课见,103.083,1723449573,f24c0402
1647173487225421056,课件,248.9,1723449581,d9913f74
1647173665651267584,分享一下,270.123,1723449602,d9913f74
1647173828901942784,三连,289.611,1723449621,d9913f74
1647173907998227456,弹幕,233.002,1723449631,314031b4
1647173973605456128,发个弹幕再看,164.084,1723449639,314031b4
1647174090836266496,发一下弹幕大家交流交流,320.829,1723449653,d9913f74
1653663642388218880,这么好的视频 终于火起来啦！,259.021,1724223267,a7dfc431
1656439742038251776,别闪了,99.759,1724554204,5318e36c
1656642773396442880,卷积提取特征,1.059,1724578408,b96e65db
1657563526992139776,我就想知道我看这个能不能学会dcs自控设计和结晶过程的推演，这两个事情对我很重要,57.923,1724688170,310a234b
1658995515435644416,用梯度更好理解,66.251,1724858876,425d6634
1663104301620648192,11,10.867,1725348682,b71eb9f
1664492784923070208,e'则，好！,21.647,1725514202,a411ea4f
1664778952159281152,不是1是全白，0才是全黑吗,69.197,1725548316,875de193
1666116435845568768,Jiaong Ji 碗糯,19.118,1725707756,bcd5dc99
1654394628247796736,视频配套资料看评论区,1.062,1724310408,90118730
1654394336902749952,视频配套资料看评论区,2.77,1724310373,90118730
1654445724718595328,视频配套资料看评论区,0.677,1724316499,90118730
1654445773884403968,视频配套资料看评论区,0.677,1724316505,90118730
1654394870418375168,视频配套资料看评论区,29.973,1724310437,90118730
1654394259710747136,视频配套资料看评论区,22.502,1724310364,90118730
1654395016615252992,视频配套资料看评论区,3.016,1724310454,90118730
1654445629692278528,视频配套资料看评论区,0.677,1724316488,90118730
1654394560710887936,视频配套资料看评论区,3.382,1724310400,90118730
1654394508584038656,视频配套资料看评论区,5.114,1724310394,90118730
1654445581290168064,视频配套资料看评论区,0.677,1724316482,90118730
1654395099628465152,视频配套资料看评论区,2.148,1724310464,90118730
1654445830113017088,视频配套资料看评论区,0.677,1724316512,90118730
1654394707444410624,视频配套资料看评论区,1.978,1724310417,90118730
1654445677650096384,视频配套资料看评论区,0.677,1724316493,90118730
,,0.0,1775645360.3863423,
lb.c,,0.0,1775645360.3863423,
,,0.0,1775645360.3863423,
1647174282415323392,诶嘿,450.019,1723449675,f24c0402
1656765784212746752,信息压缩,669.701,1724593072,ebecc403
1662206395027627008,讲的挺好,401.942,1725241643,c18aa07
1690140987747838464,有人,624.1,1728571706,661e7c10
,,0.0,1775645360.3863423,
lb.c,,0.0,1775645360.3863423,
,,0.0,1775645360.3863423,
1662219757937986816,真的不懂,733.943,1725243236,c18aa07
1665446605974863616,一个284连线的图切成小块，然后对这个小块来说，连接线数量变小（9），则后道处理规模也变小了,736.548,1725627906,d14352e7
,,0.0,1775645360.3863423,
lb.c,,0.0,1775645360.3863423,
,,0.0,1775645360.3863423,
1647171673608366848,学习,20.444,1723449364,3bd96bee
1647171768517338368,大家好,44.095,1723449376,d9913f74
1647171873064578048,新加坡国立大学大佬,87.298,1723449388,314031b4
1647172164929097216,谢谢up,78.932,1723449423,3bd96bee
1647172505187819264,yes,119.475,1723449464,3bd96bee
1647172603309452288,up多更,131.155,1723449475,3bd96bee
1647172656921003776,歇息一下,137.714,1723449482,3bd96bee
1647172726730852608,继续学,145.99,1723449490,3bd96bee
1647172767264984320,大家好,193.782,1723449495,314031b4
1647172878137155584,大佬们好,176.279,1723449508,d9913f74
1647172938459511040,承包,214.178,1723449515,314031b4
1647173420863361536,第二节课见,103.083,1723449573,f24c0402
1647173487225421056,课件,248.9,1723449581,d9913f74
1647173665651267584,分享一下,270.123,1723449602,d9913f74
1647173828901942784,三连,289.611,1723449621,d9913f74
1647173907998227456,弹幕,233.002,1723449631,314031b4
1647173973605456128,发个弹幕再看,164.084,1723449639,314031b4
1647174090836266496,发一下弹幕大家交流交流,320.829,1723449653,d9913f74
1653663642388218880,这么好的视频 终于火起来啦！,259.021,1724223267,a7dfc431
1656439742038251776,别闪了,99.759,1724554204,5318e36c
1656642773396442880,卷积提取特征,1.059,1724578408,b96e65db
1657563526992139776,我就想知道我看这个能不能学会dcs自控设计和结晶过程的推演，这两个事情对我很重要,57.923,1724688170,310a234b
1658995515435644416,用梯度更好理解,66.251,1724858876,425d6634
1663104301620648192,11,10.867,1725348682,b71eb9f
1664492784923070208,e'则，好！,21.647,1725514202,a411ea4f
1664778952159281152,不是1是全白，0才是全黑吗,69.197,1725548316,875de193
1666116435845568768,Jiaong Ji 碗糯,19.118,1725707756,bcd5dc99
1654445629692278528,视频配套资料看评论区,0.677,1724316488,90118730
1654394870418375168,视频配套资料看评论区,29.973,1724310437,90118730
1654445830113017088,视频配套资料看评论区,0.677,1724316512,90118730
1654395099628465152,视频配套资料看评论区,2.148,1724310464,90118730
1654394259710747136,视频配套资料看评论区,22.502,1724310364,90118730
1654394508584038656,视频配套资料看评论区,5.114,1724310394,90118730
1654445773884403968,视频配套资料看评论区,0.677,1724316505,90118730
1654394560710887936,视频配套资料看评论区,3.382,1724310400,90118730
1654445677650096384,视频配套资料看评论区,0.677,1724316493,90118730
1654445724718595328,视频配套资料看评论区,0.677,1724316499,90118730
1654395016615252992,视频配套资料看评论区,3.016,1724310454,90118730
1654394628247796736,视频配套资料看评论区,1.062,1724310408,90118730
1654394336902749952,视频配套资料看评论区,2.77,1724310373,90118730
1654445581290168064,视频配套资料看评论区,0.677,1724316482,90118730
1654394707444410624,视频配套资料看评论区,1.978,1724310417,90118730
,,0.0,1775645360.3863423,
lb.c,,0.0,1775645360.3863423,
,,0.0,1775645360.3863423,
1647174282415323392,诶嘿,450.019,1723449675,f24c0402
1656765784212746752,信息压缩,669.701,1724593072,ebecc403
1662206395027627008,讲的挺好,401.942,1725241643,c18aa07
1690140987747838464,有人,624.1,1728571706,661e7c10
,,0.0,1775645360.3863423,
lb.c,,0.0,1775645360.3863423,
,,0.0,1775645360.3863423,
1662219757937986816,真的不懂,733.943,1725243236,c18aa07
1665446605974863616,一个284连线的图切成小块，然后对这个小块来说，连接线数量变小（9），则后道处理规模也变小了,736.548,1725627906,d14352e7
,,0.0,1775645360.3863423,
lb.c,,0.0,1775645360.3863423,
,,0.0,1775645360.3863423,
1647171673608366848,学习,20.444,1723449364,3bd96bee
1647171768517338368,大家好,44.095,1723449376,d9913f74
1647171873064578048,新加坡国立大学大佬,87.298,1723449388,314031b4
1647172164929097216,谢谢up,78.932,1723449423,3bd96bee
1647172505187819264,yes,119.475,1723449464,3bd96bee
1647172603309452288,up多更,131.155,1723449475,3bd96bee
1647172656921003776,歇息一下,137.714,1723449482,3bd96bee
1647172726730852608,继续学,145.99,1723449490,3bd96bee
1647172767264984320,大家好,193.782,1723449495,314031b4
1647172878137155584,大佬们好,176.279,1723449508,d9913f74
1647172938459511040,承包,214.178,1723449515,314031b4
1647173420863361536,第二节课见,103.083,1723449573,f24c0402
1647173487225421056,课件,248.9,1723449581,d9913f74
1647173665651267584,分享一下,270.123,1723449602,d9913f74
1647173828901942784,三连,289.611,1723449621,d9913f74
1647173907998227456,弹幕,233.002,1723449631,314031b4
1647173973605456128,发个弹幕再看,164.084,1723449639,314031b4
1647174090836266496,发一下弹幕大家交流交流,320.829,1723449653,d9913f74
1653663642388218880,这么好的视频 终于火起来啦！,259.021,1724223267,a7dfc431
1656439742038251776,别闪了,99.759,1724554204,5318e36c
1656642773396442880,卷积提取特征,1.059,1724578408,b96e65db
1657563526992139776,我就想知道我看这个能不能学会dcs自控设计和结晶过程的推演，这两个事情对我很重要,57.923,1724688170,310a234b
1658995515435644416,用梯度更好理解,66.251,1724858876,425d6634
1663104301620648192,11,10.867,1725348682,b71eb9f
1664492784923070208,e'则，好！,21.647,1725514202,a411ea4f
1664778952159281152,不是1是全白，0才是全黑吗,69.197,1725548316,875de193
1666116435845568768,Jiaong Ji 碗糯,19.118,1725707756,bcd5dc99
1654394508584038656,视频配套资料看评论区,5.114,1724310394,90118730
1654394336902749952,视频配套资料看评论区,2.77,1724310373,90118730
1654445773884403968,视频配套资料看评论区,0.677,1724316505,90118730
1654445830113017088,视频配套资料看评论区,0.677,1724316512,90118730
1654445581290168064,视频配套资料看评论区,0.677,1724316482,90118730
1654394259710747136,视频配套资料看评论区,22.502,1724310364,90118730
1654394707444410624,视频配套资料看评论区,1.978,1724310417,90118730
1654395016615252992,视频配套资料看评论区,3.016,1724310454,90118730
1654395099628465152,视频配套资料看评论区,2.148,1724310464,90118730
1654394870418375168,视频配套资料看评论区,29.973,1724310437,90118730
1654394560710887936,视频配套资料看评论区,3.382,1724310400,90118730
1654394628247796736,视频配套资料看评论区,1.062,1724310408,90118730
1654445724718595328,视频配套资料看评论区,0.677,1724316499,90118730
1654445629692278528,视频配套资料看评论区,0.677,1724316488,90118730
1654445677650096384,视频配套资料看评论区,0.677,1724316493,90118730
,,0.0,1775645360.3863423,
lb.c,,0.0,1775645360.3863423,
,,0.0,1775645360.3863423,
1647174282415323392,诶嘿,450.019,1723449675,f24c0402
1656765784212746752,信息压缩,669.701,1724593072,ebecc403
1662206395027627008,讲的挺好,401.942,1725241643,c18aa07
1690140987747838464,有人,624.1,1728571706,661e7c10
,,0.0,1775645360.3863423,
lb.c,,0.0,1775645360.3863423,
,,0.0,1775645360.3863423,
1662219757937986816,真的不懂,733.943,1725243236,c18aa07
1665446605974863616,一个284连线的图切成小块，然后对这个小块来说，连接线数量变小（9），则后道处理规模也变小了,736.548,1725627906,d14352e7
,,0.0,1775645360.3863423,
lb.c,,0.0,1775645360.3863423,
,,0.0,1775645360.3863423,
1647171673608366848,学习,20.444,1723449364,3bd96bee
1647171768517338368,大家好,44.095,1723449376,d9913f74
1647171873064578048,新加坡国立大学大佬,87.298,1723449388,314031b4
1647172164929097216,谢谢up,78.932,1723449423,3bd96bee
1647172505187819264,yes,119.475,1723449464,3bd96bee
1647172603309452288,up多更,131.155,1723449475,3bd96bee
1647172656921003776,歇息一下,137.714,1723449482,3bd96bee
1647172726730852608,继续学,145.99,1723449490,3bd96bee
1647172767264984320,大家好,193.782,1723449495,314031b4
1647172878137155584,大佬们好,176.279,1723449508,d9913f74
1647172938459511040,承包,214.178,1723449515,314031b4
1647173420863361536,第二节课见,103.083,1723449573,f24c0402
1647173487225421056,课件,248.9,1723449581,d9913f74
1647173665651267584,分享一下,270.123,1723449602,d9913f74
1647173828901942784,三连,289.611,1723449621,d9913f74
1647173907998227456,弹幕,233.002,1723449631,314031b4
1647173973605456128,发个弹幕再看,164.084,1723449639,314031b4
1647174090836266496,发一下弹幕大家交流交流,320.829,1723449653,d9913f74
1653663642388218880,这么好的视频 终于火起来啦！,259.021,1724223267,a7dfc431
1656439742038251776,别闪了,99.759,1724554204,5318e36c
1656642773396442880,卷积提取特征,1.059,1724578408,b96e65db
1657563526992139776,我就想知道我看这个能不能学会dcs自控设计和结晶过程的推演，这两个事情对我很重要,57.923,1724688170,310a234b
1658995515435644416,用梯度更好理解,66.251,1724858876,425d6634
1663104301620648192,11,10.867,1725348682,b71eb9f
1664492784923070208,e'则，好！,21.647,1725514202,a411ea4f
1664778952159281152,不是1是全白，0才是全黑吗,69.197,1725548316,875de193
1666116435845568768,Jiaong Ji 碗糯,19.118,1725707756,bcd5dc99
1654445677650096384,视频配套资料看评论区,0.677,1724316493,90118730
1654395016615252992,视频配套资料看评论区,3.016,1724310454,90118730
1654445773884403968,视频配套资料看评论区,0.677,1724316505,90118730
1654395099628465152,视频配套资料看评论区,2.148,1724310464,90118730
1654394707444410624,视频配套资料看评论区,1.978,1724310417,90118730
1654394259710747136,视频配套资料看评论区,22.502,1724310364,90118730
1654445581290168064,视频配套资料看评论区,0.677,1724316482,90118730
1654394508584038656,视频配套资料看评论区,5.114,1724310394,90118730
1654394870418375168,视频配套资料看评论区,29.973,1724310437,90118730
1654445629692278528,视频配套资料看评论区,0.677,1724316488,90118730
1654445724718595328,视频配套资料看评论区,0.677,1724316499,90118730
1654394336902749952,视频配套资料看评论区,2.77,1724310373,90118730
1654394560710887936,视频配套资料看评论区,3.382,1724310400,90118730
1654394628247796736,视频配套资料看评论区,1.062,1724310408,90118730
1654445830113017088,视频配套资料看评论区,0.677,1724316512,90118730
,,0.0,1775645360.3863423,
lb.c,,0.0,1775645360.3863423,
,,0.0,1775645360.3863423,
1647174282415323392,诶嘿,450.019,1723449675,f24c0402
1656765784212746752,信息压缩,669.701,1724593072,ebecc403
1662206395027627008,讲的挺好,401.942,1725241643,c18aa07
1690140987747838464,有人,624.1,1728571706,661e7c10
,,0.0,1775645360.3863423,
lb.c,,0.0,1775645360.3863423,
,,0.0,1775645360.3863423,
1662219757937986816,真的不懂,733.943,1725243236,c18aa07
1665446605974863616,一个284连线的图切成小块，然后对这个小块来说，连接线数量变小（9），则后道处理规模也变小了,736.548,1725627906,d14352e7
,,0.0,1775645360.3863423,
lb.c,,0.0,1775645360.3863423,
,,0.0,1775645360.3863423,
1647171673608366848,学习,20.444,1723449364,3bd96bee
1647171768517338368,大家好,44.095,1723449376,d9913f74
1647171873064578048,新加坡国立大学大佬,87.298,1723449388,314031b4
1647172164929097216,谢谢up,78.932,1723449423,3bd96bee
1647172505187819264,yes,119.475,1723449464,3bd96bee
1647172603309452288,up多更,131.155,1723449475,3bd96bee
1647172656921003776,歇息一下,137.714,1723449482,3bd96bee
1647172726730852608,继续学,145.99,1723449490,3bd96bee
1647172767264984320,大家好,193.782,1723449495,314031b4
1647172878137155584,大佬们好,176.279,1723449508,d9913f74
1647172938459511040,承包,214.178,1723449515,314031b4
1647173420863361536,第二节课见,103.083,1723449573,f24c0402
1647173487225421056,课件,248.9,1723449581,d9913f74
1647173665651267584,分享一下,270.123,1723449602,d9913f74
1647173828901942784,三连,289.611,1723449621,d9913f74
1647173907998227456,弹幕,233.002,1723449631,314031b4
1647173973605456128,发个弹幕再看,164.084,1723449639,314031b4
1647174090836266496,发一下弹幕大家交流交流,320.829,1723449653,d9913f74
1653663642388218880,这么好的视频 终于火起来啦！,259.021,1724223267,a7dfc431
1656439742038251776,别闪了,99.759,1724554204,5318e36c
1656642773396442880,卷积提取特征,1.059,1724578408,b96e65db
1657563526992139776,我就想知道我看这个能不能学会dcs自控设计和结晶过程的推演，这两个事情对我很重要,57.923,1724688170,310a234b
1658995515435644416,用梯度更好理解,66.251,1724858876,425d6634
1663104301620648192,11,10.867,1725348682,b71eb9f
1664492784923070208,e'则，好！,21.647,1725514202,a411ea4f
1664778952159281152,不是1是全白，0才是全黑吗,69.197,1725548316,875de193
1666116435845568768,Jiaong Ji 碗糯,19.118,1725707756,bcd5dc99
1654445724718595328,视频配套资料看评论区,0.677,1724316499,90118730
1654445677650096384,视频配套资料看评论区,0.677,1724316493,90118730
1654445830113017088,视频配套资料看评论区,0.677,1724316512,90118730
1654445773884403968,视频配套资料看评论区,0.677,1724316505,90118730
1654394508584038656,视频配套资料看评论区,5.114,1724310394,90118730
1654445629692278528,视频配套资料看评论区,0.677,1724316488,90118730
1654394870418375168,视频配套资料看评论区,29.973,1724310437,90118730
1654394628247796736,视频配套资料看评论区,1.062,1724310408,90118730
1654394707444410624,视频配套资料看评论区,1.978,1724310417,90118730
1654445581290168064,视频配套资料看评论区,0.677,1724316482,90118730
1654394560710887936,视频配套资料看评论区,3.382,1724310400,90118730
1654395016615252992,视频配套资料看评论区,3.016,1724310454,90118730
1654395099628465152,视频配套资料看评论区,2.148,1724310464,90118730
1654394336902749952,视频配套资料看评论区,2.77,1724310373,90118730
1654394259710747136,视频配套资料看评论区,22.502,1724310364,90118730
,,0.0,1775645360.3863423,
lb.c,,0.0,1775645360.3863423,
,,0.0,1775645360.3863423,
1647174282415323392,诶嘿,450.019,1723449675,f24c0402
1656765784212746752,信息压缩,669.701,1724593072,ebecc403
1662206395027627008,讲的挺好,401.942,1725241643,c18aa07
1690140987747838464,有人,624.1,1728571706,661e7c10
,,0.0,1775645360.3863423,
lb.c,,0.0,1775645360.3863423,
,,0.0,1775645360.3863423,
1662219757937986816,真的不懂,733.943,1725243236,c18aa07
1665446605974863616,一个284连线的图切成小块，然后对这个小块来说，连接线数量变小（9），则后道处理规模也变小了,736.548,1725627906,d14352e7
,,0.0,1775645360.3863423,
lb.c,,0.0,1775645360.3863423,
,,0.0,1775645360.3863423,
1647171673608366848,学习,20.444,1723449364,3bd96bee
1647171768517338368,大家好,44.095,1723449376,d9913f74
1647171873064578048,新加坡国立大学大佬,87.298,1723449388,314031b4
1647172164929097216,谢谢up,78.932,1723449423,3bd96bee
1647172505187819264,yes,119.475,1723449464,3bd96bee
1647172603309452288,up多更,131.155,1723449475,3bd96bee
1647172656921003776,歇息一下,137.714,1723449482,3bd96bee
1647172726730852608,继续学,145.99,1723449490,3bd96bee
1647172767264984320,大家好,193.782,1723449495,314031b4
1647172878137155584,大佬们好,176.279,1723449508,d9913f74
1647172938459511040,承包,214.178,1723449515,314031b4
1647173420863361536,第二节课见,103.083,1723449573,f24c0402
1647173487225421056,课件,248.9,1723449581,d9913f74
1647173665651267584,分享一下,270.123,1723449602,d9913f74
1647173828901942784,三连,289.611,1723449621,d9913f74
1647173907998227456,弹幕,233.002,1723449631,314031b4
1647173973605456128,发个弹幕再看,164.084,1723449639,314031b4
1647174090836266496,发一下弹幕大家交流交流,320.829,1723449653,d9913f74
1653663642388218880,这么好的视频 终于火起来啦！,259.021,1724223267,a7dfc431
1656439742038251776,别闪了,99.759,1724554204,5318e36c
1656642773396442880,卷积提取特征,1.059,1724578408,b96e65db
1657563526992139776,我就想知道我看这个能不能学会dcs自控设计和结晶过程的推演，这两个事情对我很重要,57.923,1724688170,310a234b
1658995515435644416,用梯度更好理解,66.251,1724858876,425d6634
1663104301620648192,11,10.867,1725348682,b71eb9f
1664492784923070208,e'则，好！,21.647,1725514202,a411ea4f
1664778952159281152,不是1是全白，0才是全黑吗,69.197,1725548316,875de193
1666116435845568768,Jiaong Ji 碗糯,19.118,1725707756,bcd5dc99
1654394628247796736,视频配套资料看评论区,1.062,1724310408,90118730
1654445629692278528,视频配套资料看评论区,0.677,1724316488,90118730
1654445677650096384,视频配套资料看评论区,0.677,1724316493,90118730
1654395016615252992,视频配套资料看评论区,3.016,1724310454,90118730
1654445773884403968,视频配套资料看评论区,0.677,1724316505,90118730
1654445830113017088,视频配套资料看评论区,0.677,1724316512,90118730
1654394870418375168,视频配套资料看评论区,29.973,1724310437,90118730
1654445581290168064,视频配套资料看评论区,0.677,1724316482,90118730
1654394259710747136,视频配套资料看评论区,22.502,1724310364,90118730
1654394336902749952,视频配套资料看评论区,2.77,1724310373,90118730
1654394707444410624,视频配套资料看评论区,1.978,1724310417,90118730
1654445724718595328,视频配套资料看评论区,0.677,1724316499,90118730
1654394560710887936,视频配套资料看评论区,3.382,1724310400,90118730
1654395099628465152,视频配套资料看评论区,2.148,1724310464,90118730
1654394508584038656,视频配套资料看评论区,5.114,1724310394,90118730
,,0.0,1775645360.3863423,
lb.c,,0.0,1775645360.3863423,
,,0.0,1775645360.3863423,
1647174282415323392,诶嘿,450.019,1723449675,f24c0402
1656765784212746752,信息压缩,669.701,1724593072,ebecc403
1662206395027627008,讲的挺好,401.942,1725241643,c18aa07
1690140987747838464,有人,624.1,1728571706,661e7c10
,,0.0,1775645360.3863423,
lb.c,,0.0,1775645360.3863423,
,,0.0,1775645360.3863423,
1662219757937986816,真的不懂,733.943,1725243236,c18aa07
1665446605974863616,一个284连线的图切成小块，然后对这个小块来说，连接线数量变小（9），则后道处理规模也变小了,736.548,1725627906,d14352e7
,,0.0,1775645360.3863423,
lb.c,,0.0,1775645360.3863423,
,,0.0,1775645360.3863423,
1647171673608366848,学习,20.444,1723449364,3bd96bee
1647171768517338368,大家好,44.095,1723449376,d9913f74
1647171873064578048,新加坡国立大学大佬,87.298,1723449388,314031b4
1647172164929097216,谢谢up,78.932,1723449423,3bd96bee
1647172505187819264,yes,119.475,1723449464,3bd96bee
1647172603309452288,up多更,131.155,1723449475,3bd96bee
1647172656921003776,歇息一下,137.714,1723449482,3bd96bee
1647172726730852608,继续学,145.99,1723449490,3bd96bee
1647172767264984320,大家好,193.782,1723449495,314031b4
1647172878137155584,大佬们好,176.279,1723449508,d9913f74
1647172938459511040,承包,214.178,1723449515,314031b4
1647173420863361536,第二节课见,103.083,1723449573,f24c0402
1647173487225421056,课件,248.9,1723449581,d9913f74
1647173665651267584,分享一下,270.123,1723449602,d9913f74
1647173828901942784,三连,289.611,1723449621,d9913f74
1647173907998227456,弹幕,233.002,1723449631,314031b4
1647173973605456128,发个弹幕再看,164.084,1723449639,314031b4
1647174090836266496,发一下弹幕大家交流交流,320.829,1723449653,d9913f74
1653663642388218880,这么好的视频 终于火起来啦！,259.021,1724223267,a7dfc431
1656439742038251776,别闪了,99.759,1724554204,5318e36c
1656642773396442880,卷积提取特征,1.059,1724578408,b96e65db
1657563526992139776,我就想知道我看这个能不能学会dcs自控设计和结晶过程的推演，这两个事情对我很重要,57.923,1724688170,310a234b
1658995515435644416,用梯度更好理解,66.251,1724858876,425d6634
1663104301620648192,11,10.867,1725348682,b71eb9f
1664492784923070208,e'则，好！,21.647,1725514202,a411ea4f
1664778952159281152,不是1是全白，0才是全黑吗,69.197,1725548316,875de193
1666116435845568768,Jiaong Ji 碗糯,19.118,1725707756,bcd5dc99
1654394707444410624,视频配套资料看评论区,1.978,1724310417,90118730
1654394508584038656,视频配套资料看评论区,5.114,1724310394,90118730
1654394628247796736,视频配套资料看评论区,1.062,1724310408,90118730
1654445830113017088,视频配套资料看评论区,0.677,1724316512,90118730
1654445724718595328,视频配套资料看评论区,0.677,1724316499,90118730
1654395016615252992,视频配套资料看评论区,3.016,1724310454,90118730
1654445581290168064,视频配套资料看评论区,0.677,1724316482,90118730
1654394870418375168,视频配套资料看评论区,29.973,1724310437,90118730
1654394259710747136,视频配套资料看评论区,22.502,1724310364,90118730
1654445629692278528,视频配套资料看评论区,0.677,1724316488,90118730
1654395099628465152,视频配套资料看评论区,2.148,1724310464,90118730
1654445773884403968,视频配套资料看评论区,0.677,1724316505,90118730
1654394560710887936,视频配套资料看评论区,3.382,1724310400,90118730
1654394336902749952,视频配套资料看评论区,2.77,1724310373,90118730
1654445677650096384,视频配套资料看评论区,0.677,1724316493,90118730
,,0.0,1775645360.3863423,
lb.c,,0.0,1775645360.3863423,
,,0.0,1775645360.3863423,
1647174282415323392,诶嘿,450.019,1723449675,f24c0402
1656765784212746752,信息压缩,669.701,1724593072,ebecc403
1662206395027627008,讲的挺好,401.942,1725241643,c18aa07
1690140987747838464,有人,624.1,1728571706,661e7c10
,,0.0,1775645360.3863423,
lb.c,,0.0,1775645360.3863423,
,,0.0,1775645360.3863423,
1662219757937986816,真的不懂,733.943,1725243236,c18aa07
1665446605974863616,一个284连线的图切成小块，然后对这个小块来说，连接线数量变小（9），则后道处理规模也变小了,736.548,1725627906,d14352e7
,,0.0,1775645360.3863423,
lb.c,,0.0,1775645360.3863423,
,,0.0,1775645360.3863423,
1647171673608366848,学习,20.444,1723449364,3bd96bee
1647171768517338368,大家好,44.095,1723449376,d9913f74
1647171873064578048,新加坡国立大学大佬,87.298,1723449388,314031b4
1647172164929097216,谢谢up,78.932,1723449423,3bd96bee
1647172505187819264,yes,119.475,1723449464,3bd96bee
1647172603309452288,up多更,131.155,1723449475,3bd96bee
1647172656921003776,歇息一下,137.714,1723449482,3bd96bee
1647172726730852608,继续学,145.99,1723449490,3bd96bee
1647172767264984320,大家好,193.782,1723449495,314031b4
1647172878137155584,大佬们好,176.279,1723449508,d9913f74
1647172938459511040,承包,214.178,1723449515,314031b4
1647173420863361536,第二节课见,103.083,1723449573,f24c0402
1647173487225421056,课件,248.9,1723449581,d9913f74
1647173665651267584,分享一下,270.123,1723449602,d9913f74
1647173828901942784,三连,289.611,1723449621,d9913f74
1647173907998227456,弹幕,233.002,1723449631,314031b4
1647173973605456128,发个弹幕再看,164.084,1723449639,314031b4
1647174090836266496,发一下弹幕大家交流交流,320.829,1723449653,d9913f74
1653663642388218880,这么好的视频 终于火起来啦！,259.021,1724223267,a7dfc431
1656439742038251776,别闪了,99.759,1724554204,5318e36c
1656642773396442880,卷积提取特征,1.059,1724578408,b96e65db
1657563526992139776,我就想知道我看这个能不能学会dcs自控设计和结晶过程的推演，这两个事情对我很重要,57.923,1724688170,310a234b
1658995515435644416,用梯度更好理解,66.251,1724858876,425d6634
1663104301620648192,11,10.867,1725348682,b71eb9f
1664492784923070208,e'则，好！,21.647,1725514202,a411ea4f
1664778952159281152,不是1是全白，0才是全黑吗,69.197,1725548316,875de193
1666116435845568768,Jiaong Ji 碗糯,19.118,1725707756,bcd5dc99
1654445830113017088,视频配套资料看评论区,0.677,1724316512,90118730
1654394870418375168,视频配套资料看评论区,29.973,1724310437,90118730
1654394560710887936,视频配套资料看评论区,3.382,1724310400,90118730
1654394707444410624,视频配套资料看评论区,1.978,1724310417,90118730
1654394628247796736,视频配套资料看评论区,1.062,1724310408,90118730
1654395016615252992,视频配套资料看评论区,3.016,1724310454,90118730
1654445773884403968,视频配套资料看评论区,0.677,1724316505,90118730
1654394508584038656,视频配套资料看评论区,5.114,1724310394,90118730
1654445677650096384,视频配套资料看评论区,0.677,1724316493,90118730
1654395099628465152,视频配套资料看评论区,2.148,1724310464,90118730
1654445629692278528,视频配套资料看评论区,0.677,1724316488,90118730
1654445724718595328,视频配套资料看评论区,0.677,1724316499,90118730
1654445581290168064,视频配套资料看评论区,0.677,1724316482,90118730
1654394336902749952,视频配套资料看评论区,2.77,1724310373,90118730
1654394259710747136,视频配套资料看评论区,22.502,1724310364,90118730
,,0.0,1775645360.3863423,
lb.c,,0.0,1775645360.3863423,
,,0.0,1775645360.3863423,
1647174282415323392,诶嘿,450.019,1723449675,f24c0402
1656765784212746752,信息压缩,669.701,1724593072,ebecc403
1662206395027627008,讲的挺好,401.942,1725241643,c18aa07
1690140987747838464,有人,624.1,1728571706,661e7c10
,,0.0,1775645360.3863423,
lb.c,,0.0,1775645360.3863423,
,,0.0,1775645360.3863423,
1662219757937986816,真的不懂,733.943,1725243236,c18aa07
1665446605974863616,一个284连线的图切成小块，然后对这个小块来说，连接线数量变小（9），则后道处理规模也变小了,736.548,1725627906,d14352e7
,,0.0,1775645360.3863423,
lb.c,,0.0,1775645360.3863423,
,,0.0,1775645360.3863423,
1647171673608366848,学习,20.444,1723449364,3bd96bee
1647171768517338368,大家好,44.095,1723449376,d9913f74
1647171873064578048,新加坡国立大学大佬,87.298,1723449388,314031b4
1647172164929097216,谢谢up,78.932,1723449423,3bd96bee
1647172505187819264,yes,119.475,1723449464,3bd96bee
1647172603309452288,up多更,131.155,1723449475,3bd96bee
1647172656921003776,歇息一下,137.714,1723449482,3bd96bee
1647172726730852608,继续学,145.99,1723449490,3bd96bee
1647172767264984320,大家好,193.782,1723449495,314031b4
1647172878137155584,大佬们好,176.279,1723449508,d9913f74
1647172938459511040,承包,214.178,1723449515,314031b4
1647173420863361536,第二节课见,103.083,1723449573,f24c0402
1647173487225421056,课件,248.9,1723449581,d9913f74
1647173665651267584,分享一下,270.123,1723449602,d9913f74
1647173828901942784,三连,289.611,1723449621,d9913f74
1647173907998227456,弹幕,233.002,1723449631,314031b4
1647173973605456128,发个弹幕再看,164.084,1723449639,314031b4
1647174090836266496,发一下弹幕大家交流交流,320.829,1723449653,d9913f74
1653663642388218880,这么好的视频 终于火起来啦！,259.021,1724223267,a7dfc431
1656439742038251776,别闪了,99.759,1724554204,5318e36c
1656642773396442880,卷积提取特征,1.059,1724578408,b96e65db
1657563526992139776,我就想知道我看这个能不能学会dcs自控设计和结晶过程的推演，这两个事情对我很重要,57.923,1724688170,310a234b
1658995515435644416,用梯度更好理解,66.251,1724858876,425d6634
1663104301620648192,11,10.867,1725348682,b71eb9f
1664492784923070208,e'则，好！,21.647,1725514202,a411ea4f
1664778952159281152,不是1是全白，0才是全黑吗,69.197,1725548316,875de193
1666116435845568768,Jiaong Ji 碗糯,19.118,1725707756,bcd5dc99
1654445830113017088,视频配套资料看评论区,0.677,1724316512,90118730
1654445677650096384,视频配套资料看评论区,0.677,1724316493,90118730
1654394508584038656,视频配套资料看评论区,5.114,1724310394,90118730
1654445724718595328,视频配套资料看评论区,0.677,1724316499,90118730
1654394560710887936,视频配套资料看评论区,3.382,1724310400,90118730
1654445773884403968,视频配套资料看评论区,0.677,1724316505,90118730
1654394707444410624,视频配套资料看评论区,1.978,1724310417,90118730
1654394628247796736,视频配套资料看评论区,1.062,1724310408,90118730
1654394870418375168,视频配套资料看评论区,29.973,1724310437,90118730
1654394336902749952,视频配套资料看评论区,2.77,1724310373,90118730
1654394259710747136,视频配套资料看评论区,22.502,1724310364,90118730
1654445629692278528,视频配套资料看评论区,0.677,1724316488,90118730
1654445581290168064,视频配套资料看评论区,0.677,1724316482,90118730
1654395099628465152,视频配套资料看评论区,2.148,1724310464,90118730
1654395016615252992,视频配套资料看评论区,3.016,1724310454,90118730
,,0.0,1775645360.3863423,
lb.c,,0.0,1775645360.3863423,
,,0.0,1775645360.3863423,
1647174282415323392,诶嘿,450.019,1723449675,f24c0402
1656765784212746752,信息压缩,669.701,1724593072,ebecc403
1662206395027627008,讲的挺好,401.942,1725241643,c18aa07
1690140987747838464,有人,624.1,1728571706,661e7c10
,,0.0,1775645360.3863423,
lb.c,,0.0,1775645360.3863423,
,,0.0,1775645360.3863423,
1662219757937986816,真的不懂,733.943,1725243236,c18aa07
1665446605974863616,一个284连线的图切成小块，然后对这个小块来说，连接线数量变小（9），则后道处理规模也变小了,736.548,1725627906,d14352e7
,,0.0,1775645360.3863423,
lb.c,,0.0,1775645360.3863423,
,,0.0,1775645360.3863423,
1647171673608366848,学习,20.444,1723449364,3bd96bee
1647171768517338368,大家好,44.095,1723449376,d9913f74
1647171873064578048,新加坡国立大学大佬,87.298,1723449388,314031b4
1647172164929097216,谢谢up,78.932,1723449423,3bd96bee
1647172505187819264,yes,119.475,1723449464,3bd96bee
1647172603309452288,up多更,131.155,1723449475,3bd96bee
1647172656921003776,歇息一下,137.714,1723449482,3bd96bee
1647172726730852608,继续学,145.99,1723449490,3bd96bee
1647172767264984320,大家好,193.782,1723449495,314031b4
1647172878137155584,大佬们好,176.279,1723449508,d9913f74
1647172938459511040,承包,214.178,1723449515,314031b4
1647173420863361536,第二节课见,103.083,1723449573,f24c0402
1647173487225421056,课件,248.9,1723449581,d9913f74
1647173665651267584,分享一下,270.123,1723449602,d9913f74
1647173828901942784,三连,289.611,1723449621,d9913f74
1647173907998227456,弹幕,233.002,1723449631,314031b4
1647173973605456128,发个弹幕再看,164.084,1723449639,314031b4
1647174090836266496,发一下弹幕大家交流交流,320.829,1723449653,d9913f74
1653663642388218880,这么好的视频 终于火起来啦！,259.021,1724223267,a7dfc431
1656439742038251776,别闪了,99.759,1724554204,5318e36c
1656642773396442880,卷积提取特征,1.059,1724578408,b96e65db
1657563526992139776,我就想知道我看这个能不能学会dcs自控设计和结晶过程的推演，这两个事情对我很重要,57.923,1724688170,310a234b
1658995515435644416,用梯度更好理解,66.251,1724858876,425d6634
1663104301620648192,11,10.867,1725348682,b71eb9f
1664492784923070208,e'则，好！,21.647,1725514202,a411ea4f
1664778952159281152,不是1是全白，0才是全黑吗,69.197,1725548316,875de193
1666116435845568768,Jiaong Ji 碗糯,19.118,1725707756,bcd5dc99
1654395016615252992,视频配套资料看评论区,3.016,1724310454,90118730
1654394628247796736,视频配套资料看评论区,1.062,1724310408,90118730
1654445724718595328,视频配套资料看评论区,0.677,1724316499,90118730
1654445581290168064,视频配套资料看评论区,0.677,1724316482,90118730
1654394870418375168,视频配套资料看评论区,29.973,1724310437,90118730
1654445773884403968,视频配套资料看评论区,0.677,1724316505,90118730
1654445677650096384,视频配套资料看评论区,0.677,1724316493,90118730
1654445629692278528,视频配套资料看评论区,0.677,1724316488,90118730
1654394259710747136,视频配套资料看评论区,22.502,1724310364,90118730
1654394707444410624,视频配套资料看评论区,1.978,1724310417,90118730
1654394508584038656,视频配套资料看评论区,5.114,1724310394,90118730
1654394560710887936,视频配套资料看评论区,3.382,1724310400,90118730
1654394336902749952,视频配套资料看评论区,2.77,1724310373,90118730
1654445830113017088,视频配套资料看评论区,0.677,1724316512,90118730
1654395099628465152,视频配套资料看评论区,2.148,1724310464,90118730
,,0.0,1775645360.3863423,
lb.c,,0.0,1775645360.3863423,
,,0.0,1775645360.3863423,
1647174282415323392,诶嘿,450.019,1723449675,f24c0402
1656765784212746752,信息压缩,669.701,1724593072,ebecc403
1662206395027627008,讲的挺好,401.942,1725241643,c18aa07
1690140987747838464,有人,624.1,1728571706,661e7c10
,,0.0,1775645360.3863423,
lb.c,,0.0,1775645360.3863423,
,,0.0,1775645360.3863423,
1662219757937986816,真的不懂,733.943,1725243236,c18aa07
1665446605974863616,一个284连线的图切成小块，然后对这个小块来说，连接线数量变小（9），则后道处理规模也变小了,736.548,1725627906,d14352e7
,,0.0,1775645360.3863423,
lb.c,,0.0,1775645360.3863423,
,,0.0,1775645360.3863423,
1647171673608366848,学习,20.444,1723449364,3bd96bee
1647171768517338368,大家好,44.095,1723449376,d9913f74
1647171873064578048,新加坡国立大学大佬,87.298,1723449388,314031b4
1647172164929097216,谢谢up,78.932,1723449423,3bd96bee
1647172505187819264,yes,119.475,1723449464,3bd96bee
1647172603309452288,up多更,131.155,1723449475,3bd96bee
1647172656921003776,歇息一下,137.714,1723449482,3bd96bee
1647172726730852608,继续学,145.99,1723449490,3bd96bee
1647172767264984320,大家好,193.782,1723449495,314031b4
1647172878137155584,大佬们好,176.279,1723449508,d9913f74
1647172938459511040,承包,214.178,1723449515,314031b4
1647173420863361536,第二节课见,103.083,1723449573,f24c0402
1647173487225421056,课件,248.9,1723449581,d9913f74
1647173665651267584,分享一下,270.123,1723449602,d9913f74
1647173828901942784,三连,289.611,1723449621,d9913f74
1647173907998227456,弹幕,233.002,1723449631,314031b4
1647173973605456128,发个弹幕再看,164.084,1723449639,314031b4
1647174090836266496,发一下弹幕大家交流交流,320.829,1723449653,d9913f74
1653663642388218880,这么好的视频 终于火起来啦！,259.021,1724223267,a7dfc431
1656439742038251776,别闪了,99.759,1724554204,5318e36c
1656642773396442880,卷积提取特征,1.059,1724578408,b96e65db
1657563526992139776,我就想知道我看这个能不能学会dcs自控设计和结晶过程的推演，这两个事情对我很重要,57.923,1724688170,310a234b
1658995515435644416,用梯度更好理解,66.251,1724858876,425d6634
1663104301620648192,11,10.867,1725348682,b71eb9f
1664492784923070208,e'则，好！,21.647,1725514202,a411ea4f
1664778952159281152,不是1是全白，0才是全黑吗,69.197,1725548316,875de193
1666116435845568768,Jiaong Ji 碗糯,19.118,1725707756,bcd5dc99
1654445629692278528,视频配套资料看评论区,0.677,1724316488,90118730
1654445724718595328,视频配套资料看评论区,0.677,1724316499,90118730
1654394259710747136,视频配套资料看评论区,22.502,1724310364,90118730
1654394707444410624,视频配套资料看评论区,1.978,1724310417,90118730
1654394870418375168,视频配套资料看评论区,29.973,1724310437,90118730
1654445677650096384,视频配套资料看评论区,0.677,1724316493,90118730
1654394628247796736,视频配套资料看评论区,1.062,1724310408,90118730
1654394560710887936,视频配套资料看评论区,3.382,1724310400,90118730
1654394508584038656,视频配套资料看评论区,5.114,1724310394,90118730
1654445773884403968,视频配套资料看评论区,0.677,1724316505,90118730
1654445581290168064,视频配套资料看评论区,0.677,1724316482,90118730
1654394336902749952,视频配套资料看评论区,2.77,1724310373,90118730
1654395016615252992,视频配套资料看评论区,3.016,1724310454,90118730
1654445830113017088,视频配套资料看评论区,0.677,1724316512,90118730
1654395099628465152,视频配套资料看评论区,2.148,1724310464,90118730
,,0.0,1775645360.3863423,
lb.c,,0.0,1775645360.3863423,
,,0.0,1775645360.3863423,
1647174282415323392,诶嘿,450.019,1723449675,f24c0402
1656765784212746752,信息压缩,669.701,1724593072,ebecc403
1662206395027627008,讲的挺好,401.942,1725241643,c18aa07
1690140987747838464,有人,624.1,1728571706,661e7c10
,,0.0,1775645360.3863423,
lb.c,,0.0,1775645360.3863423,
,,0.0,1775645360.3863423,
1662219757937986816,真的不懂,733.943,1725243236,c18aa07
1665446605974863616,一个284连线的图切成小块，然后对这个小块来说，连接线数量变小（9），则后道处理规模也变小了,736.548,1725627906,d14352e7
,,0.0,1775645360.3863423,
lb.c,,0.0,1775645360.3863423,
,,0.0,1775645360.3863423,
1647171673608366848,学习,20.444,1723449364,3bd96bee
1647171768517338368,大家好,44.095,1723449376,d9913f74
1647171873064578048,新加坡国立大学大佬,87.298,1723449388,314031b4
1647172164929097216,谢谢up,78.932,1723449423,3bd96bee
1647172505187819264,yes,119.475,1723449464,3bd96bee
1647172603309452288,up多更,131.155,1723449475,3bd96bee
1647172656921003776,歇息一下,137.714,1723449482,3bd96bee
1647172726730852608,继续学,145.99,1723449490,3bd96bee
1647172767264984320,大家好,193.782,1723449495,314031b4
1647172878137155584,大佬们好,176.279,1723449508,d9913f74
1647172938459511040,承包,214.178,1723449515,314031b4
1647173420863361536,第二节课见,103.083,1723449573,f24c0402
1647173487225421056,课件,248.9,1723449581,d9913f74
1647173665651267584,分享一下,270.123,1723449602,d9913f74
1647173828901942784,三连,289.611,1723449621,d9913f74
1647173907998227456,弹幕,233.002,1723449631,314031b4
1647173973605456128,发个弹幕再看,164.084,1723449639,314031b4
1647174090836266496,发一下弹幕大家交流交流,320.829,1723449653,d9913f74
1653663642388218880,这么好的视频 终于火起来啦！,259.021,1724223267,a7dfc431
1656439742038251776,别闪了,99.759,1724554204,5318e36c
1656642773396442880,卷积提取特征,1.059,1724578408,b96e65db
1657563526992139776,我就想知道我看这个能不能学会dcs自控设计和结晶过程的推演，这两个事情对我很重要,57.923,1724688170,310a234b
1658995515435644416,用梯度更好理解,66.251,1724858876,425d6634
1663104301620648192,11,10.867,1725348682,b71eb9f
1664492784923070208,e'则，好！,21.647,1725514202,a411ea4f
1664778952159281152,不是1是全白，0才是全黑吗,69.197,1725548316,875de193
1666116435845568768,Jiaong Ji 碗糯,19.118,1725707756,bcd5dc99
1654395099628465152,视频配套资料看评论区,2.148,1724310464,90118730
1654445830113017088,视频配套资料看评论区,0.677,1724316512,90118730
1654445581290168064,视频配套资料看评论区,0.677,1724316482,90118730
1654394560710887936,视频配套资料看评论区,3.382,1724310400,90118730
1654394707444410624,视频配套资料看评论区,1.978,1724310417,90118730
1654445724718595328,视频配套资料看评论区,0.677,1724316499,90118730
1654394508584038656,视频配套资料看评论区,5.114,1724310394,90118730
1654394870418375168,视频配套资料看评论区,29.973,1724310437,90118730
1654394628247796736,视频配套资料看评论区,1.062,1724310408,90118730
1654445773884403968,视频配套资料看评论区,0.677,1724316505,90118730
1654394336902749952,视频配套资料看评论区,2.77,1724310373,90118730
1654445677650096384,视频配套资料看评论区,0.677,1724316493,90118730
1654394259710747136,视频配套资料看评论区,22.502,1724310364,90118730
1654445629692278528,视频配套资料看评论区,0.677,1724316488,90118730
1654395016615252992,视频配套资料看评论区,3.016,1724310454,90118730
,,0.0,1775645360.3863423,
lb.c,,0.0,1775645360.3863423,
,,0.0,1775645360.3863423,
1647174282415323392,诶嘿,450.019,1723449675,f24c0402
1656765784212746752,信息压缩,669.701,1724593072,ebecc403
1662206395027627008,讲的挺好,401.942,1725241643,c18aa07
1690140987747838464,有人,624.1,1728571706,661e7c10
,,0.0,1775645360.3863423,
lb.c,,0.0,1775645360.3863423,
,,0.0,1775645360.3863423,
1662219757937986816,真的不懂,733.943,1725243236,c18aa07
1665446605974863616,一个284连线的图切成小块，然后对这个小块来说，连接线数量变小（9），则后道处理规模也变小了,736.548,1725627906,d14352e7
,,0.0,1775645360.3863423,
lb.c,,0.0,1775645360.3863423,
,,0.0,1775645360.3863423,
1647171673608366848,学习,20.444,1723449364,3bd96bee
1647171768517338368,大家好,44.095,1723449376,d9913f74
1647171873064578048,新加坡国立大学大佬,87.298,1723449388,314031b4
1647172164929097216,谢谢up,78.932,1723449423,3bd96bee
1647172505187819264,yes,119.475,1723449464,3bd96bee
1647172603309452288,up多更,131.155,1723449475,3bd96bee
1647172656921003776,歇息一下,137.714,1723449482,3bd96bee
1647172726730852608,继续学,145.99,1723449490,3bd96bee
1647172767264984320,大家好,193.782,1723449495,314031b4
1647172878137155584,大佬们好,176.279,1723449508,d9913f74
1647172938459511040,承包,214.178,1723449515,314031b4
1647173420863361536,第二节课见,103.083,1723449573,f24c0402
1647173487225421056,课件,248.9,1723449581,d9913f74
1647173665651267584,分享一下,270.123,1723449602,d9913f74
1647173828901942784,三连,289.611,1723449621,d9913f74
1647173907998227456,弹幕,233.002,1723449631,314031b4
1647173973605456128,发个弹幕再看,164.084,1723449639,314031b4
1647174090836266496,发一下弹幕大家交流交流,320.829,1723449653,d9913f74
1653663642388218880,这么好的视频 终于火起来啦！,259.021,1724223267,a7dfc431
1656439742038251776,别闪了,99.759,1724554204,5318e36c
1656642773396442880,卷积提取特征,1.059,1724578408,b96e65db
1657563526992139776,我就想知道我看这个能不能学会dcs自控设计和结晶过程的推演，这两个事情对我很重要,57.923,1724688170,310a234b
1658995515435644416,用梯度更好理解,66.251,1724858876,425d6634
1663104301620648192,11,10.867,1725348682,b71eb9f
1664492784923070208,e'则，好！,21.647,1725514202,a411ea4f
1664778952159281152,不是1是全白，0才是全黑吗,69.197,1725548316,875de193
1666116435845568768,Jiaong Ji 碗糯,19.118,1725707756,bcd5dc99
1654445629692278528,视频配套资料看评论区,0.677,1724316488,90118730
1654395016615252992,视频配套资料看评论区,3.016,1724310454,90118730
1654394259710747136,视频配套资料看评论区,22.502,1724310364,90118730
1654394707444410624,视频配套资料看评论区,1.978,1724310417,90118730
1654445773884403968,视频配套资料看评论区,0.677,1724316505,90118730
