danmaku_id,content,progress,ctime,user_hash
1895737229310398720,一日代表好漂亮！像玛丽莲梦露,36.018,1752985309,59dfb4d2
1895737236021285120,来了！,197.636,1752984891,781e03c0
1895737280388632832,来哔哩哔哩只为了非正,23.323,1752985268,882cd619
1895737340836942080,竟然没有弹幕,102.734,1752986130,7c88818c
1895737356095820032,太美了啊啊啊啊啊啊啊啊啊啊啊,129.037,1752986855,63882395
1895737381790126336,哈哈哈哈我也喜欢测试,330.419,1752986736,4f7b0147
1895737392368161024,再看一遍加长版,74.113,1752987164,6261fc3d
1895737440627822848,就等加长版了,15.67,1752988220,a8fd71fe
1895737488023458048,沉默是最好的回答,188.466,1752989859,5cde034e
1895737757213888768,濑濑晒伤妆？,296.894,1752994571,13ee2db9
1895737813862158592,天呐，杨迪好好，还帮会长解释一下,262.251,1752995588,ef576978
1895737852827242753,濑濑可爱,315.191,1752995616,1091612d
1895737914483511552,我怎么第一反应就知道他要说学历,139.779,1752996339,2775914b
1895737947308134656,果然还是斯拉夫人长在我们的审美上！,73.86,1753005031,2394c70f
1895738002018636032,哈哈哈哈哈哈哈哈哈,195.646,1753006609,bc56a2e1
1895738089553760512,加长版！终于 走起～,118.271,1753002959,ea88348b
1895738128770502912,哈哈哈 让我们说中文,233.897,1753003085,ea88348b
1895738201701060864,哈哈哈哈哈哈,178.352,1753005984,61f1cb93
1895738215382880512,来了,60.699,1753006389,bc56a2e1
1895738423277752576,怪不得,264.523,1753017327,ef8f951e
1895738450633003264,弹幕呢,94.954,1753017693,6474f847
1895738460665778432,来了,9.0,1753017972,d2eb3f6c
1895738543637500160,超超看起来很聪明的美女,286.398,1753016280,a9208369
1895738587400868096,我说会长怎么有种被夺舍的感觉呢,275.37,1753020529,fc5c5aac
1895738736936194304,罗世杰也是博士吧,170.656,1753024489,8d665d98
1895738941182021888,再听一遍哈哈哈哈哈,211.547,1753064144,91850ea9
1895739043304935680,大左你堕落了 居然问出这种问题,183.625,1753066311,c585eb07
1895739119892926720,直接看加长了,50.901,1753065450,532bb614
1895739159101280512,直奔完整版！,2.008,1753066177,df6e1fa7
1895739170954383616,高情商：还在研究中...低情商：懂得都懂,196.746,1753071998,2b09e628
1895739227485212928,想起大不溜，小不溜，哈哈哈,313.856,1753071380,42da3e49
1895739240252674304,本来就是这个议程,275.175,1753075611,9cc5a9be
1895739294963175680,让我们说中文,230.803,1753077391,7d0b1ed6
1895741767471711744,好漂亮我的吗,123.454,1753081229,35861f7e
1895878472815905536,我就说会长怎么突然那样哈哈哈哈哈哈,285.477,1753097525,e1f0140c
1895902343950621952,小姐姐有点用哈利波特的露娜,260.69,1753100371,7bf5ae5
1895913944380697088,全世界都在说中国话。,240.019,1753101754,83719079
1895923691389856000,这封面有点像火仔和托子啊,7.553,1753102916,f48e83fe
1895925654231755520,俄罗斯娜娜什么时候来,123.096,1753103150,9a5f75b6
1896126772140527360,soul说是,314.381,1753127125,757770bd
1896432713985696000,厉害了,157.364,1753163596,d844b0d7
1896548500188124672,头发好美,170.792,1753177399,7be9809b
1896549652783060480,杨迪火是有道理的 尊重人,272.254,1753177536,7be9809b
1896671118996624640,哈哈哈哈确实幸好解释了,273.442,1753192016,9cb4590f
1896702989247416832,超超很适合这个衣服的颜色哦,102.804,1753195815,3c4a8341
1896834873642632704,有俄罗斯美女啊…,35.454,1753211537,88971e98
1896836266168177664,让我们说中文,232.165,1753211703,88971e98
1897134881856050432,漂亮小姐姐～,64.387,1753247301,c76fd2
1897334937960030976,濑濑这个妆真好看,301.592,1753271149,bbeae81b
1897409888377011200,冒犯,196.202,1753280084,4dd44e23
1897435333340270848,约基奇,348.778,1753283118,182ab5fd
1897520115852190208,完蛋，没有提示我怎么看？,116.489,1753293224,28dcc9f6
1897545623813818880,这就冒犯了？弹幕真是敏感肌,201.287,1753296265,d14d0ec
1898012492027085824,赖赖的妆好可爱,336.596,1753351920,4fcac017
1898069933423117568,杨迪预判了弹幕哈哈哈哈哈,271.58,1753358768,ba542c3c
1898129671619960832,这个问题就跟 这是博士，你谈恋爱没？结婚没？一个意思,190.406,1753365889,c4640bae
1898480150421808896,来了,16.649,1753407669,6a79158e
1898575317955005440,超超好好看！,109.88,1753419014,69896d2c
1898577690152768512,花仙子从动画里跑出来了,128.022,1753419297,ae954710
1898649691060092160,西伯利亚可老大了,219.328,1753427880,2391701c
1898711585640666112,陈超这次妆发好可爱啊,102.634,1753435259,6bc89832
1898754234095442176,羌族小煞,92.976,1753440343,2c9219d7
1898798214510129920,你是菠萝的颜色,82.099,1753445586,3665527f
1898849081846541312,萨沙爸爸本身就是中国人，只是他自己从来不提,250.247,1753451650,b47738e
1898894497392836608,哈哈哈哈哈哈,177.674,1753457063,b7a9b2eb
1898943849687043840,一直是这样就得改呀，与时俱进哦,224.299,1753462947,b698ce63
1899364840469068288,这个发量绝了,134.718,1753513133,2a7b6daf
1899448788037526016,超超每期都好美呀,99.793,1753523140,d00654d8
1899516166050156032,不是第一次看 而是第一次意识到 以前太麻木了,216.063,1753531172,118b96e
1899527485797073152,笑死 中文是母语 俄语是二外,237.713,1753532522,568a8045
1899528308618886912,敏感是好事,303.526,1753532620,568a8045
1900192036414916352,一之濑这妆怎么回事,293.915,1753611742,29c7c55b
1900289648556262400,直接看加长版,0.154,1753623378,e67086c2
1900919121772592640,好漂亮,127.615,1753698417,c1f2fe77
1901083258352320512,好厉害的姐姐,153.737,1753717984,80000882
1901138676046841344,好想念松鼠啊,100.073,1753724590,be45fcd2
1901541018550427904,学霸,158.824,1753772553,92f8c01f
1901541640448327936,哈哈哈哈哈哈哈哈哈,233.0,1753772627,92f8c01f
1901557020667466240,口音重成这样吗hhhhhh,247.784,1753774461,28c7b5ab
1902390692148829184,杨迪，综艺没了你可怎么办啊,266.775,1753873842,d89f1503
1902390841935725312,这个家不能没有杨迪,269.141,1753873860,d89f1503
1903658867167214336,萨沙俄语有东北口音,222.721,1754025021,19790be1
1903884035399163392,弹幕确实很敏感（摊手）但本来每个人的敏感度确实都不太一样,210.495,1754051863,c29ddf0d
1904491649607379968,哈哈哈哈说不出来,179.099,1754124296,3e5e834
1904491705198666240,太真实了,185.705,1754124303,3e5e834
1904530408591864832,别说的是人均美女，俄罗斯人一到中年，你看什么样子,267.292,1754128916,45953387
1905824218038253568,一之濑脸咋了？？？,293.709,1754283151,7becfa2e
1906658172484245248,斯拉夫出美女,75.635,1754382566,1327ee61
1906659219936198400,俄罗斯男女比例失衡 现在男人可能更加少了,182.722,1754382691,1327ee61
1909373597710577920,杨迪真懂弹幕啊,277.498,1754706270,8dd2ba4e
1910460639663627264,陈老师在模仿一之濑,45.076,1754835855,922f6f0b
1913105683772238336,希尔顿借了这么久啊,64.327,1755151169,7c712eec
1918431810531300864,这集时长好评,75.498,1755786093,15362246
1918442564634446336,最好看的,148.186,1755787375,15362246
1933845929732174848,什么文化？能不能翻译成中文,304.009,1757623599,d7c947c1
1937313621231702528,丽莎非常漂亮又可爱，前几天在三亚看到本人，很惊艳,124.308,1758036980,ba02a15
1937929668699405312,卡尔波利,48.444,1758110419,32e2455b
1937963074376466688,好漂亮,134.143,1758114401,945a6cd2
1944416070370790912,？？？？？？,169.166,1758883658,ee18cbf2
1946034063152715520,漂亮,127.189,1759076538,eb269b47
1948170065589943552,这就是敏锐，情商和敏锐并不相关,311.502,1759331169,ffdfce2e
1953129821739839744,为啥一之濑是asuka明日香,324.492,1759922418,83b4cbbf
1954420562860454400,好喜欢她,134.846,1760076286,915cc525
1956594679777072128,别太敏感肌,205.333,1760335461,d35c8a9
1960344697746654976,萨沙爸爸是混血,212.087,1760782498,f8089327
1961200116493380096,？？？,189.014,1760884472,a187841b
1963248930037173504,故意的，节目就这样，多少年了还不懂这个套路吗,196.252,1761128710,65b78c7
1968970682843311616,哇俄罗斯美女姐姐,34.602,1761810796,269700bc
1977838097261843200,来了来了,8.955,1762867874,aedabb3d
1977839385668188416,好有才华！好漂亮！,162.561,1762868028,aedabb3d
1992655007401061120,让我们说中文,231.845,1764634187,b087944c
2002223379507534848,超今天的发型好看,289.421,1765774826,8d79c5f3
2004575798560393984,怀念以前长头发的四姐,174.74,1766055256,ffa3828d
2021928450646454528,确实不太好。。。这是啥敏感，之前男代表啥的也没问（从非正第三季开始追的）这本来就不尊重人，敏感也不是什么坏事,202.128,1768123854,6d4f31dd
,,0.0,1775683732.8000336,
lb.c,,0.0,1775683732.8000336,
,,0.0,1775683732.8000336,
1895737342925705472,严谨的德国人,476.148,1752986028,fe4eee91
1895737483040624896,大气,487.444,1752989145,193ffd61
1895737545401536768,怼脸拍，真的好看doge,689.139,1752990986,591a47e1
1895737746736517376,两位的瞳色都好好看,397.339,1752993592,2f3ca03c
1895737759118102784,梅丽莎小姐姐头发太美了，像洋娃娃,677.759,1752995462,13ee2db9
1895737805708431616,呆楞是真的  成熟了！！成熟的帅！！,611.617,1752994452,fbf64f60
1895737827443314944,那真的我们很难这样,466.779,1752995951,1091612d
1895737952785895680,花期短但是开得艳,585.749,1752998353,4eba2802
1895737970108371200,可以一个人买单，然后有空了拿小票算,428.926,1753005751,90af0186
1895737994720547072,split the bill是吗,414.975,1753003281,ea88348b
1895738146084589824,梅丽莎真的太好看了,642.72,1753009208,d93d12d4
1895738169790796032,哈哈哈哈,434.814,1753004847,2f987c3c
1895738187113271552,这个妹子好养眼啊！！,500.242,1753010552,85e3c44a
1895738250027831552,真的，我追过不少外国演员，白人很少有保养好的,603.652,1753012927,302e2cd4
1895738309293347072,男生应该说平权吧,410.11,1753014904,26cd4125
1895738312942391552,这蓝色眼睛真漂亮,701.403,1753012513,68efaa5c
1895738379505996032,小姐姐！10分好看！,681.33,1753013023,302e2cd4
1895738488926998784,听着还挺浪漫的,529.594,1753015004,26cd4125
1895738489832968448,哈哈哈哈哈,621.823,1753019961,ef8f951e
1895738508984160512,五官太美了,684.493,1753017972,8d117f15
1895738562780303616,四姐稳定发挥,422.981,1753022338,fbd7fd41
1895738589221196032,太好看了她,677.254,1753017957,8d117f15
1895738746054611200,陈铭看了一眼梅丽莎哈哈哈哈哈,590.106,1753024833,8d665d98
1895738822642602240,白人皮肤薄，再加上骨相起伏明显，没有胶原蛋白很快就垮了，黄种人只要保养得当一般四十多岁还是没问题的,615.648,1753034058,7a1afabc
1895738826291646720,严谨的德国人哈哈哈哈,462.399,1753024355,bde1c345
1895738886471520512,而且他们生很多孩子 生的女儿也多 我俄罗斯同学她有三个姐妹,706.277,1753041605,7021661
1895739008659984640,这种情况的话一般就是那个吃的多的全付了，关系好的话分别人一口吃的很正常,469.305,1753033834,7a1afabc
1895739055158038784,好问题,629.722,1753070638,bdcbba7
1895739211068707072,萨沙有几分像吉洪诺夫老爷子年轻的时候,649.648,1753071778,9e41d483
1895746442224785664,让我想到了鹊桥仙,527.913,1753081786,35861f7e
1895778905819131904,超超有点星期三的味道好喜欢,385.96,1753085656,73e93c18
1895840500003377408,哈哈哈哈哈哈哈哈哈哈哈,519.208,1753092999,ac1ed4e7
1895840530647078656,紫禁城风水养人,590.76,1753093002,c0d2264f
1895945062736117760,aa就是每个人付自己的，传到中国才变成均分,412.606,1753105463,84633020
1896015890890314496,新代表好可爱,639.956,1753113907,e871e898
1896039919974262784,哈哈哈哈,427.498,1753116771,415655f0
1896457049043406080,活泼可爱美丽，常驻！刷起来,688.508,1753166497,8cb4abb9
1896471204483626240,萨沙确实帅啊 是我喜欢的长相,657.64,1753168184,4ca66879
1896710320119313920,魂断蓝桥,514.263,1753196689,491addc9
1896934522319112192,哈哈哈，是我了,375.813,1753223416,a075ec79
1897173951436752640,一之濑这个妆造没之前的好显得臃肿突出,369.849,1753251958,6f99a845
1897176064527120128,这才是真正的AA AONE 各付各的,417.466,1753252210,6f99a845
1897249138144757248,哎呀超超好美呀这套,372.158,1753260921,d67a388
1897255003031584000,太可爱了,643.527,1753261621,290bcf14
1897330516752267008,四姐没变化，从以前就成熟,627.007,1753270622,7ea9d3d5
1897377323800974592,主要是德国比较严谨,427.117,1753276202,c76fd2
1897409726736857856,原来都是搜来的,571.539,1753280065,be125094
1897789980114699776,哈哈哈 不记得,540.606,1753325395,4227b274
1898072148510532864,高配版星悦,691.839,1753359032,2738fae5
1898073640089037312,我的男生同学也是，大学4年过去之后都不同程度发福了哈哈哈,603.928,1753359210,ba542c3c
1898583508701119488,最漂亮的不是五官吗，尤其眉眼,683.896,1753419991,ae954710
1898652758169973248,deepseek打钱,575.04,1753428246,2391701c
1898755732108109824,因为他们爱晒太阳 高油高甜 亚洲普遍相反,616.917,1753440521,636af638
1899233687024352256,法币还帅好可爱,403.744,1753497498,ad67615a
1899377441013676544,哈？,702.185,1753514635,2a7b6daf
1899524857746892032,我喜欢这种方式，不过最好点一些价位差不多或者好算的,476.688,1753532208,fbcf58ae
1899526800288205568,参考小李子,615.613,1753532440,fbcf58ae
1899527783693058816,好像俄罗斯婚礼和登记是同一天,703.421,1753532557,fbcf58ae
1899611392370790912,4,635.097,1753542524,82c776d
1899956477675331840,是晒伤妆啦,360.467,1753583661,9e6467db
1899975255272139008,这个好,400.959,1753585900,2c9403ee
1899976001933586944,那是因为西方吃饭（夹菜）的模式不一样 每个人分的很清楚,422.475,1753585989,2c9403ee
1899977800535069184,风大,542.187,1753586203,2c9403ee
1899980015152740352,测的好，就是真的好，测的不好，要相信科学,375.102,1753586467,3ad68769
1900241357915115264,怪浪漫,530.228,1753617622,5eebbb86
1900924116316678144,他也是混血吧,597.346,1753699013,c1f2fe77
1900991742497444096,老王好认真,506.845,1753707075,f6eb3d24
1900996645152891136,这个好！我喜欢这样,418.409,1753707659,59b380d7
1901491110711870976,引火烧身,657.108,1753766604,3465c430
1901544698834279680,哈哈哈哈哈哈哈,597.382,1753772992,92f8c01f
1901692904028990720,都一起吃饭的关系了感觉不用太计较吧，这是date诶,487.282,1753790660,71f360aa
1902424479079549184,是帅的啊，五官比例很好,657.34,1753877870,24d07282
1902473228065647616,我喜欢这样，感觉婚礼是给外人看的，不是给自己办的,717.867,1753883681,59b380d7
1903182158839680512,我和一位少年，漫步树林外,487.925,1753968193,a6894687
1903203390071653888,饮食问题,600.437,1753970723,5e85aa98
1903650610780700160,白人虽然不注重保养但没有容貌焦虑可以做自己就很好啊,633.202,1754024036,98decb5
1904495513727200768,这个小姐姐真的好漂亮啊 白白的,603.059,1754124757,3e5e834
1904532634147952640,堵桥来,511.379,1754129182,5bd65cde
1905080521651165952,喝酒喝的吧,597.515,1754194495,39d99fac
1905349996455302912,好喜欢去这样的，有人能懂吗,434.037,1754226619,6d90be6a
1906661267888835072,法币和一日代表眼睛一个色系,393.932,1754382935,1327ee61
1906662046133447168,这次总算到德国人震惊意大利人了,469.062,1754383027,1327ee61
1910284368769920256,因为花期短,698.558,1754814842,664d29dc
1912279399659960064,风在哪不都是一直在吹的么,542.249,1755052668,a8fe5ea9
1913210705083992832,萨沙确实帅，而且帅得很客观，这但没法否认,650.002,1755163688,d88d4d24
1913223966307712512,同事之间可以这样，朋友之间就没必要了,449.744,1755165269,96a9a0bf
1913292098959548672,萨沙确实是特别帅！,660.617,1755173391,7b914c00
1913346863013150208,这个真好,405.051,1755179920,fcf22efb
1916178758985921792,德国人哈哈哈哈,470.385,1755517508,41d23346
1921042340266008320,国外是各点各的套餐，适合aa，中国是一起吃同一盘菜，胃口不同，不适合粗暴的aa,412.351,1756097292,eea468e3
1921042881901795072,中国更难算，所以流行请客而不是aa,441.898,1756097357,eea468e3
1941566684721332736,这两个俄罗斯代表应该就是中国审美里最好看的那一类了,667.832,1758543985,e2e301a6
1944428565982548992,Dylan在写什么,388.052,1758885147,73aed9f3
1953188451575386624,确实帅,649.868,1759929407,194d9898
1960064942610599168,我29岁，孩子10岁。,709.896,1760749149,6a7c628d
1961074382902701824,啊啊啊这个音效好可爱,639.808,1760869483,c8711e27
1965454987081423872,我就这样，各算各的。跟朋友其实我也想这样，不然我感觉不太舒服,456.746,1761391692,d0b3063b
1969275411209221120,hhhhhh,585.68,1761847122,1e751c6e
1977842088578297088,严谨的德国人,480.692,1762868350,aedabb3d
1988648613126933248,妈呀，漂亮姐姐好可爱,643.948,1764156588,c847ffba
1996421042478379264,比aa更aa哈哈哈,415.493,1765083134,7177deef
2025581688474307072,亲兄弟明算账,428.978,1768559354,e5ebf93c
2066188182139764224,你也是 和前几季对比明显,589.72,1773400025,a16be46f
2068219040748953344,我喜欢这样,442.196,1773642122,f2fcfff8
,,0.0,1775683732.8000336,
lb.c,,0.0,1775683732.8000336,
,,0.0,1775683732.8000336,
1895737309572600064,哈哈比利时淡淡吐槽好搞笑啊,864.838,1752985668,47bbec08
1895737494264582400,2333333,743.492,1752989946,c76f245a
1895737546508833024,只能说世界之大无奇不有了233,828.615,1752990204,4944442d
1895737690583175424,？,788.371,1752992554,dbe23620
1895737828349284608,哈哈哈哈哈 就非要有证吗这,788.883,1752994668,fbf64f60
1895737890777305344,这么闭塞吗？,805.983,1752997401,ba65b856
1895738004753322240,比较严重的程度哈哈哈哈哈,1016.022,1753004556,94d50217
1895738144264261888,男：天王盖地虎 女：宝塔镇河妖,875.819,1753006816,47376c28
1895738162501095680,伊拉克也是什叶派国家,830.79,1753007084,43686648
1895738377685668096,对对对,886.688,1753016087,bc9fd41c
1895738640282652928,哈哈哈哈突然想起来戴卢可是不是对dating文化很懂,952.295,1753025347,fe4eee91
1895738693172826368,哈哈哈哈哈《这个华波波不一样》,729.19,1753024957,8d665d98
1895739065182425344,越压抑越开放,844.47,1753052006,65ec0af4
1895739149982863616,哈哈哈哈哈哈哈,907.322,1753065403,f7934ca3
1895769540794055680,前面俄罗斯遍地帅哥美女是真的,769.796,1753084540,4422ff62
1895824043836972544,弹幕突然收声了红红火火恍恍惚惚,734.198,1753091037,cc93cef3
1895828587920556800,这真的不是菠萝卖不出去的营销吗？,871.762,1753091579,1da0b061
1895947042497947392,第三次见面还是第三次嗯嗯？,1049.141,1753105699,c750ae38
1895949991009590528,宗教警察吗？,776.638,1753106051,9e41d483
1895971024152074240,中国人的经商天赋哈哈哈哈哈,917.26,1753108558,5a31e3ac
1896425506115668224,村？哈哈哈哈,953.332,1753162737,42570b8b
1896427127877063168,招展笑死我了,743.277,1753162930,9ec95bfa
1896494509345332736,开放啊,1029.735,1753170963,6a042d86
1896637560244685568,充话费式的结婚,813.804,1753188016,89807551
1896692754986387712,哈哈哈哈哈哈,983.273,1753194595,eac1fc5d
1896706299065560320,老王的眼神在冒星星,838.313,1753196210,d8e5f363
1896713955582526208,天逊尼派和什叶派，想到追风筝的人了,829.491,1753197123,491addc9
1896841388705377280,这跟我们这的警察查房有点像…哈哈,805.028,1753212314,88971e98
1896937991939779840,？？？？,786.906,1753223830,a075ec79
1897123754787030016,哈哈哈哈哈哈哈哈哈哈哈哈哈哈,1020.411,1753245974,45654410
1897176574395630080,来了，直接加长版,974.739,1753252271,d9749c34
1897380653918993152,哈哈哈哈～lady first～,753.071,1753276599,c76fd2
1897380942050808832,短期啦～长期啦～,765.871,1753276634,c76fd2
1897383124666121728,哈哈哈～A到Z～,976.347,1753276894,c76fd2
1897383569446710784,比较严重的程度～红红火火恍恍惚惚～,1015.942,1753276947,c76fd2
1897383907826628352,姐妹们～,1052.127,1753276987,c76fd2
1897551369599046400,可以鼓掌了,1016.475,1753296950,d14d0ec
1897727145607336704,搞对象笑死我了,941.281,1753317904,68db616f
1897898291362938112,YOYO,769.419,1753338306,3dc677eb
1898076736198329856,哈哈哈哈哈哈四姐,967.648,1753359579,ba542c3c
1898220515982619136,哈哈哈哈什么时候看到这个lady first才不会笑啊哈哈,749.918,1753376719,e8cc9494
1898515580160908800,真就体验卡,785.517,1753411893,a18ccce
1898531542490707712,太好笑了hhhhhh,995.742,1753413796,8020f1b7
1898584831534084096,感觉和苏格兰那种男女校联谊会挺像啊,958.956,1753420148,ae954710
1899333614798306816,哈哈哈哈哈哈哈哈,890.75,1753509410,48caf715
1899493708169050112,这是真的 ,810.963,1753528495,49612456
1899558765339352320,哈哈哈哈哈哈哈哈哈哈，有点太诚实了哈,1041.266,1753536250,37dfb466
1899559089802601216,雷妹妹～,1054.905,1753536289,37dfb466
1899632198056381952,华波波很可爱,860.822,1753545004,ddcb952e
1899690611263457024,这个是真的，我伊朗朋友们都证实了,809.166,1753551968,881ef171
1899980184409419520,我还记得诶,767.393,1753586487,2c9403ee
1899980554649404160,救命,801.518,1753586532,2c9403ee
1900176913918403840,老王。我喜欢的,836.184,1753609939,d7c68202
1900207702098475264,什叶派和逊尼派能坐到一起聊天也只有非正式会谈。,831.444,1753613610,253cfa97
1900855482026004736,挖坑了开始，准备回家跪搓衣板了卢可,963.641,1753690831,18259142
1900982139454146048,以前就说过啦,795.933,1753705930,1606bf27
1901030304811390976,真敢问啊大左,1041.459,1753711672,bba3e7b3
1901030501683674368,特殊类的hhhh,1063.512,1753711695,bba3e7b3
1902475393005930752,认真，不是严肃,1021.238,1753883939,59b380d7
1903582328761517312,讽刺的不是波波是国情,851.615,1754015897,1ddd0afb
1904394075097533952,哈尼克孜,728.514,1754112664,712639ae
1904496876288851456,哈哈哈,729.753,1754124919,3e5e834
1904516940261635328,哈哈 被说中p图了,897.961,1754127311,357dee8e
1905292868248203776,哈哈哈哈哈温州人也是站起来了,922.793,1754219809,94dc5d7b
1907465783345827584,大左池州人，差一个字,930.583,1754478840,e06a0bba
1909633575939544320,哈哈哈哈扬扬补刀,729.343,1754737261,d7fb52ee
1909637115907104000,哦～,1068.756,1754737683,d7fb52ee
1910217713125871872,不愧是北欧,991.337,1754806896,7419d9b6
1910285333971808000,开放式保守,800.19,1754814957,664d29dc
1916182003120834304,好神。。。,800.571,1755517895,41d23346
1918092995408932352,买菠萝是吧哈哈哈哈哈,841.599,1755745703,cae536f2
1919839034780907008,哈哈哈哈哈哈哈哈哈哈,1016.446,1755953847,b9f358ce
1920303224746295040,BGM怎么这么燃？,900.242,1756009183,99536495
1929266071559254528,比较严重哈哈哈哈哈哈哈哈,1020.019,1757077637,467053b4
1932278720392444672,严重哈哈哈哈哈哈哈哈,1008.878,1757436773,52ac390e
1933442446847667968,华波波像非正的逗号，哈哈哈,734.125,1757575500,df58247e
1939900940560154624,搞对象哈哈哈哈哈哈,944.041,1758345412,add21500
1941083294070661888,熟悉的音效又回来咯,760.233,1758486360,50b86bf5
1961012560908661760,肯定有,975.077,1760862114,bfa2ee3f
1969395654430585856,大家都知道的话还叫暗示嘛哈哈哈哈哈哈哈,861.564,1761861456,7ed3ebc
1969396057905913344,华波波每次发言都特别有梗 综艺里缺不了这样的角色,868.073,1761861504,7ed3ebc
1977846831144786688,哈哈哈哈哈哈哈哈哈哈,1044.084,1762868915,aedabb3d
2024171551549188864,！！！,787.638,1768391252,6151813e
2026922242222668544,米兰的男模大部分超级无敌穷,1070.323,1768719160,aef87158
2059722213967966208,啊？,1009.869,1772629221,75a3ab51
2059722648640373248,stop 哈哈哈,1044.827,1772629273,75a3ab51
2068224214867537408,感觉这样离婚率好高,1056.652,1773642739,f2fcfff8
,,0.0,1775683732.8000336,
lb.c,,0.0,1775683732.8000336,
,,0.0,1775683732.8000336,
1895737366690631936,被杨迪笑死，哈哈哈哈哈,1112.633,1752986394,eb069b0d
1895737511729664256,婆婆选好了，双方家长见面一次就订婚了？？这么快，和父母之命有啥区别,1166.095,1752990929,5866b398
1895737822007496960,保持神秘感么,1177.151,1752996054,13ee2db9
1895737846460289280,想起唐大哥开车尾随着送老婆哈哈哈哈哈,1216.937,1752995154,fbf64f60
1895737857038323968,陈老师还是会  doge,1334.87,1752995706,fbf64f60
1895737911757213952,哈哈哈哈他吓死我了,1277.525,1752996969,1091612d
1895737960989954304,哈哈哈哈哈哈,1249.715,1753005457,81e32263
1895738084084388096,那怪不得有些时候会吃西餐，因为这样不能玩手机，就会被迫了解对方哈哈哈哈哈哈哈哈哈哈哈,1364.499,1753010046,4e76690
1895738115080294656,说得我都心动了,1313.062,1753001868,755ab053
1895738130582442240,阿雷是真的在为姐妹们考虑啊！,1091.08,1753006285,2394c70f
1895738138786500864,打羽毛球！双打！,1265.968,1753011691,3820b86
1895738178909212928,四姐好喜欢陈老师感觉哈哈哈,1293.779,1753005068,34ea35bf
1895738260974964992,好像伦和四姐都没说？,1306.348,1753009512,e9983320
1895738350330417408,那岂不是完全不了解彼此,1188.238,1753015487,7e01a787
1895738449718644992,还是不一样，父母之命很多面都没见过,1191.878,1753016191,eabe6363
1895738783434248448,知道的不少,1094.625,1753026745,1952548b
1895738787083292928,《再见XX》那段时间的经历给陈老师整工伤了,1245.564,1753025428,8d665d98
1895739087068303616,难怪爱密室剧本杀呢,1281.948,1753071847,a05ec9c0
1895739136301043968,我喜欢看电影，因为不想交流,1267.296,1753063459,3e15afd5
1895739137215402240,赶鸭子上架,1347.576,1753073156,2b09e628
1895739334171529472,有点难评,1318.96,1753077674,6d52a3e9
1895842592684773632,老王好搞笑,1207.55,1753093248,a384683a
1895888808210444032,跟古代似的,1200.836,1753098757,80d76961
1895902850890865152,…男方视角吧，感觉作为女生并不喜欢,1329.906,1753100431,e1f0140c
1895907698449826816,唐小强好像也是这样认识老婆,1154.003,1753101009,7bf5ae5
1895953890084972544,得有个电灯泡,1201.966,1753106516,9e41d483
1895962814724877312,那大家性格都还没合得来咋办,1185.106,1753107580,70be7902
1895975507275771648,杨迪这个上热搜了哈哈哈,1108.05,1753109093,ab62fb5b
1895988325479763456,去逛宜家,1339.945,1753110621,24b0ce4c
1896001397800507136,真的，太套路了,1348.596,1753112179,b7453a45
1896033498947616256,我服了华波波了哈哈哈哈哈哈哈太搞了,1272.126,1753116006,11d561a5
1896422520862296576,陈老师说的前提是两人暧昧期只是临门一脚而已,1358.888,1753162381,2aa70d44
1896426994623953152,好古老的相亲模式hhh,1133.837,1753162914,42570b8b
1896548231191151360,爱情保安,1196.722,1753177367,445a39f6
1897115090000851712,经典来了,1111.63,1753244942,e0632c99
1897117071960705280,人家举例，只是解释吊桥效应,1318.362,1753245178,e0632c99
1897186435279557632,吃完再喝一点 酒壮怂人胆,1334.617,1753253447,6f99a845
1897384505070132992,红红火火恍恍惚惚,1112.117,1753277058,c76fd2
1897392014317188864,陈超好美好美！！！,1426.702,1753277954,dc39d7d8
1897729822839930624,世界的参差，有趣,1233.017,1753318223,68db616f
1897855084101036544,来自游牧的习俗,1150.008,1753333156,5e6db3f9
1898585785360270080,母单：别碰我的拼图！！,1322.878,1753420262,d5851018
1898586013228955136,非诚勿扰哈哈哈,1245.808,1753420289,ae954710
1898765709031333376,哈哈哈哈哈哈哈哈哈哈哈哈哈哈哈哈哈,1275.348,1753441711,da4a6923
1898851449120022784,真的好合适啊,1430.582,1753451932,85cd1b5c
1899312175110448384,伦儿呢,1370.097,1753506855,7b9475a0
1899329727408561920,\,1359.942,1753508947,4a475a07
1899340591771536128,对对对,1347.304,1753510242,48caf715
1899531646009486080,哈哈哈哈哈哈哈哈,1119.064,1753533017,fbcf58ae
1899651269212594688,做ai算不算呀,1266.478,1753547278,395ce43e
1899780832588526592,想到阿拉丁,1168.616,1753562723,fdcf0543
1899876594664020224,二十年前，唉，可怜的伊拉克人,1125.95,1753574139,51a708fa
1900212638299047936,在说什么？？？。？,1322.045,1753614198,75f02d2b
1900722697047418624,毫无违和感,1415.779,1753675002,29c7c55b
1901576106294143488,短期太奇葩了,1240.402,1753776736,92f8c01f
1902428555867433472,哈哈哈哈哈哈哈哈哈哈哈,1118.455,1753878356,24d07282
1902447002861027584,哇哦,1434.024,1753880555,623dd44
1906668414924016896,中东保守很多了,1144.039,1754383787,1327ee61
1907251422123737856,又到了羞耻小游戏环节哈哈哈哈哈,1398.192,1754453287,654346f5
1907263650541381888,小手段其实是感情蛮好的调剂，但不能没有真心，完全带着戏耍的心态去对待这段感情,1349.382,1754454744,952047f4
1910146676505643008,我要随时看华波波表现,1317.301,1754798428,738a73b
1910248152247194112,波波好可爱啊,1281.79,1754810525,edd6e64f
1911636225866354432,大左嘴替,1348.514,1754975996,954b058c
1911638478308513280,会长太懂女孩儿了哈哈哈,1347.81,1754976264,67c7bc24
1915402208338718720,卢可感觉又风流又老实,1084.624,1755424936,ef46f1d4
1916203344989683968,哈哈哈哈哈哈哈哈哈哈,1329.324,1755520439,d775399
1916742088792471552,牛蛙,1362.372,1755584662,613512da
1925311132990941184,逛宜家 看着那些温馨的家具 很容易构想两个人的未来,1337.444,1756606172,df324538
1929268457724077056,哈哈哈哈哈哈哈哈哈哈,1275.517,1757077922,467053b4
1937975455273985792,哈哈哈哈哈哈哈哈,1106.973,1758115877,945a6cd2
1943658342291830528,希尔顿环境真好,1399.929,1758793330,67fd89f
1953022555216956416,华波波哈哈哈哈哈哈哈哈哈哈哈哈哈哈哈哈,1282.728,1759909631,6e0df0f6
1958150579830921472,太功利性了,1332.809,1760520939,b2d06e53
1969280974567563776,梅丽莎真的好漂亮天哪,1208.194,1761847785,1e751c6e
1988656174098097408,小强也说过类似的，不敢多跟未婚妻见面，都是开车去接她然后远远停在家门口,1175.521,1764157489,c847ffba
1990319103688432128,妈妈结婚的时候？,1147.433,1764355726,d584df77
1995218600776512512,这眼罩好，能不能打包给酷滕送去,1420.12,1764939791,1dcdda72
2003692298001184000,我想要逛海洋公园的时候，他悄悄塞给我一个戒指,1341.086,1765949935,989ff3be
,,0.0,1775683732.8000336,
lb.c,,0.0,1775683732.8000336,
,,0.0,1775683732.8000336,
1895737232665841920,说了什么,1594.545,1752985968,8d60efce
1895737282477396224,哈哈哈哈哈哈哈老王搂住,1716.563,1752986236,f69ff094
1895737326240764160,老王：和我有什么关系,1743.272,1752986542,f69ff094
1895737564225573120,哈哈哈哈哈哈哈哈哈哈哈哈哈哈哈,1663.052,1752991877,a4557f7c
1895737579727720704,哈哈哈哈哈哈哈哈哈哈哈哈哈,1636.993,1752990432,534bf33e
1895737602217578752,吊桥效应,1656.035,1752993518,e967e3fc
1895737608274153728,这里为啥不放正片很好笑啊,1789.469,1752990046,1549437e
1895737615337361664,安全,1603.757,1752991580,6cf1571
1895737656718364928,哈哈哈哈哈哈哈哈这个眼罩哈哈哈哈哈哈,1749.409,1752991974,a4557f7c
1895737658731630848,哈哈哈哈哈哈哈哈哈哈,1497.584,1752991702,a4557f7c
1895737668823126272,哈哈哈哈哈哈哈哈哈哈,1545.58,1752991754,a4557f7c
1895737706764800256,看热闹不嫌事大哈哈哈哈,1701.323,1752994786,e868d6e6
1895737718181695744,笑不活了哈哈哈,1671.507,1752992796,4ae1ebd8
1895737814768128256,哈哈哈哈,1782.453,1752994589,b594b266
1895737824725405952,老王：我尽力了啊,1754.151,1752997563,1091612d
1895737939104076032,哈哈哈哈哈,1709.189,1752997498,1091612d
1895738000198308096,哈哈哈哈哈哈哈哈哈哈,1628.753,1753004360,71c28bd0
1895738021169828096,哈哈哈哈卧槽杨迪哈哈哈,1492.948,1753000323,6cdd056d
1895738075871940864,贴贴好可爱,1567.309,1753002223,2f1c4333
1895738098672177408,原来加长版加在这里,1699.212,1753003076,5465c709
1895738121464025344,哈哈哈哈哈哈哈哈哈哈,1656.539,1753006018,81e32263
1895738373122265344,波波刚刚说话好像老王的口音哈哈哈,1796.676,1753015888,5404f33
1895738395922501888,米可！！！！,1494.288,1753016707,d89d8cbd
1895738397742829824,米可，危，速回！,1492.03,1753013682,6ee65ea5
1895738456102375680,四姐说了啥！,1582.96,1753017881,f81c7508
1895738627515191552,牛,1558.58,1753021306,7d9f8a33
1895738699556557056,讲什么！哈哈哈哈哈哈,1774.953,1753027907,516113ea
1895738810789499136,非直男会谈,1748.073,1753027865,516113ea
1895738985868136704,怪不得没放到正片,1789.951,1753031556,b92fb27d
1895739133566357760,哈哈哈哈哈哈哈哈哈哈,1762.617,1753066553,f7934ca3
1895739144513491200,拦精灵,1581.015,1753073028,f48d5c83
1895739149068505344,拦精灵,1582.704,1753073049,f48d5c83
1895739154537877760,哇,1560.601,1753066056,f7934ca3
1895739172774711552,华波波哈哈哈哈哈哈哈哈哈哈或或或或或或或,1799.497,1753066590,f7934ca3
1895739264873238784,中东组合,1693.461,1753073158,f48d5c83
1895739308636606720,华波波啥都说啊哈哈哈哈哈哈,1775.347,1753078501,5b74304e
1895739310456934656,海带也不是植物,1531.538,1753076872,9cc5a9be
1895739313200009472,？！,1776.766,1753076889,3f6b3267
1895739330522484992,果然是加长版才能看的,1781.375,1753076921,3f6b3267
1895906831025530112,口水哈哈哈哈哈哈哈哈哈哈哈哈哈,1739.304,1753100906,e1f0140c
1895940225822895104,发币好可爱,1554.87,1753104887,9a5f75b6
1895974871134098176,梅丽莎真的好可爱好漂亮,1474.056,1753109017,5a31e3ac
1895977277180010240,这一期简直好笑到爆炸,1743.416,1753109304,5a31e3ac
1896089730320659968,好萌的两个人。。,1564.681,1753122709,7388c77a
1896307287158110464,俄罗斯小姐姐好有节目效果哈哈哈,1702.016,1753148644,13ab9171
1896334982533370624,给我笑岔气了,1755.375,1753151946,708e4a48
1896396461777172992,啊啊啊啊啊啊啊啊啊啊啊啊在干嘛,1496.598,1753159274,fe4eee91
1896555342020727040,直接笑喷哈哈哈哈,1562.963,1753178214,ff3287e5
1896610434808184320,伦想说毛肚吧 因为他那面是有颗粒的,1620.755,1753184782,c89ae7d7
1896662305044209920,每次会长都害怕的掉了,1527.119,1753190965,273d9554
1897190863994496256,这个太好猜了,1574.051,1753253975,6f99a845
1897283620088294144,美国内战,1568.439,1753265032,9c211b2d
1897402826846586880,这能播吗华波波,1775.465,1753279242,3c4a8341
1897475776413565696,我不行了哈哈哈哈哈哈,1768.852,1753287939,9cdf46e6
1897754977691536640,杨迪真的鬼点子一箩筐,1641.181,1753321222,ecd0b892
1897864109346135552,小姐姐气氛组的～,1695.088,1753334232,c76fd2
1898059525744480512,哈哈哈哈哈哈哈哈哈,1472.659,1753357527,60ea1822
1898060394963528192,为啥不让佛罗伦萨上啊,1576.261,1753357631,60ea1822
1898130261355317248,哈哈老王想说暴雨,1538.209,1753365959,a725bfc4
1898587923558453760,杨迪直接尝出来了哈哈哈哈,1542.474,1753420517,ae954710
1898588979633806848,哈哈哈哈哈这段Dylan小女生的感觉太好玩了,1656.928,1753420643,ae954710
1898633274117548032,西八 笑不活了 哈哈哈哈哈哈哈哈哈哈,1782.398,1753425923,60e24333
1898657403714124288,发币好厉害,1536.51,1753428800,470dd9de
1898864820091084288,涛涛,1594.511,1753453526,e3470321
1900014385343060224,弹幕呢，怎么没有弹幕？,1474.018,1753590565,3ad68769
1900014950055944192,我都没有看清是什么东西,1520.297,1753590632,3ad68769
1900015779680882944,猜得太大胆了,1611.896,1753590731,3ad68769
1900016341843597568,看起来好想笑,1648.607,1753590798,3ad68769
1900078932972598272,哈哈哈哈哈哈哈,1776.629,1753598259,ecc35430
1900293250909070848,老王稳如泰山,1723.35,1753623808,968d7bd9
1900353048833126144,味道应该有的,1618.131,1753630936,10c54e37
1901001124350363392,发币好可爱啊,1578.257,1753708193,2c9403ee
1901002382926510592,太可爱了,1672.273,1753708343,2c9403ee
1901764467755164416,哈哈哈哈哈哈哈哈哈哈哈哈,1750.736,1753799191,ddafd2e4
1902238942640826880,这个眼罩好适合老王,1731.008,1753855752,65067beb
1902284649590899712,华波波这么钢铁直男吗没想到哈哈哈,1769.312,1753861201,f5de49c4
1902909050661155072,弹幕呢 四姐说的啥,1582.34,1753935636,2e93938c
1902910756887219968,Dylan的破碎感哈哈哈,1644.472,1753935839,2e93938c
1904506363838182400,哈哈哈哈哈,1741.394,1754126050,3e5e834
1904506528892481536,好奇怪的画面,1761.072,1754126070,3e5e834
1905000656431964672,这个眼罩我不行了,1754.1,1754184974,f5f7f31f
1905339129458194176,再靠近一点点,1456.9,1754225323,ba077aef
1905766002156188416,我嘞个豆,1448.318,1754276211,cdc7bc83
1906135497672774400,哈哈哈哈 加长版果然不一样 我再敷面膜啊  哈哈哈哈 ,1748.007,1754320258,8a4bf8c9
1906673310826237952,中东族,1687.411,1754384370,1327ee61
1906748234274702336,哈哈哈哈哈哈哈哈哈哈哈哈哈哈哈哈,1762.638,1754393302,b145d3d2
1910390807304161024,我要笑疯了哈哈哈哈哈哈哈哈,1627.006,1754827530,8815c960
1915932755691390976,这也太。。。,1487.198,1755488182,51f2909e
1915934066629406464,哈哈哈哈哈哈哈哈哈哈哈哈哈,1643.477,1755488338,51f2909e
1915934230198990336,哈哈哈哈哈哈哈哈哈哈哈哈哈,1663.022,1755488358,51f2909e
1915934679484266240,哈哈哈哈哈哈哈哈哈哈,1716.53,1755488411,51f2909e
1915934832542999808,哈哈哈哈哈哈哈哈哈哈哈哈哈哈哈哈哈,1734.857,1755488430,51f2909e
1920310407324203776,两伊贴贴,1684.752,1756010039,99536495
1921056005467708160,可爱的发币,1554.389,1756098921,912b4cef
1921058110144466944,哈哈哈哈笑得肚子疼,1664.435,1756099172,912b4cef
1930616796109848576,哎呀,1498.221,1757238656,8f57e35c
1938813363061097472,一个奖励杨迪的游戏,1634.819,1758215763,c1c7a66
1942229667884861184,笑得我肚子疼,1783.88,1758623018,b85033c1
1952519966591265280,每次都没接住哈哈哈,1520.245,1759849718,3d553d69
1962432760279010816,我真不行了了太搞笑了哈哈哈哈,1734.276,1761031415,54f7b9d0
1967644616455633664,哈哈哈哈，这个女孩子好可爱，又害怕又好奇哈哈哈,1476.902,1761652716,eb09f285
1968988588058839552,hhhh小姐姐演员的诞生,1698.466,1761812930,269700bc
1970989897527898112,对吗？,1782.473,1762051505,9d717ee2
1981226523604447232,哈哈哈哈哈哈哈哈哈哈哈哈,1648.361,1763271806,1a09d87c
1988660542331797248,四姐说了“安全T”吗,1582.049,1764158010,c847ffba
2000956881128648192,笑得我肚子疼,1562.666,1765623848,e8b22811
2072032170285543936,大左这里为什么吓得抖了一下哈哈哈哈哈哈,1649.79,1774096682,f82fb2da
,,0.0,1775683732.8000336,
lb.c,,0.0,1775683732.8000336,
,,0.0,1775683732.8000336,
1895737421099143424,是隔壁陈鸣飞写的吧？,1945.554,1752987539,25b5c0fd
1895737422600704256,笑死哈哈哈哈哈哈哈,1861.726,1752987442,eb069b0d
1895737448110461184,不容易,1967.315,1752987565,25b5c0fd
1895737537650462976,笑死哈哈哈哈哈哈玩呢,1864.313,1752989866,adb42c8
1895737540972351744,玩儿呢,1860.902,1752989950,aaf3f032
1895737543203721472,哈哈哈,1815.18,1752989891,aaf3f032
1895737661759918336,哈哈哈哈哈哈,1802.631,1752992030,a4557f7c
1895737678914621696,但是体力劳动可以被机器替代，和ai有微妙区别,1970.153,1752991856,5866b398
1895737721998512384,哈哈哈哈哈,1864.31,1752993989,f3d0b903
1895737806614401280,AI能归纳总结现有信息，但无法创新,1995.774,1752997135,13ee2db9
1895737953691865344,工业创作可以，纯艺术不好说,1978.137,1753000003,8e57c960
1895738031194214656,20元手续费省下来了(ಡωಡ)hiahiahia,1903.052,1753004359,39499903
1895738391359099136,我家也有这个碗,1838.498,1753016417,c2e21b9d
1895738396828471552,妈呀陈超好厉害,1945.204,1753016803,cd8ee3cd
1895738416894021888,100块，哈哈哈,1895.824,1753017896,a9208369
1895738540927979776,超超好甜,1939.237,1753019045,8d117f15
1895738575547764992,有胡子应该感受不到吧,1808.657,1753017627,af72eec3
1895738673107276032,不是地铁卡了么,1892.499,1753022773,9c94b6bb
1895738779793592576,ai是用三推一，人脑是举一反三，本质区别,2024.616,1753029280,f9656259
1895738857295941888,玩儿呢，我一个广东人说不出的儿化音,1868.306,1753032504,9ef562ec
1895738900144951552,我觉得体现人情感的东西最不应该被取代，我是看小说的，如果我看的小说都是ai跑的我会死,1994.923,1753053765,5dbe0dac
1895738918381785344,不一样，至少现在的ai没有人脑会抽风（bushi）,2030.729,1753060518,d1e240cc
1895738950300438784,哈哈哈哈哈感情是在玩儿我们呢,1867.398,1753065521,91850ea9
1895738973092286720,聪明的人才看得到（,1851.057,1753066879,532bb614
1895739025076490496,上次还在说地铁卡扣费不好，立马就改转账了，真的听劝,1909.288,1753064244,3e15afd5
1895739121713254656,陈鸣飞的那个刚看完节目吧哈哈,1956.389,1753072388,df6e1fa7
1895739304081592576,哈哈哈哈太像了,1944.846,1753074038,f48d5c83
1895797243433331456,我去,1891.668,1753087842,35861f7e
1895797705813389056,当然不是,1970.665,1753087897,35861f7e
1895872207323318272,ai的数据库全是人给的,2052.858,1753096778,9f5269ce
1895957325815673088,口条真好,2151.186,1753106925,42cad9e5
1895973581704601344,老王好可爱,1844.968,1753108863,692c8ed6
1895992999780010752,华波波也算猜对了,1803.433,1753111178,24b0ce4c
1896092358488199936,我服了怎么这么好笑，老王真的穿了个香蕉牛奶。。,1821.385,1753123022,7388c77a
1896403149620117248,首彩回来打钱！！！,1815.544,1753160072,fe4eee91
1896658760060214528,老金主啊哈哈哈哈哈哈哈哈,1821.352,1753190543,abb3bea8
1896690759756227584,那是服务器和算力限制而已,2125.293,1753194357,b927edf8
1897017590325956608,刘慈欣的诗云,2043.276,1753233319,78c4204e
1897149153428556800,并不会被取代，就那ai原理来说，他是学习的技术，要是没有真人的作品投喂他，而是ai直接互相学习，最后肯定会失去人类所能体会的美感,2017.769,1753249002,af7c4445
1897160788939608064,AI取代不了大师，但能取代普通人，但我们大部分都是普通人,2028.594,1753250389,b0fb79b9
1897196044832664832,不会的 AI没有灵感只是个参考文献的价值,1999.815,1753254592,6f99a845
1897230944923557632,AI确实，一眼看得出AI,2056.543,1753258753,c05066cc
1897282352929849856,您,1876.848,1753264881,290bcf14
1897313971196141824,68+6+,2070.556,1753268650,676c84ca
1897315932888971776,只能模仿，不能取代,2003.459,1753268884,90b41f69
1897321705291076352,我觉得同意的人说的不是高端审美的艺术，他们说的是快时代创作,2090.686,1753269572,55d83f10
1897326315100134656,太厉害了哈哈哈哈哈,1950.759,1753270122,45654410
1897355364035362560,顶级的取代不了，中间底层会被取代,2092.654,1753273584,7ea9d3d5
1897404209155208704,自从知道地铁卡退费事件之后就换成转账了吗,1896.51,1753279407,3c4a8341
1897472786134957568,陈鸣飞投的吧,1948.859,1753287582,20c78ca8
1897763556578141440,这AI卡壳,1962.905,1753322245,28dcc9f6
1897865698693655296,《精彩葡萄酒》,1811.436,1753334421,c76fd2
1897865887454275072,能用的,1823.216,1753334444,c76fd2
1897975346582936832,画家的画有人买，AI的画呢？我觉得人类不会给AI的画赋予价值,2087.338,1753347492,ace2f97d
1898153206907890944,他俩节目效果已经出来了，拿到奖品不过分,1887.829,1753368695,44f44cf9
1898155156404016128,现在ai训练出的图基本都是侵权的，还不知吃了多少有商业版权的图,1990.896,1753368927,c4640bae
1898227304531014400,陈超超陈超超陈超超～,1935.987,1753377528,e8cc9494
1898497181946647040,华波波太搞笑了hhhhhh,1828.307,1753409700,6a79158e
1898589823536064768,那个脱口秀的哥们吗,1965.639,1753420744,ae954710
1898617694602120704,100元哈哈哈哈哈哈哈哈,1897.022,1753424066,25a98a6b
1898762572212570112,哇厉害了,1941.185,1753441337,eeae67ec
1898770444551886848,哈哈哈哈哈哈哈哈哈,1812.799,1753442275,da4a6923
1899295846349428736,深度学习型会成长,2061.503,1753504908,2233a413
1899311810357134336,陈超超超超哈哈哈哈,1937.372,1753506811,8020f1b7
1899619007338927616,可以的,2140.384,1753543432,f6a66d6c
1899619192483758592,辛苦阿雷了 这么一大段  我都要背半天,2145.64,1753543454,f6a66d6c
1900289831134223104,好丝滑,2143.5,1753623400,6908d584
1900727826387780608,直接转账了，不是地铁卡了,1890.432,1753675613,29c7c55b
1900864257726569216,奇马蓝,2054.335,1753691877,75f02d2b
1900992991485978112,好的画家并不会,1994.973,1753707223,1606bf27
1903906590856424448,对，所以对资本来说是好工具,2119.356,1754054552,c29ddf0d
1905365491481060352,首彩葡萄酒～味道不一样～,1814.065,1754228466,ba4142a8
1905383944120050688,ai i不会创造需求，只会解决人类的需求。,2031.372,1754230666,2ad516b
1906676777745390080,阿雷服装好潮哈,2100.595,1754384784,1327ee61
1907503470140018176,作家，和画家不会。但从事写作行业和设计行业的可能会受到影响，纯商业的会受影响,2014.591,1754483333,f5dd2f0d
1907711567622271232,一个画家的画上千或者上万我都觉得值得，但ai产的图最多一块钱,2110.855,1754508140,b59d3043
1909643331546811648,哈哈哈哈哈哈哈,1802.537,1754738424,d7fb52ee
1913366840508620800,有一只萨摩耶就叫陈超超哈哈哈哈哈,1930.9,1755182301,b30a9c4b
1915224874843617536,前面的萨摩耶的别走,1937.599,1755403796,32f67cc0
1915935882930912000,哈哈哈哈哈哈哈哈哈哈哈哈哈哈哈哈哈哈,1859.99,1755488555,51f2909e
1922480732891760896,陈鸣飞投稿,1994.089,1756268762,8dd2ba4e
1928560476044906752,ai会替代那些水平不高的人，真正的艺术家和作家是无法替代的,2055.3,1756993524,cfd3a899
1930620440054015744,现在AI技术还不成熟，以后就不知道了,2042.591,1757239091,8f57e35c
1950374312087470592,可以娱乐，但没有深度的东西,2005.631,1759593936,5ff286de
1953028710341331200,当然不会,1991.043,1759910365,6e0df0f6
1966172314316318464,好可爱啊这两个人，萌萌的,2019.752,1761477204,1ee5697
1970992051982448640,其实AI给创作圈子带来了很多好处，痛苦的是那些想不劳而获的人，AI反而将这些人筛选掉了。,1971.291,1762051762,9d717ee2
1970992805346750208,想要不被取代就得进步，人类是一直在进步的,2037.466,1762051852,9d717ee2
1980015234983286272,画手可能会，画家不会。写手可能会，作家不会。,2003.369,1763127409,916232ae
2004595551308142848,笔触这个东西AI永远做不到,2129.602,1766057611,ffa3828d
2027798215826511616,有道理哦,2053.34,1768823584,8f58d927
,,0.0,1775683732.8000336,
lb.c,,0.0,1775683732.8000336,
,,0.0,1775683732.8000336,
1895737322071625984,哇，倒过来的角度，不错,2320.614,1752985858,bc12bdcf
1895737389348262144,1000个人欸,2404.742,1752986739,1262b263
1895737464325640448,伦的观点每次都好深度,2429.52,1752988798,dd38837b
1895737568671535360,萨沙确实越来越厉害了,2188.029,1752990345,4bb6c894
1895737635520352512,AI学习能力强能模仿但是创新上暂时还做不到，给他看某个画家的画，他能模仿但是要他有自己的特殊风格还做不到,2307.016,1752992123,da8612fa
1895737675886334208,对对对,2518.778,1752992832,a4557f7c
1895737868891427072,来自四姐的认可哈哈哈哈,2383.869,1752995522,e868d6e6
1895738095023132928,其实就是说ai没有创新能力,2449.334,1753007080,fbf9b322
1895738186207301888,黄子宝宝！,2478.478,1753010860,d93d12d4
1895738219937894656,普通话越来越纯正了,2340.564,1753006552,2f987c3c
1895738308387377408,简单且周而复始的工作不会被AI取代，他们只会被机械化和自动化取代,2177.8,1753012446,da6fca28
1895738539074097408,可是这样的画家真的很少啊,2355.484,1753016161,cb47e4db
1895738633898922240,肯定是指定啊,2166.696,1753023213,691ef385
1895738659433844992,厉害,2461.836,1753022215,7d9f8a33
1895738860030628096,ai只能生产“产品”,2438.121,1753027530,9cc53f64
1895739034186518784,伦儿说的好有深度,2417.125,1753066030,91850ea9
1895739151803191552,老王说的对,2249.4,1753067040,f7934ca3
1895739188276859136,罗师杰在做捧哏,2338.921,1753070661,5268d633
1895779537472677120,很喜欢伦二这个比喻,2442.524,1753085731,3a31dcb7
1895880915561975552,说的确实好,2456.856,1753097817,db27ad6e
1895903241901117696,哈哈哈哈哈哈哈哈哈哈哈哈哈哈哈哈哈哈哈,2382.245,1753100478,4365b2b7
1895978595307183360,黄子！,2470.27,1753109461,692c8ed6
1896020644002007808,我真的我好多次都和萨沙一种选择，高度重合,2355.219,1753114473,683bd9b9
1896387667051097344,创作过程本身也很迷人的！,2197.312,1753158226,1195ac4c
1896391286534280448,我觉得最多AI的作品和人类的作品放到平等位置去欣赏，不会谁取代谁，就像人类不会只需要一个艺术家。,2329.047,1753158657,1195ac4c
1896433511490107392,伦真的每次都说的很好,2449.736,1753163691,dd1dd59f
1896446842347168256,对的。还很无厘头,2510.941,1753165280,9ec95bfa
1896478238348470528,AI没有人所具备的“灵性”，这个是根本区别。,2484.776,1753169023,130b1ee9
1896481816450316288,但那么多著名的画家，活着的时候都没见到自己画出名啊，现在这个行业，艺术还是单纯的艺术吗,2362.688,1753169449,21030a05
1896495205256114944,英专生落泪,2257.924,1753171046,272cb156
1896500684711484672,说白了AI都是把现成的 现有的知识告诉你 它无法创新 没有创造力 也不灵活,2475.575,1753171699,fc8a9b09
1897059227684406272,现在门铃还是用的那个，后面的杨紫琼没必要，前面的那个欢迎来到毛雪汪还行,2509.318,1753238282,35645b71
1897154550214244864,现在小说好多都是ai写的,2317.184,1753249646,d7cb2127
1897198418581828096,更像是Freestyle的,2163.42,1753254875,6f99a845
1897285342076082688,中东人好爱用具体的比喻 好玩,2241.494,1753265237,290bcf14
1897353535075926016,哇伦儿讲得很好,2457.048,1753273366,bbeae81b
1897433976919450368,AI可以帮你炒作 帮你买热搜 买水军 坏的也会变好,2340.159,1753282956,d844b0d7
1897838265261261568,ai创造现在最大的问题是版权，它的数据哪来的？,2329.257,1753331151,9cdf46e6
1898170337209376256,伦是有文化的,2407.645,1753370737,c4640bae
1898593071588396800,不指定的话会长和杨迪肯定会控场的，不然非正式会谈就变成非正式广告了,2170.649,1753421131,ae954710
1898594159171501824,这个点很对啊，其实观众也是作品的一部分,2314.377,1753421260,ae954710
1898594721166096128,是的，没法取代艺术先驱者，但是人类多久才会诞生一个艺术先驱者呢,2398.763,1753421327,ae954710
1898858478203265536,AI是能画出来的，但是目前AI还没有真正创新的能力,2354.986,1753452770,85cd1b5c
1899282247644146688,伦说的超好,2450.24,1753503287,c89ae7d7
1899389604638008064,这样就意味着只有大画家才能生存,2315.347,1753516085,422009b7
1899968866063992832,钟逸伦的观点好到我想记下来,2407.551,1753585138,85e961e3
1899971539840366080,是的，有时候ai出来的东西是不实际的，属于给你描述的天花乱坠但其实并不实用,2516.355,1753585457,85e961e3
1900045394068096512,萨沙是不是deepseek了,2365.82,1753594261,37dfb466
1900699314750768896,AI不抽象,2514.068,1753672214,10555ed6
1900775830246937344,完全同意伦儿的观点,2435.304,1753681336,a9930091
1900996813578880512,"很简单，好的创作,有灵感的创作不会被取代",2425.093,1753707679,1606bf27
1901031552633139456,这不兴叫哈哈哈哈,2498.047,1753711820,c35a3236
1901722114823131392,是抽象,2352.846,1753794142,5adbede8
1903867788553414144,这个议题可以看当下社会在机器大生产的时代我们总是追求手工工艺但是再看我们在什么东西上追求什么手工,2232.109,1754049926,8d3fe83f
1904376810779811584,翻译作品是再创造，当然属于文艺作品了,2280.086,1754110606,21f73640
1905336105902178560,1111,2456.232,1754224963,94dc5d7b
1905386536745115904,数据量都是过去的，像ai创造的一些画作都是基于历史风格，没有未来的风格。,2288.044,1754230975,2ad516b
1906081274615969024,制造业，，,2184.094,1754313794,6748a4fa
1907510299724980992,没错,2175.769,1754484147,f5dd2f0d
1909633496364914688,感觉好多代表还有别人不了解ai画画的原理。那真的就是裁缝大集合,2203.365,1754737252,142fcb13
1916012736815445248,有几个确实在搞艺术的，大部分只是在所谓的艺术行业里混口饭吃而已,2297.01,1755497717,272ec1ba
1919515972591515392,ai又不能原创，出来的东西都是人家已经有过的,2324.575,1755915335,d61f036d
1919765655767985408,确实,2390.9,1755945099,39b1306c
1920593694097511424,但是那么多人之中又有多少个大师呢？千里挑一。只能说大师难以被AI替代，但大多数普通人是很容易被AI替代的,2364.264,1756043809,288a6e7
1921471313504249600,哈哈哈哈哈哈哈哈哈哈哈哈哈哈哈哈哈哈哈哈哈哈哈哈哈哈哈哈,2384.908,1756148430,d0352b3
1924730497872245504,但是很多人其实也只是围着光圈内打转，只有少部分是能发出光的哇。ai无法完全取代，但是ai取代大部分工作应该是必然的,2449.995,1756536955,90bb401c
1937410966522432000,不愧是高材生,2428.936,1758048584,664fbc21
1944395634396738304,可是艺术的标准是很难说清的，尤其是超越时代审美的艺术,2372.895,1758881222,952047f4
1946596116557161472,同传不可能，比如自古以来，中国有句老话，你怎么翻译,2271.392,1759143540,24bc755
1953032408702466560,哈哈哈哈哈哈哈哈哈哈哈哈,2390.919,1759910805,6e0df0f6
1964145062028178176,哈哈哈哈哈哈哈哈，怎么我在非正还能听到黄子,2469.118,1761235537,f260f6db
1965470285503505664,但是现实中其实有一些需要创作的。工作他确实是会被AI取代，因为作为商业用途，AI的那个程度是完全够用的。这是我们一个从国内大厂离职的老师跟我们讲的。因为他们当时在做东西就已经套模板用AI。,2380.266,1761393516,d0b3063b
1965962475476472064,梅丽莎好好看,2271.709,1761452189,5c1cccf8
1968996492291897088,好啦ai取代不了伦儿,2435.324,1761813872,269700bc
1969411312866597120,如果人类不再进步 那AI还会是AI嘛,2414.221,1761863323,7ed3ebc
1985133228776545024,翻译读空气什么的感觉能训练,2278.757,1763737521,55203a50
1985134760192303360,可以训练,2518.973,1763737704,55203a50
1996728559007878656,ai应该是从1到60，而人是负责从0到1和从60到100的,2430.868,1765119792,74ba3500
2056102682372178688,ai模仿的只是形式,2363.539,1772197739,fa9ad547
2082958314446724096,AI只是提高效率的工具,2221.713,1775399180,a4d2be15
,,0.0,1775683732.8000336,
lb.c,,0.0,1775683732.8000336,
,,0.0,1775683732.8000336,
1895737410512720128,感觉这个有趣1,2795.193,1752988764,39108e46
1895738094108774656,意识,2662.0,1753003029,6653a374
1895738218117566720,我更喜欢作品独立于作者存在,2704.182,1753012025,729cd479
1895738283766812928,除非ai哪天学会了思考和不按常规，但是人类会允许这样的它们存在吗,2540.067,1753010137,10294f3d
1895738567352094976,主要是用得少了吧,2862.128,1753022489,61f1cb93
1895738632992952576,超超太美啦,2555.795,1753022069,1f0a24fa
1895738636633608448,真的很爱Dylan，每期必cue，哈哈哈,2649.068,1753021557,6e443ff5
1895738730552463616,deepseek是这样的！,2522.65,1753021395,6e443ff5
1895738777964876032,大左又困了,2711.853,1753025162,d6bfe3aa
1895738899238981888,阿雷一定很有语言天赋,2864.374,1753026188,3b5559de
1895738997712851200,加字游戏,2829.421,1753054603,5dbe0dac
1895739267607924992,西语里的人称变位和阴阳性很有意思，我，你，她，他，您，你们，我们，他们，她们，您们,2804.071,1753072834,293203a
1895850139940747008,工作报告AI的确是好帮手！,2543.657,1753094148,416bbb9a
1895921119618453248,作品和作者根本无法分割啊,2714.73,1753102609,e1f0140c
1896012893708357120,ai没有人生，但是ai有你们呐,2743.137,1753113550,698bab0d
1896065447497910528,语言环境很正常手能生巧,2876.525,1753119814,cc2734ec
1896479661995797760,Blade Runner,2645.459,1753169193,130b1ee9
1896654942690213632,中文是积木并且是榫卯结构,2830.122,1753190088,89807551
1896772345109555968,词根词缀 哈哈哈哈哈哈,2818.729,1753204083,1f9c8d2e
1897102321968798464,不知道为啥这个话题老是让我想起崩铁里的博士尊，我们强大的智识星神,2549.068,1753243419,f5a06ba5
1897196758887995392,AI代替不了艺术家，但AI能代替打工人，作为普通人的我是焦虑的,2757.811,1753254677,b0fb79b9
1897363087586601216,是的 英文是树形语言,2824.014,1753274505,84203b4
1897872503666875648,超超说得好～,2569.221,1753335232,c76fd2
1897944087584629760,来了看预告最感兴趣的话题,2788.137,1753343766,9cdf46e6
1898191646873602816,我靠，这个观点让我耳目一新,2536.947,1753373277,f0071fca
1898587064925435904,这个话题好！,2795.805,1753420415,a18ccce
1898596254410661632,ai如果把微醺状态也建模了之后可能就能复刻了，并且能随意还原,2581.86,1753421510,ae954710
1898596665712523776,确实，一个平庸的内核很精准,2640.395,1753421559,ae954710
1898861636539289344,而且目前可能觉得觉得AI的有些图或文字有灵性实际是观众自己的赋予这些东西的主观体验是观众自己的灵性不是AI的,2668.317,1753453146,85cd1b5c
1898899350840110848,是不是ai的记忆能力有上限的原因？,2636.01,1753457642,2ddb40c0
1898913616263543296,ganghood这个真的不是广东华侨带去的词吗江湖的粤语发音啊哈哈,2769.624,1753459343,e8831434
1899395980466646272,大左那个表情，哈哈哈哈哈哈,2727.784,1753516845,2a7b6daf
1899451219231916544,因为没有坚持每天都用ai跟它进行大量互动给它数据样本支撑，所以我认为每个人用的ai都不一样，我觉得我的ai还是挺像我的,2647.849,1753523430,cb8fc6d6
1899934260052788480,中华文化的包容性哈哈哈,2849.24,1753581013,ae954710
1900015569328667392,好喜欢这个话题,2795.283,1753590706,85e961e3
1900048826854286080,那人的灵魂是电子信号吗，如果是，那人有没有可能是超级精细的碳基“机器人”,2655.645,1753594670,37dfb466
1900281300003517184,西部世界的核心就类似这样的,2602.68,1753622383,cd73212b
1900285629850936576,确实起码目前的ai画作没有人画的灵气,2557.858,1753622899,21100105
1901048146860625152,这棵树的动画是ai生成的吧,2803.727,1753713798,bba3e7b3
1901659990159627264,对，写文也是太高大上了，不接地气,2520.306,1753786736,105f52db
1901679859307668992,前面的，你把ai想得太厉害了,2738.443,1753789104,8c5fa1a1
1901694474971820544,知人论世是解析作品的一个重要观点,2714.601,1753790847,bb1af361
1901807782567905536,小熊说法语的表情好可爱,2871.945,1753804354,6b233d5a
1902175987245469952,灵韵,2668.184,1753848248,3fc3c7dc
1903102126856042240,人的反应和情绪千变万化 ai需要基于data来学习复刻 但人心和思想复刻不了 因为你自己都不知道你到底会如何啊,2743.891,1753958652,95e70b5d
1903911544119548672,机械劳动（报告、PPT、标准化文案等等）确实适合AI,2552.306,1754055142,c29ddf0d
1905283396587498240,我也有这样的担心，毕竟大的发现是要在小的累积基础上的。如果这些小的方面都被ai包圆了，人类还会有大发现的灵感吗,2568.797,1754218680,1739167a
1905322044405448448,心理学本来就有灵魂,2690.41,1754223287,f73e1df3
1906144811317396224,我以前学英语的时候，也会想外国人学中文的体验是怎么样的,2818.823,1754321368,de5d2566
1906664836822229760,所以说语文考试里的阅读理解靠标准答案就很扯,2687.504,1754383360,16673124
1906696462252080384,感觉伦儿是语言限制了发言,2529.891,1754387130,64b0d079
1906886153408858112,好适合我英专生来听 ,2814.7,1754409743,937fdd57
1908206015506796288,ai不可能成为艺术家 这句话有问题吗？,2749.178,1754567083,d8a8f583
1910400646260643072,喜欢这个论题,2802.046,1754828703,8815c960
1912295074109538048,前面的也可能没有理解什么叫创作，ai可以实现艺术产出，但跟创作还是差远了的,2744.468,1755054537,a8fe5ea9
1912306335295954944,怪不得我学英语困难,2848.344,1755055879,cdc7bc83
1914618808048601600,说的好好,2678.049,1755331547,39959bed
1914619278565804800,大左看手机哈哈哈,2728.618,1755331603,39959bed
1915193156341953792,现在ai就是一个全领域博士只是专家。他只是没有真实世界的更多样样本数据,2569.108,1755400015,23dde82b
1915445346528739072,电脑病毒：我来看看怎么个事儿？,2576.487,1755430078,aa8cb2c6
1915986185612797696,“就没电了”哈哈哈哈哈哈哈哈,2591.443,1755494551,cd971f7f
1916852564402818816,江湖不是打打杀杀，江湖是人情世故wu～～～～～～,2764.246,1755597832,ebcfcea3
1919268751279502848,这只能证明如今的AI还不聪明，还不智能，难道AI技术不会变得更厉害吗？,2612.277,1755885864,8ff620f
1921321382714216960,信息熵大,2841.927,1756130557,c8faf44f
1922681235663422464,如果AI真达到这个高度，那AI就不是AI了，人类也危险了,2697.724,1756292664,bc17ebe1
1926387262783289344,人类作为个体，生命体验是有限的，而ai作为更高级的文明，或许会不会被我们想的太简单了。,2771.566,1756734456,d0244f28
1928566961126791424,他说的太绝对了，ai技术刚刚起步，未来的发展是不可预知的,2749.14,1756994297,cfd3a899
1928568074974780160,英文是孤立的好吧，中文是组合式的,2834.7,1756994430,cfd3a899
1952531056876225024,如果AI能够有自我意识和思想，AI就是人，人退为动物,2715.729,1759851040,3d553d69
1996732419327971328,中文很简单很适合其他民族学习 所以中国才会是一个多民族国家 并且从不排斥其他文化海纳百川,2835.006,1765120253,74ba3500
1999292041175421696,Ai man姐吗哈哈哈,2602.201,1765425383,e4630f95
2027802308762818304,这个观点好,2541.215,1768824072,8f58d927
2045095330529259520,这个想听很久了！,2795.731,1770885561,e6d149b0
2069023283827016448,AI可以创作，但是每个人有独属的成长经历，他创作的东西是独一无二的，所以替代不了个人,2739.673,1773737995,6b2b33d2
,,0.0,1775683732.8000336,
lb.c,,0.0,1775683732.8000336,
,,0.0,1775683732.8000336,
1895737617359016192,哈哈哈哈,3218.723,1752993544,a4557f7c
1895737713425355008,但是中文商务场合也会这样，中文也有客气和礼貌,2976.263,1752992710,5866b398
1895737727702765824,但是中文之前也这样，白话文运动时就有胡适“干不了，谢谢”“才学疏浅，恐难胜任，恕不从命”的案例,2975.656,1752993017,5866b398
1895737820195557632,哈哈哈 我第一遍也在疑问 你不是医生吗  结果发现卡在了中文上哈哈哈哈哈哈,3227.366,1752997558,fbf64f60
1895737998369591552,好喜欢伦儿讲故事,3143.561,1752999620,7b5f275c
1895738106876236032,伦的冷知识好多哈哈哈哈,3121.118,1753010691,450eca7a
1895738131496800512,英语四级准备,3180.027,1753009480,8fd891b1
1895738136966172928,德语出来说话,2889.523,1753008855,47376c28
1895738139700859136,日本文化有些过于客气了，反而成负担,2979.348,1753006769,13ee2db9
1895738374950981888,日文的语法结构太麻烦了,2947.238,1753012693,58c62de
1895738385889726720,语言环境真的非常重要,2880.638,1753014675,c0184399
1895738605637701888,哈哈哈，西语信息密度太低了,2887.48,1753021179,913778e0
1895738888291848448,和语言背后的语境文化有关的,3004.846,1753030941,5404f33
1895738956675780864,日语真的，可能是因为日本人很容易不安所以很喜欢叠甲,2968.764,1753036550,7a1afabc
1895739047859949824,伦儿个学霸知道的可真多啊,3138.994,1753066617,91850ea9
1895739281281356032,这解释也是费劲，中文六个字解决：有根源无系统。,3165.086,1753078062,1ea53aa5
1895813671943725312,说英文是因为没学过其他语言hhh,3058.228,1753089800,18de2fc4
1895885303986710784,七月八月是纪念凯撒和屋大维硬加进去的我记得,3103.283,1753098340,db27ad6e
1895963615233216000,月天~~~~,3088.264,1753107675,bb240a6
1895984463582683136,伦儿好棒！,3141.672,1753110160,692c8ed6
1896199650127027712,Medium well steak,3202.601,1753135813,74e59e26
1896307962851638528,Mayday！Mayday！,3084.608,1753148725,b748a01c
1896408715746876416,原来如此，怪不得烷烃的英文名是这样命的,3130.385,1753160735,30eb9777
1896433111504550144,月份的英文在西方文化中也算是历史文化的体现,3081.902,1753163643,a076c47d
1896450535448673792,杨迪太有意思了,2936.319,1753165720,9ec95bfa
1896482053151608320,文化语境不同,2926.889,1753169478,130b1ee9
1896482757568255488,看过日语邮件的结构 那是真含蓄啊 好像说“不”是天大的错,2948.052,1753169562,130b1ee9
1896753204394875904,店家不想给别人用，为什么还要设置自己的店名为WiFi名啊，这样每次都解释多麻烦,3049.958,1753201801,2677cf4c
1896946225677535744,是凯撒和奥古斯都加的7月和8月打乱的吧,3129.064,1753224811,a5fb62e5
1897250225970898176,而且13月 和 星期八这种说法 他们只能重新创造一个词,3115.972,1753261051,c5e94360
1897407157516052224,就像知道奶奶的礼物用俄语怎么说，真的那么长吗,2896.574,1753279759,d849b843
1898582067882162432,日本人说一个句子 一半都在委婉,2941.965,1753419819,76036370
1898588868694397440,敬语地狱,2954.96,1753420630,a18ccce
1898590585045603584,这个是历史上的语言融合因素吧,3060.517,1753420834,a18ccce
1898665512134126080,说普通话久了会忘记方言,2905.249,1753429766,b0850c04
1898850951616771840,为什么要留下殖民的痕迹,3157.268,1753451872,ef8bd67d
1898937681158312448,还有星期,3074.909,1753462211,b465622b
1899312426064304384,中文好比压缩包,2881.612,1753506884,714d1f13
1899359596045350144,哈哈哈哈京都人,2942.526,1753512508,48caf715
1899668818784674048,这是人为的，任何国家要是愿意这样，也能在表达一个简单含义时去延申自己的句子,2968.119,1753549370,395ce43e
1899936646569887488,还有星期。日语也要再背一次,3072.627,1753581297,ae954710
1900498638082942464,懂日语的可能会懂吧 真的巨长一段,2997.345,1753648292,8205cc06
1901004936989475584,其实赖赖的发言都挺有信息量挺好的,2962.898,1753708647,2c9403ee
1901005262887011072,好温柔啊,2994.395,1753708686,2c9403ee
1901007210696225280,日耳曼人,3145.006,1753708919,2c9403ee
1901007274919789824,棒棒,3148.423,1753708926,2c9403ee
1901007503156656384,原来如此,3165.412,1753708953,2c9403ee
1901007627769515776,很详尽诶 原来不知道,3169.51,1753708968,2c9403ee
1901036066467942912,唉确实会有些容易导致内耗,3036.179,1753712358,c35a3236
1901601973363943680,中文是象形文字发展来的,3076.554,1753779820,92f8c01f
1902328538762730496,反了,3049.595,1753866433,89ed58e
1902903884662556160,一个Wi-Fi都这么抠啊,3030.227,1753935020,96f86921
1903773304859711744,非常容易不安的日本人,2947.431,1754038663,5eebbb86
1904212771181454848,主谓宾主系表的顺序是一样的,3210.693,1754091051,4213efaf
1904516264131825920,正常吧,2882.476,1754127230,3e5e834
1904516761693761280,哈哈哈,2941.821,1754127290,3e5e834
1904516806791007488,晒伤妆,2947.196,1754127295,3e5e834
1904519028052442624,混了是吗,3179.667,1754127560,3e5e834
1904710780163548160,你习惯了，完全没问题,3083.008,1754150418,1606bf27
1906026731576451328,这个确实有点直接了，中式中也确实可能存在这样的,3018.666,1754307292,c8137052
1906684917807754240,英文比法文容易,3070.951,1754385754,1327ee61
1907637741270252032,呜呜呜英文里器官名词和病的名词和相应科室名词真的大部分完全不一样，太痛苦了真的完全不一样,3237.084,1754499339,ff8d4f0a
1907900244344148736,？我们大学老师都说英文天生自带逻辑……,3046.075,1754530632,21c98764
1907939231465567232,哈哈哈哈哈哈集合,3078.613,1754535280,27e7f95a
1908208058292258560,日本好累,3042.943,1754567326,d8a8f583
1908238397278553600,想委婉也可以委婉呀。只是大家觉得太装不那么说了,2986.636,1754570943,a4b37ddf
1910303699142508800,所以我总觉得他们说话烫嘴？,2905.236,1754817146,664d29dc
1910306040881807360,忍。哈哈哈哈哈哈哈哈哈哈哈,3034.062,1754817425,375127a9
1910306198109537280,濑濑刚来时候的梗,3034.062,1754817444,375127a9
1915449847520377088,动物名+肉表示某种动物的肉。这是几千年沉淀下来的智慧,3051.605,1755430615,aa8cb2c6
1915991236444326656,萨沙好搞笑哈哈哈哈哈哈哈,3217.489,1755495154,cd971f7f
1916226599335198464,donde donde,2931.706,1755523211,41d23346
1916228677268589568,wow,3173.682,1755523459,41d23346
1916315156007532032,前面的，除了没有小贝拉逻辑,3181.139,1755533768,299590f4
1916619295518292480,哈哈哈哈哈哈哈,2919.677,1755570024,51f2909e
1919962561386910208,不安,3011.16,1755968572,3bd57624
1920500537993289984,这个就是我想吐槽的，英语的日期真的好难记,3060.432,1756032704,7b3cb016
1923466522425711872,伦儿才是真正的博学学霸,3150.234,1756386277,a82a2ebb
1929348917360019200,其实中文更没有逻辑，就是你想怎么说都可以，主要就是看积累量了,3057.608,1757087513,467053b4
1932308120081196032,我第一次在国外吃牛排 说五分熟 five，服务员大问号,3201.353,1757440278,52ac390e
1938326182697830400,对对对，这个很麻烦,3032.573,1758157687,69dfa122
1944620545828698368,10个月 那年都要过错,3124.155,1758908033,1875fd96
1960152989767726848,词源太多，还要混着不统一,3101.673,1760759645,7bf5ae5
1960315171222860288,商务对话,2985.653,1760778978,99cb8cc6
1970391830956991744,英语学渣产生了一些不好的回忆……中文换个字就能表达清楚的事儿，在英语里面要挨个背单词,3201.922,1761980210,f517d2b4
1971032280625968128,这不叫逻辑，这叫历史渊源，如果英语本身有逻辑，他就该根据自己的语法规则来解释这些东西，而不是照搬别人的,3173.232,1762056557,9574db04
1986522542408234752,著名“星期八”哈哈哈哈,3064.179,1763903140,2a9d92f9
1988680519910594304,好可爱的语气啊,3211.732,1764160391,c847ffba
2015997122545654016,凯撒大帝修改了历法，十个月变成12个月,3118.741,1767416784,ae954710
2029776380103077120,都去店里吃饭了还不让用WiFi确实不厚道,3021.134,1769059400,361d239
,,0.0,1775683732.8000336,
lb.c,,0.0,1775683732.8000336,
,,0.0,1775683732.8000336,
1895737449360363776,哈哈哈这个音效,3434.307,1752989690,dd38837b
1895737554259906816,汉语自带超链接,3502.689,1752990382,7e894dc7
1895737698191642880,英文不是也有一些语气词吗,3463.7,1752993765,534bf33e
1895737702964760832,现在小孩学典故也是这样的,3515.271,1752993777,5866b398
1895737848280617216,所以他们上大学贵的要死,3301.863,1752995548,136254b6
1895737891691663616,如果目标是跟人勉强交流的话，很简单,3388.746,1752996103,7864b331
1895737902630408448,哈哈哈哈哈哈,3542.495,1752996835,e868d6e6
1895737928165331200,对啊对啊，本来就是啊，所以那些鼓吹国外如何教育平等的，本来就是扯别的，首先连语言就是不平等的门槛很高的,3270.78,1752996508,e868d6e6
1895738086819074304,感觉我和听英语一样,3398.682,1753007529,2f987c3c
1895738104141549824,我听英语听力也这样,3398.818,1753008039,fbf9b322
1895738124207100160,这里应该是well,3591.94,1753002948,90a344d5
1895738260068995328,语言浓缩ww,3415.286,1753013167,58c62de
1895738461571748096,亚洲语言普遍是这样的，主要还是大中华地区辐射,3581.0,1753014800,b345a1e6
1895738525392277760,我也发现了这个问题,3257.235,1753015917,6ee65ea5
1895738653964472576,此处BGM已经日本风格,3569.688,1753025562,226099f9
1895738823556960512,太where了哈哈哈哈哈哈,3558.444,1753026489,8ad6ba0b
1895738935712649472,我感觉老王就这几期非正下来汉语都有进步了,3428.469,1753027972,8d665d98
1895738962153541888,其实我现在在英国生活，无论是跟哪个国家的人说话，我经常回答嗯，他们都可以听懂，真的很方便很中文的表达,3471.945,1753054895,973da82
1895738991337509120,前面啊？的点在哪里？？,3505.733,1753067454,43cb6c93
1895739004096581888,我也才知道,3285.669,1753033782,d5c5e535
1895739009565954304,哈哈哈哈哈哈哈哈哈哈,3317.609,1753068397,f7934ca3
1895739326890217728,成语是超链接，所有熟语俚语和歇后语才是压缩包,3537.481,1753078668,1ea53aa5
1895809281815646464,最惨的是日本人，在这些基础上还要翻译成片假名背,3285.983,1753089277,d2fc1204
1895891365066548224,汉字自带压缩包超链接,3506.18,1753099062,1eeaccb8
1895906708459891456,哈哈哈哈哈哈哈哈哈哈哈哈,3542.014,1753100891,8223018c
1895917280982994176,弹幕呢？,3380.471,1753102152,4365b2b7
1895937886776867584,戴卢可是佛拉芒人,3461.641,1753104608,be52f108
1895945065151751424,1,3469.14,1753105464,83719079
1895974459136292096,老王这个手指的动物太萌了哈哈哈哈哈,3368.702,1753108968,c5fcbd94
1896736230398801920,迪伦想介绍哈哈哈哈哈哈,3285.135,1753199778,b9816bbd
1896738375130942976,哈哈哈哈哈哈哈哈哈哈杨迪太有梗,3552.143,1753200034,b9816bbd
1896773498131941888,不想听，不想了解医学法学这类太专业性的东西,3330.832,1753204221,b176604b
1897146857139167488,吧 吗 哦 ,3449.353,1753248729,35645b71
1897148948762767360,中文常用字2千～三千字，医学法律都能看懂（每个字）英文你得重学,3300.605,1753248978,729e3ab7
1897240958723524864,他是整形医生,3245.183,1753259946,c05066cc
1897344309032788992,HHHHH,3548.929,1753272267,e724095e
1897353674855129344,老王的汉语是靠“百家饭”成长的啊,3413.629,1753273383,d403eb94
1897959016110826496,我感觉日语表达比中文更模糊，但欧语系应该比中文清晰,3481.107,1753345545,9cdf46e6
1898037661450136320,没有语言是难的，融入当地都很容易学会,3360.179,1753354921,6ba6f998
1898147251440773632,学医的英文巨长一个单词,3249.832,1753367985,33c2f0de
1898595100549340416,yeahhh和“え？”的洗脑率也很高,3442.216,1753421373,a18ccce
1898595474438069760,好的，收到,3466.201,1753421417,a18ccce
1899889882369721088,然,3577.428,1753575723,3e3ca627
1899940569846165248,英文里的humm不就是这种意思吗,3483.17,1753581765,ae954710
1900248293867858176,看吧~,3476.886,1753618449,1bd801ae
1900268259098969856,大学学心理学法学，专外学的人想死，开卷我都累死，必须背一些，不然翻都翻不到,3309.209,1753620829,68efaa5c
1900386229888349440,害,3588.413,1753634892,33977ab
1900504034642194432,而且现在还在一直造新词 网络迭代也很快,3536.387,1753648935,8205cc06
1901038009001065984,确实，会有专业壁垒,3267.74,1753712590,c35a3236
1901043281199645696,整形医生不背专业医学词汇吧,3248.477,1753713218,ae954710
1901055028312566528,嗯 用英语的yeah 不行吗,3513.992,1753714619,bba3e7b3
1901699298253806080,哈哈哈哈哈哈哈哈哈,3555.241,1753791422,bb1af361
1902215296740708608,中文一个哦～～～能表达很多意思,3489.451,1753852934,167a1194
1902491000623422720,生物学全是拉丁语,3260.405,1753885800,59b380d7
1903115360002498048,汉文人点了,3530.814,1753960229,95e70b5d
1904402415873511680,哈哈哈哈哈哈,3438.59,1754113659,6327891d
1904520475078927360,我也想听伦儿讲历史,3336.829,1754127732,3e5e834
1904713978178131968,你会不会说重要的是环境问题，像我现在的应试教育，会看和阅读英文，写和说就很差,3417.528,1754150800,1606bf27
1904714897275852288,很多更复杂的，很多中国人也不知道,3523.445,1754150909,1606bf27
1904715420767052544,不就是看语气的吗,3577.83,1754150972,1606bf27
1906688697462662912,小姐姐英文很好好听 不是脖子右柠哈哈哈,3466.311,1754386205,1327ee61
1907359113126774016,粤语无障碍～喺！,3563.437,1754466124,d9a3acb1
1908669758451742720,还有古希腊语,3297.211,1754622365,f41917e3
1910307226334185216,让伦讲下历史,3294.697,1754817567,664d29dc
1915992112592547840,我想听伦说,3296.419,1755495258,cd971f7f
1915994372726802176,四姐reaction好棒,3542.21,1755495527,cd971f7f
1916230844314519808,语言还是要在环境中学,3421.751,1755523717,41d23346
1919282737379220480,匈牙利语也非常难,3351.111,1755887531,8ff620f
1920520378267664128,意群,3403.007,1756035069,99536495
1921097014738263808,陈铭老师说的吧,3438.683,1756103810,bc1232f7
1921950390136930304,就跟中国的好字一样，有时只是表示听到你话里的信息而已,3576.112,1756205540,91f228fb
1926835259497439744,经常看着看着觉得他们几个老外把中文说这么溜好厉害,3412.989,1756787862,b97e7a27
1938829039104673792,笑死我了，这句话谁说的？,3434.256,1758217632,c1c7a66
1996737031745336320,并非,3352.126,1765120802,74ba3500
2011293092187681536,哈哈哈和我对日语的感觉一样，，，呆了10年多 后面觉得是没有尽头的,3529.002,1766856020,1bdc989c
2012585087044033536,这个确实 日本的法律和医学基本是学习德国 舶来词也是基本用德文音译,3321.095,1767010038,83537bde
2018529617530469888,秦嗨汉诺,3562.248,1767718681,a29de8f8
2021310047682553600,是的,3262.826,1768050134,9ae24a60
2035768047671333888,法律也是一样的。中国法律也一样,3275.017,1769773662,f466f7d8
2038743529190839040,先学字，以字正音，阿拉伯人有这个意识，所以他才能学这么快，欧美人完全没有文字的概念，所以觉得中文最难,3384.196,1770128367,7966ad44
2038746329182394624,表情语言，本来也不用翻译,3590.184,1770128701,7966ad44
,,0.0,1775683732.8000336,
lb.c,,0.0,1775683732.8000336,
,,0.0,1775683732.8000336,
1895737386328363264,哈哈哈哈哈哈,3617.105,1752987469,882cd619
1895737509229859072,哈哈哈哈哈哈哈哈哈哈,3676.144,1752989498,59dfb4d2
1895737583057998080,天啊，67个字母组成,3637.073,1752989336,eb069b0d
1895737632492065024,来个短的,3853.378,1752993748,6cf1571
1895737693435302144,哈哈哈不许总结,3609.164,1752993497,6cf1571
1895737816580067584,这里字幕错了，表音文字,3890.122,1752995204,5579ad8f
1895737979226788096,这一季字幕太多错误了，怎么回事啊，中文外文都错,3896.211,1753006124,aab7b18b
1895738066770301184,日语和韩语是不是也是？只要会拼都会读，但是意思得再记,3906.105,1753001542,545954c8
1895738087733432576,哈哈哈哈哈哈哈哈哈,3845.99,1753000556,7b5f275c
1895738152468320512,哈哈哈哈哈哈哈好可爱,3651.946,1753012041,d93d12d4
1895738180737929472,巴别塔,3742.261,1753008044,a62ceb35
1895738275562754304,英文就有刚刚说的英法问题导致逻辑混乱,3943.0,1753015298,b345a1e6
1895738327530180864,日语是半拼音，保留部分中文,3886.0,1753015152,b345a1e6
1895738332093583616,象形文字就是比拼音文字要方便的,3886.0,1753015173,b345a1e6
1895738336648597760,所以传播效率很高，且没有文化断层问题，所以逻辑一直能保持,3943.0,1753015269,b345a1e6
1895738357620117760,想起之前看的用各国语言唱知否。到俄语就跟念咒一样,3849.285,1753016974,910793e9
1895738458845450496,啊啊啊最喜欢听大家聊各语言的特点！这是我当年看非正的初心,3614.056,1753016407,a354f0d2
1895738658519486720,愚者无畏也是一个压缩包呀，它不是常规的意思，俄语也可以生成一个压缩包,3826.746,1753025972,fe92a296
1895738785262964992,哈哈哈哈哈哈,3817.962,1753023551,ef8f951e
1895738933883932928,头晕了,3644.316,1753035085,13a0d4c4
1895738979476017408,确实，看小Q联合国的时候同传俄语的信息密度好低,3838.236,1753041245,cdfc31da
1895739066096783616,哈哈哈哈哈有意思,3612.271,1753067134,91850ea9
1895739104407556352,突然想起之前埃及代表穆小龙的名字也很长,3658.216,1753041498,4e76690
1895739162750324992,尼采：事情没有对错 只有视角不同,3726.186,1753073245,cb0b74b0
1895739177338114304,哈哈哈哈哈大家注意有位烫嘴的德国人要来啦,3629.774,1753067187,91850ea9
1895792428078861312,还真是,3941.511,1753087268,3a31dcb7
1895853082563739136,好漂亮啊,3705.421,1753094499,dc02669c
1895873710125642496,湖南话“搞”也有好多意思。,3601.591,1753096958,29a218df
1895907346799683328,翻译是代表自己翻译的,3697.145,1753100967,d0a706e0
1895978079743661568,decode（语言学人惊坐起,3717.032,1753109399,c5fcbd94
1896108421095192320,姐姐的专业和今天的话题好适配，语言差异,3706.185,1753124937,7388c77a
1896515341271146240,我喜欢这个话题，有意思,3616.444,1753173446,b99d4a1f
1896518162234223872,信息熵,3876.963,1753173782,b99d4a1f
1896543132645330432,这颜值，太好看啦！！！！,3695.311,1753176759,832cc876
1896780626377012736,不动产超级抵押,3636.607,1753205070,1f9c8d2e
1897154366721285632,我又要骄傲了，联合国文件里，就属中文那本最薄（叉会腰）,3813.058,1753249624,729e3ab7
1897941956827989760,都在酒里了,3865.043,1753343512,8b93c9d9
1898002374233537280,好像现在学校初学英语不给学音标了？,3917.24,1753350714,2a453a04
1898102017021935872,满分5,3789.416,1753362592,b29ebb7b
1898156268347363072,我记得我初中那会有学音标 但是不会重点去考,3923.454,1753369060,33c2f0de
1898512243499875328,大左表情笑死我了哈哈哈哈,3865.395,1753411495,4b7d9bf5
1899331643441710592,哈哈哈哈哈哈好可爱,3679.808,1753509175,1091612d
1900180799328848384,确实像吕一,3719.965,1753610403,115a0075
1900386773294106880,不对不对,3653.208,1753634957,33977ab
1901012436203785984,强行闭麦,3615.255,1753709541,2c9403ee
1901013060701833216,字幕乱回了,3657.418,1753709616,2c9403ee
1901170929900720384,还确认下对不对哈哈哈哈,3831.848,1753728435,aa15251e
1901171333829032960,给陈铭总结累了,3859.411,1753728484,aa15251e
1902159930518213632,六书,3947.484,1753846333,705b52ba
1902331185083402240,大学选修语言学讲过这个区别,3951.181,1753866749,92f8c01f
1902335700813538048,分析语,3890.528,1753867287,89ed58e
1903671238854313216,大学老师也一直强调要用外语的语境去理解外语不要纠结于对应中文是什么,3741.737,1754026495,b7a9b2eb
1904763067708153600,萨沙真一点口音没有啊,3759.038,1754156652,ddee2dcd
1905858903875679232,梅丽莎中文好好,3688.86,1754287285,7becfa2e
1906691517007991808,德语也是,3801.725,1754386541,1327ee61
1908906630024663808,俄语∶入门即入土，但不得不说俄语听起来是真的好听,3783.319,1754650603,43d421ca
1913917196015940096,法语也是,3808.423,1755247909,62e4d313
1915995900275556352,好喜欢梅丽莎,3713.265,1755495710,cd971f7f
1916030022574273280,语言的背后是思维逻辑,3695.995,1755499777,272ec1ba
1916079700078810368,忙啊，忙点好啊（doge）,3835.762,1755505699,746f4806
1916625392777953536,很有意思这趴,3621.459,1755570751,51f2909e
1920356151963837440,韩语就是,3912.685,1756015492,954b058c
1920523017751516672,专业的来了,3686.052,1756035384,99536495
1920524371614198784,对!!!!!!,3843.108,1756035545,99536495
1921484775709746688,又美又有学识，太厉害了姐姐,3711.137,1756150034,d0352b3
1921487725823974144,标注拉踩还是没必要哈哈,3945.676,1756150386,d0352b3
1924956553183220992,俄语语法确实难,3781.888,1756563903,e498a6f4
1928311481842799872,我怎么看到了autumn,3673.982,1756963841,272b951b
1929831823954261248,终于说到重点了，一维语言与二维语言,3932.368,1757145080,df7cc456
1937964820096246784,及格了,3795.295,1758114609,ea665755
1940204146955817728,这段话题讨论味道对了！！,3623.895,1758381557,add21500
1947129987367245056,萨沙有口音的，东北口音哈哈哈哈哈哈,3767.265,1759207182,ecb24fe1
1954999544181936896,我们是造字，其他语言是造词，我们是组词,3892.371,1760145306,fb6e727e
1960973806940170496,还有俄语的字感觉都一模一样233,3802.199,1760857494,8b1c7d51
1965271622538264320,字和词不一样啊，汉语的词能数清吗,3769.495,1761369833,b509e6de
1966180469729066752,对的，中国还有很多种方言呢，都是文化,3734.607,1761478176,33978299
1983664562083361280,老王的哇太可爱了,3664.275,1763562443,c53f17b0
1985149511878330880,陈铭没有总结的终究还是要来的,3681.241,1763739462,55203a50
2004619822436624640,上文言文,3868.638,1766060504,ffa3828d
2038747074585654784,这更像造了个固定搭配短语，而不是单词,3646.077,1770128790,7966ad44
2057933376119917312,好漂亮,3689.333,1772415975,dc69dd68
2072056217312398080,母语是汉语好骄傲啊,3882.558,1774099549,f82fb2da
,,0.0,1775683732.8000336,
lb.c,,0.0,1775683732.8000336,
,,0.0,1775683732.8000336,
1895737662774939904,再次安利陈老师的有聊，想了解陈老师对一些话题或者事物的看法的一定要看,4023.906,1752994396,534bf33e
1895737685701005568,俄罗斯女排功勋教练卡尔波利,4271.389,1752994558,7b2fe900
1895737697243730176,俄罗斯队那几年发挥起伏很大，拦防水平下滑了很多，换谁谁都得生气，卡尔波利老爷子不生气才怪了,4283.614,1752994661,7b2fe900
1895737894426349824,还真想听下去,4177.285,1752997978,c7bc6e63
1895737925430644992,不想听,4197.99,1752997336,ca646aae
1895737966459326720,哈哈哈哈哈 我开始逐字学习  doge,4196.912,1752998636,fbf64f60
1895738073137254656,中文是超链接语种,3984.747,1753006704,39499903
1895738140615217408,哈哈哈哈哈哈哈哈哈哈哈哈哈哈哈哈哈哈,4310.057,1753009910,259fe52
1895738233619714304,陈铭老师还想听！,4182.484,1753007774,53b79af0
1895738266444337408,的确，中文很感性,4124.538,1753015157,ef682fb2
1895738305652691200,这个好有意思哈哈哈,4208.39,1753014222,b1b00e21
1895738500780101888,man,3975.847,1753018973,f4eb18b5
1895738511718846720,音译在中文里很少见的，因为我们几乎啥都有对应的,4145.0,1753015534,b345a1e6
1895738631164236032,所以中文真的很美,4112.951,1753025099,a7349199
1895738649401069824,喜欢听陈铭老师说,4192.35,1753025462,105f8ab8
1895738683140051200,粤韵风华请你来学,4228.784,1753024098,99272c49
1895738787997651200,语言这个可以多出几期,4134.263,1753026762,d6bfe3aa
1895738869149044992,偏误,4027.411,1753027772,838e3436
1895738996798492928,哈哈哈哈哈,4203.489,1753035239,187c324
1895739035092488448,还想听,4147.312,1753067760,91850ea9
1895739036006846720,喜欢陈铭老师这期的总结,4148.159,1753035184,187c324
1895739102570451200,哈哈哈哈哈哈哈哈哈哈画,4154.529,1753069234,f7934ca3
1895739191011545344,Hahahaha ,4072.191,1753068882,8c10ef2b
1895793939530218240,嗷～都是……   太地道了萨沙哈哈哈哈哈,4258.574,1753087448,d8c0c6fa
1895917244123625472,希望陈老师说完，简直是精华部分哇,4200.455,1753102147,7d881d54
1895984355831034368,白帝圣剑，御剑跟着我,4280.148,1753110148,25b891ad
1896017901253990656,优先使用枝丫哦,3982.02,1753114146,487f1d6
1896022503672487424,这里也有佛（,4070.515,1753114695,698bab0d
1896322597734351360,中国诗真的作为一个中国人很骄傲，太美了，意境美，有的读起来也美,4105.965,1753150469,996c2fe2
1896460121219883008,好像是这样,3981.646,1753166863,9ec95bfa
1896520846001502976,但是这个总结我喜欢，涨知识,4086.27,1753174102,b99d4a1f
1896521961702968320,还想听，再说个五块钱的吧,4156.119,1753174235,b99d4a1f
1896676574695453952,普希金,4263.726,1753192666,54d3f224
1896725566901062400,哈哈哈哈哈哈哈哈哈哈哈哈哈哈哈,4310.07,1753198507,22445c1f
1896730106723395328,哈哈哈哈哈哈哈这期太有意思了,4209.816,1753199048,9cb4590f
1897010015916183808,对对对跟机关枪似的整个赛场都能听到,4272.545,1753232416,d539e6d1
1897077275255051776,哈哈哈哈哈哈哈哈哈,4190.698,1753240434,3c157400
1897174036765635072,陈老师的总结太棒了,4168.585,1753251969,edbe14cb
1897392318966345984,或许是“道”，但也确实不完全一样,4138.271,1753277990,bbeae81b
1897423909876315136,语言都基于一定逻辑啊，像一个公式往上套，怎么没逻辑了，汉子的构成组词都有逻辑思维啊,4200.979,1753281756,d849b843
1897862636431858688,没听够哈哈哈,4177.458,1753334056,c7d94c30
1897882039651485952,鸟语花香,4319.548,1753336369,5e6db3f9
1897898935013042688,可恶啊这次刚好是我感兴趣的话题,4161.582,1753338383,47a0e8bd
1898160146023362048,这点我作为留子真的深有体会 写英文论文的时候真的是一连二 二连三的感觉 不然会扣分的 但中文很少直接表达这么明确的,4143.613,1753369522,33c2f0de
1898164993313185792,其实古人造字也走过这条路，比如光马就有一百多种，骢骊骓骏骥骁，后来发现这样下去不是个事儿，太麻烦了,3975.043,1753370100,a725bfc4
1898638624019697408,我还没听够,4148.66,1753426561,71afd37d
1898787820446409728,反而英语会听就能拼写出来,3998.591,1753444347,636af638
1899369447870135552,涡轮苏卡！,4306.429,1753513682,3873c0bd
1899754244643268352,我也特喜欢听,4184.346,1753559553,a03bc12f
1899892586974535168,萨沙,4214.495,1753576045,3e3ca627
1900097116832440064,可恶，真的回味无穷啊，陈老师你再讲会儿吧,4169.039,1753600427,664e896
1900296271730859520,哈哈哈哈哈哈哈,4317.511,1753624168,cd73212b
1900392088978706688,笑鼠了,4276.249,1753635590,33977ab
1900392259451958016,太好笑了哈哈哈哈,4296.513,1753635611,33977ab
1901016738342964736,中文是体验,4037.216,1753710054,2c9403ee
1901019576444265728,过分了过分了,4306.717,1753710393,2c9403ee
1901803584791174912,一点也不短，(◐‿◑)﻿,4062.857,1753803854,f40bc1cc
1902041048625348864,不是道，更像理,4143.516,1753832162,18259142
1902331840049217792,感觉中文好美啊，艺术,3990.092,1753866827,92f8c01f
1902332906249409792,中文是瑰宝,4117.378,1753866954,92f8c01f
1902468908746143744,下次是什么时候,4190.613,1753883166,23568bd4
1902949917157764864,言有尽而意无穷,4173.006,1753940507,ca017a5
1903624783280088832,喜欢这个总结！,4097.385,1754020957,f0de91b3
1903829280824533504,我也喜欢看总结,4089.384,1754045335,5f529759
1904583630937199616,赞同，中文逻辑不严谨，甚至会出现颠倒黑白的情况,4118.207,1754135261,b6ee8bbd
1904685207156790528,西班牙拿铁,3995.688,1754147370,7bcfa025
1904719537870318848,中文里面的山有很多很多种,4043.343,1754151462,1606bf27
1904720340727399936,是的，我们中文文字逻辑不强,4117.347,1754151558,1606bf27
1905164537058565632,主持人就是控场的，时长要他负责控制的，没办法的,4223.159,1754204510,630e768b
1905314751845161728,元素周期表,3987.742,1754222417,2eb47862
1905861314233136128,陈铭懂得好多,3967.821,1754287573,7becfa2e
1905869100798891776,你们要聊这个我可就精神了,4216.222,1754288501,acf5d39a
1906539827319374592,哈哈哈哈,4241.001,1754368458,58d57e1c
1906540589273325824,哈哈哈哈哈,4310.782,1754368549,58d57e1c
1906688755184680448,桶装水瓶装水.v,4007.948,1754386211,819e3004
1907523442576883968,绝了,4169.636,1754485714,f5dd2f0d
1907644947604512512,等红灯是在等绿灯,4082.438,1754500198,ff8d4f0a
1907980387771732224,苏卡起手23333,4316.445,1754540186,e06c8437
1910170930404237824,圈粉le,4176.937,1754801319,738a73b
1910230441924162816,陈老师唱了一段跳一跳,3992.914,1754808413,f1feee36
1914555673774369536,山峦峰,4041.505,1755324021,c8be969c
1914633198378391552,白帝圣剑哈哈哈哈哈哈哈,4283.877,1755333263,39959bed
1914709549752189952,太好玩了哈哈哈哈,4297.298,1755342365,7dd1e666
1915999561113992960,哈哈哈哈哈哈哈哈哈,4246.601,1755496146,cd971f7f
1916629292717141760,不会这集都是滴滴滴滴滴吧,4207.55,1755571216,51f2909e
1916847819730828288,老王对中文的运用很通感,4059.05,1755597266,b575b51f
1919200580753647360,喜欢的话题总是听不够，不喜欢的好长，譬如什么信息信息，看到就头晕,4182.566,1755877737,ab909100
1920259340867743488,哈哈哈哈哈,4082.777,1756003951,6fe7767c
1920526322502341120,如如不动,4063.914,1756035778,99536495
1921992866163510272,哈哈哈哈哈,4082.943,1756210604,82b54504
1928582631055161600,我不同意，山我可以解释为突出地面很多的土或者石头,4048.353,1756996165,cfd3a899
1929016966887768832,喜欢语言期,4125.882,1757047942,bd775eca
1929832194772670464,这就叫降维打击,3960.908,1757145124,df7cc456
1932317703025618944,哈哈哈哈哈哈哈哈哈哈,4305.693,1757441420,52ac390e
1937429935681908224,好喜欢陈铭老师的总结 学到很多,4147.093,1758050846,664fbc21
1937697910745701120,其实还是有点口音,4237.83,1758082791,aeeff0bc
1938017766129012736,你不是外国朋友吗？,4224.433,1758120921,bd77f5f3
1943402323418697728,我认为中文是活字印刷术,4043.986,1758762810,fe599c6c
1952092445781283584,苏子开头列字结尾,4254.784,1759798753,b1e41dca
1960114288949624320,我也看了那个视频！！！！俄罗斯教练太凶残了！！！你们可以去网上搜,4271.027,1760755031,6a7c628d
1970983019397520896,听不懂俄语，主要看表情和神态啊哈哈哈,4293.443,1762050685,f517d2b4
1987896814821010944,记笔记。,4214.037,1764066966,a87e4250
1992810780202441728,哈哈哈哈哈哈哈哈哈,4311.986,1764652757,b087944c
1998380675866813952,四姐咋回事，怎么剪这个发型了，还是长发好看,4266.798,1765316740,ffa3828d
2005918499490857216,还得是秦始皇,4012.384,1766215319,11aba778
2027816003223746816,logic,4125.294,1768825705,8f58d927
2035829821229662976,不垢不净，不增不减,4079.032,1769781026,f9735bbb
,,0.0,1775683732.8000336,
lb.c,,0.0,1775683732.8000336,
,,0.0,1775683732.8000336,
1895737401436246272,怎么可能放出来,4342.782,1752987653,5aaa7626
1895737677907988736,啊？不是爷爷辈吗？,4418.736,1752994538,591a47e1
1895737751501246720,哈哈哈哈哈哈哈哈哈哈哈哈哈,4437.159,1752993639,c76f245a
1895737760066015488,爸爸的哥哥不是大伯吗？大爷不是爷爷的兄弟吗,4416.924,1752994737,5866b398
1895737777631760640,那应该听不了泰勒斯威夫特的这首歌吧哈哈哈哈哈哈,4668.85,1752994975,534bf33e
1895737803896492288,老王大好人啊,4585.286,1752995672,ce21b857
1895737832879132928,哈哈哈哈哈哈哈哈哈哈哈哈哈哈哈哈哈,4627.772,1752994815,534bf33e
1895738113259966720,不愧美食博主，这都能跟吃的联系上,4448.927,1753008271,13ee2db9
1895738151553962240,哈哈哈哈哈哈哈陈老师,4623.234,1753004086,e967e3fc
1895738287424246016,哈哈哈哈哈哈哈,4660.359,1753013919,fbf64f60
1895738324795494656,不像演的,4542.675,1753011315,47aef417
1895738367652892928,哈哈哈哈哈哈哈萨沙,4524.058,1753014007,5041b929
1895738494396371200,哈哈哈哈哈哈哈哈,4648.252,1753020067,eabe6363
1895738752438341888,大爷就是伯伯的方言啊,4420.588,1753027986,302e2cd4
1895738870055014656,哈哈哈哈哈哈哈哈哈哈哈哈哈哈,4627.886,1753030164,ea25d4d6
1895738921124860160,鸟语花香,4334.495,1753038594,23ddeab7
1895738943002349824,我笑的不行了,4567.735,1753035604,187c324
1895739028708757760,那确实不好，癌症很痛苦的,4375.493,1753037991,7a1afabc
1895739033272160512,北方大爷就是爸爸的哥哥，还有些地方会叫大爹,4422.924,1753038056,7a1afabc
1895739051508994304,比利时，荷兰，不由自主地dudududu,4370.072,1753045018,cdfc31da
1895739054243680512,这期太好看了哈哈哈哈,4582.978,1753035619,187c324
1895739071566156032,全世界的趋势哈哈哈哈哈哈哈,4405.411,1753069485,f7934ca3
1895739076129558784,看来还是妈妈重要哈哈哈哈哈,4448.138,1753069527,f7934ca3
1895739088888631552,靠北不算？,4416.782,1753068705,d4e31129
1895739092537676032,笑得我肚子疼,4397.34,1753062755,928dfa68
1895739105305137408,是红大爷,4418.911,1753072489,63882395
1895739118072598784,哈哈哈哈 老王太可爱了,4587.157,1753061525,67cfac19
1895739125362299136,哈哈哈,4564.19,1753070523,86ed341b
1895739337812185344,哈哈哈哈哈不愧是学霸,4661.75,1753080270,928ebf4c
1895833647970618624,哎 闽南话林北就是 可惜唐大哥不在了,4408.122,1753092182,717a589b
1895902750144143360,这个还……,4321.524,1753100419,738625c6
1895907869804003328,本来就听不懂，那听不听得到又有什么关系呢，在公共场合说脏话本身就是不文明的行为,4360.674,1753101030,b41d23bf
1895908179586673152,哈哈哈哈哈不行了笑哭了,4388.324,1753101067,8e85fd5f
1895927466716137216,哈哈哈哈哈哈哈哈哈哈哈哈哈哈哈哈哈哈哈,4394.076,1753103366,4365b2b7
1895928548712294912,哈哈哈哈哈哈哈哈哈哈哈哈哈哈哈哈哈哈哈,4520.928,1753103495,4365b2b7
1895982829658685952,我也是,4675.5,1753109966,42cad9e5
1896001296768195840,哈哈哈哈哈哈哈哈哈哈哈哈,4677.235,1753112167,ee1f6f9b
1896400773932488448,哈哈哈哈哈哈哈哈哈哈哈,4598.659,1753159788,e1f0140c
1896512698288793600,跟我们见外了不是,4365.396,1753173131,6a042d86
1896514385674094080,老王又拿吃饭举例哈哈哈哈哈哈哈,4454.776,1753173332,272cb156
1896608734999507456,满意满意特别满意,4371.008,1753184579,6958d185
1896642155020717056,苦肉计哈哈,4590.242,1753188563,445a39f6
1896642936713124608,对对对,4676.515,1753188657,445a39f6
1896696260124513024,自爆型劝架,4561.628,1753195013,fc5c5aac
1896763454762194688,他们不会哈哈哈哈哈哈哈哈,4569.196,1753203023,b9816bbd
1896765768927379200,哈哈哈哈哈哈哈哈哈哈哈哈公费报仇,4542.799,1753203299,e8be185e
1897011300463673856,有带大爷的,4411.438,1753232569,d539e6d1
1897013120430860032,老王好吃的没白吃还挺有劲,4613.994,1753232786,d539e6d1
1897218638458098176,讲的好可爱呀哈哈哈哈哈哈哈,4468.158,1753257286,d9749c34
1897324740884846080,我也是,4678.681,1753269934,8693b549
1897363774932184320,想了解的可以自己找找一些俄的生活vlog之类的,4361.289,1753274587,d403eb94
1897426030323611648,哈哈哈哈哈哈,4387.518,1753282009,d849b843
1897430303178371840,陈老师梦开始的地方,4635.859,1753282518,d849b843
1898107734009310976,有的，闽南话里面的靠北就是,4409.048,1753363274,b29ebb7b
1898140754749313024,拉开了已经,4552.403,1753367210,9a457285
1898604176352239360,风和日丽，鸟语花香,4320.185,1753422454,a18ccce
1898604469584211456,这么长一段吗救命怎么还没完啊哈哈哈哈哈哈哈哈哈,4334.886,1753422489,a18ccce
1898827115965592320,大爷，不是大爷爷啊,4423.334,1753449031,1ffa9383
1899264598080031232,果然是美食博主,4449.549,1753501183,d04c374a
1899496872319092736,凉菜哈哈哈哈这个比喻,4441.171,1753528872,3820b86
1900043563572775680,到底是啥？好想知道,4348.134,1753594043,3ad68769
1900320971148192768,被带歪了，哈哈哈,4644.234,1753627112,968d7bd9
1900998015238881792,0帧起手,4521.96,1753707822,478a57e2
1901003546199856128,北方不说大伯，都是说大爷,4429.826,1753708482,2216f793
1901074396593528576,坑爹只是调侃 上升不到骂人,4438.056,1753716928,bba3e7b3
1901091973570498560,放出来吧，反正听不懂,4334.352,1753719023,18259142
1902337660274969600,哈哈哈哈哈哈哈哈,4604.007,1753867520,92f8c01f
1903081973443330560,哈哈哈哈哈哈,4535.647,1753956250,623dd44
1903082273570880768,哈哈哈哈哈哈哈哈,4568.091,1753956285,623dd44
1903781401921761536,其实有用,4589.383,1754039628,1ddd0afb
1903806233291993600,老王那么有力吗,4603.096,1754042588,29c7c55b
1903952397949739520,这个情节 解放西 看过一样的，哈哈哈哈哈哈,4560.019,1754060012,e1245ea0
1904516717376838400,因为妈妈是孩子的第一位老师啊！,4403.275,1754127284,9e41d483
1904530899417644288,哈哈哈哈哈哈哈哈哈哈哈哈哈你个感冒,4385.563,1754128975,3e5e834
1904530978748724992,和哈哈哈哈哈哈哈哈哈哈哈哈哈哈哈哈哈哈哈哈哈哈哈哈哈哈哈哈哈哈哈哈哈哈哈哈哈哈哈哈哈,4384.499,1754128984,3e5e834
1904532923857065216,没有妹妹呢,4492.766,1754129216,3e5e834
1904538811812607744,哈哈哈哈哈哈哈哈哈哈哈哈哈哈哈哈哈哈哈哈哈,4645.546,1754129918,3e5e834
1904722568506592768,不是，这有什么可防的呢,4341.418,1754151824,1606bf27
1905449384062253056,新疆好像也是,4496.703,1754238467,a48719d1
1905497931360905728,伊朗和俄罗斯打起来啦,4529.621,1754244254,c0863c00
1906542784094295808,哈哈哈哈哈,4559.017,1754368810,58d57e1c
1907526196715882496,哈哈哈哈哈哈哈哈,4523.519,1754486042,f5dd2f0d
1908679452259804928,xx日记,4362.117,1754623521,f41917e3
1908744384842053120,你们听不懂，别人听得懂啊，我就是学俄语的，很多人学俄语日语,4357.8,1754631262,6ba6f998
1909668420170398720,四个层次,4433.428,1754741415,d7fb52ee
1911359300216006400,哈哈哈哈哈哈,4447.784,1754942984,984e8387
1911359604252789760,太逗了,4455.784,1754943020,984e8387
1913398067118770176,马月！受到严格保护,4495.758,1755186024,e540d7cc
1914634620675197952,爸爸好惨,4409.305,1755333432,39959bed
1914635448362681088,老王好有意思啊,4468.254,1755333531,39959bed
1914637087353891840,陈老师好帅好可爱,4628.134,1755333726,39959bed
1916001994548683520,萨沙现在好有效果啊,4525.363,1755496436,cd971f7f
1916630927698902784,哈哈哈哈哈哈哈哈哈哈哈哈哈哈,4395.624,1755571411,51f2909e
1916852277454065152,骄傲的小表情,4513.962,1755597798,b575b51f
1918109775393509888,加长版都听不到,4327.512,1755747703,e10ac76a
1919292270814105600,三句话不离老本行。老王就是老王,4441.278,1755888668,8ff620f
1920360764641292800,大爷（轻声）和大爷（二声）是不一样的辈分,4424.525,1756016042,954b058c
1920530535504589824,苦肉计,4559.312,1756036280,99536495
1924962263669318912,确实,4378.913,1756564583,e498a6f4
1928317987325752320,爸爸不重要和哈哈哈,4437.715,1756964617,272b951b
1928473381473163008,陈铭老师哈哈哈哈哈哈哈哈哈哈哈什么叫你个感冒啊哈哈哈哈哈,4387.472,1756983141,27acc97c
1930119365563671296,关键有个俄罗斯妹子全能听懂，哈哈哈,4350.281,1757179358,5f57ee63
1932318721125803008,哈哈哈哈哈哈哈哈哈哈哈,4386.414,1757441541,52ac390e
1937685851845080064,肺结核我们叫痨病,4387.045,1758081353,748c3342
1937711880739083008,现在有了,4411.543,1758084456,e8f1e80f
1937713293271636224,以身入局,4575.73,1758084625,e8f1e80f
1946610506567641600,哈哈哈哈哈哈哈什么鬼，好搞笑,4396.361,1759145255,3a0f6945
1946616695774839040,毕竟母亲是生你养你的人，是个人都不希望。除非你原生家庭环境不好,4477.17,1759145993,eb269b47
1954247216982614016,就好像放出来我们能听懂一样,4348.708,1760055622,99c7f039
1967670342588077312,阿阿阿啊啊，我要听,4342.408,1761655783,eb09f285
1977879332269668864,哈哈哈哈哈哈哈哈哈,4648.638,1762872790,aedabb3d
1986532170919592192,想听啊,4334.675,1763904288,2a9d92f9
1993856239851235072,哈哈哈哈哈多少是有点私人恩怨了哈哈哈哈哈哈哈哈哈哈哈萨沙,4520.851,1764777385,ed5612f4
1996746304319704576,有的 中西部地区很多,4410.686,1765121908,74ba3500
1999494019419440896,盲猜第四个祖先,4482.623,1765449461,29cd0eb
2004628390627918080,老王男友力爆棚啊，华波波都有150 6了,4609.39,1766061526,ffa3828d
,,0.0,1775683732.8000336,
lb.c,,0.0,1775683732.8000336,
,,0.0,1775683732.8000336,
1895737548723425536,哈哈哈哈哈什么是我们不能听的,4749.619,1752990264,1549437e
1895737557581795584,来啦来啦,5024.737,1752990286,a1639211
1895737558689091840,哈哈哈哈哈哈哈哈哈哈哈哈,4902.274,1752991699,eb069b0d
1895737576405831936,哈哈哈哈哈哈哈哈哈哈笑飞了,4980.356,1752990608,39108e46
1895737633507086592,免礼免礼,5039.074,1752990708,59dfb4d2
1895737685701005571,哈哈哈哈哈哈,5002.412,1752993137,98f16374
1895737800272613632,哈哈哈哈哈哈哈哈哈哈哈哈哈哈哈哈哈哈哈哈哈哈哈哈哈哈哈哈哈哈,4982.027,1752995330,a4557f7c
1895737802998911232,万一听不懂怎么办,4874.018,1752994933,81bc2129
1895737948222492928,什么梗？,4748.329,1752998164,d6922fe2
1895738125113069824,就这个湖北味正宗,4711.305,1753011041,7a763aee
1895738285595529472,双板确实可以倒着滑,5008.25,1753011373,43686648
1895738620225491200,哈哈哈哈哈哈哈哈哈,4984.609,1753022510,65fd9e50
1895738757907714304,太损了,4985.149,1753022518,65fd9e50
1895738832675377408,来来来来,5036.598,1753027077,8a513c81
1895738966708556032,太可爱了超超,4747.358,1753060176,4f7b0147
1895738992243478784,就是歇后语,4867.877,1753034556,c7bc6e63
1895739080684572928,哈哈哈哈哈哈哈哈哈哈,4918.722,1753069998,f7934ca3
1895739131746029824,哈哈哈哈哈哈哈哈哈哈哈哈哈哈哈哈,4994.089,1753062512,3bd1c757
1895739196480917760,这段发出杠铃般的笑声,5030.092,1753075104,28ad2a59
1895739201044320512,斑马斑马，你回到了你的家,4704.204,1753075169,c2cf2fbe
1895739208334020864,突然好凶的超超,4710.536,1753075185,c2cf2fbe
1895739269428252928,哈哈哈哈,4730.776,1753075210,df6e1fa7
1895739282195714304,个斑马 武汉读书学会的第一句武汉话,4704.434,1753073116,76b350d2
1895771221057041664,歇后语骂人是吧hhh,4865.028,1753084740,ea88348b
1895892382798022400,真的很像用歇后语骂人,4858.534,1753099184,1da0b061
1895904636515565824,四姐镜头太少了，感觉他的观点还没开始就没了,4765.842,1753100644,58b836f8
1896404829505373952,哈哈哈哈哈哈哈哈活学活用,4949.724,1753160272,f1957628
1896405288303884800,哈哈哈哈哈哈哈哈哈哈哈哈哈哈笑死我了,5003.653,1753160327,f1957628
1896468623779084032,哈哈哈哈哈哈,4981.223,1753167877,9ec95bfa
1896588932171657472,Dylan好帅,4935.291,1753182219,bd4e22b9
1896649488324662272,非正“倒着哥”,4978.032,1753189438,280fcb51
1896737496214828800,哈哈哈哈哈哈哈哈哈哈哈哈哈哈,4982.203,1753199929,9cb4590f
1897014030158811904,你瞅啥的意思吗,4715.633,1753232894,d539e6d1
1897014233171284992,想咋的,4732.518,1753232919,d539e6d1
1897019864125305344,胖跟秃顶？华波波？哈哈,4804.17,1753233590,88971e98
1897165318887847424,哈哈哈哈哈哈每次都要拿出来反复“鞭尸”,4994.106,1753250929,729e3ab7
1897254941232950272,哈哈哈 杨杨很合适,4903.28,1753261613,2a986023
1897344532589414144,又狠又能播哈哈哈哈，好绝,4852.883,1753272293,55d83f10
1897762938228495616,哈哈哈哈哈哈超超你咋这么可爱呀,4748.926,1753322171,3c4a8341
1898076422447444224,这个味太对了，喵莫斯喵,4713.793,1753359541,49e5e8b6
1898116838467539200,哈哈哈哈哈哈哈,4959.312,1753364359,8d117f15
1898162780163908608,笑晕了这个梗,4843.97,1753369836,b71cfd89
1898407579726848000,我也是！本来已经冷静下来了听到这句话又会死灰复燃,4680.153,1753399018,28dcc9f6
1898620921531941120,哈哈哈哈哈哈哈哈哈哈哈哈哈哈哈哈,4990.806,1753424451,a18ccce
1898621235324599808,萨沙：我这一生如履薄冰,4998.994,1753424488,a18ccce
1898621702788319488,这里就很适合配个bgm：长江黄河还有黑龙江~~~,5007.924,1753424544,a18ccce
1898674081130886656,auv真地儿道～,4950.016,1753430788,2738fae5
1898686192863140864,伦儿,5032.685,1753432232,b0850c04
1898718675599884544,喵喵喵  喵莫比,4716.685,1753436104,f83ddc9a
1898842469316472832,这是歇后语啊,4860.486,1753450861,17e2fe2c
1899339586950643712,喵帕斯,4719.067,1753510122,7ef1f30f
1899599321197446144,谎言不会伤人，真相才是快刀,4805.355,1753541085,bc31ead9
1900380122948168960,是LULU!,4784.341,1753634164,81aeaa1b
1900503618960948736,梅林的胡子,4886.484,1753648886,fcdaa08a
1901024484039726336,哈哈哈哈哈哈哈,4942.838,1753710978,2c9403ee
1901079414683921152,给你俩窝窝是“傻瓜你看什么，你走开”的意思,4779.862,1753717526,e67086c2
1901079829685023488,老王可以啊,4824.392,1753717575,e67086c2
1901079976536206080,盆景的伐木工赢了,4830.592,1753717593,e67086c2
1902231732707858432,啥意思没懂,4835.101,1753854893,c1f2fe77
1902338815436637184,动物吵架哈哈哈,4741.721,1753867658,92f8c01f
1902339230270251776,好可爱,4791.413,1753867708,92f8c01f
1902465103329566464,哈哈哈哈哈哈哈,4900.32,1753882713,24d07282
1902505877391889664,我懂！不仅是吵架，平时明明一件事已经在做了，非补一句你去做一下，我也会生气,4683.771,1753887574,29c4c024
1902512598906821376,翻旧账了,4925.858,1753888375,d89f1503
1902594920603297792,这一段巨好笑,4932.927,1753898188,26f5d348
1903085253296941312,哈哈哈哈哈哈哈哈哈,4913.221,1753956640,623dd44
1903422713532604160,完全沉浸在自己的艺术创作里了,4892.961,1753996869,bb961bc8
1903895399203318784,沉浸在自己的艺术,4885.319,1754053217,c51a6472
1905868802760226304,好有趣,4725.221,1754288465,7becfa2e
1905869663649455104,哈哈哈,4823.731,1754288568,7becfa2e
1906076866142587904,超超好美～～～～～～,5033.296,1754313269,ba077aef
1906843327282730752,不知道两个buff梗被萨沙听到了会怎么样哈哈哈哈,5018.175,1754404638,4ad5b7c7
1906853502798462464,笑飞了这期哈哈哈,4973.051,1754405851,de5d2566
1907283657380028416,个斑马是吧哈哈哈哈,4741.914,1754457129,654346f5
1907369347933021696,咩啊～,4736.208,1754467344,d9a3acb1
1907528459920721920,中文也是哈哈哈哈哈哈,4843.019,1754486312,f5dd2f0d
1907988977269993984,就跟吵架的时候对方说你冷静一点,4687.296,1754541210,952047f4
1909012552659049984,你看看！,4887.06,1754663230,a30a61d9
1914639175487860992,好艺术,4868.566,1755333975,39959bed
1914699145797749760,免礼免礼,5038.536,1755341124,6a35cdb9
1916331482058605056,去五常,4934.547,1755535714,299590f4
1920572473301738496,你别急哈哈哈哈,4680.084,1756041280,bc587f4c
1921150194511518720,无效消音,4767.931,1756110149,cc860fab
1921999990281070336,膝盖脑袋哈哈哈哈哈,4820.756,1756211453,82b54504
1922699810163473408,哈哈哈哈哈哈这个好玩膝盖脑袋哈哈哈哈哈哈哈,4821.902,1756294878,bc17ebe1
1922718678232065536,buludo在大力水手里面就是大块头,4769.819,1756297127,990a1ffc
1924745898970591232,吼吼吼吼吼吼吼吼吼吼吼吼吼吼吼吼,5002.511,1756538791,90bb401c
1924967089098646016,哈哈哈哈哈哈哈哈我懂了,4839.73,1756565159,e498a6f4
1928431833856027648,四川话 哈哈哈,4802.515,1756978188,272b951b
1930122968890291968,一般是表和马,4760.893,1757179787,5f57ee63
1932207309505761536,真不用客气，哈哈哈哈哈哈哈哈哈,5037.71,1757428260,5b4783e3
1932323510836293120,歇后语骂人 在中国能把我骂笑，没有杀伤力,4856.499,1757442112,52ac390e
1938651722562595840,这个环节好想看英国代表,4803.651,1758196494,7514575b
1941575577676902144,中国好像也是,4880.714,1758545045,7a001e02
1956604467680680960,哈哈哈哈哈哈哈哈哈哈哈哈哈哈哈哈哈哈哈哈哈哈哈哈哈哈倒哥,4987.29,1760336628,d35c8a9
1957521618251751424,有备而来,4898.296,1760445961,ae02b522
1963046567418170368,完全get不到哈哈哈，太艺术了,4878.238,1761104586,54f7b9d0
1963047484477570560,卧槽哈哈哈哈哈哈太搞笑了,4987.548,1761104695,54f7b9d0
1963047606246712832,太有梗了我的天啊,5002.101,1761104710,54f7b9d0
1988704206604970240,萨沙现在好大方,4966.483,1764163215,c847ffba
2005156528713694464,形成内部梗了 哈哈哈,5015.259,1766124485,32b92588
2018407658939996416,武汉话好好玩,4761.811,1767704143,964a8dca
2027838086511379968,哈哈哈哈哈哈哈哈哈哈哈哈哈哈,4860.422,1768828337,8f58d927
,,0.0,1775683732.8000336,
lb.c,,0.0,1775683732.8000336,
,,0.0,1775683732.8000336,
1895737252798501120,一个轴打起来了,5382.658,1752985054,7e19df34
1895737399926296832,老王居然赢了哈哈哈哈哈,5194.259,1752987261,f69ff094
1895737549830721792,众爱卿平身,5040.701,1752988640,1f930d45
1895737559796388096,买不完了,5324.051,1752990445,3f8c2705
1895737585272590592,这个除了买卖还能组什么？,5347.699,1752990663,1549437e
1895737629463777536,买了锅巴,5269.404,1752992283,7e894dc7
1895737792127275264,这也太难了除了脏话我一个也想不到,5250.819,1752994250,4374cf64
1895737809332310272,伤疤,5096.912,1752995497,a4557f7c
1895737812956188928,艾丽莎还比了个功夫出招动作，好可爱,5228.918,1752995826,5866b398
1895737818392006912,这下真的势均力敌王不见王了，战力很均衡,5221.14,1752995797,5866b398
1895737822913466624,怎么不把小贝喊回来哈哈哈哈哈 全国总冠军,5232.53,1752995811,ca18aa72
1895737839220920576,随便,5103.405,1752995510,a4557f7c
1895737861601726720,哈哈哈哈哈,5280.223,1752995737,a4557f7c
1895737870728532224,哈哈哈哈哈,5357.137,1752995819,a4557f7c
1895737878009843968,这个难度好高我一下没想出来,5250.43,1752995861,5866b398
1895737975577743616,太搞笑了这段，会长帮得也真是不明显哈哈哈,5309.076,1752998714,d5478533
1895738014786097408,我都想不出这么多orz,5177.407,1752998128,cda41c26
1895738146998948096,富贵使我们相遇,5054.133,1753003938,94179e93
1895738222680969472,上边其实可以的...至少广东话里可以这么讲哈哈哈哈哈,5132.578,1753012151,f11a2bc3
1895738259154637056,那我必须得发个弹幕,5045.758,1753013226,4c2d7347
1895738280117768448,哎哟喂排面是自己给的,5053.218,1753015344,2394c70f
1895738286535053568,我都想不出来,5361.944,1753014671,635d7cfe
1895738288321827072,大左感觉好疲惫呀,5089.831,1753010259,2275038b
1895738300183318784,买了个包,5277.18,1753014758,73e9b877
1895738319326122240,哈哈哈哈哈哈哈哈哈哈哈,5333.776,1753014745,fbf64f60
1895738331187613952,水表,5101.409,1753013084,8f071823
1895738358542864640,哈哈哈哈,5289.412,1753013835,fc1db046
1895738420534677760,厉害,5362.198,1753013915,fc1db046
1895738453367689472,手臂,5083.725,1753019015,c2db3739
1895738483457626368,散步,5110.21,1753018989,c2db3739
1895738492567654656,私奔,5156.474,1753019088,c2db3739
1895738497131057408,散步,5178.373,1753019110,c2db3739
1895738523571949824,伤悲,5147.874,1753019080,c2db3739
1895738528126963968,帅爆,5171.778,1753019103,c2db3739
1895738537287323904,松柏,5115.542,1753019154,c2db3739
1895738560959975680,那么棒,5397.279,1753020515,c2db3739
1895738573719048448,迷恋改编,5350.312,1753020373,c2db3739
1895738581931495680,美丽古堡,5344.655,1753020257,c2db3739
1895738616576446720,雷妃：嬗变的女人,5152.275,1753018117,6ee65ea5
1895738643931697408,上榜,5139.362,1753019071,c2db3739
1895738657605128448,塞北,5125.34,1753019163,c2db3739
1895738663988859136,三百,5114.292,1753022376,fd2dafbb
1895738781613920512,买了个包,5269.515,1753030952,ea25d4d6
1895738925679874304,会长喜欢俄罗斯人哈哈哈哈哈哈,5280.092,1753038953,7a1afabc
1895738932969574656,笑死我了,5378.09,1753029813,bde1c345
1895738939353305344,哈哈哈哈救命笑死我了,5309.07,1753045893,23ddeab7
1895739014146134272,散步,5114.314,1753068800,91850ea9
1895739130831671552,想不出来,5264.519,1753072461,9f25c571
1895739175509397760,会长明目张胆啊哈哈哈哈哈,5276.576,1753072003,9f04a8dc
1895739183721844992,？,5103.33,1753070183,f7934ca3
1895739216546468096,麻辣锅巴？,5317.463,1753073025,39c07fe7
1895739235689271552,思辨,5100.653,1753075567,bf28894c
1895739250285449472,这是真的强……,5354.932,1753072572,9f25c571
1895739315020337408,老王的食物词汇库太丰富了,5202.207,1753075106,cb0b74b0
1895806227742127872,不愧是全球总冠军哈哈哈,5355.453,1753088913,20dfe047
1895865772513874176,呵呵哈哈哈,5295.841,1753096011,f81c7508
1895865835151917056,笑死我了,5302.521,1753096019,f81c7508
1895905592497846784,波波超级不想输给老王啊哈哈,5168.56,1753100758,e1c79dc9
1895913210587020800,厉害也,5356.678,1753101666,738625c6
1895940028228628736,哈哈哈哈杨迪笑死我了,5331.187,1753104863,9a7995d3
1896001709957121536,这个游戏确定不是在考验旁边的观众吗哈哈哈哈哈哈哈,5169.79,1753112216,692c8ed6
1896005638208190720,哈哈哈哈哈哈哈哈哈哈哈哈哈哈哈哈哈哈,5309.536,1753112685,ee1f6f9b
1896037717519832320,我不行了,5303.486,1753116509,35861f7e
1896103813057326080,众爱卿平身,5055.166,1753124388,272d704
1896266853488527360,买了个包,5255.593,1753143824,136938f4
1896397577185262080,买了个表,5252.363,1753159407,8c816764
1896398972085054976,买了个布,5322.799,1753159574,8c816764
1896487745384687360,是全世界冠军强啊  这个怎么可能平衡？,5225.606,1753170156,3f43cf38
1896518030927038976,哈哈哈哈,5287.335,1753173767,6a042d86
1896647238626065664,散步,5186.384,1753189169,445a39f6
1896700332483297024,买了个表,5262.862,1753195499,fc5c5aac
1897110671595089408,买了个饼,5303.296,1753244415,42da3e49
1897164510704274176,会长，真的一点都不偏心,5318.682,1753250833,35645b71
1897465344239936512,这里为啥正片没有啊很好玩,5316.955,1753286695,9c3b5844
1897907599363012096,加长版不是没人吗？,5061.923,1753339416,47a0e8bd
1897994325766477824,应该的应该的哈哈,5048.248,1753349755,4abc64a0
1897996747196894720,哈哈哈哈哈哈哈哈逛超市,5307.543,1753350043,4abc64a0
1898119123121513216,波波太搞笑了,5193.237,1753364632,8d117f15
1898135047518137856,免礼免礼,5075.625,1753366530,eedeee86
1898384560598181888,平身,5075.322,1753396274,b2d05ef3
1898624478083756544,超市逛的差不多了哈哈哈哈哈哈哈,5326.782,1753424875,a18ccce
1898641201796753152,密林古堡,5368.404,1753426868,8d9a3176
1898884709665421312,哈哈哈,5068.504,1753455897,ef9aebaa
1898897792614057216,S 和sh不算一个声母吧,5137.151,1753457456,90af0186
1898916617254438656,平身吧,5045.044,1753459700,22a3160b
1899502490740164608,比芒果台的明星们厉害,5090.131,1753529542,3820b86
1899503928598076672,好难！,5256.872,1753529713,3820b86
1899529220980670720,美丽告别,5329.076,1753532728,3860f01a
1899556139150926336,买了个包,5262.774,1753535937,c8a83ae1
1899575159195537664,我就说梅丽莎眼熟哈哈哈哈，我看过她,5237.393,1753538205,fbcf58ae
1899948884919695104,字幕靠点谱啊,5152.318,1753582756,ae954710
1900027691504725760,随笔,5111.845,1753592151,2b2c365c
1901026696434365696,哈哈哈哈哈哈哈哈笑死我了,5177.66,1753711241,2c9403ee
1901048621018345216,来了,5068.436,1753713855,53f028f4
1902279610704792320,哈哈哈哈哈哈哈哈哈哈哈哈华波波提高笑了 这个节目不能没有他,5287.656,1753860600,c78fc6cd
1902280109591719680,哈哈哈哈哈哈哈哈哈哈杨迪太有梗了,5336.723,1753860660,c78fc6cd
1902422537695188480,哈哈哈哈哈哈哈快乐了,5041.893,1753877639,ddafd2e4
1902693614774649856,这就是冠军局吗,5308.838,1753909954,13f56837
1903910791510760448,果然是冠军,5323.393,1754055052,117508bc
1903911183124587264,冠军！！！,5370.074,1754055099,117508bc
1904583799472911360,那这样没完没了了 卖了个包也可以啊,5323.205,1754135281,3e5e834
1904731512910551296,买了钢笔,5296.383,1754152890,1606bf27
1905066977614457088,瀚笙给的,5216.827,1754192880,f13424e0
1905263256428680192,哈哈哈哈哈会长假装淡定,5280.272,1754216279,aa36fe3a
1907445196561016064,生病,5096.403,1754476386,aff6fc4
1907655909418110976,描了个边，密林古堡,5369.951,1754501505,ff8d4f0a
1907988948337628160,买了个饼,5269.577,1754541206,e06c8437
1907994271211606272,买了广告,5264.943,1754541841,952047f4
1908432339672427264,这都是我应得的,5050.366,1754594063,9342b3c4
1910180167972956160,买了个表,5278.063,1754802420,738a73b
1910181115902401024,这个好玩,5385.844,1754802533,738a73b
1913125294877852928,爱卿平身,5060.819,1755153507,54a9596e
1914074693993248256,华伯伯笑死我,5210.801,1755266684,9d8aa9dd
1919614221571346432,哈哈哈哈哈哈哈哈哈，买买买，都买,5296.307,1755927047,3ae4c2e2
1921022768267938048,我都想不到,5361.449,1756094959,bc587f4c
1924779962440228352,设备,5089.709,1756542851,e8f6d141
1925468671896090112,看似法国vs中东，实则两伊战争,5183.768,1756624952,24f302e9
1928594371599874304,不愧是世界冠军,5361.448,1756997564,cfd3a899
1932625767037357824,太有牌面了,5107.729,1757478144,f487febd
1932832749916950784,波波笑死我了,5190.952,1757502818,75a35b32
1932833280899017472,想念小贝和田田,5232.806,1757502882,75a35b32
1948196474001477888,哈哈哈哈哈哈哈,5316.907,1759334317,2edb9fb1
1949690376261184256,没了个饼 哈哈哈,5334.374,1759512404,c9c423cb
1952273205201067264,上边其实是，他们搅混了,5164.153,1759820301,5ff286de
1956607870947309056,哈哈哈哈哈哈哈哈哈哈哈笑飞了,5336.797,1760337034,d35c8a9
1957526017011285504,发币，顺发nb,5390.776,1760446485,ae02b522
1999460690884832000,哈哈哈哈哈哈哈哈好搞笑哈哈哈哈哈,5054.438,1765445488,14f3cf30
2002097945549358592,前面外国小学生一人一句汉语那个真的哈哈哈笑死我了,5392.207,1765759873,1bae6291
2031437688779518208,满意,5047.429,1769257443,ec44781a
2036248800440067584,手办,5123.573,1769830972,f9735bbb
2036249860122444544,似是故人来,5248.255,1769831099,f9735bbb
,,0.0,1775683732.8000336,
lb.c,,0.0,1775683732.8000336,
,,0.0,1775683732.8000336,
1895737395396448512,jhhhhhhhhhhh,5592.303,1752988526,a7ab481d
1895737412022669568,我都想不起来这么多,5460.772,1752987439,a1639211
1895737441869336832,因为想不起来哈哈哈哈,5481.576,1752987556,f69ff094
1895737443119239424,波波好可爱,5457.3,1752989533,e9b5076c
1895737485532041472,不够看哈哈哈哈哈哈想看轮番制回合,5670.743,1752987808,fcfebb41
1895737626443878656,]',5625.691,1752991166,967ceef9
1895737643598582016,为啥我的弹幕带框框,5614.122,1752990985,3f8c2705
1895737666809860352,文创书包,5664.861,1752992253,88230e29
1895737685701005569,笑死，好像那个两组外国人比中文的视频,5594.036,1752991870,6c6d890c
1895737696287428864,想看陈铭和陈超的,5515.841,1752993725,b594b266
1895737720085909760,我吃柿饼,5633.349,1752993925,4f3c338d
1895737730554892544,我才十八,5654.687,1752994895,f3d0b903
1895737779443699968,哈哈哈哈哈哈哈哈哈,5736.412,1752996216,a4557f7c
1895737794836795648,还好，我来看了加长版,5683.765,1752995605,6cf1571
1895737843750768896,无偿上班,5638.111,1752995528,8eb43737
1895737876189516032,他不会是在拿你重温日语吧233,5757.212,1752997386,4944442d
1895737884393574656,？哈哈哈哈哈,5656.724,1752996132,a4557f7c
1895737888042619136,拿眉笔,5442.43,1753001707,d7f8343a
1895737898075394304,用一之濑当外教是吧哈哈哈哈,5759.226,1752996601,5866b398
1895737912679960832,发币厉害哦,5491.201,1752998959,e868d6e6
1895737956426551552,哈哈哈哈哈哈哈哈哈哈哈哈哈哈哈哈,5736.542,1753005397,e549f4d8
1895738018435141888,我才上班,5615.672,1753004949,4c54570f
1895738042141348096,发币好厉害！,5451.412,1752998910,d5478533
1895738055814779136,游戏能多玩一点吗？来个车轮战了。,5682.602,1752999172,e868d6e6
1895738163407065344,朕心甚慰,5668.633,1753010633,ca2efdba
1895738188941988096,留学生可以打工，就是时间限制很严格,5745.238,1753013337,450eca7a
1895738207178821888,我吃烧饼,5569.522,1753014025,97afe170
1895738304738332928,笑疯了,5717.724,1753014888,c5fcca58
1895738349416059136,我查设备,5603.283,1753013524,20dffd1e
1895738529041322240,我吃柿饼,5549.573,1753019787,c2db3739
1895738564600631552,我曾上榜,5583.306,1753019726,c2db3739
1895738568249676032,我才上班,5578.215,1753019651,c2db3739
1895738618405163264,哇小熊好棒,5453.439,1753021183,6474f847
1895738628454715648,满意满意,5683.919,1753021786,d3e0ea9e
1895738771581145344,在燃什么啊,5467.292,1753022738,56239c78
1895738808969171200,无偿上班,5557.94,1753033292,8be21198
1895738855467225344,满意满意啊,5669.129,1753027481,8a513c81
1895738904708354304,无偿上班,5550.733,1753055909,a05c4e50
1895738919296143616,厉害,5458.113,1753029509,d0eeaf61
1895739073386483968,外出上班,5662.292,1753071341,86ed341b
1895739233868943616,跟武昌过不去了哈哈哈哈哈哈,5559.595,1753072312,9f04a8dc
1895739271248580864,前面那个五厂上班太痛苦了。,5650.181,1753072906,9f25c571
1895739280375386368,我吃烧饼,5528.493,1753076329,c2cf2fbe
1895739287665086720,哈哈哈哈,5585.042,1753076389,c2cf2fbe
1895739297697861888,666,5456.592,1753076238,c2cf2fbe
1895835379563980800,围城士兵,5651.483,1753092388,182693f5
1895851890223828736,我吃烧饼,5601.387,1753094356,cc93cef3
1895867141996042240,法币好可爱哈哈哈哈,5442.503,1753096175,f81c7508
1895941503516821504,想看华波波,5502.962,1753105039,3c5a3395
1895954531570156032,玩游戏没人能赢得了杨迪吧,5516.139,1753106592,be52f108
1895962419218839040,好可爱啊小熊,5481.88,1753107533,83719079
1896048714238634240,文创商标,5603.24,1753117820,24b0ce4c
1896048828952522752,发币比我厉害,5489.092,1753117833,e871e898
1896387736265527552,好可爱小熊,5433.348,1753158234,f608a6a7
1896401899398836992,我创商标,5627.201,1753159923,8c816764
1896523232526567168,四姐笑死我了,5461.734,1753174387,272cb156
1896696361970702080,真的好喜欢法币啊啊,5497.907,1753195025,ec077e8b
1896969714811750144,哈哈哈哈哈哈哈哈特别满意,5683.167,1753227611,cef95630
1897110463381035008,弄明白,5404.486,1753244390,2bf6365a
1897182469959562240,农民办（农业民生办公室）,5439.96,1753252974,af7c4445
1897184104504922112,无此设备,5617.079,1753253169,af7c4445
1897351985011783168,他发音不但好，调也对,5725.673,1753273182,55d83f10
1897377089222017024,How much?,5715.06,1753276174,7566605b
1897422756426506496,我常上班,5558.897,1753281618,fc5c5aac
1897422918418934784,我出书吧,5568.62,1753281638,fc5c5aac
1897458025171003136,满意满意,5677.512,1753285823,b5323672
1897465090669115648,武昌社保,5582.953,1753286665,d844b0d7
1897769479799142144,法币：let's 骄傲,5481.513,1753322951,3c4a8341
1897938668409864704,哈哈哈哈哈哈,5572.82,1753343120,87627e63
1898060457676681728,这反应怎么那么像外国小孩中文对决哈哈哈哈哈哈,5462.655,1753357638,9cdf46e6
1898138011901385472,怎么没有伦儿,5665.598,1753366883,a0901713
1898178762122903296,我超帅吧！,5632.839,1753371741,a725bfc4
1898423743408421376,这Part这么精彩居然没在正片,5650.83,1753400945,28dcc9f6
1898625744000134400,到底在燃什么哈哈哈哈哈哈哈哈,5464.166,1753425026,a18ccce
1898626550623448832,我测试吧,5559.064,1753425122,a18ccce
1898652728138751488,一之濑刚才输了可能情绪不稳定,5549.571,1753428242,915050e3
1898689587413796352,拿面包,5423.287,1753432636,b0850c04
1899319571606164480,全德国总冠军,5480.43,1753507736,f21b3ea5
1899535640992131840,晚餐随便,5520.474,1753533494,3860f01a
1899602976826559232,会长忍不了了,5665.041,1753541521,89699852
1899607193679394816,很满意，但是不够看啊哈哈哈哈哈,5681.754,1753542023,bc31ead9
1899951105459742976,我查书包啊,5602.221,1753583021,ae954710
1899999679023416320,无偿上班,5655.703,1753588811,87413e4e
1900766299857394432,我出师表,5622.888,1753680200,33977ab
1901031541963149056,无偿上班太有才了,5661.33,1753711819,2c9403ee
1901464422439217664,乃木坂,5411.02,1753763422,80000882
1901466327198751744,五彩水笔,5622.899,1753763649,80000882
1901505084160859136,卧床上班,5635.369,1753768270,a9930091
1901667443429404672,赖赖笑死我了哈哈哈哈哈,5462.246,1753787624,c475edd4
1901688907461504000,绝,5594.196,1753790183,6bdd20d4
1902191443406318080,我才十八,5536.747,1753850090,23b7cf3c
1902282980836447232,想看所有代表玩哈哈哈哈,5692.99,1753861002,c78fc6cd
1902972836168174592,好喜欢发币啊啊啊啊可爱小熊,5497.535,1753943239,94613f3a
1903814713050594560,我吃烧饼,5527.927,1754043599,29c7c55b
1904240408750914304,我吃烧饼,5520.633,1754094346,4213efaf
1904400734091486464,哈哈哈哈哈哈哈哈哈哈哈,5444.369,1754113458,21f73640
1904733937142578688,……,5572.108,1754153179,1606bf27
1907275934575481856,那么棒,5475.248,1754456209,818eee32
1907503311805048832,哈哈哈哈哈哈,5433.297,1754483314,6816ab2b
1907504852112736768,好搞笑,5670.051,1754483498,6816ab2b
1907628097827065088,华波波好搞笑,5413.673,1754498190,ea7aa49a
1907629029776458752,这个游戏好玩！！以后经常,5503.358,1754498301,ea7aa49a
1909211300433862656,文创手办,5641.868,1754686922,2ad516b
1910183692849001728,每期都来这个游戏,5693.155,1754802840,738a73b
1911661393863138816,我才十八,5635.78,1754978996,67c7bc24
1911940037441274368,我常说不,5577.471,1755012213,319d79a8
1916862547517593344,无偿上班这个太狠了哈哈哈哈哈哈,5640.532,1755599022,b575b51f
1916886203115027456,不满意太短了！,5691.918,1755601842,41d23346
1919615919593383936,法币好厉害,5491.366,1755927249,3ae4c2e2
1919874236307270400,太搞笑了,5709.81,1755958043,c4469e21
1924973871791438336,五彩水笔，无偿上班,5634.207,1756565967,e498a6f4
1928489303462333440,武昌酥饼啊,5649.501,1756985039,27acc97c
1931182947986193664,前面说文创的好厉害,5633.131,1757306147,d9c08631
1932631454336961792,满意满意,5684.543,1757478822,f487febd
1936645971006506240,你忙吧,5443.395,1757957390,cc3af606
1938432632782593280,完成设备,5697.579,1758170376,a3545458
1945259887495943936,龙颜大悦,5676.325,1758984249,deea00f
1957526892588923392,他俩这么强的吗？直接加时赛了,5475.556,1760446590,ae02b522
1977901549582004224,关税哈哈哈哈哈哈,5436.202,1762875438,aedabb3d
1977901725834636800,小熊好棒！,5457.17,1762875459,aedabb3d
1988742475853880320,哈哈哈哈这个是Dylan在后面说的,5609.534,1764167777,c847ffba
2002100048816625408,外国小孩中文对决真的，太形象了，这俩都笑死,5467.471,1765760124,1bae6291
2015436799140933120,高级词汇,5450.301,1767349988,a9603673
2018415095944305664,无偿上班(,5616.425,1767705029,964a8dca
2035137440129502976,弄明白,5418.548,1769698488,ca126b
2035137714621479936,你明白,5451.275,1769698521,ca126b
2068517489595502592,那么棒,5472.838,1773677700,471d6181
2077821577877208320,朕很满意,5679.263,1774786834,585cded5
,,0.0,1775683732.8000336,
lb.c,,0.0,1775683732.8000336,
,,0.0,1775683732.8000336,
1895737858867040512,哈哈哈哈哈哈哈哈哈哈哈,6096.333,1752996585,a4557f7c
1895737880752918784,沆瀣一气这词还是能用得到的233,5937.428,1752997598,4944442d
1895737919046914304,哈哈哈哈哈哈哈哈哈哈哈哈哈哈哈哈哈哈哈哈哈哈哈哈哈哈哈,5870.631,1752996356,a4557f7c
1895737949136851200,德国人太好笑了,5863.154,1752999715,8b34e573
1895737969194012928,阿雷真的动漫影视资深中毒哈哈哈哈哈哈,5838.142,1752997069,5866b398
1895738141521187072,犄角旮旯很少用吗？上海话里经常用到啊,6049.474,1753008868,39499903
1895738273742426368,除了呶字都认识,6060.585,1753013759,20dffd1e
1895738364003848448,踽踽独行这种基础词大左一个主持人不认识不应该吧,6002.5,1753015847,e69ebdef
1895738431481811200,圭臬感觉也很常见,6014.236,1753015872,e69ebdef
1895738444249272576,好厉害 卢可！,5923.251,1753018736,1c68567a
1895738555482214656,我觉得奉为圭臬还挺常用的,6019.476,1753019682,79d441b5
1895738669466620160,新梗出现了,5963.161,1753023686,65fd9e50
1895738727817777408,哈哈哈哈还拆啊哈,5877.108,1753023916,5ec74794
1895738740585238784,还得是总冠军！,5923.556,1753029089,d6bfe3aa
1895738798936396032,这期好搞笑,5880.071,1753023927,5ec74794
1895738800765112576,魔法小樱,5811.727,1753025778,ef8f951e
1895738804405768448,Latino American也是American哈哈哈,6088.033,1753033291,5404f33
1895738847263166720,哇好久不见的歌，我现在还全知道且会写呢,5922.622,1753029406,302e2cd4
1895738994978164992,戴卢可好会串场,5918.405,1753033135,5404f33
1895739036921204992,口语里很常见 但书面很少写 才叫生僻字,6084.412,1753069602,221a9f5
1895739067917111552,犄角旮旯哪个地区都用啊,6076.904,1753036132,37b64554
1895739303167234304,超超可能只是重影看成垚了哈哈哈,6025.872,1753080031,3f6b3267
1895803686740271360,德国人神奇的笑点出现了,5860.314,1753088610,677e1eff
1895940938636112896,哈哈哈哈哈哈哈哈哈哈哈哈哈哈哈哈哈哈哈,5956.417,1753104972,4365b2b7
1896006384517540608,哈哈哈哈哈哈哈 太好笑了,5877.08,1753112774,e10bb37e
1896394704246373888,往里玹,5888.848,1753159065,45f0e9c9
1896525961894243328,还记得穆小龙的也特别长,5863.237,1753174712,9c5bc011
1896526792475403776,突然感觉和一个母语者说对方的母语好刺激。,5849.288,1753174811,272cb156
1896528996767018496,伦反应好可爱,6093.046,1753175074,272cb156
1896694142336784640,我为什么这么黑,5850.046,1753194761,16f0b446
1896746298607480576,哈哈哈哈哈哈小魔女dorimi我的童年,5817.55,1753200978,9cb4590f
1896782108769874944,哈哈哈哈阿雷好棒,5823.344,1753205247,5856c37c
1896837444775896832,沆瀣一气，绵绵瓜瓞什么的其实也蛮常用的，都是会读，不一定会写,5963.667,1753211844,9450640
1897302336104199424,原来阿雷也是个二次元啊，圈粉,5807.807,1753267263,729e3ab7
1897408696875986688,bgm是星矢。。。,5826.178,1753279942,7ea9d3d5
1897539050743992576,是真的 喜欢看番剧随便都有N3了 日语听懂会说不算难,5774.395,1753295482,6f99a845
1897540654679205376,碗里选,5906.056,1753295673,6f99a845
1897941885038393856,哈哈哈哈哈德国人,5869.457,1753343503,4227b274
1898063552024567040,善逸！,5827.305,1753358007,9cdf46e6
1898064079399573504,xs我的笑点是发币笑,5864.169,1753358070,9cdf46e6
1898097346118832640,生僻字那个歌词的选择标准太不统一了所以体感好不好也是一阵儿一阵儿的hhh,5931.174,1753362036,45af011b
1898114145447495424,紧跟时事哈哈哈哈,5827.651,1753364038,ba542c3c
1898161274299396864,考试会用到吧，或者语文老师,6051.412,1753369656,9a457285
1898467852772804608,哪里常见？你平时都会说这些吗？我只能读一些，意思知道的就更少了,6031.791,1753406203,a725bfc4
1898468393661528832,确实是American,6081.24,1753406268,a725bfc4
1898544657131158528,会长日常开始挖坑了,5973.106,1753415359,e68aeabe
1898792509870598400,魔法少女小圆，魔法少女奈叶，魔卡少女樱，憧憬成为魔法少女,5789.357,1753444906,c1c112d8
1898950122260736256,我的天啊,5932.388,1753463694,eeae67ec
1899611716883880704,哈哈哈哈杨迪这个变声,5986.176,1753542563,5ebece69
1899953432166147328,怎么难的都会，简单的反而错了超超,6015.364,1753583298,ae954710
1900078198046300160,哈哈哈少女雷,5809.075,1753598172,1091612d
1901032821930525952,哈哈哈哈哈哈哈哈哈,5810.507,1753711972,2c9403ee
1901035550375286784,格局,6102.475,1753712297,2c9403ee
1901038084020175104,笑死,6081.102,1753712599,2c9403ee
1902445816619673088,可爱的四姐,6110.63,1753880414,c085033b
1902473656388011520,哈哈哈哈哈哈哈哈哈哈,5884.153,1753883732,24d07282
1902507918574530560,鬼灭！！,5827.326,1753887817,ecae7fb8
1903092981570356992,哈哈哈哈哈哈哈哈哈,5817.734,1753957562,623dd44
1904588337600721664,中二哈哈哈,5768.847,1754135822,3e5e834
1904588540294738176,和红红火火恍恍惚惚哈哈哈哈哈哈哈哈,5787.755,1754135846,3e5e834
1904607506802715648,xswl,5877.161,1754138107,2f77163b
1904738394345604608,不考生僻字没意思呀,6059.583,1754153710,1606bf27
1905360955819970304,先笑了,5858.11,1754227925,95e70b5d
1906556910518333184,哈哈哈哈哈,5871.662,1754370494,58d57e1c
1907415837069982464,不会是飞天小女警z吧,5820.521,1754472886,43d8243f
1908251049396513536,哈哈哈哈哈,5828.769,1754572451,d8a8f583
1913315501447857152,奉为圭臬不是很常见吗，，,6018.38,1755176181,9b40c598
1916341011081184256,这里阿雷莫名的像唐大哥,5760.723,1755536850,299590f4
1916656189127610112,哪里常见了，只有几个是常见的,6036.563,1755574422,51f2909e
1922655339275858176,犄角旮旯也会，只是不太会写,5941.477,1756289577,99536495
1923491622692854784,歌里的都会比较熟啊,6044.668,1756389269,a82a2ebb
1924750576206771968,哈哈哈哈哈哈哈哈哈哈哈哈哈哈哈哈哈,5819.439,1756539348,90bb401c
1924751062737679616,吼吼吼吼吼吼吼吼吼吼吼吼吼吼吼,5873.51,1756539406,90bb401c
1929398244665353728,初中的时候我们也学这个表演过,5947.352,1757093394,bd775eca
1954296916465043200,戴卢可的承上启下可太中国了哈哈哈哈,5910.649,1760061546,99c7f039
1957531727765723136,哈哈哈哈，陈超其他生僻的都知道奉为圭臬这么日常的居然不会,6007.196,1760447166,ae02b522
1963056219074066944,我的天啊，怎么会有这些这么多语言超能力者,5857.992,1761105737,54f7b9d0
1967686962006220544,笑死，反正我认不全哈哈哈,5978.628,1761657764,eb09f285
1977904572307833856,魔法少女哈哈哈哈哈,5795.978,1762875798,aedabb3d
1977905919635666176,哈哈哈哈哈哈哈哈哈,5956.683,1762875959,aedabb3d
1994610009833088768,超超好厉害,6041.25,1764867242,51701351
2010424270157225984,奉为圭臬这个，我感觉应该都知道啊，看古装剧什么的,6007.049,1766752448,a0b99804
2016016522979979008,超超怎么不认识圭臬，这是固定组合啊，垚涅是啥意思,6007.162,1767419097,ae954710
2026860148143955200,穆小龙？？？,5856.924,1768711758,c0ad9fc7
2036277408915183872,我只会醍醐灌顶和犄角旮旯,5991.627,1769834383,f9735bbb
2038025793061976064,德国人莫名其妙的笑点笑死我了,5864.035,1770042806,b8b5200d
2057973005103436544,高中语文考了你还能记得？反正我是感觉上大一就修为散尽了,6045.684,1772420699,dc69dd68
2058963017848770048,我可能知道他咋学的语言了,5843.198,1772538718,60c31dff
,,0.0,1775683732.8000336,
lb.c,,0.0,1775683732.8000336,
,,0.0,1775683732.8000336,
1895737596345553152,哈哈哈哈哈哈哈,6195.466,1752991046,a1639211
1895737605254254848,笑到捶床,6248.056,1752991132,a1639211
1895737756257587456,哈哈哈哈哈哈哈哈,6247.548,1752993724,46e1d41a
1895737873454829824,这表情包加的哈哈哈哈哈,6247.145,1752995808,591a47e1
1895737955520581888,哈哈哈哈晚上睡觉起来扇自己一巴掌。,6242.077,1752996766,a4557f7c
1895738234534072576,美国的刻板印象又增加了哈哈哈哈哈哈,6262.432,1753014661,d93d12d4
1895738291970871552,地大物博吗哈哈哈,6424.625,1753014057,450eca7a
1895738441514586368,美式英语跟英式的相比是真挺村儿的,6304.472,1753017646,6ed7a38b
1895738527220994304,这句话感觉很深刻,6342.095,1753018411,9cfc41f8
1895738529955680512,好惨,6240.329,1753015944,e967e3fc
1895738545457828096,洋脸在身我心依旧是中国心,6343.404,1753019165,b3e76332
1895738814438543616,伦儿好漂亮,6121.658,1753026098,ef8f951e
1895738827214393600,还好我们中文故意说别的口音腔调不会被说,6221.909,1753034289,9ef562ec
1895738931149246720,哈哈哈哈哈，绝,6261.929,1753027770,105f8ab8
1895738994063806720,以前好像聊过,6323.611,1753065947,c76f245a
1895739099835764992,感觉四姐马上就要入党了,6358.412,1753041164,f2cbd317
1895739164570652928,北京啊，都鼓楼钟楼和胡同了,6466.915,1753074268,cce57685
1895739223836168448,哈哈哈哈,6185.472,1753075358,b465a5f8
1895876772915284736,好红,6342.445,1753097323,f81c7508
1895891145075744000,完啦！漂亮国居然是我自己,6332.931,1753099036,720bb977
1895911263230715648,这一期可太好看了哈哈哈哈哈哈哈,6293.681,1753101434,cc998cf0
1895977013316171008,真的 我现在在英国 班上有美国同学老师都问为什么来英国哈哈哈因为感觉美国人很少来,6233.393,1753109272,7021661
1895996712578404608,哈哈哈哈,6191.243,1753111621,42cad9e5
1896011026604849152,哈哈哈哈哈哈哈哈哈哈,6248.296,1753113327,692c8ed6
1896053738805025792,笑死我了,6338.26,1753118419,35861f7e
1896348810541099264,盆栽伐木工,6185.449,1753153594,b7453a45
1896660913071964928,入党！马上入党！,6335.06,1753190799,280fcb51
1896752974823802112,萨沙真的长大了哈哈哈哈哈还劝架了,6286.28,1753201774,9cb4590f
1897031264495085056,英魂不散,6129.09,1753234949,88971e98
1897172399880213760,缘分,6350.275,1753251773,fe4eee91
1897191079833737984,伦儿好好看,6141.739,1753254000,edbe14cb
1897329347598687232,四年英伦行 一生英国情,6138.756,1753270483,cdc452f4
1897379646639815168,英美日常共轭嫌弃,6150.158,1753276479,d403eb94
1897470722797396480,就像有些人说着说着说英文感觉自己很能似的,6155.088,1753287336,9c3b5844
1897881482706794240,反复播放，笑发财了这段,6120.382,1753336303,a5babba0
1897980178177896192,哈哈哈哈哈哈哈哈,6134.889,1753348068,290bcf14
1897990451865073152,主要是大部分的美国人会对英音有滤镜,6302.454,1753349293,c5e94360
1898037108598766848,我觉得英音比美音好太多了，主要是美式英语有种不好好说话的感觉,6151.32,1753354855,e3a9f12d
1898068025727885056,也没有r音好像,6268.82,1753358540,9cdf46e6
1898469431701780736,四姐吐槽笑死我了,6195.492,1753406392,a725bfc4
1898638472119025920,B+可以了，我的二外只有及格，但我还是往简历上写我会,6389.578,1753426543,a18ccce
1899515964723618304,很多去台湾上大学的人也会有台湾腔,6237.288,1753531148,3820b86
1899583646470362112,哈哈哈哈哈哈哈哈,6195.813,1753539216,fbcf58ae
1899589769240256768,政审吗,6331.689,1753539946,80311199
1899903850559699712,英音好听啊,6271.685,1753577388,3e3ca627
1900743884129465600,东北腔,6156.205,1753677528,fc5824e9
1900962778974280704,“再给我上颚共鸣试试看呢”,6139.283,1753703622,7c263e9f
1901039338478048256,缘分,6410.357,1753712748,2c9403ee
1901092486005857536,这一趴杨迪和大左配合好默契好好玩,6240.882,1753719084,bba3e7b3
1901111475482086656,东北菜好吃不辣,6470.381,1753721348,18259142
1903696970439590656,我以为这个词是 可以,6419.591,1754029563,b7a9b2eb
1903909804733164032,哈哈哈哈哈哈哈哈哈这么严重吗,6142.532,1754054935,c51a6472
1903912608323439360,这个讲过，老师说他没天赋他吃激将法非要学哈哈哈哈,6350.203,1754055269,c51a6472
1904470534801020416,温文尔雅温润如玉钟逸伦,6222.688,1754121779,cc2734ec
1904581796449178880,没事萨沙会倒着说,6144.19,1754135042,5bd65cde
1904592053267419392,伦儿比较像英国的,6176.889,1754136265,3e5e834
1904592758221061888,哈哈哈哈哈哈哈哈哈,6240.501,1754136349,3e5e834
1904741835662920192,中国其它不说，论美食绝对世界第一,6444.448,1754154121,1606bf27
1907997071420911104,很明显是要伐木哈哈哈哈哈,6187.912,1754542175,e06c8437
1910189102486362880,大漂亮,6338.048,1754803485,738a73b
1910189214340135424,漂亮过,6351.282,1754803499,738a73b
1914652145542984448,这期好好看,6310.42,1755335521,39959bed
1916890106191840512,来了来了 入坑点,6131.6,1755602307,41d23346
1938459317036858368,4,6137.704,1758173558,7ce065f9
1942844325235513600,我真该死啊哈哈,6254.36,1758696291,1448c64
1967689487748992512,口音会混也正常，在外地待久了回家就会被说口音变了,6211.908,1761658065,eb09f285
1971860351436493056,真好,6405.79,1762155271,83beff44
1975472819102343680,我喜欢这期的所有！！,6331.166,1762585911,75855fc6
1988749246333072384,可怜的伦儿,6254.717,1764168584,c847ffba
1988750225619440640,支持Dylan，英音好听,6272.114,1764168701,c847ffba
2011318177330127616,好家伙哈哈哈,6456.191,1766859010,1bdc989c
2024979683494084864,这话题能客观的聊吗,6321.496,1768487589,4756a90
2069095069641645568,有没有可能美国人不说纯正的英语才是违背了自己的故乡,6150.449,1773746553,6b2b33d2
,,0.0,1775683732.8000336,
lb.c,,0.0,1775683732.8000336,
,,0.0,1775683732.8000336,
1895737660753285376,这一期真的很好看,6541.435,1752992583,a8f5ef7c
1895737685818446080,享受2025，好戳人的表达,6794.065,1752992554,dd38837b
1895737804802461952,哇哦，好想听一听,6713.441,1752995454,98f16374
1895737829255254272,老王算最有发言权了，毕竟经历过生死后来的,6760.292,1752998269,4944442d
1895737865259159808,但是这种速度也会有很多后遗症,6628.733,1753000515,8b34e573
1895737968288043264,那还是不一样的，中国贫富差距大，但基础建设都很好，欧美可不是,6678.52,1753002110,5e592343
1895738173439840512,应该是说医疗不便利，拖着拖着很多病人就错过最佳治疗时间,6709.748,1753010160,20af4969
1895738642102980864,哇，好会说,6794.595,1753022472,755ab053
1895738734201508096,和平,6749.651,1753027321,d89d8cbd
1895738795295740160,兼容并包,6823.86,1753032301,177de300
1895738872798089472,对自己深爱的国家有反思是很好的一件事,6721.795,1753038055,187c324
1895738902879637760,喜欢这样的真诚分享,6543.19,1753037588,187c324
1895738912006443264,希望都能变得更好,6721.795,1753038063,187c324
1895738932063604992,哈哈哈哈哈在一个伊朗人的房间里两个美国人吵起来了怎么这么好笑,6711.525,1753063546,f032f0af
1895739024153743616,其实这种对速度的适应能力也是一种温水煮青蛙。,6620.268,1753037869,187c324
1895739090717348096,不知苦所以不能言苦。,6622.315,1753037904,187c324
1895739095272362240,来郑州吧，郑州地铁是真的很有人文关怀,6736.904,1753040485,7a1afabc
1895739168219697408,五千年,6837.086,1753066340,e94d0ef6
1895739195574948096,都一样啊，大部分资源掌握在少数人手里，底层挣扎求生,6685.378,1753069042,3e15afd5
1895739298603831552,贫富差距...真的很难缩小,6671.593,1753077459,f04b19be
1895739300432548096,战乱国家的人要考虑的是生存，和平的国家才配谈生活,6772.315,1753073897,f8b0e6b0
1895739333257171200,唉...,6667.752,1753077438,f04b19be
1895916809107255552,来成都坐地铁吧,6741.512,1753102095,cc998cf0
1895922409224457984,幸存者偏差罢了。跟不上的会被毫不留情抛弃消失,6635.987,1753102763,9cc53f64
1895927999803579392,看了饼叔和老王的视频，很感慨,6763.186,1753103429,2f51f428
1895937469820941824,喜欢陈老师每次认真的聆听大家的发言,6547.615,1753104558,7d881d54
1895945543797188096,哈哈哈哈哈哈哈哈哈哈哈哈哈哈哈哈哈哈哈,6503.187,1753105521,4365b2b7
1895971705936303104,中国自己外宣也是重点在传统文化，对内也强化传统文化在中国文化中的代表性，青年文化一定程度上缺失，也有舆论环境的因素，外国人误解也很正常,6589.994,1753108640,108016b
1896042506861772032,这个我居然有点不信,6824.197,1753117080,698bab0d
1896055550030980352,中国也一样只是程度问题罢了,6658.388,1753118635,35861f7e
1896115798288929536,只缘生在此山中我没觉得变化很快但是回头看好像也变了蛮多,6649.705,1753125817,cc2734ec
1896346407598641152,说一样的去认真了解一下中美差异吧，本质是不同的，中国在努力缩小贫富，美国不是,6687.136,1753153307,996c2fe2
1896389793135554816,哎也不是每个中国人都过得很幸福，我就很累,6804.345,1753158479,671e7525
1896445143561997056,每个国家都需要伦这样的理性主义,6735.808,1753165078,2babe5d1
1896692445161556736,未知全貌 不予置评,6500.385,1753194558,d10e6859
1896713597632456448,前面那个为什么不信啊？就用大类来说，南北方的很多人了呀，更别说这么多省，每个省，每个城市，甚至每个村的文化都不一样。,6830.016,1753197080,c93b4313
1896713718285980672,很多元了,6834.261,1753197094,c93b4313
1896732865308570624,AUV,6591.584,1753199377,54d3f224
1896762050744070656,哈哈哈哈哈哈哈在一个伊朗人的房间里,6709.359,1753202856,9cb4590f
1897033430391823872,每个人都累换个地方你会连觉得累的功夫都没有还要担心能不能活到明天,6812.842,1753235207,d539e6d1
1897036751005286656,投共一念起，顿觉天地宽,6735.699,1753235603,c50570d0
1897124829325385984,国外一些媒体的刻意描绘,6600.162,1753246103,42da3e49
1897224976302927360,这俩私下可一定要还是好朋友啊,6713.528,1753258041,e6299164
1897398342565690112,真的，我们被保护得很好了^ω^,6774.265,1753278708,ca23a4
1897434692518111488,苏丹的游戏你是不是原型哈哈哈哈,6776.575,1753283041,b7b7e82b
1897549057816156160,鼓楼钟楼是西安,6483.967,1753296675,6f99a845
1897599146278760704,中国内部当然也有问题，但和国外的程度还是不一样的，多去了解一点再发言吧,6682.239,1753302646,68f3b35d
1897599835788886016,一个江苏各个市县方言文化都不一样,6838.453,1753302728,a12485dc
1898072217221687552,想起luigi,6699.647,1753359040,9cdf46e6
1898085967332604160,这后面的话题多来几期，说不完啊,6609.427,1753360679,d849b843
1898126853265714176,没办法拒绝变化/dog,6625.936,1753365553,ba542c3c
1898641050416426752,人民的愿望都相似。。,6675.15,1753426850,a18ccce
1898785992081696768,英国：勿cue，谢谢,6689.673,1753444129,cc3adea9
1899394054693909504,不接受也很好办，慢慢被淘汰咯,6624.492,1753516615,3873c0bd
1899524978576745984,可能是荒诞吧，比较合适,6523.504,1753532223,7cf865be
1899569833494887168,梦幻不好吗？,6573.202,1753537570,3860f01a
1899644931426164480,中国也不能避免,6661.822,1753546522,d5bc7b78
1899645448348985344,当然我们现在正在努力让中国不一样而且也有了成效,6689.47,1753546584,d5bc7b78
1900034195536137984,Dylan是一个真诚的好人 支持,6720.402,1753592926,2c9403ee
1900231076526713344,美国很多人相当爱国的，其实恰恰是我们。。。。。。,6649.902,1753616396,395ce43e
1900245252292511232,这里的荒谬应该是指外国宣传的中国和实际的中国不一样的意思吧,6582.739,1753618086,fc0b135a
1901033036209402880,“神奇”,6522.2,1753711997,1b6940fa
1901478076861790976,中国禁枪是最明智的选择，而且摄像头多也是为了保护好人，监视坏人,6802.453,1753765050,80000882
1901700931155311616,变差,6642.612,1753791616,105f52db
1901734966363358208,他是个理想主义者，社会需要理想主义者的存在,6719.916,1753795674,71f360aa
1901862417940697600,感谢国家，每有一个新技术出现都是先向全民普及的,6630.792,1753810867,4a4e6679
1902365496134297344,我们不要身在福中不知福了,6793.653,1753870839,92f8c01f
1903699234281745920,很多国家都这样,6658.438,1754029833,b7a9b2eb
1903827465546625536,每次波波玩这种政治梗我都好想笑,6715.322,1754045119,29c7c55b
1904592752574914304,中国不一样,6686.195,1754136348,357dee8e
1904596883444749312,。。。。。。。。。,6636.436,1754136841,3e5e834
1904597355127841024,哪里不都这样,6661.546,1754136897,3e5e834
1904599138847969024,没有说过的多幸福 要求就是没有战争就很幸福了,6809.822,1754137110,3e5e834
1904743391271399168,中国可使用短短30年走完了西方国家的很多路,6615.568,1754154306,1606bf27
1904746212788497664,确实多元化，不同地区不同民族,6820.44,1754154642,1606bf27
1905466819909765888,要哭了 老王,6796.692,1754240545,a48719d1
1905516364379104512,中国和美国还是很不一样的，美国可以说整个政府和社会就是一个企业,6688.725,1754246452,c0863c00
1905590443236882944,华波波接的好哈哈哈哈,6728.909,1754255282,55f41f2d
1905708190906021888,是的，明明有新兴的社群文化，小说影视在海外也有不少受众，但只拿传统文化宣传,6558.317,1754269319,92638f93
1905733248072848128,伦好可爱啊,6721.098,1754272306,f5b9996
1905886098668937984,伦儿很有国家情怀,6698.429,1754290527,7becfa2e
1905887294179910912,阿雷文艺人,6824.672,1754290670,7becfa2e
1906070010057587456,基建狂魔可不是贬义(而是汗颜),6743.759,1754312451,c8137052
1906621653182534144,国内也一样，只是国家投入民生的更多,6672.825,1754378212,da947e05
1909689848987148544,他想表达国家或者政府没有投入更多到基础设施建设或者卫生安全上面,6674.879,1754743970,d7fb52ee
1911377903472814592,真好,6720.915,1754945201,984e8387
1911378403299548928,伦的发言太棒了,6767.166,1754945261,984e8387
1913571332298825216,不予置评  但我家过得很好,6816.41,1755206679,a406af70
1915971349722081024,但是在武汉记得出门的时候手不要插在兜里,6731.172,1755492783,aa8cb2c6
1918412477759778560,对老王来说这里很有烟火气,6809.441,1755783788,dcc7e0e1
1921056285831728384,不接受就会被淘汰,6630.638,1756098955,954b058c
1921056623968288000,中国也差不多,6657.996,1756098995,954b058c
1929404679826503424,我们也是啊 程度没那么离谱就是了,6668.628,1757094161,bd775eca
1945264582373671936,每次听这个方面都想哭,6771.747,1758984808,e84d2ff
1967694729680788480,卢可的共情能力很强,6785.668,1761658690,eb09f285
1967694847532478464,老王好真诚,6789.668,1761658704,eb09f285
1975476124088230656,好棒老王,6795.251,1762586305,75855fc6
1977911950214243328,其实中国也是,6675.488,1762876678,aedabb3d
1986558931577298944,确实，只有一部分人在享受当代,6804.09,1763907478,2a9d92f9
1988754506963415040,Dylan反应好快,6661.622,1764169211,c847ffba
2011320470867702016,世界因你而美好 ,6720.212,1766859284,1bdc989c
2016952177930965504,广州都一直在开新的地铁线路！,6708.314,1767530636,8947ce87
2022025891484004352,什么叫老是说这个？经历过的最深感悟说不是很正常吗？,6786.513,1768135469,6d4f31dd
2027056310750973952,这是一个制度问题 美国的资本主义体制下永远不可能达到钟逸伦想要的这些平等和普惠,6727.425,1768735142,aef87158
2027056891695612928,老王一说话卢可就哭,6782.978,1768735211,aef87158
2029865597738983936,外宣确实做得不好,6562.312,1769070035,361d239
2056133097778429440,荒诞是离谱且可笑，也不好,6531.028,1772201365,fa9ad547
2066239338295500544,中国没美国那么夸张,6675.024,1773406123,a16be46f
2085131327899985664,荒诞,6523.597,1775658224,91e1ddec
,,0.0,1775683732.8000336,
lb.c,,0.0,1775683732.8000336,
,,0.0,1775683732.8000336,
1895737518549602560,中俄那说不清道不明的羁绊呐,6875.785,1752989565,9e8cd452
1895737942753120512,虽然但是这些基建应该都不是白给，还是要考虑利益的。,7087.97,1753004822,545954c8
1895737954606223616,萨沙已经不是老外啦，他是老内,6917.492,1753001311,e4ff31ac
1895737962810282240,给陈老师投币,7148.543,1753000815,e868d6e6
1895738337562956032,萨沙的面相都很中国了,6921.078,1753014984,73e9b877
1895738415065305344,非正不就是这样吗hhh正经起来很正经,6951.491,1753017172,638576ba
1895738442420556032,这已经是精中了自豪了,6856.334,1753017521,47376c28
1895738515367891200,现在的节目越做越大，主题也越来越大了,7111.306,1753019293,193ffd61
1895738546372186368,萨沙越来越老干部了,6860.051,1753019535,1c68567a
1895738560079171840,完全变成中国人了呀萨沙,6854.884,1753019690,b3e76332
1895738708666585344,但中国的利益都是双赢的，大多是经济上的，不能说有利益就是不好的,7102.081,1753028422,a7349199
1895738749695267072,基础在民间，未来在青年,6909.082,1753029610,b77da815
1895738798022037760,东北人来了,6857.033,1753029957,d0eeaf61
1895738808063201536,唐朝那会真挺多的，服饰饮食娱乐活动都交流的特别深，互相影响很大的,7030.588,1753023996,11c5072
1895738836324421888,偶尔有一些宏大深入的话题也挺好的呀,7125.054,1753034905,9ef562ec
1895738864585642240,灵笼,7118.112,1753027731,7bf03337
1895738874618417408,肯定是有利益的，但是我们追求共赢，而不是强取豪夺,7091.369,1753030554,516113ea
1895738916561457408,宏大叙事会让人感动，但也会让人迷失的，感觉没必要一直升华,6997.048,1753038389,187c324
1895738967622914304,这一年真的是舆论反转,6903.166,1753030294,516113ea
1895738974912614656,近代中国的版图就是清朝定下来的，相当部分依赖于乾隆的十全武功，感兴趣可以搜一搜乾隆朝名将,6979.544,1753040743,7a1afabc
1895739005916909824,没有宏大的背景下个人还会存在吗？,7125.643,1753036925,c7bc6e63
1895739146333819136,咋样了。。。挺好的啊人家,6949.86,1753073352,892b4073
1895854446332840192,相信老王说的是话是发自内心的，毕竟亲身经历过战火,7170.238,1753094661,3a31dcb7
1895859660172023808,据说他的老爸是中俄混血？,6880.681,1753095283,1df8460d
1895878303215493376,迷失是因为你自己内核不稳，如果你连听到一点赞美的话都觉得心虚、不适，那是因为你配得感太低了,7007.214,1753097505,68ab50d8
1895886991573313536,萨沙已经入党了，自豪感都有了哈哈哈哈哈哈哈哈哈哈,6853.737,1753098541,ac1ed4e7
1895914456186862592,确实，有过大唐的鼎盛，也有侵华的耻辱，太复杂了这几千年和近两百年,7072.87,1753101815,4f7b0147
1895939496005433088,我发现很多人很抗拒对个人的赞美哈，宏大就是由个人构成的,7124.197,1753104800,d0a706e0
1895962862170590464,是的,7064.0,1753107585,3c890e32
1896057229271011584,从先秦开始的华夏认同,6997.054,1753118835,35861f7e
1896057475954741760,让我想到了威斯特伐利亚和约,7027.006,1753118864,35861f7e
1896138358434982144,一点都不过，中国就是很好。,7190.899,1753128506,7388c77a
1896282581490515456,导播直接不敢切其他人的画面了 大左也管管 心里知道就行了,7189.779,1753145699,c585eb07
1896371636178174208,为什么过了 前面的是配得感太低了吗 陈述事实而已 为什么会觉得过呢,7195.88,1753156315,c0abd974
1896444073528258560,才注意到这个地图中国好大,6967.583,1753164950,a7969c95
1896444504300081408,超棒啊这期话题 很有意义和深度,7003.209,1753165002,a7969c95
1896487634579302400,这个地图也让我印象很深刻,6965.677,1753170143,9ec95bfa
1896489246634756864,说得好,7151.185,1753170335,9ec95bfa
1896515622197177856,他是真的入党了吧，发言太官方，哈哈哈,6917.303,1753173479,8a80d98c
1896527134873361920,萨沙太中国了,6883.176,1753174852,6a042d86
1896527607890110720,真的很震惊,6985.76,1753174908,6a042d86
1896528590154207232,不愧是在世界中心呼唤爱,7171.882,1753175025,6a042d86
1896549573058051072,求同存异,7081.105,1753177527,b99d4a1f
1896678634124171776,说的太好了,7089.925,1753192912,ef5b873
1896689226226035968,为什么要说过了，如果作为国人的我们都不够有自信，都不够乐观自豪的话，这个世界上还有谁愿意更相信我们可以做到这些呢？,7191.378,1753194175,4de79949
1896700212652189440,中国最牛逼的一点，就是同化,6948.592,1753195484,c3929b2
1896846755031494400,天下大同，世界人民大团结，万岁！,6951.603,1753212954,9450640
1897038302151448064,让我想到了高佑思…哈哈,6842.739,1753235788,88971e98
1897132711857199616,因为我们原本就是一个多民族的国家，每个民族存在各自的文化差异，每种文化相互包容,6938.97,1753247042,42da3e49
1897313694656990464,北京欢迎你，为你开天辟地（开放怀抱）你会爱上这里,6908.793,1753268617,729e3ab7
1897402914356966144,love ,7173.813,1753279253,ca23a4
1897552673700808704,执着 信任,6868.324,1753297106,6f99a845
1897601588529782528,现在人真是戾气重了，以前从来不会有人莫名其妙的打问,6997.266,1753302937,a12485dc
1897859954988690432,家国情怀大部分人有，有一部分人确实因为从小的狭隘，自然也看不惯这些,7191.085,1753333736,e0632c99
1897866933580394240,非正这一季带着任务了,7011.467,1753334568,8562c6e6
1897897775447236608,那外国人和自己国家对比就是觉得中国更好啊，看见中国更好的一面讲出来啊，代表们都说的那么真挚真诚,7021.288,1753338245,2aa70d44
1898088222609748480,可以倒着说中文,6878.916,1753360948,8f9aba91
1898092720329620224,带啥任务真好笑,7021.416,1753361484,d849b843
1898132201112459520,宏大背景就是我们每一个中国人的骨血，为啥不能谈,7130.926,1753366191,ba542c3c
1898580836409316096,守正创新 不忘初心,6939.247,1753419672,6126b659
1898666323538942976,用今人的生命还古人的债，这个真是精辟,7155.601,1753429863,915050e3
1898788297942440448,他不是混血儿，是老爸在他很小的时候就“巨星标配”了，但是很小就开始接触中国文化,6894.038,1753444403,cc3adea9
1898791671513404160,宏大和个人不是对立的，而是互相成就，这就是精致利己主义为什么要摒弃,7136.041,1753444806,cc3adea9
1898822681655529728,这太好了！,6843.84,1753448502,636af638
1898910387244854272,莎莎接近中国人了，完全中国化了,6921.603,1753458958,e3470321
1898911684559693568,陈老师真的满腹经纶啊,7076.15,1753459112,e3470321
1898957673719325184,有些弹幕是觉得说坏的才是真吗？坏的好的都是,6994.673,1753464595,6b40ebca
1899330667008161024,已经是东北人的模样了,6896.769,1753509059,8ed82815
1899443844664460800,中俄CP,6903.562,1753522551,e4d84d7d
1899524549423779584,太深了！,7053.949,1753532172,3820b86
1899609802536100352,萨沙太像中国人了,6868.96,1753542334,64c6b79c
1899623826770786560,一点都不过好吗，现在的时代背景下世界是否能和平确实要看中国,7192.147,1753544006,bc31ead9
1899647684927755520,前面的想说啥啊，陈超咋样了？不要引战可以吗,6952.723,1753546850,d5bc7b78
1900087323199353344,哪里过了？自己去了解一下我们在国际事务上做出的贡献，不要这么自卑,7189.371,1753599259,422009b7
1900214028308531712,古代也有疆域图吧 也是有地理分界线的,7038.06,1753614364,b927edf8
1900303293918964224,老王又动感情了,7179.652,1753625005,68efaa5c
1900974547218661632,中国真的格局太大了,7161.167,1753705025,62699b20
1901012750474195456,萨沙就是中国小伙啦 ,6871.084,1753709579,9265523d
1901040459380750080,天下大同！！！世界和平！！！,7183.616,1753712882,1b6940fa
1901066877699254528,近代史 是一个伤痛,7072.148,1753716031,539dfda8
1901118523019670016,互利互惠嘛，有何不可,7108.686,1753722188,18259142
1901639283426035968,我的弹幕呢,7003.772,1753784267,4d2041c5
1902755038712239872,萨沙说的已经得到了国人大会演讲的精华,7009.141,1753917276,3f3063c2
1903662376340233216,陈老师讲得太好了 ,7199.012,1754025439,2e93938c
1903701780291417856,夸得我都绷不住了,6921.694,1754030136,b7a9b2eb
1903776104272515072,中国自古并没有国境线的概念都是以势力范围划定大概的区域，真正接触到把国境化为一条线的应该是清朝的尼布楚条约,7040.655,1754038996,b9df69aa
1903804183300627712,中国是文明型国家,7009.325,1754042344,1ddd0afb
1904413756096572672,会长眼眶红了,7182.497,1754115010,21f73640
1904600175142915328,萨沙这段话 好,6931.724,1754137233,3e5e834
1904602111367773184,哈哈哈,7116.424,1754137464,3e5e834
1905340308922234368,speed不是来了吗？,6912.659,1754225464,2eb47862
1905890199146212096,天下大同！,7147.37,1754291016,7becfa2e
1906120801997426176,倒着说中文笑鼠我了,6883.518,1754318506,712b33d4
1906866720434670336,他爸爸混血,6884.042,1754407427,4ad5b7c7
1907440916215114752,必须得是陈铭,7057.295,1754475876,9adcf5e9
1907441055340190464,没有陈铭可咋整！！！,7062.323,1754475893,9adcf5e9
1907927474462215424,萨沙爸爸好像是中国人,6888.991,1754533878,edceba01
1908264231959804928,不然呢 你想听到什么？,6956.994,1754574023,d8a8f583
1909738694962297344,因为我们的认同不是建立在血缘，种族之上的，是文明,6947.309,1754749793,e06a0bba
1910516879710106368,天下大同,7156.667,1754842559,4cd26c1a
1911108155258463488,愿祖国永远繁荣昌盛，愿人民安居乐业，希望真的能有老吾老以及人之老，幼吾幼以及人之幼的天下大同,7199.845,1754913045,34be5d10
1911383357871574272,说得太好了,7156.072,1754945852,984e8387
1912644363784642048,这个bgm有点宏伟啊哈哈哈哈,6896.867,1755096175,aca1d8af
1912646653195192576,说得太好了！！！,7161.315,1755096448,aca1d8af
1913030470246605824,只有经历过才知道的,7176.765,1755142203,cdc7bc83
1913350480247959552,李白是吉尔吉斯斯坦那边的人,7021.62,1755180351,3302ae89
1914864527842332928,国破家亡，固定搭配，望周知。也不妨看看今天的加沙人民，里面也不乏战争前家境优渥的。,7145.64,1755360839,dfe2ddbf
1916898949210434048,萨沙太老干部。。。,6868.229,1755603361,41d23346
1916900671467390976,读人类简史就知道 国家是人类构造的概念罢了,7052.699,1755603567,41d23346
1921250021379576576,说硬夸的历史及格了吗,7002.11,1756122050,bc587f4c
1923930412557231360,但是听说意大利街上小偷特别多,6841.225,1756441577,99536495
1924986993839221504,陈铭老师口才好，说话才快，没有语言屏障,7130.674,1756567531,e498a6f4
1926357441114275328,投币了,7154.131,1756730901,9eb4a117
1939601543464800000,说的好好,6936.456,1758309722,19031c9a
1971050491086146048,感觉萨沙真的是完全融入中国了,6891.029,1762058728,9574db04
1977023081524779264,都是地球上的人类，没有哪个国家比其他高级,7161.416,1762770716,da85f3fd
1977913530325766400,萨沙已经入党了吗哈哈哈哈哈,6863.869,1762876866,aedabb3d
1985165235720048640,太纯了还是,6863.268,1763741337,55203a50
1992880039746138112,东北代表这一块,6856.653,1764661013,b087944c
2011869610512769024,看哭了,7140.057,1766924746,cc26b091
2011870073975098624,说的太好了,7150.2,1766924802,cc26b091
2026026976464848128,这一期太棒了,7064.553,1768612436,1ca31636
2027856872027209728,非常漂亮的总结,7094.328,1768830577,8f58d927
2035149943106573568,他真的说得好标准,6879.309,1769699978,ca126b
2036292303651953664,我突然意识到中国的中立也是一种和平,7197.221,1769836158,f9735bbb
2082391271548932096,包容  但是有一条你只可意会不可言传的高压红线    触碰即死亡,6946.344,1775331584,6d6f1ac6
2082391448967843072,包容  但是有一条你只可意会不可言传的高压红线  触碰即死无葬身之地,6950.611,1775331605,6d6f1ac6
,,0.0,1775683732.8000336,
lb.c,,0.0,1775683732.8000336,
,,0.0,1775683732.8000336,
1895737650661789952,下周见,7295.403,1752992285,a1639211
1895738054900420864,陈老师说的真好,7214.561,1753006171,255b01e
1895738988594434304,那挺羡慕那个厅结婚的新人了~,7250.967,1753048041,23ddeab7
1895990467888831488,哈哈哈哈哈哈,7243.15,1753110876,99272c49
1896502871931897088,精彩的节目,7207.788,1753171959,bda137c9
1896528826075226624,好看,7223.428,1753175053,6a042d86
1897388807511572224,很客观啊，这就是事实,7202.296,1753277571,d403eb94
1897967201404250624,好看好看,7214.407,1753346521,bdfa401c
1898090557780690176,哈哈哈哈哈哈哈,7364.777,1753361226,9cdf46e6
1898096271319938304,伦儿记词能力这么强啊,7425.896,1753361907,d849b843
1898122321471151616,战歌起泪目了,7222.706,1753365013,66a85677
1903097630284788992,真棒！,7232.354,1753958116,1e5860b0
1910196463095640064,可真正的世界还是弱肉强食,7214.027,1754804363,738a73b
1962554409448054016,旷野的规则是永不回头,7256.422,1761045916,9caedba
1977916378484578816,精彩！,7203.354,1762877206,aedabb3d
,,0.0,1775683732.8000336,
lb.c,,0.0,1775683732.8000336,
,,0.0,1775683732.8000336,
1895737229310398720,一日代表好漂亮！像玛丽莲梦露,36.018,1752985309,59dfb4d2
1895737236021285120,来了！,197.636,1752984891,781e03c0
1895737280388632832,来哔哩哔哩只为了非正,23.323,1752985268,882cd619
1895737340836942080,竟然没有弹幕,102.734,1752986130,7c88818c
1895737356095820032,太美了啊啊啊啊啊啊啊啊啊啊啊,129.037,1752986855,63882395
1895737381790126336,哈哈哈哈我也喜欢测试,330.419,1752986736,4f7b0147
1895737392368161024,再看一遍加长版,74.113,1752987164,6261fc3d
1895737440627822848,就等加长版了,15.67,1752988220,a8fd71fe
1895737488023458048,沉默是最好的回答,188.466,1752989859,5cde034e
1895737757213888768,濑濑晒伤妆？,296.894,1752994571,13ee2db9
1895737813862158592,天呐，杨迪好好，还帮会长解释一下,262.251,1752995588,ef576978
1895737852827242753,濑濑可爱,315.191,1752995616,1091612d
1895737914483511552,我怎么第一反应就知道他要说学历,139.779,1752996339,2775914b
1895737947308134656,果然还是斯拉夫人长在我们的审美上！,73.86,1753005031,2394c70f
1895738002018636032,哈哈哈哈哈哈哈哈哈,195.646,1753006609,bc56a2e1
1895738089553760512,加长版！终于 走起～,118.271,1753002959,ea88348b
1895738128770502912,哈哈哈 让我们说中文,233.897,1753003085,ea88348b
1895738201701060864,哈哈哈哈哈哈,178.352,1753005984,61f1cb93
1895738215382880512,来了,60.699,1753006389,bc56a2e1
1895738423277752576,怪不得,264.523,1753017327,ef8f951e
1895738450633003264,弹幕呢,94.954,1753017693,6474f847
1895738460665778432,来了,9.0,1753017972,d2eb3f6c
1895738543637500160,超超看起来很聪明的美女,286.398,1753016280,a9208369
1895738587400868096,我说会长怎么有种被夺舍的感觉呢,275.37,1753020529,fc5c5aac
1895738736936194304,罗世杰也是博士吧,170.656,1753024489,8d665d98
1895738941182021888,再听一遍哈哈哈哈哈,211.547,1753064144,91850ea9
1895739043304935680,大左你堕落了 居然问出这种问题,183.625,1753066311,c585eb07
1895739119892926720,直接看加长了,50.901,1753065450,532bb614
1895739159101280512,直奔完整版！,2.008,1753066177,df6e1fa7
1895739170954383616,高情商：还在研究中...低情商：懂得都懂,196.746,1753071998,2b09e628
1895739227485212928,想起大不溜，小不溜，哈哈哈,313.856,1753071380,42da3e49
1895739240252674304,本来就是这个议程,275.175,1753075611,9cc5a9be
1895739294963175680,让我们说中文,230.803,1753077391,7d0b1ed6
1895741767471711744,好漂亮我的吗,123.454,1753081229,35861f7e
1895878472815905536,我就说会长怎么突然那样哈哈哈哈哈哈,285.477,1753097525,e1f0140c
1895902343950621952,小姐姐有点用哈利波特的露娜,260.69,1753100371,7bf5ae5
1895913944380697088,全世界都在说中国话。,240.019,1753101754,83719079
1895923691389856000,这封面有点像火仔和托子啊,7.553,1753102916,f48e83fe
1895925654231755520,俄罗斯娜娜什么时候来,123.096,1753103150,9a5f75b6
1896126772140527360,soul说是,314.381,1753127125,757770bd
1896432713985696000,厉害了,157.364,1753163596,d844b0d7
1896548500188124672,头发好美,170.792,1753177399,7be9809b
1896549652783060480,杨迪火是有道理的 尊重人,272.254,1753177536,7be9809b
1896671118996624640,哈哈哈哈确实幸好解释了,273.442,1753192016,9cb4590f
1896702989247416832,超超很适合这个衣服的颜色哦,102.804,1753195815,3c4a8341
1896834873642632704,有俄罗斯美女啊…,35.454,1753211537,88971e98
1896836266168177664,让我们说中文,232.165,1753211703,88971e98
1897134881856050432,漂亮小姐姐～,64.387,1753247301,c76fd2
1897334937960030976,濑濑这个妆真好看,301.592,1753271149,bbeae81b
1897409888377011200,冒犯,196.202,1753280084,4dd44e23
1897435333340270848,约基奇,348.778,1753283118,182ab5fd
1897520115852190208,完蛋，没有提示我怎么看？,116.489,1753293224,28dcc9f6
1897545623813818880,这就冒犯了？弹幕真是敏感肌,201.287,1753296265,d14d0ec
1898012492027085824,赖赖的妆好可爱,336.596,1753351920,4fcac017
1898069933423117568,杨迪预判了弹幕哈哈哈哈哈,271.58,1753358768,ba542c3c
1898129671619960832,这个问题就跟 这是博士，你谈恋爱没？结婚没？一个意思,190.406,1753365889,c4640bae
1898480150421808896,来了,16.649,1753407669,6a79158e
1898575317955005440,超超好好看！,109.88,1753419014,69896d2c
1898577690152768512,花仙子从动画里跑出来了,128.022,1753419297,ae954710
1898649691060092160,西伯利亚可老大了,219.328,1753427880,2391701c
1898711585640666112,陈超这次妆发好可爱啊,102.634,1753435259,6bc89832
1898754234095442176,羌族小煞,92.976,1753440343,2c9219d7
1898798214510129920,你是菠萝的颜色,82.099,1753445586,3665527f
1898849081846541312,萨沙爸爸本身就是中国人，只是他自己从来不提,250.247,1753451650,b47738e
1898894497392836608,哈哈哈哈哈哈,177.674,1753457063,b7a9b2eb
1898943849687043840,一直是这样就得改呀，与时俱进哦,224.299,1753462947,b698ce63
1899364840469068288,这个发量绝了,134.718,1753513133,2a7b6daf
1899448788037526016,超超每期都好美呀,99.793,1753523140,d00654d8
1899516166050156032,不是第一次看 而是第一次意识到 以前太麻木了,216.063,1753531172,118b96e
1899527485797073152,笑死 中文是母语 俄语是二外,237.713,1753532522,568a8045
1899528308618886912,敏感是好事,303.526,1753532620,568a8045
1900192036414916352,一之濑这妆怎么回事,293.915,1753611742,29c7c55b
1900289648556262400,直接看加长版,0.154,1753623378,e67086c2
1900919121772592640,好漂亮,127.615,1753698417,c1f2fe77
1901083258352320512,好厉害的姐姐,153.737,1753717984,80000882
1901138676046841344,好想念松鼠啊,100.073,1753724590,be45fcd2
1901541018550427904,学霸,158.824,1753772553,92f8c01f
1901541640448327936,哈哈哈哈哈哈哈哈哈,233.0,1753772627,92f8c01f
1901557020667466240,口音重成这样吗hhhhhh,247.784,1753774461,28c7b5ab
1902390692148829184,杨迪，综艺没了你可怎么办啊,266.775,1753873842,d89f1503
1902390841935725312,这个家不能没有杨迪,269.141,1753873860,d89f1503
1903658867167214336,萨沙俄语有东北口音,222.721,1754025021,19790be1
1903884035399163392,弹幕确实很敏感（摊手）但本来每个人的敏感度确实都不太一样,210.495,1754051863,c29ddf0d
1904491649607379968,哈哈哈哈说不出来,179.099,1754124296,3e5e834
1904491705198666240,太真实了,185.705,1754124303,3e5e834
1904530408591864832,别说的是人均美女，俄罗斯人一到中年，你看什么样子,267.292,1754128916,45953387
1905824218038253568,一之濑脸咋了？？？,293.709,1754283151,7becfa2e
1906658172484245248,斯拉夫出美女,75.635,1754382566,1327ee61
1906659219936198400,俄罗斯男女比例失衡 现在男人可能更加少了,182.722,1754382691,1327ee61
1909373597710577920,杨迪真懂弹幕啊,277.498,1754706270,8dd2ba4e
1910460639663627264,陈老师在模仿一之濑,45.076,1754835855,922f6f0b
1913105683772238336,希尔顿借了这么久啊,64.327,1755151169,7c712eec
1918431810531300864,这集时长好评,75.498,1755786093,15362246
1918442564634446336,最好看的,148.186,1755787375,15362246
1933845929732174848,什么文化？能不能翻译成中文,304.009,1757623599,d7c947c1
1937313621231702528,丽莎非常漂亮又可爱，前几天在三亚看到本人，很惊艳,124.308,1758036980,ba02a15
1937929668699405312,卡尔波利,48.444,1758110419,32e2455b
1937963074376466688,好漂亮,134.143,1758114401,945a6cd2
1944416070370790912,？？？？？？,169.166,1758883658,ee18cbf2
1946034063152715520,漂亮,127.189,1759076538,eb269b47
1948170065589943552,这就是敏锐，情商和敏锐并不相关,311.502,1759331169,ffdfce2e
1953129821739839744,为啥一之濑是asuka明日香,324.492,1759922418,83b4cbbf
1954420562860454400,好喜欢她,134.846,1760076286,915cc525
1956594679777072128,别太敏感肌,205.333,1760335461,d35c8a9
1960344697746654976,萨沙爸爸是混血,212.087,1760782498,f8089327
1961200116493380096,？？？,189.014,1760884472,a187841b
1963248930037173504,故意的，节目就这样，多少年了还不懂这个套路吗,196.252,1761128710,65b78c7
1968970682843311616,哇俄罗斯美女姐姐,34.602,1761810796,269700bc
1977838097261843200,来了来了,8.955,1762867874,aedabb3d
1977839385668188416,好有才华！好漂亮！,162.561,1762868028,aedabb3d
1992655007401061120,让我们说中文,231.845,1764634187,b087944c
2002223379507534848,超今天的发型好看,289.421,1765774826,8d79c5f3
2004575798560393984,怀念以前长头发的四姐,174.74,1766055256,ffa3828d
2021928450646454528,确实不太好。。。这是啥敏感，之前男代表啥的也没问（从非正第三季开始追的）这本来就不尊重人，敏感也不是什么坏事,202.128,1768123854,6d4f31dd
,,0.0,1775683732.8000336,
lb.c,,0.0,1775683732.8000336,
,,0.0,1775683732.8000336,
1895737342925705472,严谨的德国人,476.148,1752986028,fe4eee91
1895737483040624896,大气,487.444,1752989145,193ffd61
1895737545401536768,怼脸拍，真的好看doge,689.139,1752990986,591a47e1
1895737746736517376,两位的瞳色都好好看,397.339,1752993592,2f3ca03c
1895737759118102784,梅丽莎小姐姐头发太美了，像洋娃娃,677.759,1752995462,13ee2db9
1895737805708431616,呆楞是真的  成熟了！！成熟的帅！！,611.617,1752994452,fbf64f60
1895737827443314944,那真的我们很难这样,466.779,1752995951,1091612d
1895737952785895680,花期短但是开得艳,585.749,1752998353,4eba2802
1895737970108371200,可以一个人买单，然后有空了拿小票算,428.926,1753005751,90af0186
1895737994720547072,split the bill是吗,414.975,1753003281,ea88348b
1895738146084589824,梅丽莎真的太好看了,642.72,1753009208,d93d12d4
1895738169790796032,哈哈哈哈,434.814,1753004847,2f987c3c
1895738187113271552,这个妹子好养眼啊！！,500.242,1753010552,85e3c44a
1895738250027831552,真的，我追过不少外国演员，白人很少有保养好的,603.652,1753012927,302e2cd4
1895738309293347072,男生应该说平权吧,410.11,1753014904,26cd4125
1895738312942391552,这蓝色眼睛真漂亮,701.403,1753012513,68efaa5c
1895738379505996032,小姐姐！10分好看！,681.33,1753013023,302e2cd4
1895738488926998784,听着还挺浪漫的,529.594,1753015004,26cd4125
1895738489832968448,哈哈哈哈哈,621.823,1753019961,ef8f951e
1895738508984160512,五官太美了,684.493,1753017972,8d117f15
1895738562780303616,四姐稳定发挥,422.981,1753022338,fbd7fd41
1895738589221196032,太好看了她,677.254,1753017957,8d117f15
1895738746054611200,陈铭看了一眼梅丽莎哈哈哈哈哈,590.106,1753024833,8d665d98
1895738822642602240,白人皮肤薄，再加上骨相起伏明显，没有胶原蛋白很快就垮了，黄种人只要保养得当一般四十多岁还是没问题的,615.648,1753034058,7a1afabc
1895738826291646720,严谨的德国人哈哈哈哈,462.399,1753024355,bde1c345
1895738886471520512,而且他们生很多孩子 生的女儿也多 我俄罗斯同学她有三个姐妹,706.277,1753041605,7021661
1895739008659984640,这种情况的话一般就是那个吃的多的全付了，关系好的话分别人一口吃的很正常,469.305,1753033834,7a1afabc
1895739055158038784,好问题,629.722,1753070638,bdcbba7
1895739211068707072,萨沙有几分像吉洪诺夫老爷子年轻的时候,649.648,1753071778,9e41d483
1895746442224785664,让我想到了鹊桥仙,527.913,1753081786,35861f7e
1895778905819131904,超超有点星期三的味道好喜欢,385.96,1753085656,73e93c18
1895840500003377408,哈哈哈哈哈哈哈哈哈哈哈,519.208,1753092999,ac1ed4e7
1895840530647078656,紫禁城风水养人,590.76,1753093002,c0d2264f
1895945062736117760,aa就是每个人付自己的，传到中国才变成均分,412.606,1753105463,84633020
1896015890890314496,新代表好可爱,639.956,1753113907,e871e898
1896039919974262784,哈哈哈哈,427.498,1753116771,415655f0
1896457049043406080,活泼可爱美丽，常驻！刷起来,688.508,1753166497,8cb4abb9
1896471204483626240,萨沙确实帅啊 是我喜欢的长相,657.64,1753168184,4ca66879
1896710320119313920,魂断蓝桥,514.263,1753196689,491addc9
1896934522319112192,哈哈哈，是我了,375.813,1753223416,a075ec79
1897173951436752640,一之濑这个妆造没之前的好显得臃肿突出,369.849,1753251958,6f99a845
1897176064527120128,这才是真正的AA AONE 各付各的,417.466,1753252210,6f99a845
1897249138144757248,哎呀超超好美呀这套,372.158,1753260921,d67a388
1897255003031584000,太可爱了,643.527,1753261621,290bcf14
1897330516752267008,四姐没变化，从以前就成熟,627.007,1753270622,7ea9d3d5
1897377323800974592,主要是德国比较严谨,427.117,1753276202,c76fd2
1897409726736857856,原来都是搜来的,571.539,1753280065,be125094
1897789980114699776,哈哈哈 不记得,540.606,1753325395,4227b274
1898072148510532864,高配版星悦,691.839,1753359032,2738fae5
1898073640089037312,我的男生同学也是，大学4年过去之后都不同程度发福了哈哈哈,603.928,1753359210,ba542c3c
1898583508701119488,最漂亮的不是五官吗，尤其眉眼,683.896,1753419991,ae954710
1898652758169973248,deepseek打钱,575.04,1753428246,2391701c
1898755732108109824,因为他们爱晒太阳 高油高甜 亚洲普遍相反,616.917,1753440521,636af638
1899233687024352256,法币还帅好可爱,403.744,1753497498,ad67615a
1899377441013676544,哈？,702.185,1753514635,2a7b6daf
1899524857746892032,我喜欢这种方式，不过最好点一些价位差不多或者好算的,476.688,1753532208,fbcf58ae
1899526800288205568,参考小李子,615.613,1753532440,fbcf58ae
1899527783693058816,好像俄罗斯婚礼和登记是同一天,703.421,1753532557,fbcf58ae
1899611392370790912,4,635.097,1753542524,82c776d
1899956477675331840,是晒伤妆啦,360.467,1753583661,9e6467db
1899975255272139008,这个好,400.959,1753585900,2c9403ee
1899976001933586944,那是因为西方吃饭（夹菜）的模式不一样 每个人分的很清楚,422.475,1753585989,2c9403ee
1899977800535069184,风大,542.187,1753586203,2c9403ee
1899980015152740352,测的好，就是真的好，测的不好，要相信科学,375.102,1753586467,3ad68769
1900241357915115264,怪浪漫,530.228,1753617622,5eebbb86
1900924116316678144,他也是混血吧,597.346,1753699013,c1f2fe77
1900991742497444096,老王好认真,506.845,1753707075,f6eb3d24
1900996645152891136,这个好！我喜欢这样,418.409,1753707659,59b380d7
1901491110711870976,引火烧身,657.108,1753766604,3465c430
1901544698834279680,哈哈哈哈哈哈哈,597.382,1753772992,92f8c01f
1901692904028990720,都一起吃饭的关系了感觉不用太计较吧，这是date诶,487.282,1753790660,71f360aa
1902424479079549184,是帅的啊，五官比例很好,657.34,1753877870,24d07282
1902473228065647616,我喜欢这样，感觉婚礼是给外人看的，不是给自己办的,717.867,1753883681,59b380d7
1903182158839680512,我和一位少年，漫步树林外,487.925,1753968193,a6894687
1903203390071653888,饮食问题,600.437,1753970723,5e85aa98
1903650610780700160,白人虽然不注重保养但没有容貌焦虑可以做自己就很好啊,633.202,1754024036,98decb5
1904495513727200768,这个小姐姐真的好漂亮啊 白白的,603.059,1754124757,3e5e834
1904532634147952640,堵桥来,511.379,1754129182,5bd65cde
1905080521651165952,喝酒喝的吧,597.515,1754194495,39d99fac
1905349996455302912,好喜欢去这样的，有人能懂吗,434.037,1754226619,6d90be6a
1906661267888835072,法币和一日代表眼睛一个色系,393.932,1754382935,1327ee61
1906662046133447168,这次总算到德国人震惊意大利人了,469.062,1754383027,1327ee61
1910284368769920256,因为花期短,698.558,1754814842,664d29dc
1912279399659960064,风在哪不都是一直在吹的么,542.249,1755052668,a8fe5ea9
1913210705083992832,萨沙确实帅，而且帅得很客观，这但没法否认,650.002,1755163688,d88d4d24
1913223966307712512,同事之间可以这样，朋友之间就没必要了,449.744,1755165269,96a9a0bf
1913292098959548672,萨沙确实是特别帅！,660.617,1755173391,7b914c00
1913346863013150208,这个真好,405.051,1755179920,fcf22efb
1916178758985921792,德国人哈哈哈哈,470.385,1755517508,41d23346
1921042340266008320,国外是各点各的套餐，适合aa，中国是一起吃同一盘菜，胃口不同，不适合粗暴的aa,412.351,1756097292,eea468e3
1921042881901795072,中国更难算，所以流行请客而不是aa,441.898,1756097357,eea468e3
1941566684721332736,这两个俄罗斯代表应该就是中国审美里最好看的那一类了,667.832,1758543985,e2e301a6
1944428565982548992,Dylan在写什么,388.052,1758885147,73aed9f3
1953188451575386624,确实帅,649.868,1759929407,194d9898
1960064942610599168,我29岁，孩子10岁。,709.896,1760749149,6a7c628d
1961074382902701824,啊啊啊这个音效好可爱,639.808,1760869483,c8711e27
1965454987081423872,我就这样，各算各的。跟朋友其实我也想这样，不然我感觉不太舒服,456.746,1761391692,d0b3063b
1969275411209221120,hhhhhh,585.68,1761847122,1e751c6e
1977842088578297088,严谨的德国人,480.692,1762868350,aedabb3d
1988648613126933248,妈呀，漂亮姐姐好可爱,643.948,1764156588,c847ffba
1996421042478379264,比aa更aa哈哈哈,415.493,1765083134,7177deef
2025581688474307072,亲兄弟明算账,428.978,1768559354,e5ebf93c
2066188182139764224,你也是 和前几季对比明显,589.72,1773400025,a16be46f
2068219040748953344,我喜欢这样,442.196,1773642122,f2fcfff8
,,0.0,1775683732.8000336,
lb.c,,0.0,1775683732.8000336,
,,0.0,1775683732.8000336,
1895737309572600064,哈哈比利时淡淡吐槽好搞笑啊,864.838,1752985668,47bbec08
1895737494264582400,2333333,743.492,1752989946,c76f245a
1895737546508833024,只能说世界之大无奇不有了233,828.615,1752990204,4944442d
1895737690583175424,？,788.371,1752992554,dbe23620
1895737828349284608,哈哈哈哈哈 就非要有证吗这,788.883,1752994668,fbf64f60
1895737890777305344,这么闭塞吗？,805.983,1752997401,ba65b856
1895738004753322240,比较严重的程度哈哈哈哈哈,1016.022,1753004556,94d50217
1895738144264261888,男：天王盖地虎 女：宝塔镇河妖,875.819,1753006816,47376c28
1895738162501095680,伊拉克也是什叶派国家,830.79,1753007084,43686648
1895738377685668096,对对对,886.688,1753016087,bc9fd41c
1895738640282652928,哈哈哈哈突然想起来戴卢可是不是对dating文化很懂,952.295,1753025347,fe4eee91
1895738693172826368,哈哈哈哈哈《这个华波波不一样》,729.19,1753024957,8d665d98
1895739065182425344,越压抑越开放,844.47,1753052006,65ec0af4
1895739149982863616,哈哈哈哈哈哈哈,907.322,1753065403,f7934ca3
1895769540794055680,前面俄罗斯遍地帅哥美女是真的,769.796,1753084540,4422ff62
1895824043836972544,弹幕突然收声了红红火火恍恍惚惚,734.198,1753091037,cc93cef3
1895828587920556800,这真的不是菠萝卖不出去的营销吗？,871.762,1753091579,1da0b061
1895947042497947392,第三次见面还是第三次嗯嗯？,1049.141,1753105699,c750ae38
1895949991009590528,宗教警察吗？,776.638,1753106051,9e41d483
1895971024152074240,中国人的经商天赋哈哈哈哈哈,917.26,1753108558,5a31e3ac
1896425506115668224,村？哈哈哈哈,953.332,1753162737,42570b8b
1896427127877063168,招展笑死我了,743.277,1753162930,9ec95bfa
1896494509345332736,开放啊,1029.735,1753170963,6a042d86
1896637560244685568,充话费式的结婚,813.804,1753188016,89807551
1896692754986387712,哈哈哈哈哈哈,983.273,1753194595,eac1fc5d
1896706299065560320,老王的眼神在冒星星,838.313,1753196210,d8e5f363
1896713955582526208,天逊尼派和什叶派，想到追风筝的人了,829.491,1753197123,491addc9
1896841388705377280,这跟我们这的警察查房有点像…哈哈,805.028,1753212314,88971e98
1896937991939779840,？？？？,786.906,1753223830,a075ec79
1897123754787030016,哈哈哈哈哈哈哈哈哈哈哈哈哈哈,1020.411,1753245974,45654410
1897176574395630080,来了，直接加长版,974.739,1753252271,d9749c34
1897380653918993152,哈哈哈哈～lady first～,753.071,1753276599,c76fd2
1897380942050808832,短期啦～长期啦～,765.871,1753276634,c76fd2
1897383124666121728,哈哈哈～A到Z～,976.347,1753276894,c76fd2
1897383569446710784,比较严重的程度～红红火火恍恍惚惚～,1015.942,1753276947,c76fd2
1897383907826628352,姐妹们～,1052.127,1753276987,c76fd2
1897551369599046400,可以鼓掌了,1016.475,1753296950,d14d0ec
1897727145607336704,搞对象笑死我了,941.281,1753317904,68db616f
1897898291362938112,YOYO,769.419,1753338306,3dc677eb
1898076736198329856,哈哈哈哈哈哈四姐,967.648,1753359579,ba542c3c
1898220515982619136,哈哈哈哈什么时候看到这个lady first才不会笑啊哈哈,749.918,1753376719,e8cc9494
1898515580160908800,真就体验卡,785.517,1753411893,a18ccce
1898531542490707712,太好笑了hhhhhh,995.742,1753413796,8020f1b7
1898584831534084096,感觉和苏格兰那种男女校联谊会挺像啊,958.956,1753420148,ae954710
1899333614798306816,哈哈哈哈哈哈哈哈,890.75,1753509410,48caf715
1899493708169050112,这是真的 ,810.963,1753528495,49612456
1899558765339352320,哈哈哈哈哈哈哈哈哈哈，有点太诚实了哈,1041.266,1753536250,37dfb466
1899559089802601216,雷妹妹～,1054.905,1753536289,37dfb466
1899632198056381952,华波波很可爱,860.822,1753545004,ddcb952e
1899690611263457024,这个是真的，我伊朗朋友们都证实了,809.166,1753551968,881ef171
1899980184409419520,我还记得诶,767.393,1753586487,2c9403ee
1899980554649404160,救命,801.518,1753586532,2c9403ee
1900176913918403840,老王。我喜欢的,836.184,1753609939,d7c68202
1900207702098475264,什叶派和逊尼派能坐到一起聊天也只有非正式会谈。,831.444,1753613610,253cfa97
1900855482026004736,挖坑了开始，准备回家跪搓衣板了卢可,963.641,1753690831,18259142
1900982139454146048,以前就说过啦,795.933,1753705930,1606bf27
1901030304811390976,真敢问啊大左,1041.459,1753711672,bba3e7b3
1901030501683674368,特殊类的hhhh,1063.512,1753711695,bba3e7b3
1902475393005930752,认真，不是严肃,1021.238,1753883939,59b380d7
1903582328761517312,讽刺的不是波波是国情,851.615,1754015897,1ddd0afb
1904394075097533952,哈尼克孜,728.514,1754112664,712639ae
1904496876288851456,哈哈哈,729.753,1754124919,3e5e834
1904516940261635328,哈哈 被说中p图了,897.961,1754127311,357dee8e
1905292868248203776,哈哈哈哈哈温州人也是站起来了,922.793,1754219809,94dc5d7b
1907465783345827584,大左池州人，差一个字,930.583,1754478840,e06a0bba
1909633575939544320,哈哈哈哈扬扬补刀,729.343,1754737261,d7fb52ee
1909637115907104000,哦～,1068.756,1754737683,d7fb52ee
1910217713125871872,不愧是北欧,991.337,1754806896,7419d9b6
1910285333971808000,开放式保守,800.19,1754814957,664d29dc
1916182003120834304,好神。。。,800.571,1755517895,41d23346
1918092995408932352,买菠萝是吧哈哈哈哈哈,841.599,1755745703,cae536f2
1919839034780907008,哈哈哈哈哈哈哈哈哈哈,1016.446,1755953847,b9f358ce
1920303224746295040,BGM怎么这么燃？,900.242,1756009183,99536495
1929266071559254528,比较严重哈哈哈哈哈哈哈哈,1020.019,1757077637,467053b4
1932278720392444672,严重哈哈哈哈哈哈哈哈,1008.878,1757436773,52ac390e
1933442446847667968,华波波像非正的逗号，哈哈哈,734.125,1757575500,df58247e
1939900940560154624,搞对象哈哈哈哈哈哈,944.041,1758345412,add21500
1941083294070661888,熟悉的音效又回来咯,760.233,1758486360,50b86bf5
1961012560908661760,肯定有,975.077,1760862114,bfa2ee3f
1969395654430585856,大家都知道的话还叫暗示嘛哈哈哈哈哈哈哈,861.564,1761861456,7ed3ebc
1969396057905913344,华波波每次发言都特别有梗 综艺里缺不了这样的角色,868.073,1761861504,7ed3ebc
1977846831144786688,哈哈哈哈哈哈哈哈哈哈,1044.084,1762868915,aedabb3d
2024171551549188864,！！！,787.638,1768391252,6151813e
2026922242222668544,米兰的男模大部分超级无敌穷,1070.323,1768719160,aef87158
2059722213967966208,啊？,1009.869,1772629221,75a3ab51
2059722648640373248,stop 哈哈哈,1044.827,1772629273,75a3ab51
2068224214867537408,感觉这样离婚率好高,1056.652,1773642739,f2fcfff8
,,0.0,1775683732.8000336,
lb.c,,0.0,1775683732.8000336,
,,0.0,1775683732.8000336,
1895737366690631936,被杨迪笑死，哈哈哈哈哈,1112.633,1752986394,eb069b0d
1895737511729664256,婆婆选好了，双方家长见面一次就订婚了？？这么快，和父母之命有啥区别,1166.095,1752990929,5866b398
1895737822007496960,保持神秘感么,1177.151,1752996054,13ee2db9
1895737846460289280,想起唐大哥开车尾随着送老婆哈哈哈哈哈,1216.937,1752995154,fbf64f60
1895737857038323968,陈老师还是会  doge,1334.87,1752995706,fbf64f60
1895737911757213952,哈哈哈哈他吓死我了,1277.525,1752996969,1091612d
1895737960989954304,哈哈哈哈哈哈,1249.715,1753005457,81e32263
1895738084084388096,那怪不得有些时候会吃西餐，因为这样不能玩手机，就会被迫了解对方哈哈哈哈哈哈哈哈哈哈哈,1364.499,1753010046,4e76690
1895738115080294656,说得我都心动了,1313.062,1753001868,755ab053
1895738130582442240,阿雷是真的在为姐妹们考虑啊！,1091.08,1753006285,2394c70f
1895738138786500864,打羽毛球！双打！,1265.968,1753011691,3820b86
1895738178909212928,四姐好喜欢陈老师感觉哈哈哈,1293.779,1753005068,34ea35bf
1895738260974964992,好像伦和四姐都没说？,1306.348,1753009512,e9983320
1895738350330417408,那岂不是完全不了解彼此,1188.238,1753015487,7e01a787
1895738449718644992,还是不一样，父母之命很多面都没见过,1191.878,1753016191,eabe6363
1895738783434248448,知道的不少,1094.625,1753026745,1952548b
1895738787083292928,《再见XX》那段时间的经历给陈老师整工伤了,1245.564,1753025428,8d665d98
1895739087068303616,难怪爱密室剧本杀呢,1281.948,1753071847,a05ec9c0
1895739136301043968,我喜欢看电影，因为不想交流,1267.296,1753063459,3e15afd5
1895739137215402240,赶鸭子上架,1347.576,1753073156,2b09e628
1895739334171529472,有点难评,1318.96,1753077674,6d52a3e9
1895842592684773632,老王好搞笑,1207.55,1753093248,a384683a
1895888808210444032,跟古代似的,1200.836,1753098757,80d76961
1895902850890865152,…男方视角吧，感觉作为女生并不喜欢,1329.906,1753100431,e1f0140c
1895907698449826816,唐小强好像也是这样认识老婆,1154.003,1753101009,7bf5ae5
1895953890084972544,得有个电灯泡,1201.966,1753106516,9e41d483
1895962814724877312,那大家性格都还没合得来咋办,1185.106,1753107580,70be7902
1895975507275771648,杨迪这个上热搜了哈哈哈,1108.05,1753109093,ab62fb5b
1895988325479763456,去逛宜家,1339.945,1753110621,24b0ce4c
1896001397800507136,真的，太套路了,1348.596,1753112179,b7453a45
1896033498947616256,我服了华波波了哈哈哈哈哈哈哈太搞了,1272.126,1753116006,11d561a5
1896422520862296576,陈老师说的前提是两人暧昧期只是临门一脚而已,1358.888,1753162381,2aa70d44
1896426994623953152,好古老的相亲模式hhh,1133.837,1753162914,42570b8b
1896548231191151360,爱情保安,1196.722,1753177367,445a39f6
1897115090000851712,经典来了,1111.63,1753244942,e0632c99
1897117071960705280,人家举例，只是解释吊桥效应,1318.362,1753245178,e0632c99
1897186435279557632,吃完再喝一点 酒壮怂人胆,1334.617,1753253447,6f99a845
1897384505070132992,红红火火恍恍惚惚,1112.117,1753277058,c76fd2
1897392014317188864,陈超好美好美！！！,1426.702,1753277954,dc39d7d8
1897729822839930624,世界的参差，有趣,1233.017,1753318223,68db616f
1897855084101036544,来自游牧的习俗,1150.008,1753333156,5e6db3f9
1898585785360270080,母单：别碰我的拼图！！,1322.878,1753420262,d5851018
1898586013228955136,非诚勿扰哈哈哈,1245.808,1753420289,ae954710
1898765709031333376,哈哈哈哈哈哈哈哈哈哈哈哈哈哈哈哈哈,1275.348,1753441711,da4a6923
1898851449120022784,真的好合适啊,1430.582,1753451932,85cd1b5c
1899312175110448384,伦儿呢,1370.097,1753506855,7b9475a0
1899329727408561920,\,1359.942,1753508947,4a475a07
1899340591771536128,对对对,1347.304,1753510242,48caf715
1899531646009486080,哈哈哈哈哈哈哈哈,1119.064,1753533017,fbcf58ae
1899651269212594688,做ai算不算呀,1266.478,1753547278,395ce43e
1899780832588526592,想到阿拉丁,1168.616,1753562723,fdcf0543
1899876594664020224,二十年前，唉，可怜的伊拉克人,1125.95,1753574139,51a708fa
1900212638299047936,在说什么？？？。？,1322.045,1753614198,75f02d2b
1900722697047418624,毫无违和感,1415.779,1753675002,29c7c55b
1901576106294143488,短期太奇葩了,1240.402,1753776736,92f8c01f
1902428555867433472,哈哈哈哈哈哈哈哈哈哈哈,1118.455,1753878356,24d07282
1902447002861027584,哇哦,1434.024,1753880555,623dd44
1906668414924016896,中东保守很多了,1144.039,1754383787,1327ee61
1907251422123737856,又到了羞耻小游戏环节哈哈哈哈哈,1398.192,1754453287,654346f5
1907263650541381888,小手段其实是感情蛮好的调剂，但不能没有真心，完全带着戏耍的心态去对待这段感情,1349.382,1754454744,952047f4
1910146676505643008,我要随时看华波波表现,1317.301,1754798428,738a73b
1910248152247194112,波波好可爱啊,1281.79,1754810525,edd6e64f
1911636225866354432,大左嘴替,1348.514,1754975996,954b058c
1911638478308513280,会长太懂女孩儿了哈哈哈,1347.81,1754976264,67c7bc24
1915402208338718720,卢可感觉又风流又老实,1084.624,1755424936,ef46f1d4
1916203344989683968,哈哈哈哈哈哈哈哈哈哈,1329.324,1755520439,d775399
1916742088792471552,牛蛙,1362.372,1755584662,613512da
1925311132990941184,逛宜家 看着那些温馨的家具 很容易构想两个人的未来,1337.444,1756606172,df324538
1929268457724077056,哈哈哈哈哈哈哈哈哈哈,1275.517,1757077922,467053b4
1937975455273985792,哈哈哈哈哈哈哈哈,1106.973,1758115877,945a6cd2
1943658342291830528,希尔顿环境真好,1399.929,1758793330,67fd89f
1953022555216956416,华波波哈哈哈哈哈哈哈哈哈哈哈哈哈哈哈哈,1282.728,1759909631,6e0df0f6
1958150579830921472,太功利性了,1332.809,1760520939,b2d06e53
1969280974567563776,梅丽莎真的好漂亮天哪,1208.194,1761847785,1e751c6e
1988656174098097408,小强也说过类似的，不敢多跟未婚妻见面，都是开车去接她然后远远停在家门口,1175.521,1764157489,c847ffba
1990319103688432128,妈妈结婚的时候？,1147.433,1764355726,d584df77
1995218600776512512,这眼罩好，能不能打包给酷滕送去,1420.12,1764939791,1dcdda72
2003692298001184000,我想要逛海洋公园的时候，他悄悄塞给我一个戒指,1341.086,1765949935,989ff3be
,,0.0,1775683732.8000336,
lb.c,,0.0,1775683732.8000336,
,,0.0,1775683732.8000336,
1895737232665841920,说了什么,1594.545,1752985968,8d60efce
1895737282477396224,哈哈哈哈哈哈哈老王搂住,1716.563,1752986236,f69ff094
1895737326240764160,老王：和我有什么关系,1743.272,1752986542,f69ff094
1895737564225573120,哈哈哈哈哈哈哈哈哈哈哈哈哈哈哈,1663.052,1752991877,a4557f7c
1895737579727720704,哈哈哈哈哈哈哈哈哈哈哈哈哈,1636.993,1752990432,534bf33e
1895737602217578752,吊桥效应,1656.035,1752993518,e967e3fc
1895737608274153728,这里为啥不放正片很好笑啊,1789.469,1752990046,1549437e
1895737615337361664,安全,1603.757,1752991580,6cf1571
1895737656718364928,哈哈哈哈哈哈哈哈这个眼罩哈哈哈哈哈哈,1749.409,1752991974,a4557f7c
1895737658731630848,哈哈哈哈哈哈哈哈哈哈,1497.584,1752991702,a4557f7c
1895737668823126272,哈哈哈哈哈哈哈哈哈哈,1545.58,1752991754,a4557f7c
1895737706764800256,看热闹不嫌事大哈哈哈哈,1701.323,1752994786,e868d6e6
1895737718181695744,笑不活了哈哈哈,1671.507,1752992796,4ae1ebd8
1895737814768128256,哈哈哈哈,1782.453,1752994589,b594b266
1895737824725405952,老王：我尽力了啊,1754.151,1752997563,1091612d
1895737939104076032,哈哈哈哈哈,1709.189,1752997498,1091612d
1895738000198308096,哈哈哈哈哈哈哈哈哈哈,1628.753,1753004360,71c28bd0
1895738021169828096,哈哈哈哈卧槽杨迪哈哈哈,1492.948,1753000323,6cdd056d
1895738075871940864,贴贴好可爱,1567.309,1753002223,2f1c4333
1895738098672177408,原来加长版加在这里,1699.212,1753003076,5465c709
1895738121464025344,哈哈哈哈哈哈哈哈哈哈,1656.539,1753006018,81e32263
1895738373122265344,波波刚刚说话好像老王的口音哈哈哈,1796.676,1753015888,5404f33
1895738395922501888,米可！！！！,1494.288,1753016707,d89d8cbd
1895738397742829824,米可，危，速回！,1492.03,1753013682,6ee65ea5
1895738456102375680,四姐说了啥！,1582.96,1753017881,f81c7508
1895738627515191552,牛,1558.58,1753021306,7d9f8a33
1895738699556557056,讲什么！哈哈哈哈哈哈,1774.953,1753027907,516113ea
1895738810789499136,非直男会谈,1748.073,1753027865,516113ea
1895738985868136704,怪不得没放到正片,1789.951,1753031556,b92fb27d
1895739133566357760,哈哈哈哈哈哈哈哈哈哈,1762.617,1753066553,f7934ca3
1895739144513491200,拦精灵,1581.015,1753073028,f48d5c83
1895739149068505344,拦精灵,1582.704,1753073049,f48d5c83
1895739154537877760,哇,1560.601,1753066056,f7934ca3
1895739172774711552,华波波哈哈哈哈哈哈哈哈哈哈或或或或或或或,1799.497,1753066590,f7934ca3
1895739264873238784,中东组合,1693.461,1753073158,f48d5c83
1895739308636606720,华波波啥都说啊哈哈哈哈哈哈,1775.347,1753078501,5b74304e
1895739310456934656,海带也不是植物,1531.538,1753076872,9cc5a9be
1895739313200009472,？！,1776.766,1753076889,3f6b3267
1895739330522484992,果然是加长版才能看的,1781.375,1753076921,3f6b3267
1895906831025530112,口水哈哈哈哈哈哈哈哈哈哈哈哈哈,1739.304,1753100906,e1f0140c
1895940225822895104,发币好可爱,1554.87,1753104887,9a5f75b6
1895974871134098176,梅丽莎真的好可爱好漂亮,1474.056,1753109017,5a31e3ac
1895977277180010240,这一期简直好笑到爆炸,1743.416,1753109304,5a31e3ac
1896089730320659968,好萌的两个人。。,1564.681,1753122709,7388c77a
1896307287158110464,俄罗斯小姐姐好有节目效果哈哈哈,1702.016,1753148644,13ab9171
1896334982533370624,给我笑岔气了,1755.375,1753151946,708e4a48
1896396461777172992,啊啊啊啊啊啊啊啊啊啊啊啊在干嘛,1496.598,1753159274,fe4eee91
1896555342020727040,直接笑喷哈哈哈哈,1562.963,1753178214,ff3287e5
1896610434808184320,伦想说毛肚吧 因为他那面是有颗粒的,1620.755,1753184782,c89ae7d7
1896662305044209920,每次会长都害怕的掉了,1527.119,1753190965,273d9554
1897190863994496256,这个太好猜了,1574.051,1753253975,6f99a845
1897283620088294144,美国内战,1568.439,1753265032,9c211b2d
1897402826846586880,这能播吗华波波,1775.465,1753279242,3c4a8341
1897475776413565696,我不行了哈哈哈哈哈哈,1768.852,1753287939,9cdf46e6
1897754977691536640,杨迪真的鬼点子一箩筐,1641.181,1753321222,ecd0b892
1897864109346135552,小姐姐气氛组的～,1695.088,1753334232,c76fd2
1898059525744480512,哈哈哈哈哈哈哈哈哈,1472.659,1753357527,60ea1822
1898060394963528192,为啥不让佛罗伦萨上啊,1576.261,1753357631,60ea1822
1898130261355317248,哈哈老王想说暴雨,1538.209,1753365959,a725bfc4
1898587923558453760,杨迪直接尝出来了哈哈哈哈,1542.474,1753420517,ae954710
1898588979633806848,哈哈哈哈哈这段Dylan小女生的感觉太好玩了,1656.928,1753420643,ae954710
1898633274117548032,西八 笑不活了 哈哈哈哈哈哈哈哈哈哈,1782.398,1753425923,60e24333
1898657403714124288,发币好厉害,1536.51,1753428800,470dd9de
1898864820091084288,涛涛,1594.511,1753453526,e3470321
1900014385343060224,弹幕呢，怎么没有弹幕？,1474.018,1753590565,3ad68769
1900014950055944192,我都没有看清是什么东西,1520.297,1753590632,3ad68769
1900015779680882944,猜得太大胆了,1611.896,1753590731,3ad68769
1900016341843597568,看起来好想笑,1648.607,1753590798,3ad68769
1900078932972598272,哈哈哈哈哈哈哈,1776.629,1753598259,ecc35430
1900293250909070848,老王稳如泰山,1723.35,1753623808,968d7bd9
1900353048833126144,味道应该有的,1618.131,1753630936,10c54e37
1901001124350363392,发币好可爱啊,1578.257,1753708193,2c9403ee
1901002382926510592,太可爱了,1672.273,1753708343,2c9403ee
1901764467755164416,哈哈哈哈哈哈哈哈哈哈哈哈,1750.736,1753799191,ddafd2e4
1902238942640826880,这个眼罩好适合老王,1731.008,1753855752,65067beb
1902284649590899712,华波波这么钢铁直男吗没想到哈哈哈,1769.312,1753861201,f5de49c4
1902909050661155072,弹幕呢 四姐说的啥,1582.34,1753935636,2e93938c
1902910756887219968,Dylan的破碎感哈哈哈,1644.472,1753935839,2e93938c
1904506363838182400,哈哈哈哈哈,1741.394,1754126050,3e5e834
1904506528892481536,好奇怪的画面,1761.072,1754126070,3e5e834
1905000656431964672,这个眼罩我不行了,1754.1,1754184974,f5f7f31f
1905339129458194176,再靠近一点点,1456.9,1754225323,ba077aef
1905766002156188416,我嘞个豆,1448.318,1754276211,cdc7bc83
1906135497672774400,哈哈哈哈 加长版果然不一样 我再敷面膜啊  哈哈哈哈 ,1748.007,1754320258,8a4bf8c9
1906673310826237952,中东族,1687.411,1754384370,1327ee61
1906748234274702336,哈哈哈哈哈哈哈哈哈哈哈哈哈哈哈哈,1762.638,1754393302,b145d3d2
1910390807304161024,我要笑疯了哈哈哈哈哈哈哈哈,1627.006,1754827530,8815c960
1915932755691390976,这也太。。。,1487.198,1755488182,51f2909e
1915934066629406464,哈哈哈哈哈哈哈哈哈哈哈哈哈,1643.477,1755488338,51f2909e
1915934230198990336,哈哈哈哈哈哈哈哈哈哈哈哈哈,1663.022,1755488358,51f2909e
1915934679484266240,哈哈哈哈哈哈哈哈哈哈,1716.53,1755488411,51f2909e
1915934832542999808,哈哈哈哈哈哈哈哈哈哈哈哈哈哈哈哈哈,1734.857,1755488430,51f2909e
1920310407324203776,两伊贴贴,1684.752,1756010039,99536495
1921056005467708160,可爱的发币,1554.389,1756098921,912b4cef
1921058110144466944,哈哈哈哈笑得肚子疼,1664.435,1756099172,912b4cef
1930616796109848576,哎呀,1498.221,1757238656,8f57e35c
1938813363061097472,一个奖励杨迪的游戏,1634.819,1758215763,c1c7a66
1942229667884861184,笑得我肚子疼,1783.88,1758623018,b85033c1
1952519966591265280,每次都没接住哈哈哈,1520.245,1759849718,3d553d69
1962432760279010816,我真不行了了太搞笑了哈哈哈哈,1734.276,1761031415,54f7b9d0
1967644616455633664,哈哈哈哈，这个女孩子好可爱，又害怕又好奇哈哈哈,1476.902,1761652716,eb09f285
1968988588058839552,hhhh小姐姐演员的诞生,1698.466,1761812930,269700bc
1970989897527898112,对吗？,1782.473,1762051505,9d717ee2
1981226523604447232,哈哈哈哈哈哈哈哈哈哈哈哈,1648.361,1763271806,1a09d87c
1988660542331797248,四姐说了“安全T”吗,1582.049,1764158010,c847ffba
2000956881128648192,笑得我肚子疼,1562.666,1765623848,e8b22811
2072032170285543936,大左这里为什么吓得抖了一下哈哈哈哈哈哈,1649.79,1774096682,f82fb2da
,,0.0,1775683732.8000336,
lb.c,,0.0,1775683732.8000336,
,,0.0,1775683732.8000336,
1895737421099143424,是隔壁陈鸣飞写的吧？,1945.554,1752987539,25b5c0fd
1895737422600704256,笑死哈哈哈哈哈哈哈,1861.726,1752987442,eb069b0d
1895737448110461184,不容易,1967.315,1752987565,25b5c0fd
1895737537650462976,笑死哈哈哈哈哈哈玩呢,1864.313,1752989866,adb42c8
1895737540972351744,玩儿呢,1860.902,1752989950,aaf3f032
1895737543203721472,哈哈哈,1815.18,1752989891,aaf3f032
1895737661759918336,哈哈哈哈哈哈,1802.631,1752992030,a4557f7c
1895737678914621696,但是体力劳动可以被机器替代，和ai有微妙区别,1970.153,1752991856,5866b398
1895737721998512384,哈哈哈哈哈,1864.31,1752993989,f3d0b903
1895737806614401280,AI能归纳总结现有信息，但无法创新,1995.774,1752997135,13ee2db9
1895737953691865344,工业创作可以，纯艺术不好说,1978.137,1753000003,8e57c960
1895738031194214656,20元手续费省下来了(ಡωಡ)hiahiahia,1903.052,1753004359,39499903
1895738391359099136,我家也有这个碗,1838.498,1753016417,c2e21b9d
1895738396828471552,妈呀陈超好厉害,1945.204,1753016803,cd8ee3cd
1895738416894021888,100块，哈哈哈,1895.824,1753017896,a9208369
1895738540927979776,超超好甜,1939.237,1753019045,8d117f15
1895738575547764992,有胡子应该感受不到吧,1808.657,1753017627,af72eec3
1895738673107276032,不是地铁卡了么,1892.499,1753022773,9c94b6bb
1895738779793592576,ai是用三推一，人脑是举一反三，本质区别,2024.616,1753029280,f9656259
1895738857295941888,玩儿呢，我一个广东人说不出的儿化音,1868.306,1753032504,9ef562ec
1895738900144951552,我觉得体现人情感的东西最不应该被取代，我是看小说的，如果我看的小说都是ai跑的我会死,1994.923,1753053765,5dbe0dac
1895738918381785344,不一样，至少现在的ai没有人脑会抽风（bushi）,2030.729,1753060518,d1e240cc
1895738950300438784,哈哈哈哈哈感情是在玩儿我们呢,1867.398,1753065521,91850ea9
1895738973092286720,聪明的人才看得到（,1851.057,1753066879,532bb614
1895739025076490496,上次还在说地铁卡扣费不好，立马就改转账了，真的听劝,1909.288,1753064244,3e15afd5
1895739121713254656,陈鸣飞的那个刚看完节目吧哈哈,1956.389,1753072388,df6e1fa7
1895739304081592576,哈哈哈哈太像了,1944.846,1753074038,f48d5c83
1895797243433331456,我去,1891.668,1753087842,35861f7e
1895797705813389056,当然不是,1970.665,1753087897,35861f7e
1895872207323318272,ai的数据库全是人给的,2052.858,1753096778,9f5269ce
1895957325815673088,口条真好,2151.186,1753106925,42cad9e5
1895973581704601344,老王好可爱,1844.968,1753108863,692c8ed6
1895992999780010752,华波波也算猜对了,1803.433,1753111178,24b0ce4c
1896092358488199936,我服了怎么这么好笑，老王真的穿了个香蕉牛奶。。,1821.385,1753123022,7388c77a
1896403149620117248,首彩回来打钱！！！,1815.544,1753160072,fe4eee91
1896658760060214528,老金主啊哈哈哈哈哈哈哈哈,1821.352,1753190543,abb3bea8
1896690759756227584,那是服务器和算力限制而已,2125.293,1753194357,b927edf8
1897017590325956608,刘慈欣的诗云,2043.276,1753233319,78c4204e
1897149153428556800,并不会被取代，就那ai原理来说，他是学习的技术，要是没有真人的作品投喂他，而是ai直接互相学习，最后肯定会失去人类所能体会的美感,2017.769,1753249002,af7c4445
1897160788939608064,AI取代不了大师，但能取代普通人，但我们大部分都是普通人,2028.594,1753250389,b0fb79b9
1897196044832664832,不会的 AI没有灵感只是个参考文献的价值,1999.815,1753254592,6f99a845
1897230944923557632,AI确实，一眼看得出AI,2056.543,1753258753,c05066cc
1897282352929849856,您,1876.848,1753264881,290bcf14
1897313971196141824,68+6+,2070.556,1753268650,676c84ca
1897315932888971776,只能模仿，不能取代,2003.459,1753268884,90b41f69
1897321705291076352,我觉得同意的人说的不是高端审美的艺术，他们说的是快时代创作,2090.686,1753269572,55d83f10
1897326315100134656,太厉害了哈哈哈哈哈,1950.759,1753270122,45654410
1897355364035362560,顶级的取代不了，中间底层会被取代,2092.654,1753273584,7ea9d3d5
1897404209155208704,自从知道地铁卡退费事件之后就换成转账了吗,1896.51,1753279407,3c4a8341
1897472786134957568,陈鸣飞投的吧,1948.859,1753287582,20c78ca8
1897763556578141440,这AI卡壳,1962.905,1753322245,28dcc9f6
1897865698693655296,《精彩葡萄酒》,1811.436,1753334421,c76fd2
1897865887454275072,能用的,1823.216,1753334444,c76fd2
1897975346582936832,画家的画有人买，AI的画呢？我觉得人类不会给AI的画赋予价值,2087.338,1753347492,ace2f97d
1898153206907890944,他俩节目效果已经出来了，拿到奖品不过分,1887.829,1753368695,44f44cf9
1898155156404016128,现在ai训练出的图基本都是侵权的，还不知吃了多少有商业版权的图,1990.896,1753368927,c4640bae
1898227304531014400,陈超超陈超超陈超超～,1935.987,1753377528,e8cc9494
1898497181946647040,华波波太搞笑了hhhhhh,1828.307,1753409700,6a79158e
1898589823536064768,那个脱口秀的哥们吗,1965.639,1753420744,ae954710
1898617694602120704,100元哈哈哈哈哈哈哈哈,1897.022,1753424066,25a98a6b
1898762572212570112,哇厉害了,1941.185,1753441337,eeae67ec
1898770444551886848,哈哈哈哈哈哈哈哈哈,1812.799,1753442275,da4a6923
1899295846349428736,深度学习型会成长,2061.503,1753504908,2233a413
1899311810357134336,陈超超超超哈哈哈哈,1937.372,1753506811,8020f1b7
1899619007338927616,可以的,2140.384,1753543432,f6a66d6c
1899619192483758592,辛苦阿雷了 这么一大段  我都要背半天,2145.64,1753543454,f6a66d6c
1900289831134223104,好丝滑,2143.5,1753623400,6908d584
1900727826387780608,直接转账了，不是地铁卡了,1890.432,1753675613,29c7c55b
1900864257726569216,奇马蓝,2054.335,1753691877,75f02d2b
1900992991485978112,好的画家并不会,1994.973,1753707223,1606bf27
1903906590856424448,对，所以对资本来说是好工具,2119.356,1754054552,c29ddf0d
1905365491481060352,首彩葡萄酒～味道不一样～,1814.065,1754228466,ba4142a8
1905383944120050688,ai i不会创造需求，只会解决人类的需求。,2031.372,1754230666,2ad516b
1906676777745390080,阿雷服装好潮哈,2100.595,1754384784,1327ee61
1907503470140018176,作家，和画家不会。但从事写作行业和设计行业的可能会受到影响，纯商业的会受影响,2014.591,1754483333,f5dd2f0d
1907711567622271232,一个画家的画上千或者上万我都觉得值得，但ai产的图最多一块钱,2110.855,1754508140,b59d3043
1909643331546811648,哈哈哈哈哈哈哈,1802.537,1754738424,d7fb52ee
1913366840508620800,有一只萨摩耶就叫陈超超哈哈哈哈哈,1930.9,1755182301,b30a9c4b
1915224874843617536,前面的萨摩耶的别走,1937.599,1755403796,32f67cc0
1915935882930912000,哈哈哈哈哈哈哈哈哈哈哈哈哈哈哈哈哈哈,1859.99,1755488555,51f2909e
1922480732891760896,陈鸣飞投稿,1994.089,1756268762,8dd2ba4e
1928560476044906752,ai会替代那些水平不高的人，真正的艺术家和作家是无法替代的,2055.3,1756993524,cfd3a899
1930620440054015744,现在AI技术还不成熟，以后就不知道了,2042.591,1757239091,8f57e35c
1950374312087470592,可以娱乐，但没有深度的东西,2005.631,1759593936,5ff286de
1953028710341331200,当然不会,1991.043,1759910365,6e0df0f6
1966172314316318464,好可爱啊这两个人，萌萌的,2019.752,1761477204,1ee5697
1970992051982448640,其实AI给创作圈子带来了很多好处，痛苦的是那些想不劳而获的人，AI反而将这些人筛选掉了。,1971.291,1762051762,9d717ee2
1970992805346750208,想要不被取代就得进步，人类是一直在进步的,2037.466,1762051852,9d717ee2
1980015234983286272,画手可能会，画家不会。写手可能会，作家不会。,2003.369,1763127409,916232ae
2004595551308142848,笔触这个东西AI永远做不到,2129.602,1766057611,ffa3828d
2027798215826511616,有道理哦,2053.34,1768823584,8f58d927
,,0.0,1775683732.8000336,
lb.c,,0.0,1775683732.8000336,
,,0.0,1775683732.8000336,
1895737322071625984,哇，倒过来的角度，不错,2320.614,1752985858,bc12bdcf
1895737389348262144,1000个人欸,2404.742,1752986739,1262b263
1895737464325640448,伦的观点每次都好深度,2429.52,1752988798,dd38837b
1895737568671535360,萨沙确实越来越厉害了,2188.029,1752990345,4bb6c894
1895737635520352512,AI学习能力强能模仿但是创新上暂时还做不到，给他看某个画家的画，他能模仿但是要他有自己的特殊风格还做不到,2307.016,1752992123,da8612fa
1895737675886334208,对对对,2518.778,1752992832,a4557f7c
1895737868891427072,来自四姐的认可哈哈哈哈,2383.869,1752995522,e868d6e6
1895738095023132928,其实就是说ai没有创新能力,2449.334,1753007080,fbf9b322
1895738186207301888,黄子宝宝！,2478.478,1753010860,d93d12d4
1895738219937894656,普通话越来越纯正了,2340.564,1753006552,2f987c3c
1895738308387377408,简单且周而复始的工作不会被AI取代，他们只会被机械化和自动化取代,2177.8,1753012446,da6fca28
1895738539074097408,可是这样的画家真的很少啊,2355.484,1753016161,cb47e4db
1895738633898922240,肯定是指定啊,2166.696,1753023213,691ef385
1895738659433844992,厉害,2461.836,1753022215,7d9f8a33
1895738860030628096,ai只能生产“产品”,2438.121,1753027530,9cc53f64
1895739034186518784,伦儿说的好有深度,2417.125,1753066030,91850ea9
1895739151803191552,老王说的对,2249.4,1753067040,f7934ca3
1895739188276859136,罗师杰在做捧哏,2338.921,1753070661,5268d633
1895779537472677120,很喜欢伦二这个比喻,2442.524,1753085731,3a31dcb7
1895880915561975552,说的确实好,2456.856,1753097817,db27ad6e
1895903241901117696,哈哈哈哈哈哈哈哈哈哈哈哈哈哈哈哈哈哈哈,2382.245,1753100478,4365b2b7
1895978595307183360,黄子！,2470.27,1753109461,692c8ed6
1896020644002007808,我真的我好多次都和萨沙一种选择，高度重合,2355.219,1753114473,683bd9b9
1896387667051097344,创作过程本身也很迷人的！,2197.312,1753158226,1195ac4c
1896391286534280448,我觉得最多AI的作品和人类的作品放到平等位置去欣赏，不会谁取代谁，就像人类不会只需要一个艺术家。,2329.047,1753158657,1195ac4c
1896433511490107392,伦真的每次都说的很好,2449.736,1753163691,dd1dd59f
1896446842347168256,对的。还很无厘头,2510.941,1753165280,9ec95bfa
1896478238348470528,AI没有人所具备的“灵性”，这个是根本区别。,2484.776,1753169023,130b1ee9
1896481816450316288,但那么多著名的画家，活着的时候都没见到自己画出名啊，现在这个行业，艺术还是单纯的艺术吗,2362.688,1753169449,21030a05
1896495205256114944,英专生落泪,2257.924,1753171046,272cb156
1896500684711484672,说白了AI都是把现成的 现有的知识告诉你 它无法创新 没有创造力 也不灵活,2475.575,1753171699,fc8a9b09
1897059227684406272,现在门铃还是用的那个，后面的杨紫琼没必要，前面的那个欢迎来到毛雪汪还行,2509.318,1753238282,35645b71
1897154550214244864,现在小说好多都是ai写的,2317.184,1753249646,d7cb2127
1897198418581828096,更像是Freestyle的,2163.42,1753254875,6f99a845
1897285342076082688,中东人好爱用具体的比喻 好玩,2241.494,1753265237,290bcf14
1897353535075926016,哇伦儿讲得很好,2457.048,1753273366,bbeae81b
1897433976919450368,AI可以帮你炒作 帮你买热搜 买水军 坏的也会变好,2340.159,1753282956,d844b0d7
1897838265261261568,ai创造现在最大的问题是版权，它的数据哪来的？,2329.257,1753331151,9cdf46e6
1898170337209376256,伦是有文化的,2407.645,1753370737,c4640bae
1898593071588396800,不指定的话会长和杨迪肯定会控场的，不然非正式会谈就变成非正式广告了,2170.649,1753421131,ae954710
1898594159171501824,这个点很对啊，其实观众也是作品的一部分,2314.377,1753421260,ae954710
1898594721166096128,是的，没法取代艺术先驱者，但是人类多久才会诞生一个艺术先驱者呢,2398.763,1753421327,ae954710
1898858478203265536,AI是能画出来的，但是目前AI还没有真正创新的能力,2354.986,1753452770,85cd1b5c
1899282247644146688,伦说的超好,2450.24,1753503287,c89ae7d7
1899389604638008064,这样就意味着只有大画家才能生存,2315.347,1753516085,422009b7
1899968866063992832,钟逸伦的观点好到我想记下来,2407.551,1753585138,85e961e3
1899971539840366080,是的，有时候ai出来的东西是不实际的，属于给你描述的天花乱坠但其实并不实用,2516.355,1753585457,85e961e3
1900045394068096512,萨沙是不是deepseek了,2365.82,1753594261,37dfb466
1900699314750768896,AI不抽象,2514.068,1753672214,10555ed6
1900775830246937344,完全同意伦儿的观点,2435.304,1753681336,a9930091
1900996813578880512,"很简单，好的创作,有灵感的创作不会被取代",2425.093,1753707679,1606bf27
1901031552633139456,这不兴叫哈哈哈哈,2498.047,1753711820,c35a3236
1901722114823131392,是抽象,2352.846,1753794142,5adbede8
1903867788553414144,这个议题可以看当下社会在机器大生产的时代我们总是追求手工工艺但是再看我们在什么东西上追求什么手工,2232.109,1754049926,8d3fe83f
1904376810779811584,翻译作品是再创造，当然属于文艺作品了,2280.086,1754110606,21f73640
1905336105902178560,1111,2456.232,1754224963,94dc5d7b
1905386536745115904,数据量都是过去的，像ai创造的一些画作都是基于历史风格，没有未来的风格。,2288.044,1754230975,2ad516b
1906081274615969024,制造业，，,2184.094,1754313794,6748a4fa
1907510299724980992,没错,2175.769,1754484147,f5dd2f0d
1909633496364914688,感觉好多代表还有别人不了解ai画画的原理。那真的就是裁缝大集合,2203.365,1754737252,142fcb13
1916012736815445248,有几个确实在搞艺术的，大部分只是在所谓的艺术行业里混口饭吃而已,2297.01,1755497717,272ec1ba
1919515972591515392,ai又不能原创，出来的东西都是人家已经有过的,2324.575,1755915335,d61f036d
1919765655767985408,确实,2390.9,1755945099,39b1306c
1920593694097511424,但是那么多人之中又有多少个大师呢？千里挑一。只能说大师难以被AI替代，但大多数普通人是很容易被AI替代的,2364.264,1756043809,288a6e7
1921471313504249600,哈哈哈哈哈哈哈哈哈哈哈哈哈哈哈哈哈哈哈哈哈哈哈哈哈哈哈哈,2384.908,1756148430,d0352b3
1924730497872245504,但是很多人其实也只是围着光圈内打转，只有少部分是能发出光的哇。ai无法完全取代，但是ai取代大部分工作应该是必然的,2449.995,1756536955,90bb401c
1937410966522432000,不愧是高材生,2428.936,1758048584,664fbc21
1944395634396738304,可是艺术的标准是很难说清的，尤其是超越时代审美的艺术,2372.895,1758881222,952047f4
1946596116557161472,同传不可能，比如自古以来，中国有句老话，你怎么翻译,2271.392,1759143540,24bc755
1953032408702466560,哈哈哈哈哈哈哈哈哈哈哈哈,2390.919,1759910805,6e0df0f6
1964145062028178176,哈哈哈哈哈哈哈哈，怎么我在非正还能听到黄子,2469.118,1761235537,f260f6db
1965470285503505664,但是现实中其实有一些需要创作的。工作他确实是会被AI取代，因为作为商业用途，AI的那个程度是完全够用的。这是我们一个从国内大厂离职的老师跟我们讲的。因为他们当时在做东西就已经套模板用AI。,2380.266,1761393516,d0b3063b
1965962475476472064,梅丽莎好好看,2271.709,1761452189,5c1cccf8
1968996492291897088,好啦ai取代不了伦儿,2435.324,1761813872,269700bc
1969411312866597120,如果人类不再进步 那AI还会是AI嘛,2414.221,1761863323,7ed3ebc
1985133228776545024,翻译读空气什么的感觉能训练,2278.757,1763737521,55203a50
1985134760192303360,可以训练,2518.973,1763737704,55203a50
1996728559007878656,ai应该是从1到60，而人是负责从0到1和从60到100的,2430.868,1765119792,74ba3500
2056102682372178688,ai模仿的只是形式,2363.539,1772197739,fa9ad547
2082958314446724096,AI只是提高效率的工具,2221.713,1775399180,a4d2be15
,,0.0,1775683732.8000336,
lb.c,,0.0,1775683732.8000336,
,,0.0,1775683732.8000336,
1895737410512720128,感觉这个有趣1,2795.193,1752988764,39108e46
1895738094108774656,意识,2662.0,1753003029,6653a374
1895738218117566720,我更喜欢作品独立于作者存在,2704.182,1753012025,729cd479
1895738283766812928,除非ai哪天学会了思考和不按常规，但是人类会允许这样的它们存在吗,2540.067,1753010137,10294f3d
1895738567352094976,主要是用得少了吧,2862.128,1753022489,61f1cb93
1895738632992952576,超超太美啦,2555.795,1753022069,1f0a24fa
1895738636633608448,真的很爱Dylan，每期必cue，哈哈哈,2649.068,1753021557,6e443ff5
1895738730552463616,deepseek是这样的！,2522.65,1753021395,6e443ff5
1895738777964876032,大左又困了,2711.853,1753025162,d6bfe3aa
1895738899238981888,阿雷一定很有语言天赋,2864.374,1753026188,3b5559de
1895738997712851200,加字游戏,2829.421,1753054603,5dbe0dac
1895739267607924992,西语里的人称变位和阴阳性很有意思，我，你，她，他，您，你们，我们，他们，她们，您们,2804.071,1753072834,293203a
1895850139940747008,工作报告AI的确是好帮手！,2543.657,1753094148,416bbb9a
1895921119618453248,作品和作者根本无法分割啊,2714.73,1753102609,e1f0140c
1896012893708357120,ai没有人生，但是ai有你们呐,2743.137,1753113550,698bab0d
1896065447497910528,语言环境很正常手能生巧,2876.525,1753119814,cc2734ec
1896479661995797760,Blade Runner,2645.459,1753169193,130b1ee9
1896654942690213632,中文是积木并且是榫卯结构,2830.122,1753190088,89807551
1896772345109555968,词根词缀 哈哈哈哈哈哈,2818.729,1753204083,1f9c8d2e
1897102321968798464,不知道为啥这个话题老是让我想起崩铁里的博士尊，我们强大的智识星神,2549.068,1753243419,f5a06ba5
1897196758887995392,AI代替不了艺术家，但AI能代替打工人，作为普通人的我是焦虑的,2757.811,1753254677,b0fb79b9
1897363087586601216,是的 英文是树形语言,2824.014,1753274505,84203b4
1897872503666875648,超超说得好～,2569.221,1753335232,c76fd2
1897944087584629760,来了看预告最感兴趣的话题,2788.137,1753343766,9cdf46e6
1898191646873602816,我靠，这个观点让我耳目一新,2536.947,1753373277,f0071fca
1898587064925435904,这个话题好！,2795.805,1753420415,a18ccce
1898596254410661632,ai如果把微醺状态也建模了之后可能就能复刻了，并且能随意还原,2581.86,1753421510,ae954710
1898596665712523776,确实，一个平庸的内核很精准,2640.395,1753421559,ae954710
1898861636539289344,而且目前可能觉得觉得AI的有些图或文字有灵性实际是观众自己的赋予这些东西的主观体验是观众自己的灵性不是AI的,2668.317,1753453146,85cd1b5c
1898899350840110848,是不是ai的记忆能力有上限的原因？,2636.01,1753457642,2ddb40c0
1898913616263543296,ganghood这个真的不是广东华侨带去的词吗江湖的粤语发音啊哈哈,2769.624,1753459343,e8831434
1899395980466646272,大左那个表情，哈哈哈哈哈哈,2727.784,1753516845,2a7b6daf
1899451219231916544,因为没有坚持每天都用ai跟它进行大量互动给它数据样本支撑，所以我认为每个人用的ai都不一样，我觉得我的ai还是挺像我的,2647.849,1753523430,cb8fc6d6
1899934260052788480,中华文化的包容性哈哈哈,2849.24,1753581013,ae954710
1900015569328667392,好喜欢这个话题,2795.283,1753590706,85e961e3
1900048826854286080,那人的灵魂是电子信号吗，如果是，那人有没有可能是超级精细的碳基“机器人”,2655.645,1753594670,37dfb466
1900281300003517184,西部世界的核心就类似这样的,2602.68,1753622383,cd73212b
1900285629850936576,确实起码目前的ai画作没有人画的灵气,2557.858,1753622899,21100105
1901048146860625152,这棵树的动画是ai生成的吧,2803.727,1753713798,bba3e7b3
1901659990159627264,对，写文也是太高大上了，不接地气,2520.306,1753786736,105f52db
1901679859307668992,前面的，你把ai想得太厉害了,2738.443,1753789104,8c5fa1a1
1901694474971820544,知人论世是解析作品的一个重要观点,2714.601,1753790847,bb1af361
1901807782567905536,小熊说法语的表情好可爱,2871.945,1753804354,6b233d5a
1902175987245469952,灵韵,2668.184,1753848248,3fc3c7dc
1903102126856042240,人的反应和情绪千变万化 ai需要基于data来学习复刻 但人心和思想复刻不了 因为你自己都不知道你到底会如何啊,2743.891,1753958652,95e70b5d
1903911544119548672,机械劳动（报告、PPT、标准化文案等等）确实适合AI,2552.306,1754055142,c29ddf0d
1905283396587498240,我也有这样的担心，毕竟大的发现是要在小的累积基础上的。如果这些小的方面都被ai包圆了，人类还会有大发现的灵感吗,2568.797,1754218680,1739167a
1905322044405448448,心理学本来就有灵魂,2690.41,1754223287,f73e1df3
1906144811317396224,我以前学英语的时候，也会想外国人学中文的体验是怎么样的,2818.823,1754321368,de5d2566
1906664836822229760,所以说语文考试里的阅读理解靠标准答案就很扯,2687.504,1754383360,16673124
1906696462252080384,感觉伦儿是语言限制了发言,2529.891,1754387130,64b0d079
1906886153408858112,好适合我英专生来听 ,2814.7,1754409743,937fdd57
1908206015506796288,ai不可能成为艺术家 这句话有问题吗？,2749.178,1754567083,d8a8f583
1910400646260643072,喜欢这个论题,2802.046,1754828703,8815c960
1912295074109538048,前面的也可能没有理解什么叫创作，ai可以实现艺术产出，但跟创作还是差远了的,2744.468,1755054537,a8fe5ea9
1912306335295954944,怪不得我学英语困难,2848.344,1755055879,cdc7bc83
1914618808048601600,说的好好,2678.049,1755331547,39959bed
1914619278565804800,大左看手机哈哈哈,2728.618,1755331603,39959bed
1915193156341953792,现在ai就是一个全领域博士只是专家。他只是没有真实世界的更多样样本数据,2569.108,1755400015,23dde82b
1915445346528739072,电脑病毒：我来看看怎么个事儿？,2576.487,1755430078,aa8cb2c6
1915986185612797696,“就没电了”哈哈哈哈哈哈哈哈,2591.443,1755494551,cd971f7f
1916852564402818816,江湖不是打打杀杀，江湖是人情世故wu～～～～～～,2764.246,1755597832,ebcfcea3
1919268751279502848,这只能证明如今的AI还不聪明，还不智能，难道AI技术不会变得更厉害吗？,2612.277,1755885864,8ff620f
1921321382714216960,信息熵大,2841.927,1756130557,c8faf44f
1922681235663422464,如果AI真达到这个高度，那AI就不是AI了，人类也危险了,2697.724,1756292664,bc17ebe1
1926387262783289344,人类作为个体，生命体验是有限的，而ai作为更高级的文明，或许会不会被我们想的太简单了。,2771.566,1756734456,d0244f28
1928566961126791424,他说的太绝对了，ai技术刚刚起步，未来的发展是不可预知的,2749.14,1756994297,cfd3a899
1928568074974780160,英文是孤立的好吧，中文是组合式的,2834.7,1756994430,cfd3a899
1952531056876225024,如果AI能够有自我意识和思想，AI就是人，人退为动物,2715.729,1759851040,3d553d69
1996732419327971328,中文很简单很适合其他民族学习 所以中国才会是一个多民族国家 并且从不排斥其他文化海纳百川,2835.006,1765120253,74ba3500
1999292041175421696,Ai man姐吗哈哈哈,2602.201,1765425383,e4630f95
2027802308762818304,这个观点好,2541.215,1768824072,8f58d927
2045095330529259520,这个想听很久了！,2795.731,1770885561,e6d149b0
2069023283827016448,AI可以创作，但是每个人有独属的成长经历，他创作的东西是独一无二的，所以替代不了个人,2739.673,1773737995,6b2b33d2
,,0.0,1775683732.8000336,
lb.c,,0.0,1775683732.8000336,
,,0.0,1775683732.8000336,
1895737617359016192,哈哈哈哈,3218.723,1752993544,a4557f7c
1895737713425355008,但是中文商务场合也会这样，中文也有客气和礼貌,2976.263,1752992710,5866b398
1895737727702765824,但是中文之前也这样，白话文运动时就有胡适“干不了，谢谢”“才学疏浅，恐难胜任，恕不从命”的案例,2975.656,1752993017,5866b398
1895737820195557632,哈哈哈 我第一遍也在疑问 你不是医生吗  结果发现卡在了中文上哈哈哈哈哈哈,3227.366,1752997558,fbf64f60
1895737998369591552,好喜欢伦儿讲故事,3143.561,1752999620,7b5f275c
1895738106876236032,伦的冷知识好多哈哈哈哈,3121.118,1753010691,450eca7a
1895738131496800512,英语四级准备,3180.027,1753009480,8fd891b1
1895738136966172928,德语出来说话,2889.523,1753008855,47376c28
1895738139700859136,日本文化有些过于客气了，反而成负担,2979.348,1753006769,13ee2db9
1895738374950981888,日文的语法结构太麻烦了,2947.238,1753012693,58c62de
1895738385889726720,语言环境真的非常重要,2880.638,1753014675,c0184399
1895738605637701888,哈哈哈，西语信息密度太低了,2887.48,1753021179,913778e0
1895738888291848448,和语言背后的语境文化有关的,3004.846,1753030941,5404f33
1895738956675780864,日语真的，可能是因为日本人很容易不安所以很喜欢叠甲,2968.764,1753036550,7a1afabc
1895739047859949824,伦儿个学霸知道的可真多啊,3138.994,1753066617,91850ea9
1895739281281356032,这解释也是费劲，中文六个字解决：有根源无系统。,3165.086,1753078062,1ea53aa5
1895813671943725312,说英文是因为没学过其他语言hhh,3058.228,1753089800,18de2fc4
1895885303986710784,七月八月是纪念凯撒和屋大维硬加进去的我记得,3103.283,1753098340,db27ad6e
1895963615233216000,月天~~~~,3088.264,1753107675,bb240a6
1895984463582683136,伦儿好棒！,3141.672,1753110160,692c8ed6
1896199650127027712,Medium well steak,3202.601,1753135813,74e59e26
1896307962851638528,Mayday！Mayday！,3084.608,1753148725,b748a01c
1896408715746876416,原来如此，怪不得烷烃的英文名是这样命的,3130.385,1753160735,30eb9777
1896433111504550144,月份的英文在西方文化中也算是历史文化的体现,3081.902,1753163643,a076c47d
1896450535448673792,杨迪太有意思了,2936.319,1753165720,9ec95bfa
1896482053151608320,文化语境不同,2926.889,1753169478,130b1ee9
1896482757568255488,看过日语邮件的结构 那是真含蓄啊 好像说“不”是天大的错,2948.052,1753169562,130b1ee9
1896753204394875904,店家不想给别人用，为什么还要设置自己的店名为WiFi名啊，这样每次都解释多麻烦,3049.958,1753201801,2677cf4c
1896946225677535744,是凯撒和奥古斯都加的7月和8月打乱的吧,3129.064,1753224811,a5fb62e5
1897250225970898176,而且13月 和 星期八这种说法 他们只能重新创造一个词,3115.972,1753261051,c5e94360
1897407157516052224,就像知道奶奶的礼物用俄语怎么说，真的那么长吗,2896.574,1753279759,d849b843
1898582067882162432,日本人说一个句子 一半都在委婉,2941.965,1753419819,76036370
1898588868694397440,敬语地狱,2954.96,1753420630,a18ccce
1898590585045603584,这个是历史上的语言融合因素吧,3060.517,1753420834,a18ccce
1898665512134126080,说普通话久了会忘记方言,2905.249,1753429766,b0850c04
1898850951616771840,为什么要留下殖民的痕迹,3157.268,1753451872,ef8bd67d
1898937681158312448,还有星期,3074.909,1753462211,b465622b
1899312426064304384,中文好比压缩包,2881.612,1753506884,714d1f13
1899359596045350144,哈哈哈哈京都人,2942.526,1753512508,48caf715
1899668818784674048,这是人为的，任何国家要是愿意这样，也能在表达一个简单含义时去延申自己的句子,2968.119,1753549370,395ce43e
1899936646569887488,还有星期。日语也要再背一次,3072.627,1753581297,ae954710
1900498638082942464,懂日语的可能会懂吧 真的巨长一段,2997.345,1753648292,8205cc06
1901004936989475584,其实赖赖的发言都挺有信息量挺好的,2962.898,1753708647,2c9403ee
1901005262887011072,好温柔啊,2994.395,1753708686,2c9403ee
1901007210696225280,日耳曼人,3145.006,1753708919,2c9403ee
1901007274919789824,棒棒,3148.423,1753708926,2c9403ee
1901007503156656384,原来如此,3165.412,1753708953,2c9403ee
1901007627769515776,很详尽诶 原来不知道,3169.51,1753708968,2c9403ee
1901036066467942912,唉确实会有些容易导致内耗,3036.179,1753712358,c35a3236
1901601973363943680,中文是象形文字发展来的,3076.554,1753779820,92f8c01f
1902328538762730496,反了,3049.595,1753866433,89ed58e
1902903884662556160,一个Wi-Fi都这么抠啊,3030.227,1753935020,96f86921
1903773304859711744,非常容易不安的日本人,2947.431,1754038663,5eebbb86
1904212771181454848,主谓宾主系表的顺序是一样的,3210.693,1754091051,4213efaf
1904516264131825920,正常吧,2882.476,1754127230,3e5e834
1904516761693761280,哈哈哈,2941.821,1754127290,3e5e834
1904516806791007488,晒伤妆,2947.196,1754127295,3e5e834
1904519028052442624,混了是吗,3179.667,1754127560,3e5e834
1904710780163548160,你习惯了，完全没问题,3083.008,1754150418,1606bf27
1906026731576451328,这个确实有点直接了，中式中也确实可能存在这样的,3018.666,1754307292,c8137052
1906684917807754240,英文比法文容易,3070.951,1754385754,1327ee61
1907637741270252032,呜呜呜英文里器官名词和病的名词和相应科室名词真的大部分完全不一样，太痛苦了真的完全不一样,3237.084,1754499339,ff8d4f0a
1907900244344148736,？我们大学老师都说英文天生自带逻辑……,3046.075,1754530632,21c98764
1907939231465567232,哈哈哈哈哈哈集合,3078.613,1754535280,27e7f95a
1908208058292258560,日本好累,3042.943,1754567326,d8a8f583
1908238397278553600,想委婉也可以委婉呀。只是大家觉得太装不那么说了,2986.636,1754570943,a4b37ddf
1910303699142508800,所以我总觉得他们说话烫嘴？,2905.236,1754817146,664d29dc
1910306040881807360,忍。哈哈哈哈哈哈哈哈哈哈哈,3034.062,1754817425,375127a9
1910306198109537280,濑濑刚来时候的梗,3034.062,1754817444,375127a9
1915449847520377088,动物名+肉表示某种动物的肉。这是几千年沉淀下来的智慧,3051.605,1755430615,aa8cb2c6
1915991236444326656,萨沙好搞笑哈哈哈哈哈哈哈,3217.489,1755495154,cd971f7f
1916226599335198464,donde donde,2931.706,1755523211,41d23346
1916228677268589568,wow,3173.682,1755523459,41d23346
1916315156007532032,前面的，除了没有小贝拉逻辑,3181.139,1755533768,299590f4
1916619295518292480,哈哈哈哈哈哈哈,2919.677,1755570024,51f2909e
1919962561386910208,不安,3011.16,1755968572,3bd57624
1920500537993289984,这个就是我想吐槽的，英语的日期真的好难记,3060.432,1756032704,7b3cb016
1923466522425711872,伦儿才是真正的博学学霸,3150.234,1756386277,a82a2ebb
1929348917360019200,其实中文更没有逻辑，就是你想怎么说都可以，主要就是看积累量了,3057.608,1757087513,467053b4
1932308120081196032,我第一次在国外吃牛排 说五分熟 five，服务员大问号,3201.353,1757440278,52ac390e
1938326182697830400,对对对，这个很麻烦,3032.573,1758157687,69dfa122
1944620545828698368,10个月 那年都要过错,3124.155,1758908033,1875fd96
1960152989767726848,词源太多，还要混着不统一,3101.673,1760759645,7bf5ae5
1960315171222860288,商务对话,2985.653,1760778978,99cb8cc6
1970391830956991744,英语学渣产生了一些不好的回忆……中文换个字就能表达清楚的事儿，在英语里面要挨个背单词,3201.922,1761980210,f517d2b4
1971032280625968128,这不叫逻辑，这叫历史渊源，如果英语本身有逻辑，他就该根据自己的语法规则来解释这些东西，而不是照搬别人的,3173.232,1762056557,9574db04
1986522542408234752,著名“星期八”哈哈哈哈,3064.179,1763903140,2a9d92f9
1988680519910594304,好可爱的语气啊,3211.732,1764160391,c847ffba
2015997122545654016,凯撒大帝修改了历法，十个月变成12个月,3118.741,1767416784,ae954710
2029776380103077120,都去店里吃饭了还不让用WiFi确实不厚道,3021.134,1769059400,361d239
,,0.0,1775683732.8000336,
lb.c,,0.0,1775683732.8000336,
,,0.0,1775683732.8000336,
1895737449360363776,哈哈哈这个音效,3434.307,1752989690,dd38837b
1895737554259906816,汉语自带超链接,3502.689,1752990382,7e894dc7
1895737698191642880,英文不是也有一些语气词吗,3463.7,1752993765,534bf33e
1895737702964760832,现在小孩学典故也是这样的,3515.271,1752993777,5866b398
1895737848280617216,所以他们上大学贵的要死,3301.863,1752995548,136254b6
1895737891691663616,如果目标是跟人勉强交流的话，很简单,3388.746,1752996103,7864b331
1895737902630408448,哈哈哈哈哈哈,3542.495,1752996835,e868d6e6
1895737928165331200,对啊对啊，本来就是啊，所以那些鼓吹国外如何教育平等的，本来就是扯别的，首先连语言就是不平等的门槛很高的,3270.78,1752996508,e868d6e6
1895738086819074304,感觉我和听英语一样,3398.682,1753007529,2f987c3c
1895738104141549824,我听英语听力也这样,3398.818,1753008039,fbf9b322
1895738124207100160,这里应该是well,3591.94,1753002948,90a344d5
1895738260068995328,语言浓缩ww,3415.286,1753013167,58c62de
1895738461571748096,亚洲语言普遍是这样的，主要还是大中华地区辐射,3581.0,1753014800,b345a1e6
1895738525392277760,我也发现了这个问题,3257.235,1753015917,6ee65ea5
1895738653964472576,此处BGM已经日本风格,3569.688,1753025562,226099f9
1895738823556960512,太where了哈哈哈哈哈哈,3558.444,1753026489,8ad6ba0b
1895738935712649472,我感觉老王就这几期非正下来汉语都有进步了,3428.469,1753027972,8d665d98
1895738962153541888,其实我现在在英国生活，无论是跟哪个国家的人说话，我经常回答嗯，他们都可以听懂，真的很方便很中文的表达,3471.945,1753054895,973da82
1895738991337509120,前面啊？的点在哪里？？,3505.733,1753067454,43cb6c93
1895739004096581888,我也才知道,3285.669,1753033782,d5c5e535
1895739009565954304,哈哈哈哈哈哈哈哈哈哈,3317.609,1753068397,f7934ca3
1895739326890217728,成语是超链接，所有熟语俚语和歇后语才是压缩包,3537.481,1753078668,1ea53aa5
1895809281815646464,最惨的是日本人，在这些基础上还要翻译成片假名背,3285.983,1753089277,d2fc1204
1895891365066548224,汉字自带压缩包超链接,3506.18,1753099062,1eeaccb8
1895906708459891456,哈哈哈哈哈哈哈哈哈哈哈哈,3542.014,1753100891,8223018c
1895917280982994176,弹幕呢？,3380.471,1753102152,4365b2b7
1895937886776867584,戴卢可是佛拉芒人,3461.641,1753104608,be52f108
1895945065151751424,1,3469.14,1753105464,83719079
1895974459136292096,老王这个手指的动物太萌了哈哈哈哈哈,3368.702,1753108968,c5fcbd94
1896736230398801920,迪伦想介绍哈哈哈哈哈哈,3285.135,1753199778,b9816bbd
1896738375130942976,哈哈哈哈哈哈哈哈哈哈杨迪太有梗,3552.143,1753200034,b9816bbd
1896773498131941888,不想听，不想了解医学法学这类太专业性的东西,3330.832,1753204221,b176604b
1897146857139167488,吧 吗 哦 ,3449.353,1753248729,35645b71
1897148948762767360,中文常用字2千～三千字，医学法律都能看懂（每个字）英文你得重学,3300.605,1753248978,729e3ab7
1897240958723524864,他是整形医生,3245.183,1753259946,c05066cc
1897344309032788992,HHHHH,3548.929,1753272267,e724095e
1897353674855129344,老王的汉语是靠“百家饭”成长的啊,3413.629,1753273383,d403eb94
1897959016110826496,我感觉日语表达比中文更模糊，但欧语系应该比中文清晰,3481.107,1753345545,9cdf46e6
1898037661450136320,没有语言是难的，融入当地都很容易学会,3360.179,1753354921,6ba6f998
1898147251440773632,学医的英文巨长一个单词,3249.832,1753367985,33c2f0de
1898595100549340416,yeahhh和“え？”的洗脑率也很高,3442.216,1753421373,a18ccce
1898595474438069760,好的，收到,3466.201,1753421417,a18ccce
1899889882369721088,然,3577.428,1753575723,3e3ca627
1899940569846165248,英文里的humm不就是这种意思吗,3483.17,1753581765,ae954710
1900248293867858176,看吧~,3476.886,1753618449,1bd801ae
1900268259098969856,大学学心理学法学，专外学的人想死，开卷我都累死，必须背一些，不然翻都翻不到,3309.209,1753620829,68efaa5c
1900386229888349440,害,3588.413,1753634892,33977ab
1900504034642194432,而且现在还在一直造新词 网络迭代也很快,3536.387,1753648935,8205cc06
1901038009001065984,确实，会有专业壁垒,3267.74,1753712590,c35a3236
1901043281199645696,整形医生不背专业医学词汇吧,3248.477,1753713218,ae954710
1901055028312566528,嗯 用英语的yeah 不行吗,3513.992,1753714619,bba3e7b3
1901699298253806080,哈哈哈哈哈哈哈哈哈,3555.241,1753791422,bb1af361
1902215296740708608,中文一个哦～～～能表达很多意思,3489.451,1753852934,167a1194
1902491000623422720,生物学全是拉丁语,3260.405,1753885800,59b380d7
1903115360002498048,汉文人点了,3530.814,1753960229,95e70b5d
1904402415873511680,哈哈哈哈哈哈,3438.59,1754113659,6327891d
1904520475078927360,我也想听伦儿讲历史,3336.829,1754127732,3e5e834
1904713978178131968,你会不会说重要的是环境问题，像我现在的应试教育，会看和阅读英文，写和说就很差,3417.528,1754150800,1606bf27
1904714897275852288,很多更复杂的，很多中国人也不知道,3523.445,1754150909,1606bf27
1904715420767052544,不就是看语气的吗,3577.83,1754150972,1606bf27
1906688697462662912,小姐姐英文很好好听 不是脖子右柠哈哈哈,3466.311,1754386205,1327ee61
1907359113126774016,粤语无障碍～喺！,3563.437,1754466124,d9a3acb1
1908669758451742720,还有古希腊语,3297.211,1754622365,f41917e3
1910307226334185216,让伦讲下历史,3294.697,1754817567,664d29dc
1915992112592547840,我想听伦说,3296.419,1755495258,cd971f7f
1915994372726802176,四姐reaction好棒,3542.21,1755495527,cd971f7f
1916230844314519808,语言还是要在环境中学,3421.751,1755523717,41d23346
1919282737379220480,匈牙利语也非常难,3351.111,1755887531,8ff620f
1920520378267664128,意群,3403.007,1756035069,99536495
1921097014738263808,陈铭老师说的吧,3438.683,1756103810,bc1232f7
1921950390136930304,就跟中国的好字一样，有时只是表示听到你话里的信息而已,3576.112,1756205540,91f228fb
1926835259497439744,经常看着看着觉得他们几个老外把中文说这么溜好厉害,3412.989,1756787862,b97e7a27
1938829039104673792,笑死我了，这句话谁说的？,3434.256,1758217632,c1c7a66
1996737031745336320,并非,3352.126,1765120802,74ba3500
2011293092187681536,哈哈哈和我对日语的感觉一样，，，呆了10年多 后面觉得是没有尽头的,3529.002,1766856020,1bdc989c
2012585087044033536,这个确实 日本的法律和医学基本是学习德国 舶来词也是基本用德文音译,3321.095,1767010038,83537bde
2018529617530469888,秦嗨汉诺,3562.248,1767718681,a29de8f8
2021310047682553600,是的,3262.826,1768050134,9ae24a60
2035768047671333888,法律也是一样的。中国法律也一样,3275.017,1769773662,f466f7d8
2038743529190839040,先学字，以字正音，阿拉伯人有这个意识，所以他才能学这么快，欧美人完全没有文字的概念，所以觉得中文最难,3384.196,1770128367,7966ad44
2038746329182394624,表情语言，本来也不用翻译,3590.184,1770128701,7966ad44
,,0.0,1775683732.8000336,
lb.c,,0.0,1775683732.8000336,
,,0.0,1775683732.8000336,
1895737386328363264,哈哈哈哈哈哈,3617.105,1752987469,882cd619
1895737509229859072,哈哈哈哈哈哈哈哈哈哈,3676.144,1752989498,59dfb4d2
1895737583057998080,天啊，67个字母组成,3637.073,1752989336,eb069b0d
1895737632492065024,来个短的,3853.378,1752993748,6cf1571
1895737693435302144,哈哈哈不许总结,3609.164,1752993497,6cf1571
1895737816580067584,这里字幕错了，表音文字,3890.122,1752995204,5579ad8f
1895737979226788096,这一季字幕太多错误了，怎么回事啊，中文外文都错,3896.211,1753006124,aab7b18b
1895738066770301184,日语和韩语是不是也是？只要会拼都会读，但是意思得再记,3906.105,1753001542,545954c8
1895738087733432576,哈哈哈哈哈哈哈哈哈,3845.99,1753000556,7b5f275c
1895738152468320512,哈哈哈哈哈哈哈好可爱,3651.946,1753012041,d93d12d4
1895738180737929472,巴别塔,3742.261,1753008044,a62ceb35
1895738275562754304,英文就有刚刚说的英法问题导致逻辑混乱,3943.0,1753015298,b345a1e6
1895738327530180864,日语是半拼音，保留部分中文,3886.0,1753015152,b345a1e6
1895738332093583616,象形文字就是比拼音文字要方便的,3886.0,1753015173,b345a1e6
1895738336648597760,所以传播效率很高，且没有文化断层问题，所以逻辑一直能保持,3943.0,1753015269,b345a1e6
1895738357620117760,想起之前看的用各国语言唱知否。到俄语就跟念咒一样,3849.285,1753016974,910793e9
1895738458845450496,啊啊啊最喜欢听大家聊各语言的特点！这是我当年看非正的初心,3614.056,1753016407,a354f0d2
1895738658519486720,愚者无畏也是一个压缩包呀，它不是常规的意思，俄语也可以生成一个压缩包,3826.746,1753025972,fe92a296
1895738785262964992,哈哈哈哈哈哈,3817.962,1753023551,ef8f951e
1895738933883932928,头晕了,3644.316,1753035085,13a0d4c4
1895738979476017408,确实，看小Q联合国的时候同传俄语的信息密度好低,3838.236,1753041245,cdfc31da
1895739066096783616,哈哈哈哈哈有意思,3612.271,1753067134,91850ea9
1895739104407556352,突然想起之前埃及代表穆小龙的名字也很长,3658.216,1753041498,4e76690
1895739162750324992,尼采：事情没有对错 只有视角不同,3726.186,1753073245,cb0b74b0
1895739177338114304,哈哈哈哈哈大家注意有位烫嘴的德国人要来啦,3629.774,1753067187,91850ea9
1895792428078861312,还真是,3941.511,1753087268,3a31dcb7
1895853082563739136,好漂亮啊,3705.421,1753094499,dc02669c
1895873710125642496,湖南话“搞”也有好多意思。,3601.591,1753096958,29a218df
1895907346799683328,翻译是代表自己翻译的,3697.145,1753100967,d0a706e0
1895978079743661568,decode（语言学人惊坐起,3717.032,1753109399,c5fcbd94
1896108421095192320,姐姐的专业和今天的话题好适配，语言差异,3706.185,1753124937,7388c77a
1896515341271146240,我喜欢这个话题，有意思,3616.444,1753173446,b99d4a1f
1896518162234223872,信息熵,3876.963,1753173782,b99d4a1f
1896543132645330432,这颜值，太好看啦！！！！,3695.311,1753176759,832cc876
1896780626377012736,不动产超级抵押,3636.607,1753205070,1f9c8d2e
1897154366721285632,我又要骄傲了，联合国文件里，就属中文那本最薄（叉会腰）,3813.058,1753249624,729e3ab7
1897941956827989760,都在酒里了,3865.043,1753343512,8b93c9d9
1898002374233537280,好像现在学校初学英语不给学音标了？,3917.24,1753350714,2a453a04
1898102017021935872,满分5,3789.416,1753362592,b29ebb7b
1898156268347363072,我记得我初中那会有学音标 但是不会重点去考,3923.454,1753369060,33c2f0de
1898512243499875328,大左表情笑死我了哈哈哈哈,3865.395,1753411495,4b7d9bf5
1899331643441710592,哈哈哈哈哈哈好可爱,3679.808,1753509175,1091612d
1900180799328848384,确实像吕一,3719.965,1753610403,115a0075
1900386773294106880,不对不对,3653.208,1753634957,33977ab
1901012436203785984,强行闭麦,3615.255,1753709541,2c9403ee
1901013060701833216,字幕乱回了,3657.418,1753709616,2c9403ee
1901170929900720384,还确认下对不对哈哈哈哈,3831.848,1753728435,aa15251e
1901171333829032960,给陈铭总结累了,3859.411,1753728484,aa15251e
1902159930518213632,六书,3947.484,1753846333,705b52ba
1902331185083402240,大学选修语言学讲过这个区别,3951.181,1753866749,92f8c01f
1902335700813538048,分析语,3890.528,1753867287,89ed58e
1903671238854313216,大学老师也一直强调要用外语的语境去理解外语不要纠结于对应中文是什么,3741.737,1754026495,b7a9b2eb
1904763067708153600,萨沙真一点口音没有啊,3759.038,1754156652,ddee2dcd
1905858903875679232,梅丽莎中文好好,3688.86,1754287285,7becfa2e
1906691517007991808,德语也是,3801.725,1754386541,1327ee61
1908906630024663808,俄语∶入门即入土，但不得不说俄语听起来是真的好听,3783.319,1754650603,43d421ca
1913917196015940096,法语也是,3808.423,1755247909,62e4d313
1915995900275556352,好喜欢梅丽莎,3713.265,1755495710,cd971f7f
1916030022574273280,语言的背后是思维逻辑,3695.995,1755499777,272ec1ba
1916079700078810368,忙啊，忙点好啊（doge）,3835.762,1755505699,746f4806
1916625392777953536,很有意思这趴,3621.459,1755570751,51f2909e
1920356151963837440,韩语就是,3912.685,1756015492,954b058c
1920523017751516672,专业的来了,3686.052,1756035384,99536495
1920524371614198784,对!!!!!!,3843.108,1756035545,99536495
1921484775709746688,又美又有学识，太厉害了姐姐,3711.137,1756150034,d0352b3
1921487725823974144,标注拉踩还是没必要哈哈,3945.676,1756150386,d0352b3
1924956553183220992,俄语语法确实难,3781.888,1756563903,e498a6f4
1928311481842799872,我怎么看到了autumn,3673.982,1756963841,272b951b
1929831823954261248,终于说到重点了，一维语言与二维语言,3932.368,1757145080,df7cc456
1937964820096246784,及格了,3795.295,1758114609,ea665755
1940204146955817728,这段话题讨论味道对了！！,3623.895,1758381557,add21500
1947129987367245056,萨沙有口音的，东北口音哈哈哈哈哈哈,3767.265,1759207182,ecb24fe1
1954999544181936896,我们是造字，其他语言是造词，我们是组词,3892.371,1760145306,fb6e727e
1960973806940170496,还有俄语的字感觉都一模一样233,3802.199,1760857494,8b1c7d51
1965271622538264320,字和词不一样啊，汉语的词能数清吗,3769.495,1761369833,b509e6de
1966180469729066752,对的，中国还有很多种方言呢，都是文化,3734.607,1761478176,33978299
1983664562083361280,老王的哇太可爱了,3664.275,1763562443,c53f17b0
1985149511878330880,陈铭没有总结的终究还是要来的,3681.241,1763739462,55203a50
2004619822436624640,上文言文,3868.638,1766060504,ffa3828d
2038747074585654784,这更像造了个固定搭配短语，而不是单词,3646.077,1770128790,7966ad44
2057933376119917312,好漂亮,3689.333,1772415975,dc69dd68
2072056217312398080,母语是汉语好骄傲啊,3882.558,1774099549,f82fb2da
,,0.0,1775683732.8000336,
lb.c,,0.0,1775683732.8000336,
,,0.0,1775683732.8000336,
1895737662774939904,再次安利陈老师的有聊，想了解陈老师对一些话题或者事物的看法的一定要看,4023.906,1752994396,534bf33e
1895737685701005568,俄罗斯女排功勋教练卡尔波利,4271.389,1752994558,7b2fe900
1895737697243730176,俄罗斯队那几年发挥起伏很大，拦防水平下滑了很多，换谁谁都得生气，卡尔波利老爷子不生气才怪了,4283.614,1752994661,7b2fe900
1895737894426349824,还真想听下去,4177.285,1752997978,c7bc6e63
1895737925430644992,不想听,4197.99,1752997336,ca646aae
1895737966459326720,哈哈哈哈哈 我开始逐字学习  doge,4196.912,1752998636,fbf64f60
1895738073137254656,中文是超链接语种,3984.747,1753006704,39499903
1895738140615217408,哈哈哈哈哈哈哈哈哈哈哈哈哈哈哈哈哈哈,4310.057,1753009910,259fe52
1895738233619714304,陈铭老师还想听！,4182.484,1753007774,53b79af0
1895738266444337408,的确，中文很感性,4124.538,1753015157,ef682fb2
1895738305652691200,这个好有意思哈哈哈,4208.39,1753014222,b1b00e21
1895738500780101888,man,3975.847,1753018973,f4eb18b5
1895738511718846720,音译在中文里很少见的，因为我们几乎啥都有对应的,4145.0,1753015534,b345a1e6
1895738631164236032,所以中文真的很美,4112.951,1753025099,a7349199
1895738649401069824,喜欢听陈铭老师说,4192.35,1753025462,105f8ab8
1895738683140051200,粤韵风华请你来学,4228.784,1753024098,99272c49
1895738787997651200,语言这个可以多出几期,4134.263,1753026762,d6bfe3aa
1895738869149044992,偏误,4027.411,1753027772,838e3436
1895738996798492928,哈哈哈哈哈,4203.489,1753035239,187c324
1895739035092488448,还想听,4147.312,1753067760,91850ea9
1895739036006846720,喜欢陈铭老师这期的总结,4148.159,1753035184,187c324
1895739102570451200,哈哈哈哈哈哈哈哈哈哈画,4154.529,1753069234,f7934ca3
1895739191011545344,Hahahaha ,4072.191,1753068882,8c10ef2b
1895793939530218240,嗷～都是……   太地道了萨沙哈哈哈哈哈,4258.574,1753087448,d8c0c6fa
1895917244123625472,希望陈老师说完，简直是精华部分哇,4200.455,1753102147,7d881d54
1895984355831034368,白帝圣剑，御剑跟着我,4280.148,1753110148,25b891ad
1896017901253990656,优先使用枝丫哦,3982.02,1753114146,487f1d6
1896022503672487424,这里也有佛（,4070.515,1753114695,698bab0d
1896322597734351360,中国诗真的作为一个中国人很骄傲，太美了，意境美，有的读起来也美,4105.965,1753150469,996c2fe2
1896460121219883008,好像是这样,3981.646,1753166863,9ec95bfa
1896520846001502976,但是这个总结我喜欢，涨知识,4086.27,1753174102,b99d4a1f
1896521961702968320,还想听，再说个五块钱的吧,4156.119,1753174235,b99d4a1f
1896676574695453952,普希金,4263.726,1753192666,54d3f224
1896725566901062400,哈哈哈哈哈哈哈哈哈哈哈哈哈哈哈,4310.07,1753198507,22445c1f
1896730106723395328,哈哈哈哈哈哈哈这期太有意思了,4209.816,1753199048,9cb4590f
1897010015916183808,对对对跟机关枪似的整个赛场都能听到,4272.545,1753232416,d539e6d1
1897077275255051776,哈哈哈哈哈哈哈哈哈,4190.698,1753240434,3c157400
1897174036765635072,陈老师的总结太棒了,4168.585,1753251969,edbe14cb
1897392318966345984,或许是“道”，但也确实不完全一样,4138.271,1753277990,bbeae81b
1897423909876315136,语言都基于一定逻辑啊，像一个公式往上套，怎么没逻辑了，汉子的构成组词都有逻辑思维啊,4200.979,1753281756,d849b843
1897862636431858688,没听够哈哈哈,4177.458,1753334056,c7d94c30
1897882039651485952,鸟语花香,4319.548,1753336369,5e6db3f9
1897898935013042688,可恶啊这次刚好是我感兴趣的话题,4161.582,1753338383,47a0e8bd
1898160146023362048,这点我作为留子真的深有体会 写英文论文的时候真的是一连二 二连三的感觉 不然会扣分的 但中文很少直接表达这么明确的,4143.613,1753369522,33c2f0de
1898164993313185792,其实古人造字也走过这条路，比如光马就有一百多种，骢骊骓骏骥骁，后来发现这样下去不是个事儿，太麻烦了,3975.043,1753370100,a725bfc4
1898638624019697408,我还没听够,4148.66,1753426561,71afd37d
1898787820446409728,反而英语会听就能拼写出来,3998.591,1753444347,636af638
1899369447870135552,涡轮苏卡！,4306.429,1753513682,3873c0bd
1899754244643268352,我也特喜欢听,4184.346,1753559553,a03bc12f
1899892586974535168,萨沙,4214.495,1753576045,3e3ca627
1900097116832440064,可恶，真的回味无穷啊，陈老师你再讲会儿吧,4169.039,1753600427,664e896
1900296271730859520,哈哈哈哈哈哈哈,4317.511,1753624168,cd73212b
1900392088978706688,笑鼠了,4276.249,1753635590,33977ab
1900392259451958016,太好笑了哈哈哈哈,4296.513,1753635611,33977ab
1901016738342964736,中文是体验,4037.216,1753710054,2c9403ee
1901019576444265728,过分了过分了,4306.717,1753710393,2c9403ee
1901803584791174912,一点也不短，(◐‿◑)﻿,4062.857,1753803854,f40bc1cc
1902041048625348864,不是道，更像理,4143.516,1753832162,18259142
1902331840049217792,感觉中文好美啊，艺术,3990.092,1753866827,92f8c01f
1902332906249409792,中文是瑰宝,4117.378,1753866954,92f8c01f
1902468908746143744,下次是什么时候,4190.613,1753883166,23568bd4
1902949917157764864,言有尽而意无穷,4173.006,1753940507,ca017a5
1903624783280088832,喜欢这个总结！,4097.385,1754020957,f0de91b3
1903829280824533504,我也喜欢看总结,4089.384,1754045335,5f529759
1904583630937199616,赞同，中文逻辑不严谨，甚至会出现颠倒黑白的情况,4118.207,1754135261,b6ee8bbd
1904685207156790528,西班牙拿铁,3995.688,1754147370,7bcfa025
1904719537870318848,中文里面的山有很多很多种,4043.343,1754151462,1606bf27
1904720340727399936,是的，我们中文文字逻辑不强,4117.347,1754151558,1606bf27
1905164537058565632,主持人就是控场的，时长要他负责控制的，没办法的,4223.159,1754204510,630e768b
1905314751845161728,元素周期表,3987.742,1754222417,2eb47862
1905861314233136128,陈铭懂得好多,3967.821,1754287573,7becfa2e
1905869100798891776,你们要聊这个我可就精神了,4216.222,1754288501,acf5d39a
1906539827319374592,哈哈哈哈,4241.001,1754368458,58d57e1c
1906540589273325824,哈哈哈哈哈,4310.782,1754368549,58d57e1c
1906688755184680448,桶装水瓶装水.v,4007.948,1754386211,819e3004
1907523442576883968,绝了,4169.636,1754485714,f5dd2f0d
1907644947604512512,等红灯是在等绿灯,4082.438,1754500198,ff8d4f0a
1907980387771732224,苏卡起手23333,4316.445,1754540186,e06c8437
1910170930404237824,圈粉le,4176.937,1754801319,738a73b
1910230441924162816,陈老师唱了一段跳一跳,3992.914,1754808413,f1feee36
1914555673774369536,山峦峰,4041.505,1755324021,c8be969c
1914633198378391552,白帝圣剑哈哈哈哈哈哈哈,4283.877,1755333263,39959bed
1914709549752189952,太好玩了哈哈哈哈,4297.298,1755342365,7dd1e666
1915999561113992960,哈哈哈哈哈哈哈哈哈,4246.601,1755496146,cd971f7f
1916629292717141760,不会这集都是滴滴滴滴滴吧,4207.55,1755571216,51f2909e
1916847819730828288,老王对中文的运用很通感,4059.05,1755597266,b575b51f
1919200580753647360,喜欢的话题总是听不够，不喜欢的好长，譬如什么信息信息，看到就头晕,4182.566,1755877737,ab909100
1920259340867743488,哈哈哈哈哈,4082.777,1756003951,6fe7767c
1920526322502341120,如如不动,4063.914,1756035778,99536495
1921992866163510272,哈哈哈哈哈,4082.943,1756210604,82b54504
1928582631055161600,我不同意，山我可以解释为突出地面很多的土或者石头,4048.353,1756996165,cfd3a899
1929016966887768832,喜欢语言期,4125.882,1757047942,bd775eca
1929832194772670464,这就叫降维打击,3960.908,1757145124,df7cc456
1932317703025618944,哈哈哈哈哈哈哈哈哈哈,4305.693,1757441420,52ac390e
1937429935681908224,好喜欢陈铭老师的总结 学到很多,4147.093,1758050846,664fbc21
1937697910745701120,其实还是有点口音,4237.83,1758082791,aeeff0bc
1938017766129012736,你不是外国朋友吗？,4224.433,1758120921,bd77f5f3
1943402323418697728,我认为中文是活字印刷术,4043.986,1758762810,fe599c6c
1952092445781283584,苏子开头列字结尾,4254.784,1759798753,b1e41dca
1960114288949624320,我也看了那个视频！！！！俄罗斯教练太凶残了！！！你们可以去网上搜,4271.027,1760755031,6a7c628d
1970983019397520896,听不懂俄语，主要看表情和神态啊哈哈哈,4293.443,1762050685,f517d2b4
1987896814821010944,记笔记。,4214.037,1764066966,a87e4250
1992810780202441728,哈哈哈哈哈哈哈哈哈,4311.986,1764652757,b087944c
1998380675866813952,四姐咋回事，怎么剪这个发型了，还是长发好看,4266.798,1765316740,ffa3828d
2005918499490857216,还得是秦始皇,4012.384,1766215319,11aba778
2027816003223746816,logic,4125.294,1768825705,8f58d927
2035829821229662976,不垢不净，不增不减,4079.032,1769781026,f9735bbb
,,0.0,1775683732.8000336,
lb.c,,0.0,1775683732.8000336,
,,0.0,1775683732.8000336,
1895737401436246272,怎么可能放出来,4342.782,1752987653,5aaa7626
1895737677907988736,啊？不是爷爷辈吗？,4418.736,1752994538,591a47e1
1895737751501246720,哈哈哈哈哈哈哈哈哈哈哈哈哈,4437.159,1752993639,c76f245a
1895737760066015488,爸爸的哥哥不是大伯吗？大爷不是爷爷的兄弟吗,4416.924,1752994737,5866b398
1895737777631760640,那应该听不了泰勒斯威夫特的这首歌吧哈哈哈哈哈哈,4668.85,1752994975,534bf33e
1895737803896492288,老王大好人啊,4585.286,1752995672,ce21b857
1895737832879132928,哈哈哈哈哈哈哈哈哈哈哈哈哈哈哈哈哈,4627.772,1752994815,534bf33e
1895738113259966720,不愧美食博主，这都能跟吃的联系上,4448.927,1753008271,13ee2db9
1895738151553962240,哈哈哈哈哈哈哈陈老师,4623.234,1753004086,e967e3fc
1895738287424246016,哈哈哈哈哈哈哈,4660.359,1753013919,fbf64f60
1895738324795494656,不像演的,4542.675,1753011315,47aef417
1895738367652892928,哈哈哈哈哈哈哈萨沙,4524.058,1753014007,5041b929
1895738494396371200,哈哈哈哈哈哈哈哈,4648.252,1753020067,eabe6363
1895738752438341888,大爷就是伯伯的方言啊,4420.588,1753027986,302e2cd4
1895738870055014656,哈哈哈哈哈哈哈哈哈哈哈哈哈哈,4627.886,1753030164,ea25d4d6
1895738921124860160,鸟语花香,4334.495,1753038594,23ddeab7
1895738943002349824,我笑的不行了,4567.735,1753035604,187c324
1895739028708757760,那确实不好，癌症很痛苦的,4375.493,1753037991,7a1afabc
1895739033272160512,北方大爷就是爸爸的哥哥，还有些地方会叫大爹,4422.924,1753038056,7a1afabc
1895739051508994304,比利时，荷兰，不由自主地dudududu,4370.072,1753045018,cdfc31da
1895739054243680512,这期太好看了哈哈哈哈,4582.978,1753035619,187c324
1895739071566156032,全世界的趋势哈哈哈哈哈哈哈,4405.411,1753069485,f7934ca3
1895739076129558784,看来还是妈妈重要哈哈哈哈哈,4448.138,1753069527,f7934ca3
1895739088888631552,靠北不算？,4416.782,1753068705,d4e31129
1895739092537676032,笑得我肚子疼,4397.34,1753062755,928dfa68
1895739105305137408,是红大爷,4418.911,1753072489,63882395
1895739118072598784,哈哈哈哈 老王太可爱了,4587.157,1753061525,67cfac19
1895739125362299136,哈哈哈,4564.19,1753070523,86ed341b
1895739337812185344,哈哈哈哈哈不愧是学霸,4661.75,1753080270,928ebf4c
1895833647970618624,哎 闽南话林北就是 可惜唐大哥不在了,4408.122,1753092182,717a589b
1895902750144143360,这个还……,4321.524,1753100419,738625c6
1895907869804003328,本来就听不懂，那听不听得到又有什么关系呢，在公共场合说脏话本身就是不文明的行为,4360.674,1753101030,b41d23bf
1895908179586673152,哈哈哈哈哈不行了笑哭了,4388.324,1753101067,8e85fd5f
1895927466716137216,哈哈哈哈哈哈哈哈哈哈哈哈哈哈哈哈哈哈哈,4394.076,1753103366,4365b2b7
1895928548712294912,哈哈哈哈哈哈哈哈哈哈哈哈哈哈哈哈哈哈哈,4520.928,1753103495,4365b2b7
1895982829658685952,我也是,4675.5,1753109966,42cad9e5
1896001296768195840,哈哈哈哈哈哈哈哈哈哈哈哈,4677.235,1753112167,ee1f6f9b
1896400773932488448,哈哈哈哈哈哈哈哈哈哈哈,4598.659,1753159788,e1f0140c
1896512698288793600,跟我们见外了不是,4365.396,1753173131,6a042d86
1896514385674094080,老王又拿吃饭举例哈哈哈哈哈哈哈,4454.776,1753173332,272cb156
1896608734999507456,满意满意特别满意,4371.008,1753184579,6958d185
1896642155020717056,苦肉计哈哈,4590.242,1753188563,445a39f6
1896642936713124608,对对对,4676.515,1753188657,445a39f6
1896696260124513024,自爆型劝架,4561.628,1753195013,fc5c5aac
1896763454762194688,他们不会哈哈哈哈哈哈哈哈,4569.196,1753203023,b9816bbd
1896765768927379200,哈哈哈哈哈哈哈哈哈哈哈哈公费报仇,4542.799,1753203299,e8be185e
1897011300463673856,有带大爷的,4411.438,1753232569,d539e6d1
1897013120430860032,老王好吃的没白吃还挺有劲,4613.994,1753232786,d539e6d1
1897218638458098176,讲的好可爱呀哈哈哈哈哈哈哈,4468.158,1753257286,d9749c34
1897324740884846080,我也是,4678.681,1753269934,8693b549
1897363774932184320,想了解的可以自己找找一些俄的生活vlog之类的,4361.289,1753274587,d403eb94
1897426030323611648,哈哈哈哈哈哈,4387.518,1753282009,d849b843
1897430303178371840,陈老师梦开始的地方,4635.859,1753282518,d849b843
1898107734009310976,有的，闽南话里面的靠北就是,4409.048,1753363274,b29ebb7b
1898140754749313024,拉开了已经,4552.403,1753367210,9a457285
1898604176352239360,风和日丽，鸟语花香,4320.185,1753422454,a18ccce
1898604469584211456,这么长一段吗救命怎么还没完啊哈哈哈哈哈哈哈哈哈,4334.886,1753422489,a18ccce
1898827115965592320,大爷，不是大爷爷啊,4423.334,1753449031,1ffa9383
1899264598080031232,果然是美食博主,4449.549,1753501183,d04c374a
1899496872319092736,凉菜哈哈哈哈这个比喻,4441.171,1753528872,3820b86
1900043563572775680,到底是啥？好想知道,4348.134,1753594043,3ad68769
1900320971148192768,被带歪了，哈哈哈,4644.234,1753627112,968d7bd9
1900998015238881792,0帧起手,4521.96,1753707822,478a57e2
1901003546199856128,北方不说大伯，都是说大爷,4429.826,1753708482,2216f793
1901074396593528576,坑爹只是调侃 上升不到骂人,4438.056,1753716928,bba3e7b3
1901091973570498560,放出来吧，反正听不懂,4334.352,1753719023,18259142
1902337660274969600,哈哈哈哈哈哈哈哈,4604.007,1753867520,92f8c01f
1903081973443330560,哈哈哈哈哈哈,4535.647,1753956250,623dd44
1903082273570880768,哈哈哈哈哈哈哈哈,4568.091,1753956285,623dd44
1903781401921761536,其实有用,4589.383,1754039628,1ddd0afb
1903806233291993600,老王那么有力吗,4603.096,1754042588,29c7c55b
1903952397949739520,这个情节 解放西 看过一样的，哈哈哈哈哈哈,4560.019,1754060012,e1245ea0
1904516717376838400,因为妈妈是孩子的第一位老师啊！,4403.275,1754127284,9e41d483
1904530899417644288,哈哈哈哈哈哈哈哈哈哈哈哈哈你个感冒,4385.563,1754128975,3e5e834
1904530978748724992,和哈哈哈哈哈哈哈哈哈哈哈哈哈哈哈哈哈哈哈哈哈哈哈哈哈哈哈哈哈哈哈哈哈哈哈哈哈哈哈哈哈,4384.499,1754128984,3e5e834
1904532923857065216,没有妹妹呢,4492.766,1754129216,3e5e834
1904538811812607744,哈哈哈哈哈哈哈哈哈哈哈哈哈哈哈哈哈哈哈哈哈,4645.546,1754129918,3e5e834
1904722568506592768,不是，这有什么可防的呢,4341.418,1754151824,1606bf27
1905449384062253056,新疆好像也是,4496.703,1754238467,a48719d1
1905497931360905728,伊朗和俄罗斯打起来啦,4529.621,1754244254,c0863c00
1906542784094295808,哈哈哈哈哈,4559.017,1754368810,58d57e1c
1907526196715882496,哈哈哈哈哈哈哈哈,4523.519,1754486042,f5dd2f0d
1908679452259804928,xx日记,4362.117,1754623521,f41917e3
1908744384842053120,你们听不懂，别人听得懂啊，我就是学俄语的，很多人学俄语日语,4357.8,1754631262,6ba6f998
1909668420170398720,四个层次,4433.428,1754741415,d7fb52ee
1911359300216006400,哈哈哈哈哈哈,4447.784,1754942984,984e8387
1911359604252789760,太逗了,4455.784,1754943020,984e8387
1913398067118770176,马月！受到严格保护,4495.758,1755186024,e540d7cc
1914634620675197952,爸爸好惨,4409.305,1755333432,39959bed
1914635448362681088,老王好有意思啊,4468.254,1755333531,39959bed
1914637087353891840,陈老师好帅好可爱,4628.134,1755333726,39959bed
1916001994548683520,萨沙现在好有效果啊,4525.363,1755496436,cd971f7f
1916630927698902784,哈哈哈哈哈哈哈哈哈哈哈哈哈哈,4395.624,1755571411,51f2909e
1916852277454065152,骄傲的小表情,4513.962,1755597798,b575b51f
1918109775393509888,加长版都听不到,4327.512,1755747703,e10ac76a
1919292270814105600,三句话不离老本行。老王就是老王,4441.278,1755888668,8ff620f
1920360764641292800,大爷（轻声）和大爷（二声）是不一样的辈分,4424.525,1756016042,954b058c
1920530535504589824,苦肉计,4559.312,1756036280,99536495
1924962263669318912,确实,4378.913,1756564583,e498a6f4
1928317987325752320,爸爸不重要和哈哈哈,4437.715,1756964617,272b951b
1928473381473163008,陈铭老师哈哈哈哈哈哈哈哈哈哈哈什么叫你个感冒啊哈哈哈哈哈,4387.472,1756983141,27acc97c
1930119365563671296,关键有个俄罗斯妹子全能听懂，哈哈哈,4350.281,1757179358,5f57ee63
1932318721125803008,哈哈哈哈哈哈哈哈哈哈哈,4386.414,1757441541,52ac390e
1937685851845080064,肺结核我们叫痨病,4387.045,1758081353,748c3342
1937711880739083008,现在有了,4411.543,1758084456,e8f1e80f
1937713293271636224,以身入局,4575.73,1758084625,e8f1e80f
1946610506567641600,哈哈哈哈哈哈哈什么鬼，好搞笑,4396.361,1759145255,3a0f6945
1946616695774839040,毕竟母亲是生你养你的人，是个人都不希望。除非你原生家庭环境不好,4477.17,1759145993,eb269b47
1954247216982614016,就好像放出来我们能听懂一样,4348.708,1760055622,99c7f039
1967670342588077312,阿阿阿啊啊，我要听,4342.408,1761655783,eb09f285
1977879332269668864,哈哈哈哈哈哈哈哈哈,4648.638,1762872790,aedabb3d
1986532170919592192,想听啊,4334.675,1763904288,2a9d92f9
1993856239851235072,哈哈哈哈哈多少是有点私人恩怨了哈哈哈哈哈哈哈哈哈哈哈萨沙,4520.851,1764777385,ed5612f4
1996746304319704576,有的 中西部地区很多,4410.686,1765121908,74ba3500
1999494019419440896,盲猜第四个祖先,4482.623,1765449461,29cd0eb
2004628390627918080,老王男友力爆棚啊，华波波都有150 6了,4609.39,1766061526,ffa3828d
,,0.0,1775683732.8000336,
lb.c,,0.0,1775683732.8000336,
,,0.0,1775683732.8000336,
1895737548723425536,哈哈哈哈哈什么是我们不能听的,4749.619,1752990264,1549437e
1895737557581795584,来啦来啦,5024.737,1752990286,a1639211
1895737558689091840,哈哈哈哈哈哈哈哈哈哈哈哈,4902.274,1752991699,eb069b0d
1895737576405831936,哈哈哈哈哈哈哈哈哈哈笑飞了,4980.356,1752990608,39108e46
1895737633507086592,免礼免礼,5039.074,1752990708,59dfb4d2
1895737685701005571,哈哈哈哈哈哈,5002.412,1752993137,98f16374
1895737800272613632,哈哈哈哈哈哈哈哈哈哈哈哈哈哈哈哈哈哈哈哈哈哈哈哈哈哈哈哈哈哈,4982.027,1752995330,a4557f7c
1895737802998911232,万一听不懂怎么办,4874.018,1752994933,81bc2129
1895737948222492928,什么梗？,4748.329,1752998164,d6922fe2
1895738125113069824,就这个湖北味正宗,4711.305,1753011041,7a763aee
1895738285595529472,双板确实可以倒着滑,5008.25,1753011373,43686648
1895738620225491200,哈哈哈哈哈哈哈哈哈,4984.609,1753022510,65fd9e50
1895738757907714304,太损了,4985.149,1753022518,65fd9e50
1895738832675377408,来来来来,5036.598,1753027077,8a513c81
1895738966708556032,太可爱了超超,4747.358,1753060176,4f7b0147
1895738992243478784,就是歇后语,4867.877,1753034556,c7bc6e63
1895739080684572928,哈哈哈哈哈哈哈哈哈哈,4918.722,1753069998,f7934ca3
1895739131746029824,哈哈哈哈哈哈哈哈哈哈哈哈哈哈哈哈,4994.089,1753062512,3bd1c757
1895739196480917760,这段发出杠铃般的笑声,5030.092,1753075104,28ad2a59
1895739201044320512,斑马斑马，你回到了你的家,4704.204,1753075169,c2cf2fbe
1895739208334020864,突然好凶的超超,4710.536,1753075185,c2cf2fbe
1895739269428252928,哈哈哈哈,4730.776,1753075210,df6e1fa7
1895739282195714304,个斑马 武汉读书学会的第一句武汉话,4704.434,1753073116,76b350d2
1895771221057041664,歇后语骂人是吧hhh,4865.028,1753084740,ea88348b
1895892382798022400,真的很像用歇后语骂人,4858.534,1753099184,1da0b061
1895904636515565824,四姐镜头太少了，感觉他的观点还没开始就没了,4765.842,1753100644,58b836f8
1896404829505373952,哈哈哈哈哈哈哈哈活学活用,4949.724,1753160272,f1957628
1896405288303884800,哈哈哈哈哈哈哈哈哈哈哈哈哈哈笑死我了,5003.653,1753160327,f1957628
1896468623779084032,哈哈哈哈哈哈,4981.223,1753167877,9ec95bfa
1896588932171657472,Dylan好帅,4935.291,1753182219,bd4e22b9
1896649488324662272,非正“倒着哥”,4978.032,1753189438,280fcb51
1896737496214828800,哈哈哈哈哈哈哈哈哈哈哈哈哈哈,4982.203,1753199929,9cb4590f
1897014030158811904,你瞅啥的意思吗,4715.633,1753232894,d539e6d1
1897014233171284992,想咋的,4732.518,1753232919,d539e6d1
1897019864125305344,胖跟秃顶？华波波？哈哈,4804.17,1753233590,88971e98
1897165318887847424,哈哈哈哈哈哈每次都要拿出来反复“鞭尸”,4994.106,1753250929,729e3ab7
1897254941232950272,哈哈哈 杨杨很合适,4903.28,1753261613,2a986023
1897344532589414144,又狠又能播哈哈哈哈，好绝,4852.883,1753272293,55d83f10
1897762938228495616,哈哈哈哈哈哈超超你咋这么可爱呀,4748.926,1753322171,3c4a8341
1898076422447444224,这个味太对了，喵莫斯喵,4713.793,1753359541,49e5e8b6
1898116838467539200,哈哈哈哈哈哈哈,4959.312,1753364359,8d117f15
1898162780163908608,笑晕了这个梗,4843.97,1753369836,b71cfd89
1898407579726848000,我也是！本来已经冷静下来了听到这句话又会死灰复燃,4680.153,1753399018,28dcc9f6
1898620921531941120,哈哈哈哈哈哈哈哈哈哈哈哈哈哈哈哈,4990.806,1753424451,a18ccce
1898621235324599808,萨沙：我这一生如履薄冰,4998.994,1753424488,a18ccce
1898621702788319488,这里就很适合配个bgm：长江黄河还有黑龙江~~~,5007.924,1753424544,a18ccce
1898674081130886656,auv真地儿道～,4950.016,1753430788,2738fae5
1898686192863140864,伦儿,5032.685,1753432232,b0850c04
1898718675599884544,喵喵喵  喵莫比,4716.685,1753436104,f83ddc9a
1898842469316472832,这是歇后语啊,4860.486,1753450861,17e2fe2c
1899339586950643712,喵帕斯,4719.067,1753510122,7ef1f30f
1899599321197446144,谎言不会伤人，真相才是快刀,4805.355,1753541085,bc31ead9
1900380122948168960,是LULU!,4784.341,1753634164,81aeaa1b
1900503618960948736,梅林的胡子,4886.484,1753648886,fcdaa08a
1901024484039726336,哈哈哈哈哈哈哈,4942.838,1753710978,2c9403ee
1901079414683921152,给你俩窝窝是“傻瓜你看什么，你走开”的意思,4779.862,1753717526,e67086c2
1901079829685023488,老王可以啊,4824.392,1753717575,e67086c2
1901079976536206080,盆景的伐木工赢了,4830.592,1753717593,e67086c2
1902231732707858432,啥意思没懂,4835.101,1753854893,c1f2fe77
1902338815436637184,动物吵架哈哈哈,4741.721,1753867658,92f8c01f
1902339230270251776,好可爱,4791.413,1753867708,92f8c01f
1902465103329566464,哈哈哈哈哈哈哈,4900.32,1753882713,24d07282
1902505877391889664,我懂！不仅是吵架，平时明明一件事已经在做了，非补一句你去做一下，我也会生气,4683.771,1753887574,29c4c024
1902512598906821376,翻旧账了,4925.858,1753888375,d89f1503
1902594920603297792,这一段巨好笑,4932.927,1753898188,26f5d348
1903085253296941312,哈哈哈哈哈哈哈哈哈,4913.221,1753956640,623dd44
1903422713532604160,完全沉浸在自己的艺术创作里了,4892.961,1753996869,bb961bc8
1903895399203318784,沉浸在自己的艺术,4885.319,1754053217,c51a6472
1905868802760226304,好有趣,4725.221,1754288465,7becfa2e
1905869663649455104,哈哈哈,4823.731,1754288568,7becfa2e
1906076866142587904,超超好美～～～～～～,5033.296,1754313269,ba077aef
1906843327282730752,不知道两个buff梗被萨沙听到了会怎么样哈哈哈哈,5018.175,1754404638,4ad5b7c7
1906853502798462464,笑飞了这期哈哈哈,4973.051,1754405851,de5d2566
1907283657380028416,个斑马是吧哈哈哈哈,4741.914,1754457129,654346f5
1907369347933021696,咩啊～,4736.208,1754467344,d9a3acb1
1907528459920721920,中文也是哈哈哈哈哈哈,4843.019,1754486312,f5dd2f0d
1907988977269993984,就跟吵架的时候对方说你冷静一点,4687.296,1754541210,952047f4
1909012552659049984,你看看！,4887.06,1754663230,a30a61d9
1914639175487860992,好艺术,4868.566,1755333975,39959bed
1914699145797749760,免礼免礼,5038.536,1755341124,6a35cdb9
1916331482058605056,去五常,4934.547,1755535714,299590f4
1920572473301738496,你别急哈哈哈哈,4680.084,1756041280,bc587f4c
1921150194511518720,无效消音,4767.931,1756110149,cc860fab
1921999990281070336,膝盖脑袋哈哈哈哈哈,4820.756,1756211453,82b54504
1922699810163473408,哈哈哈哈哈哈这个好玩膝盖脑袋哈哈哈哈哈哈哈,4821.902,1756294878,bc17ebe1
1922718678232065536,buludo在大力水手里面就是大块头,4769.819,1756297127,990a1ffc
1924745898970591232,吼吼吼吼吼吼吼吼吼吼吼吼吼吼吼吼,5002.511,1756538791,90bb401c
1924967089098646016,哈哈哈哈哈哈哈哈我懂了,4839.73,1756565159,e498a6f4
1928431833856027648,四川话 哈哈哈,4802.515,1756978188,272b951b
1930122968890291968,一般是表和马,4760.893,1757179787,5f57ee63
1932207309505761536,真不用客气，哈哈哈哈哈哈哈哈哈,5037.71,1757428260,5b4783e3
1932323510836293120,歇后语骂人 在中国能把我骂笑，没有杀伤力,4856.499,1757442112,52ac390e
1938651722562595840,这个环节好想看英国代表,4803.651,1758196494,7514575b
1941575577676902144,中国好像也是,4880.714,1758545045,7a001e02
1956604467680680960,哈哈哈哈哈哈哈哈哈哈哈哈哈哈哈哈哈哈哈哈哈哈哈哈哈哈倒哥,4987.29,1760336628,d35c8a9
1957521618251751424,有备而来,4898.296,1760445961,ae02b522
1963046567418170368,完全get不到哈哈哈，太艺术了,4878.238,1761104586,54f7b9d0
1963047484477570560,卧槽哈哈哈哈哈哈太搞笑了,4987.548,1761104695,54f7b9d0
1963047606246712832,太有梗了我的天啊,5002.101,1761104710,54f7b9d0
1988704206604970240,萨沙现在好大方,4966.483,1764163215,c847ffba
2005156528713694464,形成内部梗了 哈哈哈,5015.259,1766124485,32b92588
2018407658939996416,武汉话好好玩,4761.811,1767704143,964a8dca
2027838086511379968,哈哈哈哈哈哈哈哈哈哈哈哈哈哈,4860.422,1768828337,8f58d927
,,0.0,1775683732.8000336,
lb.c,,0.0,1775683732.8000336,
,,0.0,1775683732.8000336,
1895737252798501120,一个轴打起来了,5382.658,1752985054,7e19df34
1895737399926296832,老王居然赢了哈哈哈哈哈,5194.259,1752987261,f69ff094
1895737549830721792,众爱卿平身,5040.701,1752988640,1f930d45
1895737559796388096,买不完了,5324.051,1752990445,3f8c2705
1895737585272590592,这个除了买卖还能组什么？,5347.699,1752990663,1549437e
1895737629463777536,买了锅巴,5269.404,1752992283,7e894dc7
1895737792127275264,这也太难了除了脏话我一个也想不到,5250.819,1752994250,4374cf64
1895737809332310272,伤疤,5096.912,1752995497,a4557f7c
1895737812956188928,艾丽莎还比了个功夫出招动作，好可爱,5228.918,1752995826,5866b398
1895737818392006912,这下真的势均力敌王不见王了，战力很均衡,5221.14,1752995797,5866b398
1895737822913466624,怎么不把小贝喊回来哈哈哈哈哈 全国总冠军,5232.53,1752995811,ca18aa72
1895737839220920576,随便,5103.405,1752995510,a4557f7c
1895737861601726720,哈哈哈哈哈,5280.223,1752995737,a4557f7c
1895737870728532224,哈哈哈哈哈,5357.137,1752995819,a4557f7c
1895737878009843968,这个难度好高我一下没想出来,5250.43,1752995861,5866b398
1895737975577743616,太搞笑了这段，会长帮得也真是不明显哈哈哈,5309.076,1752998714,d5478533
1895738014786097408,我都想不出这么多orz,5177.407,1752998128,cda41c26
1895738146998948096,富贵使我们相遇,5054.133,1753003938,94179e93
1895738222680969472,上边其实可以的...至少广东话里可以这么讲哈哈哈哈哈,5132.578,1753012151,f11a2bc3
1895738259154637056,那我必须得发个弹幕,5045.758,1753013226,4c2d7347
1895738280117768448,哎哟喂排面是自己给的,5053.218,1753015344,2394c70f
1895738286535053568,我都想不出来,5361.944,1753014671,635d7cfe
1895738288321827072,大左感觉好疲惫呀,5089.831,1753010259,2275038b
1895738300183318784,买了个包,5277.18,1753014758,73e9b877
1895738319326122240,哈哈哈哈哈哈哈哈哈哈哈,5333.776,1753014745,fbf64f60
1895738331187613952,水表,5101.409,1753013084,8f071823
1895738358542864640,哈哈哈哈,5289.412,1753013835,fc1db046
1895738420534677760,厉害,5362.198,1753013915,fc1db046
1895738453367689472,手臂,5083.725,1753019015,c2db3739
1895738483457626368,散步,5110.21,1753018989,c2db3739
1895738492567654656,私奔,5156.474,1753019088,c2db3739
1895738497131057408,散步,5178.373,1753019110,c2db3739
1895738523571949824,伤悲,5147.874,1753019080,c2db3739
1895738528126963968,帅爆,5171.778,1753019103,c2db3739
1895738537287323904,松柏,5115.542,1753019154,c2db3739
1895738560959975680,那么棒,5397.279,1753020515,c2db3739
1895738573719048448,迷恋改编,5350.312,1753020373,c2db3739
1895738581931495680,美丽古堡,5344.655,1753020257,c2db3739
1895738616576446720,雷妃：嬗变的女人,5152.275,1753018117,6ee65ea5
1895738643931697408,上榜,5139.362,1753019071,c2db3739
1895738657605128448,塞北,5125.34,1753019163,c2db3739
1895738663988859136,三百,5114.292,1753022376,fd2dafbb
1895738781613920512,买了个包,5269.515,1753030952,ea25d4d6
1895738925679874304,会长喜欢俄罗斯人哈哈哈哈哈哈,5280.092,1753038953,7a1afabc
1895738932969574656,笑死我了,5378.09,1753029813,bde1c345
1895738939353305344,哈哈哈哈救命笑死我了,5309.07,1753045893,23ddeab7
1895739014146134272,散步,5114.314,1753068800,91850ea9
1895739130831671552,想不出来,5264.519,1753072461,9f25c571
1895739175509397760,会长明目张胆啊哈哈哈哈哈,5276.576,1753072003,9f04a8dc
1895739183721844992,？,5103.33,1753070183,f7934ca3
1895739216546468096,麻辣锅巴？,5317.463,1753073025,39c07fe7
1895739235689271552,思辨,5100.653,1753075567,bf28894c
1895739250285449472,这是真的强……,5354.932,1753072572,9f25c571
1895739315020337408,老王的食物词汇库太丰富了,5202.207,1753075106,cb0b74b0
1895806227742127872,不愧是全球总冠军哈哈哈,5355.453,1753088913,20dfe047
1895865772513874176,呵呵哈哈哈,5295.841,1753096011,f81c7508
1895865835151917056,笑死我了,5302.521,1753096019,f81c7508
1895905592497846784,波波超级不想输给老王啊哈哈,5168.56,1753100758,e1c79dc9
1895913210587020800,厉害也,5356.678,1753101666,738625c6
1895940028228628736,哈哈哈哈杨迪笑死我了,5331.187,1753104863,9a7995d3
1896001709957121536,这个游戏确定不是在考验旁边的观众吗哈哈哈哈哈哈哈,5169.79,1753112216,692c8ed6
1896005638208190720,哈哈哈哈哈哈哈哈哈哈哈哈哈哈哈哈哈哈,5309.536,1753112685,ee1f6f9b
1896037717519832320,我不行了,5303.486,1753116509,35861f7e
1896103813057326080,众爱卿平身,5055.166,1753124388,272d704
1896266853488527360,买了个包,5255.593,1753143824,136938f4
1896397577185262080,买了个表,5252.363,1753159407,8c816764
1896398972085054976,买了个布,5322.799,1753159574,8c816764
1896487745384687360,是全世界冠军强啊  这个怎么可能平衡？,5225.606,1753170156,3f43cf38
1896518030927038976,哈哈哈哈,5287.335,1753173767,6a042d86
1896647238626065664,散步,5186.384,1753189169,445a39f6
1896700332483297024,买了个表,5262.862,1753195499,fc5c5aac
1897110671595089408,买了个饼,5303.296,1753244415,42da3e49
1897164510704274176,会长，真的一点都不偏心,5318.682,1753250833,35645b71
1897465344239936512,这里为啥正片没有啊很好玩,5316.955,1753286695,9c3b5844
1897907599363012096,加长版不是没人吗？,5061.923,1753339416,47a0e8bd
1897994325766477824,应该的应该的哈哈,5048.248,1753349755,4abc64a0
1897996747196894720,哈哈哈哈哈哈哈哈逛超市,5307.543,1753350043,4abc64a0
1898119123121513216,波波太搞笑了,5193.237,1753364632,8d117f15
1898135047518137856,免礼免礼,5075.625,1753366530,eedeee86
1898384560598181888,平身,5075.322,1753396274,b2d05ef3
1898624478083756544,超市逛的差不多了哈哈哈哈哈哈哈,5326.782,1753424875,a18ccce
1898641201796753152,密林古堡,5368.404,1753426868,8d9a3176
1898884709665421312,哈哈哈,5068.504,1753455897,ef9aebaa
1898897792614057216,S 和sh不算一个声母吧,5137.151,1753457456,90af0186
1898916617254438656,平身吧,5045.044,1753459700,22a3160b
1899502490740164608,比芒果台的明星们厉害,5090.131,1753529542,3820b86
1899503928598076672,好难！,5256.872,1753529713,3820b86
1899529220980670720,美丽告别,5329.076,1753532728,3860f01a
1899556139150926336,买了个包,5262.774,1753535937,c8a83ae1
1899575159195537664,我就说梅丽莎眼熟哈哈哈哈，我看过她,5237.393,1753538205,fbcf58ae
1899948884919695104,字幕靠点谱啊,5152.318,1753582756,ae954710
1900027691504725760,随笔,5111.845,1753592151,2b2c365c
1901026696434365696,哈哈哈哈哈哈哈哈笑死我了,5177.66,1753711241,2c9403ee
1901048621018345216,来了,5068.436,1753713855,53f028f4
1902279610704792320,哈哈哈哈哈哈哈哈哈哈哈哈华波波提高笑了 这个节目不能没有他,5287.656,1753860600,c78fc6cd
1902280109591719680,哈哈哈哈哈哈哈哈哈哈杨迪太有梗了,5336.723,1753860660,c78fc6cd
1902422537695188480,哈哈哈哈哈哈哈快乐了,5041.893,1753877639,ddafd2e4
1902693614774649856,这就是冠军局吗,5308.838,1753909954,13f56837
1903910791510760448,果然是冠军,5323.393,1754055052,117508bc
1903911183124587264,冠军！！！,5370.074,1754055099,117508bc
1904583799472911360,那这样没完没了了 卖了个包也可以啊,5323.205,1754135281,3e5e834
1904731512910551296,买了钢笔,5296.383,1754152890,1606bf27
1905066977614457088,瀚笙给的,5216.827,1754192880,f13424e0
1905263256428680192,哈哈哈哈哈会长假装淡定,5280.272,1754216279,aa36fe3a
1907445196561016064,生病,5096.403,1754476386,aff6fc4
1907655909418110976,描了个边，密林古堡,5369.951,1754501505,ff8d4f0a
1907988948337628160,买了个饼,5269.577,1754541206,e06c8437
1907994271211606272,买了广告,5264.943,1754541841,952047f4
1908432339672427264,这都是我应得的,5050.366,1754594063,9342b3c4
1910180167972956160,买了个表,5278.063,1754802420,738a73b
1910181115902401024,这个好玩,5385.844,1754802533,738a73b
1913125294877852928,爱卿平身,5060.819,1755153507,54a9596e
1914074693993248256,华伯伯笑死我,5210.801,1755266684,9d8aa9dd
1919614221571346432,哈哈哈哈哈哈哈哈哈，买买买，都买,5296.307,1755927047,3ae4c2e2
1921022768267938048,我都想不到,5361.449,1756094959,bc587f4c
1924779962440228352,设备,5089.709,1756542851,e8f6d141
1925468671896090112,看似法国vs中东，实则两伊战争,5183.768,1756624952,24f302e9
1928594371599874304,不愧是世界冠军,5361.448,1756997564,cfd3a899
1932625767037357824,太有牌面了,5107.729,1757478144,f487febd
1932832749916950784,波波笑死我了,5190.952,1757502818,75a35b32
1932833280899017472,想念小贝和田田,5232.806,1757502882,75a35b32
1948196474001477888,哈哈哈哈哈哈哈,5316.907,1759334317,2edb9fb1
1949690376261184256,没了个饼 哈哈哈,5334.374,1759512404,c9c423cb
1952273205201067264,上边其实是，他们搅混了,5164.153,1759820301,5ff286de
1956607870947309056,哈哈哈哈哈哈哈哈哈哈哈笑飞了,5336.797,1760337034,d35c8a9
1957526017011285504,发币，顺发nb,5390.776,1760446485,ae02b522
1999460690884832000,哈哈哈哈哈哈哈哈好搞笑哈哈哈哈哈,5054.438,1765445488,14f3cf30
2002097945549358592,前面外国小学生一人一句汉语那个真的哈哈哈笑死我了,5392.207,1765759873,1bae6291
2031437688779518208,满意,5047.429,1769257443,ec44781a
2036248800440067584,手办,5123.573,1769830972,f9735bbb
2036249860122444544,似是故人来,5248.255,1769831099,f9735bbb
,,0.0,1775683732.8000336,
lb.c,,0.0,1775683732.8000336,
,,0.0,1775683732.8000336,
1895737395396448512,jhhhhhhhhhhh,5592.303,1752988526,a7ab481d
1895737412022669568,我都想不起来这么多,5460.772,1752987439,a1639211
1895737441869336832,因为想不起来哈哈哈哈,5481.576,1752987556,f69ff094
1895737443119239424,波波好可爱,5457.3,1752989533,e9b5076c
1895737485532041472,不够看哈哈哈哈哈哈想看轮番制回合,5670.743,1752987808,fcfebb41
1895737626443878656,]',5625.691,1752991166,967ceef9
1895737643598582016,为啥我的弹幕带框框,5614.122,1752990985,3f8c2705
1895737666809860352,文创书包,5664.861,1752992253,88230e29
1895737685701005569,笑死，好像那个两组外国人比中文的视频,5594.036,1752991870,6c6d890c
1895737696287428864,想看陈铭和陈超的,5515.841,1752993725,b594b266
1895737720085909760,我吃柿饼,5633.349,1752993925,4f3c338d
1895737730554892544,我才十八,5654.687,1752994895,f3d0b903
1895737779443699968,哈哈哈哈哈哈哈哈哈,5736.412,1752996216,a4557f7c
1895737794836795648,还好，我来看了加长版,5683.765,1752995605,6cf1571
1895737843750768896,无偿上班,5638.111,1752995528,8eb43737
1895737876189516032,他不会是在拿你重温日语吧233,5757.212,1752997386,4944442d
1895737884393574656,？哈哈哈哈哈,5656.724,1752996132,a4557f7c
1895737888042619136,拿眉笔,5442.43,1753001707,d7f8343a
1895737898075394304,用一之濑当外教是吧哈哈哈哈,5759.226,1752996601,5866b398
1895737912679960832,发币厉害哦,5491.201,1752998959,e868d6e6
1895737956426551552,哈哈哈哈哈哈哈哈哈哈哈哈哈哈哈哈,5736.542,1753005397,e549f4d8
1895738018435141888,我才上班,5615.672,1753004949,4c54570f
1895738042141348096,发币好厉害！,5451.412,1752998910,d5478533
1895738055814779136,游戏能多玩一点吗？来个车轮战了。,5682.602,1752999172,e868d6e6
1895738163407065344,朕心甚慰,5668.633,1753010633,ca2efdba
1895738188941988096,留学生可以打工，就是时间限制很严格,5745.238,1753013337,450eca7a
1895738207178821888,我吃烧饼,5569.522,1753014025,97afe170
1895738304738332928,笑疯了,5717.724,1753014888,c5fcca58
1895738349416059136,我查设备,5603.283,1753013524,20dffd1e
1895738529041322240,我吃柿饼,5549.573,1753019787,c2db3739
1895738564600631552,我曾上榜,5583.306,1753019726,c2db3739
1895738568249676032,我才上班,5578.215,1753019651,c2db3739
1895738618405163264,哇小熊好棒,5453.439,1753021183,6474f847
1895738628454715648,满意满意,5683.919,1753021786,d3e0ea9e
1895738771581145344,在燃什么啊,5467.292,1753022738,56239c78
1895738808969171200,无偿上班,5557.94,1753033292,8be21198
1895738855467225344,满意满意啊,5669.129,1753027481,8a513c81
1895738904708354304,无偿上班,5550.733,1753055909,a05c4e50
1895738919296143616,厉害,5458.113,1753029509,d0eeaf61
1895739073386483968,外出上班,5662.292,1753071341,86ed341b
1895739233868943616,跟武昌过不去了哈哈哈哈哈哈,5559.595,1753072312,9f04a8dc
1895739271248580864,前面那个五厂上班太痛苦了。,5650.181,1753072906,9f25c571
1895739280375386368,我吃烧饼,5528.493,1753076329,c2cf2fbe
1895739287665086720,哈哈哈哈,5585.042,1753076389,c2cf2fbe
1895739297697861888,666,5456.592,1753076238,c2cf2fbe
1895835379563980800,围城士兵,5651.483,1753092388,182693f5
1895851890223828736,我吃烧饼,5601.387,1753094356,cc93cef3
1895867141996042240,法币好可爱哈哈哈哈,5442.503,1753096175,f81c7508
1895941503516821504,想看华波波,5502.962,1753105039,3c5a3395
1895954531570156032,玩游戏没人能赢得了杨迪吧,5516.139,1753106592,be52f108
1895962419218839040,好可爱啊小熊,5481.88,1753107533,83719079
1896048714238634240,文创商标,5603.24,1753117820,24b0ce4c
1896048828952522752,发币比我厉害,5489.092,1753117833,e871e898
1896387736265527552,好可爱小熊,5433.348,1753158234,f608a6a7
1896401899398836992,我创商标,5627.201,1753159923,8c816764
1896523232526567168,四姐笑死我了,5461.734,1753174387,272cb156
1896696361970702080,真的好喜欢法币啊啊,5497.907,1753195025,ec077e8b
1896969714811750144,哈哈哈哈哈哈哈哈特别满意,5683.167,1753227611,cef95630
1897110417386297344,你。,5404.486,1753244385,2bf6365a
1897182469959562240,农民办（农业民生办公室）,5439.96,1753252974,af7c4445
1897184104504922112,无此设备,5617.079,1753253169,af7c4445
1897351985011783168,他发音不但好，调也对,5725.673,1753273182,55d83f10
1897377089222017024,How much?,5715.06,1753276174,7566605b
1897422756426506496,我常上班,5558.897,1753281618,fc5c5aac
1897422918418934784,我出书吧,5568.62,1753281638,fc5c5aac
1897458025171003136,满意满意,5677.512,1753285823,b5323672
1897465090669115648,武昌社保,5582.953,1753286665,d844b0d7
1897769479799142144,法币：let's 骄傲,5481.513,1753322951,3c4a8341
1897938668409864704,哈哈哈哈哈哈,5572.82,1753343120,87627e63
1898060457676681728,这反应怎么那么像外国小孩中文对决哈哈哈哈哈哈,5462.655,1753357638,9cdf46e6
1898138011901385472,怎么没有伦儿,5665.598,1753366883,a0901713
1898178762122903296,我超帅吧！,5632.839,1753371741,a725bfc4
1898423743408421376,这Part这么精彩居然没在正片,5650.83,1753400945,28dcc9f6
1898625744000134400,到底在燃什么哈哈哈哈哈哈哈哈,5464.166,1753425026,a18ccce
1898626550623448832,我测试吧,5559.064,1753425122,a18ccce
1898652728138751488,一之濑刚才输了可能情绪不稳定,5549.571,1753428242,915050e3
1898689587413796352,拿面包,5423.287,1753432636,b0850c04
1899319571606164480,全德国总冠军,5480.43,1753507736,f21b3ea5
1899535640992131840,晚餐随便,5520.474,1753533494,3860f01a
1899602976826559232,会长忍不了了,5665.041,1753541521,89699852
1899607193679394816,很满意，但是不够看啊哈哈哈哈哈,5681.754,1753542023,bc31ead9
1899951105459742976,我查书包啊,5602.221,1753583021,ae954710
1899999679023416320,无偿上班,5655.703,1753588811,87413e4e
1900766299857394432,我出师表,5622.888,1753680200,33977ab
1901031541963149056,无偿上班太有才了,5661.33,1753711819,2c9403ee
1901464422439217664,乃木坂,5411.02,1753763422,80000882
1901466327198751744,五彩水笔,5622.899,1753763649,80000882
1901505084160859136,卧床上班,5635.369,1753768270,a9930091
1901667443429404672,赖赖笑死我了哈哈哈哈哈,5462.246,1753787624,c475edd4
1901688907461504000,绝,5594.196,1753790183,6bdd20d4
1902191443406318080,我才十八,5536.747,1753850090,23b7cf3c
1902282980836447232,想看所有代表玩哈哈哈哈,5692.99,1753861002,c78fc6cd
1902972836168174592,好喜欢发币啊啊啊啊可爱小熊,5497.535,1753943239,94613f3a
1903814713050594560,我吃烧饼,5527.927,1754043599,29c7c55b
1904240408750914304,我吃烧饼,5520.633,1754094346,4213efaf
1904400734091486464,哈哈哈哈哈哈哈哈哈哈哈,5444.369,1754113458,21f73640
1904733937142578688,……,5572.108,1754153179,1606bf27
1907275934575481856,那么棒,5475.248,1754456209,818eee32
1907503311805048832,哈哈哈哈哈哈,5433.297,1754483314,6816ab2b
1907504852112736768,好搞笑,5670.051,1754483498,6816ab2b
1907628097827065088,华波波好搞笑,5413.673,1754498190,ea7aa49a
1907629029776458752,这个游戏好玩！！以后经常,5503.358,1754498301,ea7aa49a
1909211300433862656,文创手办,5641.868,1754686922,2ad516b
1910183692849001728,每期都来这个游戏,5693.155,1754802840,738a73b
1911661393863138816,我才十八,5635.78,1754978996,67c7bc24
1911940037441274368,我常说不,5577.471,1755012213,319d79a8
1916862547517593344,无偿上班这个太狠了哈哈哈哈哈哈,5640.532,1755599022,b575b51f
1916886203115027456,不满意太短了！,5691.918,1755601842,41d23346
1919615919593383936,法币好厉害,5491.366,1755927249,3ae4c2e2
1919874236307270400,太搞笑了,5709.81,1755958043,c4469e21
1924973871791438336,五彩水笔，无偿上班,5634.207,1756565967,e498a6f4
1928489303462333440,武昌酥饼啊,5649.501,1756985039,27acc97c
1931182947986193664,前面说文创的好厉害,5633.131,1757306147,d9c08631
1932631454336961792,满意满意,5684.543,1757478822,f487febd
1936645971006506240,你忙吧,5443.395,1757957390,cc3af606
1938432632782593280,完成设备,5697.579,1758170376,a3545458
1945259887495943936,龙颜大悦,5676.325,1758984249,deea00f
1957526892588923392,他俩这么强的吗？直接加时赛了,5475.556,1760446590,ae02b522
1977901549582004224,关税哈哈哈哈哈哈,5436.202,1762875438,aedabb3d
1977901725834636800,小熊好棒！,5457.17,1762875459,aedabb3d
1988742475853880320,哈哈哈哈这个是Dylan在后面说的,5609.534,1764167777,c847ffba
2002100048816625408,外国小孩中文对决真的，太形象了，这俩都笑死,5467.471,1765760124,1bae6291
2015436799140933120,高级词汇,5450.301,1767349988,a9603673
2018415095944305664,无偿上班(,5616.425,1767705029,964a8dca
2035137440129502976,弄明白,5418.548,1769698488,ca126b
2035137714621479936,你明白,5451.275,1769698521,ca126b
2068517489595502592,那么棒,5472.838,1773677700,471d6181
2077821577877208320,朕很满意,5679.263,1774786834,585cded5
,,0.0,1775683732.8000336,
lb.c,,0.0,1775683732.8000336,
,,0.0,1775683732.8000336,
1895737858867040512,哈哈哈哈哈哈哈哈哈哈哈,6096.333,1752996585,a4557f7c
1895737880752918784,沆瀣一气这词还是能用得到的233,5937.428,1752997598,4944442d
1895737919046914304,哈哈哈哈哈哈哈哈哈哈哈哈哈哈哈哈哈哈哈哈哈哈哈哈哈哈哈,5870.631,1752996356,a4557f7c
1895737949136851200,德国人太好笑了,5863.154,1752999715,8b34e573
1895737969194012928,阿雷真的动漫影视资深中毒哈哈哈哈哈哈,5838.142,1752997069,5866b398
1895738141521187072,犄角旮旯很少用吗？上海话里经常用到啊,6049.474,1753008868,39499903
1895738273742426368,除了呶字都认识,6060.585,1753013759,20dffd1e
1895738364003848448,踽踽独行这种基础词大左一个主持人不认识不应该吧,6002.5,1753015847,e69ebdef
1895738431481811200,圭臬感觉也很常见,6014.236,1753015872,e69ebdef
1895738444249272576,好厉害 卢可！,5923.251,1753018736,1c68567a
1895738555482214656,我觉得奉为圭臬还挺常用的,6019.476,1753019682,79d441b5
1895738669466620160,新梗出现了,5963.161,1753023686,65fd9e50
1895738727817777408,哈哈哈哈还拆啊哈,5877.108,1753023916,5ec74794
1895738740585238784,还得是总冠军！,5923.556,1753029089,d6bfe3aa
1895738798936396032,这期好搞笑,5880.071,1753023927,5ec74794
1895738800765112576,魔法小樱,5811.727,1753025778,ef8f951e
1895738804405768448,Latino American也是American哈哈哈,6088.033,1753033291,5404f33
1895738847263166720,哇好久不见的歌，我现在还全知道且会写呢,5922.622,1753029406,302e2cd4
1895738994978164992,戴卢可好会串场,5918.405,1753033135,5404f33
1895739036921204992,口语里很常见 但书面很少写 才叫生僻字,6084.412,1753069602,221a9f5
1895739067917111552,犄角旮旯哪个地区都用啊,6076.904,1753036132,37b64554
1895739303167234304,超超可能只是重影看成垚了哈哈哈,6025.872,1753080031,3f6b3267
1895803686740271360,德国人神奇的笑点出现了,5860.314,1753088610,677e1eff
1895940938636112896,哈哈哈哈哈哈哈哈哈哈哈哈哈哈哈哈哈哈哈,5956.417,1753104972,4365b2b7
1896006384517540608,哈哈哈哈哈哈哈 太好笑了,5877.08,1753112774,e10bb37e
1896394704246373888,往里玹,5888.848,1753159065,45f0e9c9
1896525961894243328,还记得穆小龙的也特别长,5863.237,1753174712,9c5bc011
1896526792475403776,突然感觉和一个母语者说对方的母语好刺激。,5849.288,1753174811,272cb156
1896528996767018496,伦反应好可爱,6093.046,1753175074,272cb156
1896694142336784640,我为什么这么黑,5850.046,1753194761,16f0b446
1896746298607480576,哈哈哈哈哈哈小魔女dorimi我的童年,5817.55,1753200978,9cb4590f
1896782108769874944,哈哈哈哈阿雷好棒,5823.344,1753205247,5856c37c
1896837444775896832,沆瀣一气，绵绵瓜瓞什么的其实也蛮常用的，都是会读，不一定会写,5963.667,1753211844,9450640
1897302336104199424,原来阿雷也是个二次元啊，圈粉,5807.807,1753267263,729e3ab7
1897408696875986688,bgm是星矢。。。,5826.178,1753279942,7ea9d3d5
1897539050743992576,是真的 喜欢看番剧随便都有N3了 日语听懂会说不算难,5774.395,1753295482,6f99a845
1897540654679205376,碗里选,5906.056,1753295673,6f99a845
1897941885038393856,哈哈哈哈哈德国人,5869.457,1753343503,4227b274
1898063552024567040,善逸！,5827.305,1753358007,9cdf46e6
1898064079399573504,xs我的笑点是发币笑,5864.169,1753358070,9cdf46e6
1898097346118832640,生僻字那个歌词的选择标准太不统一了所以体感好不好也是一阵儿一阵儿的hhh,5931.174,1753362036,45af011b
1898114145447495424,紧跟时事哈哈哈哈,5827.651,1753364038,ba542c3c
1898161274299396864,考试会用到吧，或者语文老师,6051.412,1753369656,9a457285
1898467852772804608,哪里常见？你平时都会说这些吗？我只能读一些，意思知道的就更少了,6031.791,1753406203,a725bfc4
1898468393661528832,确实是American,6081.24,1753406268,a725bfc4
1898544657131158528,会长日常开始挖坑了,5973.106,1753415359,e68aeabe
1898792509870598400,魔法少女小圆，魔法少女奈叶，魔卡少女樱，憧憬成为魔法少女,5789.357,1753444906,c1c112d8
1898950122260736256,我的天啊,5932.388,1753463694,eeae67ec
1899611716883880704,哈哈哈哈杨迪这个变声,5986.176,1753542563,5ebece69
1899953432166147328,怎么难的都会，简单的反而错了超超,6015.364,1753583298,ae954710
1900078198046300160,哈哈哈少女雷,5809.075,1753598172,1091612d
1901032821930525952,哈哈哈哈哈哈哈哈哈,5810.507,1753711972,2c9403ee
1901035550375286784,格局,6102.475,1753712297,2c9403ee
1901038084020175104,笑死,6081.102,1753712599,2c9403ee
1902445816619673088,可爱的四姐,6110.63,1753880414,c085033b
1902473656388011520,哈哈哈哈哈哈哈哈哈哈,5884.153,1753883732,24d07282
1902507918574530560,鬼灭！！,5827.326,1753887817,ecae7fb8
1903092981570356992,哈哈哈哈哈哈哈哈哈,5817.734,1753957562,623dd44
1904588337600721664,中二哈哈哈,5768.847,1754135822,3e5e834
1904588540294738176,和红红火火恍恍惚惚哈哈哈哈哈哈哈哈,5787.755,1754135846,3e5e834
1904607506802715648,xswl,5877.161,1754138107,2f77163b
1904738394345604608,不考生僻字没意思呀,6059.583,1754153710,1606bf27
1905360955819970304,先笑了,5858.11,1754227925,95e70b5d
1906556910518333184,哈哈哈哈哈,5871.662,1754370494,58d57e1c
1907415837069982464,不会是飞天小女警z吧,5820.521,1754472886,43d8243f
1908251049396513536,哈哈哈哈哈,5828.769,1754572451,d8a8f583
1913315501447857152,奉为圭臬不是很常见吗，，,6018.38,1755176181,9b40c598
1916341011081184256,这里阿雷莫名的像唐大哥,5760.723,1755536850,299590f4
1916656189127610112,哪里常见了，只有几个是常见的,6036.563,1755574422,51f2909e
1922655339275858176,犄角旮旯也会，只是不太会写,5941.477,1756289577,99536495
1923491622692854784,歌里的都会比较熟啊,6044.668,1756389269,a82a2ebb
1924750576206771968,哈哈哈哈哈哈哈哈哈哈哈哈哈哈哈哈哈,5819.439,1756539348,90bb401c
1924751062737679616,吼吼吼吼吼吼吼吼吼吼吼吼吼吼吼,5873.51,1756539406,90bb401c
1929398244665353728,初中的时候我们也学这个表演过,5947.352,1757093394,bd775eca
1954296916465043200,戴卢可的承上启下可太中国了哈哈哈哈,5910.649,1760061546,99c7f039
1957531727765723136,哈哈哈哈，陈超其他生僻的都知道奉为圭臬这么日常的居然不会,6007.196,1760447166,ae02b522
1963056219074066944,我的天啊，怎么会有这些这么多语言超能力者,5857.992,1761105737,54f7b9d0
1967686962006220544,笑死，反正我认不全哈哈哈,5978.628,1761657764,eb09f285
1977904572307833856,魔法少女哈哈哈哈哈,5795.978,1762875798,aedabb3d
1977905919635666176,哈哈哈哈哈哈哈哈哈,5956.683,1762875959,aedabb3d
1994610009833088768,超超好厉害,6041.25,1764867242,51701351
2010424270157225984,奉为圭臬这个，我感觉应该都知道啊，看古装剧什么的,6007.049,1766752448,a0b99804
2016016522979979008,超超怎么不认识圭臬，这是固定组合啊，垚涅是啥意思,6007.162,1767419097,ae954710
2026860148143955200,穆小龙？？？,5856.924,1768711758,c0ad9fc7
2036277408915183872,我只会醍醐灌顶和犄角旮旯,5991.627,1769834383,f9735bbb
2038025793061976064,德国人莫名其妙的笑点笑死我了,5864.035,1770042806,b8b5200d
2057973005103436544,高中语文考了你还能记得？反正我是感觉上大一就修为散尽了,6045.684,1772420699,dc69dd68
2058963017848770048,我可能知道他咋学的语言了,5843.198,1772538718,60c31dff
,,0.0,1775683732.8000336,
lb.c,,0.0,1775683732.8000336,
,,0.0,1775683732.8000336,
1895737596345553152,哈哈哈哈哈哈哈,6195.466,1752991046,a1639211
1895737605254254848,笑到捶床,6248.056,1752991132,a1639211
1895737756257587456,哈哈哈哈哈哈哈哈,6247.548,1752993724,46e1d41a
1895737873454829824,这表情包加的哈哈哈哈哈,6247.145,1752995808,591a47e1
1895737955520581888,哈哈哈哈晚上睡觉起来扇自己一巴掌。,6242.077,1752996766,a4557f7c
1895738234534072576,美国的刻板印象又增加了哈哈哈哈哈哈,6262.432,1753014661,d93d12d4
1895738291970871552,地大物博吗哈哈哈,6424.625,1753014057,450eca7a
1895738441514586368,美式英语跟英式的相比是真挺村儿的,6304.472,1753017646,6ed7a38b
1895738527220994304,这句话感觉很深刻,6342.095,1753018411,9cfc41f8
1895738529955680512,好惨,6240.329,1753015944,e967e3fc
1895738545457828096,洋脸在身我心依旧是中国心,6343.404,1753019165,b3e76332
1895738814438543616,伦儿好漂亮,6121.658,1753026098,ef8f951e
1895738827214393600,还好我们中文故意说别的口音腔调不会被说,6221.909,1753034289,9ef562ec
1895738931149246720,哈哈哈哈哈，绝,6261.929,1753027770,105f8ab8
1895738994063806720,以前好像聊过,6323.611,1753065947,c76f245a
1895739099835764992,感觉四姐马上就要入党了,6358.412,1753041164,f2cbd317
1895739164570652928,北京啊，都鼓楼钟楼和胡同了,6466.915,1753074268,cce57685
1895739223836168448,哈哈哈哈,6185.472,1753075358,b465a5f8
1895876772915284736,好红,6342.445,1753097323,f81c7508
1895891145075744000,完啦！漂亮国居然是我自己,6332.931,1753099036,720bb977
1895911263230715648,这一期可太好看了哈哈哈哈哈哈哈,6293.681,1753101434,cc998cf0
1895977013316171008,真的 我现在在英国 班上有美国同学老师都问为什么来英国哈哈哈因为感觉美国人很少来,6233.393,1753109272,7021661
1895996712578404608,哈哈哈哈,6191.243,1753111621,42cad9e5
1896011026604849152,哈哈哈哈哈哈哈哈哈哈,6248.296,1753113327,692c8ed6
1896053738805025792,笑死我了,6338.26,1753118419,35861f7e
1896348810541099264,盆栽伐木工,6185.449,1753153594,b7453a45
1896660913071964928,入党！马上入党！,6335.06,1753190799,280fcb51
1896752974823802112,萨沙真的长大了哈哈哈哈哈还劝架了,6286.28,1753201774,9cb4590f
1897031264495085056,英魂不散,6129.09,1753234949,88971e98
1897172399880213760,缘分,6350.275,1753251773,fe4eee91
1897191079833737984,伦儿好好看,6141.739,1753254000,edbe14cb
1897329347598687232,四年英伦行 一生英国情,6138.756,1753270483,cdc452f4
1897379646639815168,英美日常共轭嫌弃,6150.158,1753276479,d403eb94
1897470722797396480,就像有些人说着说着说英文感觉自己很能似的,6155.088,1753287336,9c3b5844
1897881482706794240,反复播放，笑发财了这段,6120.382,1753336303,a5babba0
1897980178177896192,哈哈哈哈哈哈哈哈,6134.889,1753348068,290bcf14
1897990451865073152,主要是大部分的美国人会对英音有滤镜,6302.454,1753349293,c5e94360
1898037108598766848,我觉得英音比美音好太多了，主要是美式英语有种不好好说话的感觉,6151.32,1753354855,e3a9f12d
1898068025727885056,也没有r音好像,6268.82,1753358540,9cdf46e6
1898469431701780736,四姐吐槽笑死我了,6195.492,1753406392,a725bfc4
1898638472119025920,B+可以了，我的二外只有及格，但我还是往简历上写我会,6389.578,1753426543,a18ccce
1899515964723618304,很多去台湾上大学的人也会有台湾腔,6237.288,1753531148,3820b86
1899583646470362112,哈哈哈哈哈哈哈哈,6195.813,1753539216,fbcf58ae
1899589769240256768,政审吗,6331.689,1753539946,80311199
1899903850559699712,英音好听啊,6271.685,1753577388,3e3ca627
1900743884129465600,东北腔,6156.205,1753677528,fc5824e9
1900962778974280704,“再给我上颚共鸣试试看呢”,6139.283,1753703622,7c263e9f
1901039338478048256,缘分,6410.357,1753712748,2c9403ee
1901092486005857536,这一趴杨迪和大左配合好默契好好玩,6240.882,1753719084,bba3e7b3
1901111475482086656,东北菜好吃不辣,6470.381,1753721348,18259142
1903696970439590656,我以为这个词是 可以,6419.591,1754029563,b7a9b2eb
1903909804733164032,哈哈哈哈哈哈哈哈哈这么严重吗,6142.532,1754054935,c51a6472
1903912608323439360,这个讲过，老师说他没天赋他吃激将法非要学哈哈哈哈,6350.203,1754055269,c51a6472
1904470534801020416,温文尔雅温润如玉钟逸伦,6222.688,1754121779,cc2734ec
1904581796449178880,没事萨沙会倒着说,6144.19,1754135042,5bd65cde
1904592053267419392,伦儿比较像英国的,6176.889,1754136265,3e5e834
1904592758221061888,哈哈哈哈哈哈哈哈哈,6240.501,1754136349,3e5e834
1904741835662920192,中国其它不说，论美食绝对世界第一,6444.448,1754154121,1606bf27
1907997071420911104,很明显是要伐木哈哈哈哈哈,6187.912,1754542175,e06c8437
1910189102486362880,大漂亮,6338.048,1754803485,738a73b
1910189214340135424,漂亮过,6351.282,1754803499,738a73b
1914652145542984448,这期好好看,6310.42,1755335521,39959bed
1916890106191840512,来了来了 入坑点,6131.6,1755602307,41d23346
1938459317036858368,4,6137.704,1758173558,7ce065f9
1942844325235513600,我真该死啊哈哈,6254.36,1758696291,1448c64
1967689487748992512,口音会混也正常，在外地待久了回家就会被说口音变了,6211.908,1761658065,eb09f285
1971860351436493056,真好,6405.79,1762155271,83beff44
1975472819102343680,我喜欢这期的所有！！,6331.166,1762585911,75855fc6
1988749246333072384,可怜的伦儿,6254.717,1764168584,c847ffba
1988750225619440640,支持Dylan，英音好听,6272.114,1764168701,c847ffba
2011318177330127616,好家伙哈哈哈,6456.191,1766859010,1bdc989c
2024979683494084864,这话题能客观的聊吗,6321.496,1768487589,4756a90
2069095069641645568,有没有可能美国人不说纯正的英语才是违背了自己的故乡,6150.449,1773746553,6b2b33d2
,,0.0,1775683732.8000336,
lb.c,,0.0,1775683732.8000336,
,,0.0,1775683732.8000336,
1895737660753285376,这一期真的很好看,6541.435,1752992583,a8f5ef7c
1895737685818446080,享受2025，好戳人的表达,6794.065,1752992554,dd38837b
1895737804802461952,哇哦，好想听一听,6713.441,1752995454,98f16374
1895737829255254272,老王算最有发言权了，毕竟经历过生死后来的,6760.292,1752998269,4944442d
1895737865259159808,但是这种速度也会有很多后遗症,6628.733,1753000515,8b34e573
1895737968288043264,那还是不一样的，中国贫富差距大，但基础建设都很好，欧美可不是,6678.52,1753002110,5e592343
1895738173439840512,应该是说医疗不便利，拖着拖着很多病人就错过最佳治疗时间,6709.748,1753010160,20af4969
1895738642102980864,哇，好会说,6794.595,1753022472,755ab053
1895738734201508096,和平,6749.651,1753027321,d89d8cbd
1895738795295740160,兼容并包,6823.86,1753032301,177de300
1895738872798089472,对自己深爱的国家有反思是很好的一件事,6721.795,1753038055,187c324
1895738902879637760,喜欢这样的真诚分享,6543.19,1753037588,187c324
1895738912006443264,希望都能变得更好,6721.795,1753038063,187c324
1895738932063604992,哈哈哈哈哈在一个伊朗人的房间里两个美国人吵起来了怎么这么好笑,6711.525,1753063546,f032f0af
1895739024153743616,其实这种对速度的适应能力也是一种温水煮青蛙。,6620.268,1753037869,187c324
1895739090717348096,不知苦所以不能言苦。,6622.315,1753037904,187c324
1895739095272362240,来郑州吧，郑州地铁是真的很有人文关怀,6736.904,1753040485,7a1afabc
1895739168219697408,五千年,6837.086,1753066340,e94d0ef6
1895739195574948096,都一样啊，大部分资源掌握在少数人手里，底层挣扎求生,6685.378,1753069042,3e15afd5
1895739298603831552,贫富差距...真的很难缩小,6671.593,1753077459,f04b19be
1895739300432548096,战乱国家的人要考虑的是生存，和平的国家才配谈生活,6772.315,1753073897,f8b0e6b0
1895739333257171200,唉...,6667.752,1753077438,f04b19be
1895916809107255552,来成都坐地铁吧,6741.512,1753102095,cc998cf0
1895922409224457984,幸存者偏差罢了。跟不上的会被毫不留情抛弃消失,6635.987,1753102763,9cc53f64
1895927999803579392,看了饼叔和老王的视频，很感慨,6763.186,1753103429,2f51f428
1895937469820941824,喜欢陈老师每次认真的聆听大家的发言,6547.615,1753104558,7d881d54
1895945543797188096,哈哈哈哈哈哈哈哈哈哈哈哈哈哈哈哈哈哈哈,6503.187,1753105521,4365b2b7
1895971705936303104,中国自己外宣也是重点在传统文化，对内也强化传统文化在中国文化中的代表性，青年文化一定程度上缺失，也有舆论环境的因素，外国人误解也很正常,6589.994,1753108640,108016b
1896042506861772032,这个我居然有点不信,6824.197,1753117080,698bab0d
1896055550030980352,中国也一样只是程度问题罢了,6658.388,1753118635,35861f7e
1896115798288929536,只缘生在此山中我没觉得变化很快但是回头看好像也变了蛮多,6649.705,1753125817,cc2734ec
1896346407598641152,说一样的去认真了解一下中美差异吧，本质是不同的，中国在努力缩小贫富，美国不是,6687.136,1753153307,996c2fe2
1896389793135554816,哎也不是每个中国人都过得很幸福，我就很累,6804.345,1753158479,671e7525
1896445143561997056,每个国家都需要伦这样的理性主义,6735.808,1753165078,2babe5d1
1896692445161556736,未知全貌 不予置评,6500.385,1753194558,d10e6859
1896713597632456448,前面那个为什么不信啊？就用大类来说，南北方的很多人了呀，更别说这么多省，每个省，每个城市，甚至每个村的文化都不一样。,6830.016,1753197080,c93b4313
1896713718285980672,很多元了,6834.261,1753197094,c93b4313
1896732865308570624,AUV,6591.584,1753199377,54d3f224
1896762050744070656,哈哈哈哈哈哈哈在一个伊朗人的房间里,6709.359,1753202856,9cb4590f
1897033430391823872,每个人都累换个地方你会连觉得累的功夫都没有还要担心能不能活到明天,6812.842,1753235207,d539e6d1
1897036751005286656,投共一念起，顿觉天地宽,6735.699,1753235603,c50570d0
1897124829325385984,国外一些媒体的刻意描绘,6600.162,1753246103,42da3e49
1897224976302927360,这俩私下可一定要还是好朋友啊,6713.528,1753258041,e6299164
1897398342565690112,真的，我们被保护得很好了^ω^,6774.265,1753278708,ca23a4
1897434692518111488,苏丹的游戏你是不是原型哈哈哈哈,6776.575,1753283041,b7b7e82b
1897549057816156160,鼓楼钟楼是西安,6483.967,1753296675,6f99a845
1897599146278760704,中国内部当然也有问题，但和国外的程度还是不一样的，多去了解一点再发言吧,6682.239,1753302646,68f3b35d
1897599835788886016,一个江苏各个市县方言文化都不一样,6838.453,1753302728,a12485dc
1898072217221687552,想起luigi,6699.647,1753359040,9cdf46e6
1898085967332604160,这后面的话题多来几期，说不完啊,6609.427,1753360679,d849b843
1898126853265714176,没办法拒绝变化/dog,6625.936,1753365553,ba542c3c
1898641050416426752,人民的愿望都相似。。,6675.15,1753426850,a18ccce
1898785992081696768,英国：勿cue，谢谢,6689.673,1753444129,cc3adea9
1899394054693909504,不接受也很好办，慢慢被淘汰咯,6624.492,1753516615,3873c0bd
1899524978576745984,可能是荒诞吧，比较合适,6523.504,1753532223,7cf865be
1899569833494887168,梦幻不好吗？,6573.202,1753537570,3860f01a
1899644931426164480,中国也不能避免,6661.822,1753546522,d5bc7b78
1899645448348985344,当然我们现在正在努力让中国不一样而且也有了成效,6689.47,1753546584,d5bc7b78
1900034195536137984,Dylan是一个真诚的好人 支持,6720.402,1753592926,2c9403ee
1900231076526713344,美国很多人相当爱国的，其实恰恰是我们。。。。。。,6649.902,1753616396,395ce43e
1900245252292511232,这里的荒谬应该是指外国宣传的中国和实际的中国不一样的意思吧,6582.739,1753618086,fc0b135a
1901033036209402880,“神奇”,6522.2,1753711997,1b6940fa
1901478076861790976,中国禁枪是最明智的选择，而且摄像头多也是为了保护好人，监视坏人,6802.453,1753765050,80000882
1901700931155311616,变差,6642.612,1753791616,105f52db
1901734966363358208,他是个理想主义者，社会需要理想主义者的存在,6719.916,1753795674,71f360aa
1901862417940697600,感谢国家，每有一个新技术出现都是先向全民普及的,6630.792,1753810867,4a4e6679
1902365496134297344,我们不要身在福中不知福了,6793.653,1753870839,92f8c01f
1903699234281745920,很多国家都这样,6658.438,1754029833,b7a9b2eb
1903827465546625536,每次波波玩这种政治梗我都好想笑,6715.322,1754045119,29c7c55b
1904592752574914304,中国不一样,6686.195,1754136348,357dee8e
1904596883444749312,。。。。。。。。。,6636.436,1754136841,3e5e834
1904597355127841024,哪里不都这样,6661.546,1754136897,3e5e834
1904599138847969024,没有说过的多幸福 要求就是没有战争就很幸福了,6809.822,1754137110,3e5e834
1904743391271399168,中国可使用短短30年走完了西方国家的很多路,6615.568,1754154306,1606bf27
1904746212788497664,确实多元化，不同地区不同民族,6820.44,1754154642,1606bf27
1905466819909765888,要哭了 老王,6796.692,1754240545,a48719d1
1905516364379104512,中国和美国还是很不一样的，美国可以说整个政府和社会就是一个企业,6688.725,1754246452,c0863c00
1905590443236882944,华波波接的好哈哈哈哈,6728.909,1754255282,55f41f2d
1905708190906021888,是的，明明有新兴的社群文化，小说影视在海外也有不少受众，但只拿传统文化宣传,6558.317,1754269319,92638f93
1905733248072848128,伦好可爱啊,6721.098,1754272306,f5b9996
1905886098668937984,伦儿很有国家情怀,6698.429,1754290527,7becfa2e
1905887294179910912,阿雷文艺人,6824.672,1754290670,7becfa2e
1906070010057587456,基建狂魔可不是贬义(而是汗颜),6743.759,1754312451,c8137052
1906621653182534144,国内也一样，只是国家投入民生的更多,6672.825,1754378212,da947e05
1909689848987148544,他想表达国家或者政府没有投入更多到基础设施建设或者卫生安全上面,6674.879,1754743970,d7fb52ee
1911377903472814592,真好,6720.915,1754945201,984e8387
1911378403299548928,伦的发言太棒了,6767.166,1754945261,984e8387
1913571332298825216,不予置评  但我家过得很好,6816.41,1755206679,a406af70
1915971349722081024,但是在武汉记得出门的时候手不要插在兜里,6731.172,1755492783,aa8cb2c6
1918412477759778560,对老王来说这里很有烟火气,6809.441,1755783788,dcc7e0e1
1921056285831728384,不接受就会被淘汰,6630.638,1756098955,954b058c
1921056623968288000,中国也差不多,6657.996,1756098995,954b058c
1929404679826503424,我们也是啊 程度没那么离谱就是了,6668.628,1757094161,bd775eca
1945264582373671936,每次听这个方面都想哭,6771.747,1758984808,e84d2ff
1967694729680788480,卢可的共情能力很强,6785.668,1761658690,eb09f285
1967694847532478464,老王好真诚,6789.668,1761658704,eb09f285
1975476124088230656,好棒老王,6795.251,1762586305,75855fc6
1977911950214243328,其实中国也是,6675.488,1762876678,aedabb3d
1986558931577298944,确实，只有一部分人在享受当代,6804.09,1763907478,2a9d92f9
1988754506963415040,Dylan反应好快,6661.622,1764169211,c847ffba
2011320470867702016,世界因你而美好 ,6720.212,1766859284,1bdc989c
2016952177930965504,广州都一直在开新的地铁线路！,6708.314,1767530636,8947ce87
2022025891484004352,什么叫老是说这个？经历过的最深感悟说不是很正常吗？,6786.513,1768135469,6d4f31dd
2027056310750973952,这是一个制度问题 美国的资本主义体制下永远不可能达到钟逸伦想要的这些平等和普惠,6727.425,1768735142,aef87158
2027056891695612928,老王一说话卢可就哭,6782.978,1768735211,aef87158
2029865597738983936,外宣确实做得不好,6562.312,1769070035,361d239
2056133097778429440,荒诞是离谱且可笑，也不好,6531.028,1772201365,fa9ad547
2066239338295500544,中国没美国那么夸张,6675.024,1773406123,a16be46f
2085131327899985664,荒诞,6523.597,1775658224,91e1ddec
,,0.0,1775683732.8000336,
lb.c,,0.0,1775683732.8000336,
,,0.0,1775683732.8000336,
1895737518549602560,中俄那说不清道不明的羁绊呐,6875.785,1752989565,9e8cd452
1895737942753120512,虽然但是这些基建应该都不是白给，还是要考虑利益的。,7087.97,1753004822,545954c8
1895737954606223616,萨沙已经不是老外啦，他是老内,6917.492,1753001311,e4ff31ac
1895737962810282240,给陈老师投币,7148.543,1753000815,e868d6e6
1895738337562956032,萨沙的面相都很中国了,6921.078,1753014984,73e9b877
1895738415065305344,非正不就是这样吗hhh正经起来很正经,6951.491,1753017172,638576ba
1895738442420556032,这已经是精中了自豪了,6856.334,1753017521,47376c28
1895738515367891200,现在的节目越做越大，主题也越来越大了,7111.306,1753019293,193ffd61
1895738546372186368,萨沙越来越老干部了,6860.051,1753019535,1c68567a
1895738560079171840,完全变成中国人了呀萨沙,6854.884,1753019690,b3e76332
1895738708666585344,但中国的利益都是双赢的，大多是经济上的，不能说有利益就是不好的,7102.081,1753028422,a7349199
1895738749695267072,基础在民间，未来在青年,6909.082,1753029610,b77da815
1895738798022037760,东北人来了,6857.033,1753029957,d0eeaf61
1895738808063201536,唐朝那会真挺多的，服饰饮食娱乐活动都交流的特别深，互相影响很大的,7030.588,1753023996,11c5072
1895738836324421888,偶尔有一些宏大深入的话题也挺好的呀,7125.054,1753034905,9ef562ec
1895738864585642240,灵笼,7118.112,1753027731,7bf03337
1895738874618417408,肯定是有利益的，但是我们追求共赢，而不是强取豪夺,7091.369,1753030554,516113ea
1895738916561457408,宏大叙事会让人感动，但也会让人迷失的，感觉没必要一直升华,6997.048,1753038389,187c324
1895738967622914304,这一年真的是舆论反转,6903.166,1753030294,516113ea
1895738974912614656,近代中国的版图就是清朝定下来的，相当部分依赖于乾隆的十全武功，感兴趣可以搜一搜乾隆朝名将,6979.544,1753040743,7a1afabc
1895739005916909824,没有宏大的背景下个人还会存在吗？,7125.643,1753036925,c7bc6e63
1895739146333819136,咋样了。。。挺好的啊人家,6949.86,1753073352,892b4073
1895854446332840192,相信老王说的是话是发自内心的，毕竟亲身经历过战火,7170.238,1753094661,3a31dcb7
1895859660172023808,据说他的老爸是中俄混血？,6880.681,1753095283,1df8460d
1895878303215493376,迷失是因为你自己内核不稳，如果你连听到一点赞美的话都觉得心虚、不适，那是因为你配得感太低了,7007.214,1753097505,68ab50d8
1895886991573313536,萨沙已经入党了，自豪感都有了哈哈哈哈哈哈哈哈哈哈,6853.737,1753098541,ac1ed4e7
1895914456186862592,确实，有过大唐的鼎盛，也有侵华的耻辱，太复杂了这几千年和近两百年,7072.87,1753101815,4f7b0147
1895939496005433088,我发现很多人很抗拒对个人的赞美哈，宏大就是由个人构成的,7124.197,1753104800,d0a706e0
1895962862170590464,是的,7064.0,1753107585,3c890e32
1896057229271011584,从先秦开始的华夏认同,6997.054,1753118835,35861f7e
1896057475954741760,让我想到了威斯特伐利亚和约,7027.006,1753118864,35861f7e
1896138358434982144,一点都不过，中国就是很好。,7190.899,1753128506,7388c77a
1896282581490515456,导播直接不敢切其他人的画面了 大左也管管 心里知道就行了,7189.779,1753145699,c585eb07
1896371636178174208,为什么过了 前面的是配得感太低了吗 陈述事实而已 为什么会觉得过呢,7195.88,1753156315,c0abd974
1896444073528258560,才注意到这个地图中国好大,6967.583,1753164950,a7969c95
1896444504300081408,超棒啊这期话题 很有意义和深度,7003.209,1753165002,a7969c95
1896487634579302400,这个地图也让我印象很深刻,6965.677,1753170143,9ec95bfa
1896489246634756864,说得好,7151.185,1753170335,9ec95bfa
1896515622197177856,他是真的入党了吧，发言太官方，哈哈哈,6917.303,1753173479,8a80d98c
1896527134873361920,萨沙太中国了,6883.176,1753174852,6a042d86
1896527607890110720,真的很震惊,6985.76,1753174908,6a042d86
1896528590154207232,不愧是在世界中心呼唤爱,7171.882,1753175025,6a042d86
1896549573058051072,求同存异,7081.105,1753177527,b99d4a1f
1896678634124171776,说的太好了,7089.925,1753192912,ef5b873
1896689226226035968,为什么要说过了，如果作为国人的我们都不够有自信，都不够乐观自豪的话，这个世界上还有谁愿意更相信我们可以做到这些呢？,7191.378,1753194175,4de79949
1896700212652189440,中国最牛逼的一点，就是同化,6948.592,1753195484,c3929b2
1896846755031494400,天下大同，世界人民大团结，万岁！,6951.603,1753212954,9450640
1897038302151448064,让我想到了高佑思…哈哈,6842.739,1753235788,88971e98
1897132711857199616,因为我们原本就是一个多民族的国家，每个民族存在各自的文化差异，每种文化相互包容,6938.97,1753247042,42da3e49
1897313694656990464,北京欢迎你，为你开天辟地（开放怀抱）你会爱上这里,6908.793,1753268617,729e3ab7
1897402914356966144,love ,7173.813,1753279253,ca23a4
1897552673700808704,执着 信任,6868.324,1753297106,6f99a845
1897601588529782528,现在人真是戾气重了，以前从来不会有人莫名其妙的打问,6997.266,1753302937,a12485dc
1897859954988690432,家国情怀大部分人有，有一部分人确实因为从小的狭隘，自然也看不惯这些,7191.085,1753333736,e0632c99
1897866933580394240,非正这一季带着任务了,7011.467,1753334568,8562c6e6
1897897775447236608,那外国人和自己国家对比就是觉得中国更好啊，看见中国更好的一面讲出来啊，代表们都说的那么真挚真诚,7021.288,1753338245,2aa70d44
1898088222609748480,可以倒着说中文,6878.916,1753360948,8f9aba91
1898092720329620224,带啥任务真好笑,7021.416,1753361484,d849b843
1898132201112459520,宏大背景就是我们每一个中国人的骨血，为啥不能谈,7130.926,1753366191,ba542c3c
1898580836409316096,守正创新 不忘初心,6939.247,1753419672,6126b659
1898666323538942976,用今人的生命还古人的债，这个真是精辟,7155.601,1753429863,915050e3
1898788297942440448,他不是混血儿，是老爸在他很小的时候就“巨星标配”了，但是很小就开始接触中国文化,6894.038,1753444403,cc3adea9
1898791671513404160,宏大和个人不是对立的，而是互相成就，这就是精致利己主义为什么要摒弃,7136.041,1753444806,cc3adea9
1898822681655529728,这太好了！,6843.84,1753448502,636af638
1898910387244854272,莎莎接近中国人了，完全中国化了,6921.603,1753458958,e3470321
1898911684559693568,陈老师真的满腹经纶啊,7076.15,1753459112,e3470321
1898957673719325184,有些弹幕是觉得说坏的才是真吗？坏的好的都是,6994.673,1753464595,6b40ebca
1899330667008161024,已经是东北人的模样了,6896.769,1753509059,8ed82815
1899443844664460800,中俄CP,6903.562,1753522551,e4d84d7d
1899524549423779584,太深了！,7053.949,1753532172,3820b86
1899609802536100352,萨沙太像中国人了,6868.96,1753542334,64c6b79c
1899623826770786560,一点都不过好吗，现在的时代背景下世界是否能和平确实要看中国,7192.147,1753544006,bc31ead9
1899647684927755520,前面的想说啥啊，陈超咋样了？不要引战可以吗,6952.723,1753546850,d5bc7b78
1900087323199353344,哪里过了？自己去了解一下我们在国际事务上做出的贡献，不要这么自卑,7189.371,1753599259,422009b7
1900214028308531712,古代也有疆域图吧 也是有地理分界线的,7038.06,1753614364,b927edf8
1900303293918964224,老王又动感情了,7179.652,1753625005,68efaa5c
1900974547218661632,中国真的格局太大了,7161.167,1753705025,62699b20
1901012750474195456,萨沙就是中国小伙啦 ,6871.084,1753709579,9265523d
1901040459380750080,天下大同！！！世界和平！！！,7183.616,1753712882,1b6940fa
1901066877699254528,近代史 是一个伤痛,7072.148,1753716031,539dfda8
1901118523019670016,互利互惠嘛，有何不可,7108.686,1753722188,18259142
1901639283426035968,我的弹幕呢,7003.772,1753784267,4d2041c5
1902755038712239872,萨沙说的已经得到了国人大会演讲的精华,7009.141,1753917276,3f3063c2
1903662376340233216,陈老师讲得太好了 ,7199.012,1754025439,2e93938c
1903701780291417856,夸得我都绷不住了,6921.694,1754030136,b7a9b2eb
1903776104272515072,中国自古并没有国境线的概念都是以势力范围划定大概的区域，真正接触到把国境化为一条线的应该是清朝的尼布楚条约,7040.655,1754038996,b9df69aa
1903804183300627712,中国是文明型国家,7009.325,1754042344,1ddd0afb
1904413756096572672,会长眼眶红了,7182.497,1754115010,21f73640
1904600175142915328,萨沙这段话 好,6931.724,1754137233,3e5e834
1904602111367773184,哈哈哈,7116.424,1754137464,3e5e834
1905340308922234368,speed不是来了吗？,6912.659,1754225464,2eb47862
1905890199146212096,天下大同！,7147.37,1754291016,7becfa2e
1906120801997426176,倒着说中文笑鼠我了,6883.518,1754318506,712b33d4
1906866720434670336,他爸爸混血,6884.042,1754407427,4ad5b7c7
1907440916215114752,必须得是陈铭,7057.295,1754475876,9adcf5e9
1907441055340190464,没有陈铭可咋整！！！,7062.323,1754475893,9adcf5e9
1907927474462215424,萨沙爸爸好像是中国人,6888.991,1754533878,edceba01
1908264231959804928,不然呢 你想听到什么？,6956.994,1754574023,d8a8f583
1909738694962297344,因为我们的认同不是建立在血缘，种族之上的，是文明,6947.309,1754749793,e06a0bba
1910516879710106368,天下大同,7156.667,1754842559,4cd26c1a
1911108155258463488,愿祖国永远繁荣昌盛，愿人民安居乐业，希望真的能有老吾老以及人之老，幼吾幼以及人之幼的天下大同,7199.845,1754913045,34be5d10
1911383357871574272,说得太好了,7156.072,1754945852,984e8387
1912644363784642048,这个bgm有点宏伟啊哈哈哈哈,6896.867,1755096175,aca1d8af
1912646653195192576,说得太好了！！！,7161.315,1755096448,aca1d8af
1913030470246605824,只有经历过才知道的,7176.765,1755142203,cdc7bc83
1913350480247959552,李白是吉尔吉斯斯坦那边的人,7021.62,1755180351,3302ae89
1914864527842332928,国破家亡，固定搭配，望周知。也不妨看看今天的加沙人民，里面也不乏战争前家境优渥的。,7145.64,1755360839,dfe2ddbf
1916898949210434048,萨沙太老干部。。。,6868.229,1755603361,41d23346
1916900671467390976,读人类简史就知道 国家是人类构造的概念罢了,7052.699,1755603567,41d23346
1921250021379576576,说硬夸的历史及格了吗,7002.11,1756122050,bc587f4c
1923930412557231360,但是听说意大利街上小偷特别多,6841.225,1756441577,99536495
1924986993839221504,陈铭老师口才好，说话才快，没有语言屏障,7130.674,1756567531,e498a6f4
1926357441114275328,投币了,7154.131,1756730901,9eb4a117
1939601543464800000,说的好好,6936.456,1758309722,19031c9a
1971050491086146048,感觉萨沙真的是完全融入中国了,6891.029,1762058728,9574db04
1977023081524779264,都是地球上的人类，没有哪个国家比其他高级,7161.416,1762770716,da85f3fd
1977913530325766400,萨沙已经入党了吗哈哈哈哈哈,6863.869,1762876866,aedabb3d
1985165235720048640,太纯了还是,6863.268,1763741337,55203a50
1992880039746138112,东北代表这一块,6856.653,1764661013,b087944c
2011869610512769024,看哭了,7140.057,1766924746,cc26b091
2011870073975098624,说的太好了,7150.2,1766924802,cc26b091
2026026976464848128,这一期太棒了,7064.553,1768612436,1ca31636
2027856872027209728,非常漂亮的总结,7094.328,1768830577,8f58d927
2035149943106573568,他真的说得好标准,6879.309,1769699978,ca126b
2036292303651953664,我突然意识到中国的中立也是一种和平,7197.221,1769836158,f9735bbb
2082391271548932096,包容  但是有一条你只可意会不可言传的高压红线    触碰即死亡,6946.344,1775331584,6d6f1ac6
2082391448967843072,包容  但是有一条你只可意会不可言传的高压红线  触碰即死无葬身之地,6950.611,1775331605,6d6f1ac6
,,0.0,1775683732.8000336,
lb.c,,0.0,1775683732.8000336,
,,0.0,1775683732.8000336,
1895737650661789952,下周见,7295.403,1752992285,a1639211
1895738054900420864,陈老师说的真好,7214.561,1753006171,255b01e
1895738988594434304,那挺羡慕那个厅结婚的新人了~,7250.967,1753048041,23ddeab7
1895990467888831488,哈哈哈哈哈哈,7243.15,1753110876,99272c49
1896502871931897088,精彩的节目,7207.788,1753171959,bda137c9
1896528826075226624,好看,7223.428,1753175053,6a042d86
1897388807511572224,很客观啊，这就是事实,7202.296,1753277571,d403eb94
1897967201404250624,好看好看,7214.407,1753346521,bdfa401c
1898090557780690176,哈哈哈哈哈哈哈,7364.777,1753361226,9cdf46e6
1898096271319938304,伦儿记词能力这么强啊,7425.896,1753361907,d849b843
1898122321471151616,战歌起泪目了,7222.706,1753365013,66a85677
1903097630284788992,真棒！,7232.354,1753958116,1e5860b0
1910196463095640064,可真正的世界还是弱肉强食,7214.027,1754804363,738a73b
1962554409448054016,旷野的规则是永不回头,7256.422,1761045916,9caedba
1977916378484578816,精彩！,7203.354,1762877206,aedabb3d
,,0.0,1775683732.8000336,
lb.c,,0.0,1775683732.8000336,
,,0.0,1775683732.8000336,
1895737229310398720,一日代表好漂亮！像玛丽莲梦露,36.018,1752985309,59dfb4d2
1895737236021285120,来了！,197.636,1752984891,781e03c0
1895737280388632832,来哔哩哔哩只为了非正,23.323,1752985268,882cd619
1895737340836942080,竟然没有弹幕,102.734,1752986130,7c88818c
1895737356095820032,太美了啊啊啊啊啊啊啊啊啊啊啊,129.037,1752986855,63882395
1895737381790126336,哈哈哈哈我也喜欢测试,330.419,1752986736,4f7b0147
1895737392368161024,再看一遍加长版,74.113,1752987164,6261fc3d
1895737440627822848,就等加长版了,15.67,1752988220,a8fd71fe
1895737488023458048,沉默是最好的回答,188.466,1752989859,5cde034e
1895737757213888768,濑濑晒伤妆？,296.894,1752994571,13ee2db9
1895737813862158592,天呐，杨迪好好，还帮会长解释一下,262.251,1752995588,ef576978
1895737852827242753,濑濑可爱,315.191,1752995616,1091612d
1895737914483511552,我怎么第一反应就知道他要说学历,139.779,1752996339,2775914b
1895737947308134656,果然还是斯拉夫人长在我们的审美上！,73.86,1753005031,2394c70f
1895738002018636032,哈哈哈哈哈哈哈哈哈,195.646,1753006609,bc56a2e1
1895738089553760512,加长版！终于 走起～,118.271,1753002959,ea88348b
1895738128770502912,哈哈哈 让我们说中文,233.897,1753003085,ea88348b
1895738201701060864,哈哈哈哈哈哈,178.352,1753005984,61f1cb93
1895738215382880512,来了,60.699,1753006389,bc56a2e1
1895738423277752576,怪不得,264.523,1753017327,ef8f951e
1895738450633003264,弹幕呢,94.954,1753017693,6474f847
1895738460665778432,来了,9.0,1753017972,d2eb3f6c
1895738543637500160,超超看起来很聪明的美女,286.398,1753016280,a9208369
1895738587400868096,我说会长怎么有种被夺舍的感觉呢,275.37,1753020529,fc5c5aac
1895738736936194304,罗世杰也是博士吧,170.656,1753024489,8d665d98
1895738941182021888,再听一遍哈哈哈哈哈,211.547,1753064144,91850ea9
1895739043304935680,大左你堕落了 居然问出这种问题,183.625,1753066311,c585eb07
1895739119892926720,直接看加长了,50.901,1753065450,532bb614
1895739159101280512,直奔完整版！,2.008,1753066177,df6e1fa7
1895739170954383616,高情商：还在研究中...低情商：懂得都懂,196.746,1753071998,2b09e628
1895739227485212928,想起大不溜，小不溜，哈哈哈,313.856,1753071380,42da3e49
1895739240252674304,本来就是这个议程,275.175,1753075611,9cc5a9be
1895739294963175680,让我们说中文,230.803,1753077391,7d0b1ed6
1895741767471711744,好漂亮我的吗,123.454,1753081229,35861f7e
1895878472815905536,我就说会长怎么突然那样哈哈哈哈哈哈,285.477,1753097525,e1f0140c
1895902343950621952,小姐姐有点用哈利波特的露娜,260.69,1753100371,7bf5ae5
1895913944380697088,全世界都在说中国话。,240.019,1753101754,83719079
1895923691389856000,这封面有点像火仔和托子啊,7.553,1753102916,f48e83fe
1895925654231755520,俄罗斯娜娜什么时候来,123.096,1753103150,9a5f75b6
1896126772140527360,soul说是,314.381,1753127125,757770bd
1896432713985696000,厉害了,157.364,1753163596,d844b0d7
1896548500188124672,头发好美,170.792,1753177399,7be9809b
1896549652783060480,杨迪火是有道理的 尊重人,272.254,1753177536,7be9809b
1896671118996624640,哈哈哈哈确实幸好解释了,273.442,1753192016,9cb4590f
1896702989247416832,超超很适合这个衣服的颜色哦,102.804,1753195815,3c4a8341
1896834873642632704,有俄罗斯美女啊…,35.454,1753211537,88971e98
1896836266168177664,让我们说中文,232.165,1753211703,88971e98
1897134881856050432,漂亮小姐姐～,64.387,1753247301,c76fd2
1897334937960030976,濑濑这个妆真好看,301.592,1753271149,bbeae81b
1897409888377011200,冒犯,196.202,1753280084,4dd44e23
1897435333340270848,约基奇,348.778,1753283118,182ab5fd
1897520115852190208,完蛋，没有提示我怎么看？,116.489,1753293224,28dcc9f6
1897545623813818880,这就冒犯了？弹幕真是敏感肌,201.287,1753296265,d14d0ec
1898012492027085824,赖赖的妆好可爱,336.596,1753351920,4fcac017
1898069933423117568,杨迪预判了弹幕哈哈哈哈哈,271.58,1753358768,ba542c3c
1898129671619960832,这个问题就跟 这是博士，你谈恋爱没？结婚没？一个意思,190.406,1753365889,c4640bae
1898480150421808896,来了,16.649,1753407669,6a79158e
1898575317955005440,超超好好看！,109.88,1753419014,69896d2c
1898577690152768512,花仙子从动画里跑出来了,128.022,1753419297,ae954710
1898649691060092160,西伯利亚可老大了,219.328,1753427880,2391701c
1898711585640666112,陈超这次妆发好可爱啊,102.634,1753435259,6bc89832
1898754234095442176,羌族小煞,92.976,1753440343,2c9219d7
1898798214510129920,你是菠萝的颜色,82.099,1753445586,3665527f
1898849081846541312,萨沙爸爸本身就是中国人，只是他自己从来不提,250.247,1753451650,b47738e
1898894497392836608,哈哈哈哈哈哈,177.674,1753457063,b7a9b2eb
1898943849687043840,一直是这样就得改呀，与时俱进哦,224.299,1753462947,b698ce63
1899364840469068288,这个发量绝了,134.718,1753513133,2a7b6daf
1899448788037526016,超超每期都好美呀,99.793,1753523140,d00654d8
1899516166050156032,不是第一次看 而是第一次意识到 以前太麻木了,216.063,1753531172,118b96e
1899527485797073152,笑死 中文是母语 俄语是二外,237.713,1753532522,568a8045
1899528308618886912,敏感是好事,303.526,1753532620,568a8045
1900192036414916352,一之濑这妆怎么回事,293.915,1753611742,29c7c55b
1900289648556262400,直接看加长版,0.154,1753623378,e67086c2
1900919121772592640,好漂亮,127.615,1753698417,c1f2fe77
1901083258352320512,好厉害的姐姐,153.737,1753717984,80000882
1901138676046841344,好想念松鼠啊,100.073,1753724590,be45fcd2
1901541018550427904,学霸,158.824,1753772553,92f8c01f
1901541640448327936,哈哈哈哈哈哈哈哈哈,233.0,1753772627,92f8c01f
1901557020667466240,口音重成这样吗hhhhhh,247.784,1753774461,28c7b5ab
1902390692148829184,杨迪，综艺没了你可怎么办啊,266.775,1753873842,d89f1503
1902390841935725312,这个家不能没有杨迪,269.141,1753873860,d89f1503
1903658867167214336,萨沙俄语有东北口音,222.721,1754025021,19790be1
1903884035399163392,弹幕确实很敏感（摊手）但本来每个人的敏感度确实都不太一样,210.495,1754051863,c29ddf0d
1904491649607379968,哈哈哈哈说不出来,179.099,1754124296,3e5e834
1904491705198666240,太真实了,185.705,1754124303,3e5e834
1904530408591864832,别说的是人均美女，俄罗斯人一到中年，你看什么样子,267.292,1754128916,45953387
1905824218038253568,一之濑脸咋了？？？,293.709,1754283151,7becfa2e
1906658172484245248,斯拉夫出美女,75.635,1754382566,1327ee61
1906659219936198400,俄罗斯男女比例失衡 现在男人可能更加少了,182.722,1754382691,1327ee61
1909373597710577920,杨迪真懂弹幕啊,277.498,1754706270,8dd2ba4e
1910460639663627264,陈老师在模仿一之濑,45.076,1754835855,922f6f0b
1913105683772238336,希尔顿借了这么久啊,64.327,1755151169,7c712eec
1918431810531300864,这集时长好评,75.498,1755786093,15362246
1918442564634446336,最好看的,148.186,1755787375,15362246
1933845929732174848,什么文化？能不能翻译成中文,304.009,1757623599,d7c947c1
1937313621231702528,丽莎非常漂亮又可爱，前几天在三亚看到本人，很惊艳,124.308,1758036980,ba02a15
1937929668699405312,卡尔波利,48.444,1758110419,32e2455b
1937963074376466688,好漂亮,134.143,1758114401,945a6cd2
1944416070370790912,？？？？？？,169.166,1758883658,ee18cbf2
1946034063152715520,漂亮,127.189,1759076538,eb269b47
1948170065589943552,这就是敏锐，情商和敏锐并不相关,311.502,1759331169,ffdfce2e
1953129821739839744,为啥一之濑是asuka明日香,324.492,1759922418,83b4cbbf
1954420562860454400,好喜欢她,134.846,1760076286,915cc525
1956594679777072128,别太敏感肌,205.333,1760335461,d35c8a9
1960344697746654976,萨沙爸爸是混血,212.087,1760782498,f8089327
1961200116493380096,？？？,189.014,1760884472,a187841b
1963248930037173504,故意的，节目就这样，多少年了还不懂这个套路吗,196.252,1761128710,65b78c7
1968970682843311616,哇俄罗斯美女姐姐,34.602,1761810796,269700bc
1977838097261843200,来了来了,8.955,1762867874,aedabb3d
1977839385668188416,好有才华！好漂亮！,162.561,1762868028,aedabb3d
1992655007401061120,让我们说中文,231.845,1764634187,b087944c
2002223379507534848,超今天的发型好看,289.421,1765774826,8d79c5f3
2004575798560393984,怀念以前长头发的四姐,174.74,1766055256,ffa3828d
2021928450646454528,确实不太好。。。这是啥敏感，之前男代表啥的也没问（从非正第三季开始追的）这本来就不尊重人，敏感也不是什么坏事,202.128,1768123854,6d4f31dd
,,0.0,1775683732.8000336,
lb.c,,0.0,1775683732.8000336,
,,0.0,1775683732.8000336,
1895737342925705472,严谨的德国人,476.148,1752986028,fe4eee91
1895737483040624896,大气,487.444,1752989145,193ffd61
1895737545401536768,怼脸拍，真的好看doge,689.139,1752990986,591a47e1
1895737746736517376,两位的瞳色都好好看,397.339,1752993592,2f3ca03c
1895737759118102784,梅丽莎小姐姐头发太美了，像洋娃娃,677.759,1752995462,13ee2db9
1895737805708431616,呆楞是真的  成熟了！！成熟的帅！！,611.617,1752994452,fbf64f60
1895737827443314944,那真的我们很难这样,466.779,1752995951,1091612d
1895737952785895680,花期短但是开得艳,585.749,1752998353,4eba2802
1895737970108371200,可以一个人买单，然后有空了拿小票算,428.926,1753005751,90af0186
1895737994720547072,split the bill是吗,414.975,1753003281,ea88348b
1895738146084589824,梅丽莎真的太好看了,642.72,1753009208,d93d12d4
1895738169790796032,哈哈哈哈,434.814,1753004847,2f987c3c
1895738187113271552,这个妹子好养眼啊！！,500.242,1753010552,85e3c44a
1895738250027831552,真的，我追过不少外国演员，白人很少有保养好的,603.652,1753012927,302e2cd4
1895738309293347072,男生应该说平权吧,410.11,1753014904,26cd4125
1895738312942391552,这蓝色眼睛真漂亮,701.403,1753012513,68efaa5c
1895738379505996032,小姐姐！10分好看！,681.33,1753013023,302e2cd4
1895738488926998784,听着还挺浪漫的,529.594,1753015004,26cd4125
1895738489832968448,哈哈哈哈哈,621.823,1753019961,ef8f951e
1895738508984160512,五官太美了,684.493,1753017972,8d117f15
1895738562780303616,四姐稳定发挥,422.981,1753022338,fbd7fd41
1895738589221196032,太好看了她,677.254,1753017957,8d117f15
1895738746054611200,陈铭看了一眼梅丽莎哈哈哈哈哈,590.106,1753024833,8d665d98
1895738822642602240,白人皮肤薄，再加上骨相起伏明显，没有胶原蛋白很快就垮了，黄种人只要保养得当一般四十多岁还是没问题的,615.648,1753034058,7a1afabc
1895738826291646720,严谨的德国人哈哈哈哈,462.399,1753024355,bde1c345
1895738886471520512,而且他们生很多孩子 生的女儿也多 我俄罗斯同学她有三个姐妹,706.277,1753041605,7021661
1895739008659984640,这种情况的话一般就是那个吃的多的全付了，关系好的话分别人一口吃的很正常,469.305,1753033834,7a1afabc
1895739055158038784,好问题,629.722,1753070638,bdcbba7
1895739211068707072,萨沙有几分像吉洪诺夫老爷子年轻的时候,649.648,1753071778,9e41d483
1895746442224785664,让我想到了鹊桥仙,527.913,1753081786,35861f7e
1895778905819131904,超超有点星期三的味道好喜欢,385.96,1753085656,73e93c18
1895840500003377408,哈哈哈哈哈哈哈哈哈哈哈,519.208,1753092999,ac1ed4e7
1895840530647078656,紫禁城风水养人,590.76,1753093002,c0d2264f
1895945062736117760,aa就是每个人付自己的，传到中国才变成均分,412.606,1753105463,84633020
1896015890890314496,新代表好可爱,639.956,1753113907,e871e898
1896039919974262784,哈哈哈哈,427.498,1753116771,415655f0
1896457049043406080,活泼可爱美丽，常驻！刷起来,688.508,1753166497,8cb4abb9
1896471204483626240,萨沙确实帅啊 是我喜欢的长相,657.64,1753168184,4ca66879
1896710320119313920,魂断蓝桥,514.263,1753196689,491addc9
1896934522319112192,哈哈哈，是我了,375.813,1753223416,a075ec79
1897173951436752640,一之濑这个妆造没之前的好显得臃肿突出,369.849,1753251958,6f99a845
1897176064527120128,这才是真正的AA AONE 各付各的,417.466,1753252210,6f99a845
1897249138144757248,哎呀超超好美呀这套,372.158,1753260921,d67a388
1897255003031584000,太可爱了,643.527,1753261621,290bcf14
1897330516752267008,四姐没变化，从以前就成熟,627.007,1753270622,7ea9d3d5
1897377323800974592,主要是德国比较严谨,427.117,1753276202,c76fd2
1897409726736857856,原来都是搜来的,571.539,1753280065,be125094
1897789980114699776,哈哈哈 不记得,540.606,1753325395,4227b274
1898072148510532864,高配版星悦,691.839,1753359032,2738fae5
1898073640089037312,我的男生同学也是，大学4年过去之后都不同程度发福了哈哈哈,603.928,1753359210,ba542c3c
1898583508701119488,最漂亮的不是五官吗，尤其眉眼,683.896,1753419991,ae954710
1898652758169973248,deepseek打钱,575.04,1753428246,2391701c
1898755732108109824,因为他们爱晒太阳 高油高甜 亚洲普遍相反,616.917,1753440521,636af638
1899233687024352256,法币还帅好可爱,403.744,1753497498,ad67615a
1899377441013676544,哈？,702.185,1753514635,2a7b6daf
1899524857746892032,我喜欢这种方式，不过最好点一些价位差不多或者好算的,476.688,1753532208,fbcf58ae
1899526800288205568,参考小李子,615.613,1753532440,fbcf58ae
1899527783693058816,好像俄罗斯婚礼和登记是同一天,703.421,1753532557,fbcf58ae
1899611392370790912,4,635.097,1753542524,82c776d
1899956477675331840,是晒伤妆啦,360.467,1753583661,9e6467db
1899975255272139008,这个好,400.959,1753585900,2c9403ee
1899976001933586944,那是因为西方吃饭（夹菜）的模式不一样 每个人分的很清楚,422.475,1753585989,2c9403ee
1899977800535069184,风大,542.187,1753586203,2c9403ee
1899980015152740352,测的好，就是真的好，测的不好，要相信科学,375.102,1753586467,3ad68769
1900241357915115264,怪浪漫,530.228,1753617622,5eebbb86
1900924116316678144,他也是混血吧,597.346,1753699013,c1f2fe77
1900991742497444096,老王好认真,506.845,1753707075,f6eb3d24
1900996645152891136,这个好！我喜欢这样,418.409,1753707659,59b380d7
1901491110711870976,引火烧身,657.108,1753766604,3465c430
1901544698834279680,哈哈哈哈哈哈哈,597.382,1753772992,92f8c01f
1901692904028990720,都一起吃饭的关系了感觉不用太计较吧，这是date诶,487.282,1753790660,71f360aa
1902424479079549184,是帅的啊，五官比例很好,657.34,1753877870,24d07282
1902473228065647616,我喜欢这样，感觉婚礼是给外人看的，不是给自己办的,717.867,1753883681,59b380d7
1903182158839680512,我和一位少年，漫步树林外,487.925,1753968193,a6894687
1903203390071653888,饮食问题,600.437,1753970723,5e85aa98
1903650610780700160,白人虽然不注重保养但没有容貌焦虑可以做自己就很好啊,633.202,1754024036,98decb5
1904495513727200768,这个小姐姐真的好漂亮啊 白白的,603.059,1754124757,3e5e834
1904532634147952640,堵桥来,511.379,1754129182,5bd65cde
1905080521651165952,喝酒喝的吧,597.515,1754194495,39d99fac
1905349996455302912,好喜欢去这样的，有人能懂吗,434.037,1754226619,6d90be6a
1906661267888835072,法币和一日代表眼睛一个色系,393.932,1754382935,1327ee61
1906662046133447168,这次总算到德国人震惊意大利人了,469.062,1754383027,1327ee61
1910284368769920256,因为花期短,698.558,1754814842,664d29dc
1912279399659960064,风在哪不都是一直在吹的么,542.249,1755052668,a8fe5ea9
1913210705083992832,萨沙确实帅，而且帅得很客观，这但没法否认,650.002,1755163688,d88d4d24
1913223966307712512,同事之间可以这样，朋友之间就没必要了,449.744,1755165269,96a9a0bf
1913292098959548672,萨沙确实是特别帅！,660.617,1755173391,7b914c00
1913346863013150208,这个真好,405.051,1755179920,fcf22efb
1916178758985921792,德国人哈哈哈哈,470.385,1755517508,41d23346
1921042340266008320,国外是各点各的套餐，适合aa，中国是一起吃同一盘菜，胃口不同，不适合粗暴的aa,412.351,1756097292,eea468e3
1921042881901795072,中国更难算，所以流行请客而不是aa,441.898,1756097357,eea468e3
1941566684721332736,这两个俄罗斯代表应该就是中国审美里最好看的那一类了,667.832,1758543985,e2e301a6
1944428565982548992,Dylan在写什么,388.052,1758885147,73aed9f3
1953188451575386624,确实帅,649.868,1759929407,194d9898
1960064942610599168,我29岁，孩子10岁。,709.896,1760749149,6a7c628d
1961074382902701824,啊啊啊这个音效好可爱,639.808,1760869483,c8711e27
1965454987081423872,我就这样，各算各的。跟朋友其实我也想这样，不然我感觉不太舒服,456.746,1761391692,d0b3063b
1969275411209221120,hhhhhh,585.68,1761847122,1e751c6e
1977842088578297088,严谨的德国人,480.692,1762868350,aedabb3d
1988648613126933248,妈呀，漂亮姐姐好可爱,643.948,1764156588,c847ffba
1996421042478379264,比aa更aa哈哈哈,415.493,1765083134,7177deef
2025581688474307072,亲兄弟明算账,428.978,1768559354,e5ebf93c
2066188182139764224,你也是 和前几季对比明显,589.72,1773400025,a16be46f
2068219040748953344,我喜欢这样,442.196,1773642122,f2fcfff8
,,0.0,1775683732.8000336,
lb.c,,0.0,1775683732.8000336,
,,0.0,1775683732.8000336,
1895737309572600064,哈哈比利时淡淡吐槽好搞笑啊,864.838,1752985668,47bbec08
1895737494264582400,2333333,743.492,1752989946,c76f245a
1895737546508833024,只能说世界之大无奇不有了233,828.615,1752990204,4944442d
1895737690583175424,？,788.371,1752992554,dbe23620
1895737828349284608,哈哈哈哈哈 就非要有证吗这,788.883,1752994668,fbf64f60
1895737890777305344,这么闭塞吗？,805.983,1752997401,ba65b856
1895738004753322240,比较严重的程度哈哈哈哈哈,1016.022,1753004556,94d50217
1895738144264261888,男：天王盖地虎 女：宝塔镇河妖,875.819,1753006816,47376c28
1895738162501095680,伊拉克也是什叶派国家,830.79,1753007084,43686648
1895738377685668096,对对对,886.688,1753016087,bc9fd41c
1895738640282652928,哈哈哈哈突然想起来戴卢可是不是对dating文化很懂,952.295,1753025347,fe4eee91
1895738693172826368,哈哈哈哈哈《这个华波波不一样》,729.19,1753024957,8d665d98
1895739065182425344,越压抑越开放,844.47,1753052006,65ec0af4
1895739149982863616,哈哈哈哈哈哈哈,907.322,1753065403,f7934ca3
1895769540794055680,前面俄罗斯遍地帅哥美女是真的,769.796,1753084540,4422ff62
1895824043836972544,弹幕突然收声了红红火火恍恍惚惚,734.198,1753091037,cc93cef3
1895828587920556800,这真的不是菠萝卖不出去的营销吗？,871.762,1753091579,1da0b061
1895947042497947392,第三次见面还是第三次嗯嗯？,1049.141,1753105699,c750ae38
1895949991009590528,宗教警察吗？,776.638,1753106051,9e41d483
1895971024152074240,中国人的经商天赋哈哈哈哈哈,917.26,1753108558,5a31e3ac
1896425506115668224,村？哈哈哈哈,953.332,1753162737,42570b8b
1896427127877063168,招展笑死我了,743.277,1753162930,9ec95bfa
1896494509345332736,开放啊,1029.735,1753170963,6a042d86
1896637560244685568,充话费式的结婚,813.804,1753188016,89807551
1896692754986387712,哈哈哈哈哈哈,983.273,1753194595,eac1fc5d
1896706299065560320,老王的眼神在冒星星,838.313,1753196210,d8e5f363
1896713955582526208,天逊尼派和什叶派，想到追风筝的人了,829.491,1753197123,491addc9
1896841388705377280,这跟我们这的警察查房有点像…哈哈,805.028,1753212314,88971e98
1896937991939779840,？？？？,786.906,1753223830,a075ec79
1897123754787030016,哈哈哈哈哈哈哈哈哈哈哈哈哈哈,1020.411,1753245974,45654410
1897176574395630080,来了，直接加长版,974.739,1753252271,d9749c34
1897380653918993152,哈哈哈哈～lady first～,753.071,1753276599,c76fd2
1897380942050808832,短期啦～长期啦～,765.871,1753276634,c76fd2
1897383124666121728,哈哈哈～A到Z～,976.347,1753276894,c76fd2
1897383569446710784,比较严重的程度～红红火火恍恍惚惚～,1015.942,1753276947,c76fd2
1897383907826628352,姐妹们～,1052.127,1753276987,c76fd2
1897551369599046400,可以鼓掌了,1016.475,1753296950,d14d0ec
1897727145607336704,搞对象笑死我了,941.281,1753317904,68db616f
1897898291362938112,YOYO,769.419,1753338306,3dc677eb
1898076736198329856,哈哈哈哈哈哈四姐,967.648,1753359579,ba542c3c
1898220515982619136,哈哈哈哈什么时候看到这个lady first才不会笑啊哈哈,749.918,1753376719,e8cc9494
1898515580160908800,真就体验卡,785.517,1753411893,a18ccce
1898531542490707712,太好笑了hhhhhh,995.742,1753413796,8020f1b7
1898584831534084096,感觉和苏格兰那种男女校联谊会挺像啊,958.956,1753420148,ae954710
1899333614798306816,哈哈哈哈哈哈哈哈,890.75,1753509410,48caf715
1899493708169050112,这是真的 ,810.963,1753528495,49612456
1899558765339352320,哈哈哈哈哈哈哈哈哈哈，有点太诚实了哈,1041.266,1753536250,37dfb466
1899559089802601216,雷妹妹～,1054.905,1753536289,37dfb466
1899632198056381952,华波波很可爱,860.822,1753545004,ddcb952e
1899690611263457024,这个是真的，我伊朗朋友们都证实了,809.166,1753551968,881ef171
1899980184409419520,我还记得诶,767.393,1753586487,2c9403ee
1899980554649404160,救命,801.518,1753586532,2c9403ee
1900176913918403840,老王。我喜欢的,836.184,1753609939,d7c68202
1900207702098475264,什叶派和逊尼派能坐到一起聊天也只有非正式会谈。,831.444,1753613610,253cfa97
1900855482026004736,挖坑了开始，准备回家跪搓衣板了卢可,963.641,1753690831,18259142
1900982139454146048,以前就说过啦,795.933,1753705930,1606bf27
1901030304811390976,真敢问啊大左,1041.459,1753711672,bba3e7b3
1901030501683674368,特殊类的hhhh,1063.512,1753711695,bba3e7b3
1902475393005930752,认真，不是严肃,1021.238,1753883939,59b380d7
1903582328761517312,讽刺的不是波波是国情,851.615,1754015897,1ddd0afb
1904394075097533952,哈尼克孜,728.514,1754112664,712639ae
1904496876288851456,哈哈哈,729.753,1754124919,3e5e834
1904516940261635328,哈哈 被说中p图了,897.961,1754127311,357dee8e
1905292868248203776,哈哈哈哈哈温州人也是站起来了,922.793,1754219809,94dc5d7b
1907465783345827584,大左池州人，差一个字,930.583,1754478840,e06a0bba
1909633575939544320,哈哈哈哈扬扬补刀,729.343,1754737261,d7fb52ee
1909637115907104000,哦～,1068.756,1754737683,d7fb52ee
1910217713125871872,不愧是北欧,991.337,1754806896,7419d9b6
1910285333971808000,开放式保守,800.19,1754814957,664d29dc
1916182003120834304,好神。。。,800.571,1755517895,41d23346
1918092995408932352,买菠萝是吧哈哈哈哈哈,841.599,1755745703,cae536f2
1919839034780907008,哈哈哈哈哈哈哈哈哈哈,1016.446,1755953847,b9f358ce
1920303224746295040,BGM怎么这么燃？,900.242,1756009183,99536495
1929266071559254528,比较严重哈哈哈哈哈哈哈哈,1020.019,1757077637,467053b4
1932278720392444672,严重哈哈哈哈哈哈哈哈,1008.878,1757436773,52ac390e
1933442446847667968,华波波像非正的逗号，哈哈哈,734.125,1757575500,df58247e
1939900940560154624,搞对象哈哈哈哈哈哈,944.041,1758345412,add21500
1941083294070661888,熟悉的音效又回来咯,760.233,1758486360,50b86bf5
1961012560908661760,肯定有,975.077,1760862114,bfa2ee3f
1969395654430585856,大家都知道的话还叫暗示嘛哈哈哈哈哈哈哈,861.564,1761861456,7ed3ebc
1969396057905913344,华波波每次发言都特别有梗 综艺里缺不了这样的角色,868.073,1761861504,7ed3ebc
1977846831144786688,哈哈哈哈哈哈哈哈哈哈,1044.084,1762868915,aedabb3d
2024171551549188864,！！！,787.638,1768391252,6151813e
2026922242222668544,米兰的男模大部分超级无敌穷,1070.323,1768719160,aef87158
2059722213967966208,啊？,1009.869,1772629221,75a3ab51
2059722648640373248,stop 哈哈哈,1044.827,1772629273,75a3ab51
2068224214867537408,感觉这样离婚率好高,1056.652,1773642739,f2fcfff8
,,0.0,1775683732.8000336,
lb.c,,0.0,1775683732.8000336,
,,0.0,1775683732.8000336,
1895737366690631936,被杨迪笑死，哈哈哈哈哈,1112.633,1752986394,eb069b0d
1895737511729664256,婆婆选好了，双方家长见面一次就订婚了？？这么快，和父母之命有啥区别,1166.095,1752990929,5866b398
1895737822007496960,保持神秘感么,1177.151,1752996054,13ee2db9
1895737846460289280,想起唐大哥开车尾随着送老婆哈哈哈哈哈,1216.937,1752995154,fbf64f60
1895737857038323968,陈老师还是会  doge,1334.87,1752995706,fbf64f60
1895737911757213952,哈哈哈哈他吓死我了,1277.525,1752996969,1091612d
1895737960989954304,哈哈哈哈哈哈,1249.715,1753005457,81e32263
1895738084084388096,那怪不得有些时候会吃西餐，因为这样不能玩手机，就会被迫了解对方哈哈哈哈哈哈哈哈哈哈哈,1364.499,1753010046,4e76690
1895738115080294656,说得我都心动了,1313.062,1753001868,755ab053
1895738130582442240,阿雷是真的在为姐妹们考虑啊！,1091.08,1753006285,2394c70f
1895738138786500864,打羽毛球！双打！,1265.968,1753011691,3820b86
1895738178909212928,四姐好喜欢陈老师感觉哈哈哈,1293.779,1753005068,34ea35bf
1895738260974964992,好像伦和四姐都没说？,1306.348,1753009512,e9983320
1895738350330417408,那岂不是完全不了解彼此,1188.238,1753015487,7e01a787
1895738449718644992,还是不一样，父母之命很多面都没见过,1191.878,1753016191,eabe6363
1895738783434248448,知道的不少,1094.625,1753026745,1952548b
1895738787083292928,《再见XX》那段时间的经历给陈老师整工伤了,1245.564,1753025428,8d665d98
1895739087068303616,难怪爱密室剧本杀呢,1281.948,1753071847,a05ec9c0
1895739136301043968,我喜欢看电影，因为不想交流,1267.296,1753063459,3e15afd5
1895739137215402240,赶鸭子上架,1347.576,1753073156,2b09e628
1895739334171529472,有点难评,1318.96,1753077674,6d52a3e9
1895842592684773632,老王好搞笑,1207.55,1753093248,a384683a
1895888808210444032,跟古代似的,1200.836,1753098757,80d76961
1895902850890865152,…男方视角吧，感觉作为女生并不喜欢,1329.906,1753100431,e1f0140c
1895907698449826816,唐小强好像也是这样认识老婆,1154.003,1753101009,7bf5ae5
1895953890084972544,得有个电灯泡,1201.966,1753106516,9e41d483
1895962814724877312,那大家性格都还没合得来咋办,1185.106,1753107580,70be7902
1895975507275771648,杨迪这个上热搜了哈哈哈,1108.05,1753109093,ab62fb5b
1895988325479763456,去逛宜家,1339.945,1753110621,24b0ce4c
1896001397800507136,真的，太套路了,1348.596,1753112179,b7453a45
1896033498947616256,我服了华波波了哈哈哈哈哈哈哈太搞了,1272.126,1753116006,11d561a5
1896422520862296576,陈老师说的前提是两人暧昧期只是临门一脚而已,1358.888,1753162381,2aa70d44
1896426994623953152,好古老的相亲模式hhh,1133.837,1753162914,42570b8b
1896548231191151360,爱情保安,1196.722,1753177367,445a39f6
1897115090000851712,经典来了,1111.63,1753244942,e0632c99
1897117071960705280,人家举例，只是解释吊桥效应,1318.362,1753245178,e0632c99
1897186435279557632,吃完再喝一点 酒壮怂人胆,1334.617,1753253447,6f99a845
1897384505070132992,红红火火恍恍惚惚,1112.117,1753277058,c76fd2
1897392014317188864,陈超好美好美！！！,1426.702,1753277954,dc39d7d8
1897729822839930624,世界的参差，有趣,1233.017,1753318223,68db616f
1897855084101036544,来自游牧的习俗,1150.008,1753333156,5e6db3f9
1898585785360270080,母单：别碰我的拼图！！,1322.878,1753420262,d5851018
1898586013228955136,非诚勿扰哈哈哈,1245.808,1753420289,ae954710
1898765709031333376,哈哈哈哈哈哈哈哈哈哈哈哈哈哈哈哈哈,1275.348,1753441711,da4a6923
1898851449120022784,真的好合适啊,1430.582,1753451932,85cd1b5c
1899312175110448384,伦儿呢,1370.097,1753506855,7b9475a0
1899329727408561920,\,1359.942,1753508947,4a475a07
1899340591771536128,对对对,1347.304,1753510242,48caf715
1899531646009486080,哈哈哈哈哈哈哈哈,1119.064,1753533017,fbcf58ae
1899651269212594688,做ai算不算呀,1266.478,1753547278,395ce43e
1899780832588526592,想到阿拉丁,1168.616,1753562723,fdcf0543
1899876594664020224,二十年前，唉，可怜的伊拉克人,1125.95,1753574139,51a708fa
1900212638299047936,在说什么？？？。？,1322.045,1753614198,75f02d2b
1900722697047418624,毫无违和感,1415.779,1753675002,29c7c55b
1901576106294143488,短期太奇葩了,1240.402,1753776736,92f8c01f
1902428555867433472,哈哈哈哈哈哈哈哈哈哈哈,1118.455,1753878356,24d07282
1902447002861027584,哇哦,1434.024,1753880555,623dd44
1906668414924016896,中东保守很多了,1144.039,1754383787,1327ee61
1907251422123737856,又到了羞耻小游戏环节哈哈哈哈哈,1398.192,1754453287,654346f5
1907263650541381888,小手段其实是感情蛮好的调剂，但不能没有真心，完全带着戏耍的心态去对待这段感情,1349.382,1754454744,952047f4
1910146676505643008,我要随时看华波波表现,1317.301,1754798428,738a73b
1910248152247194112,波波好可爱啊,1281.79,1754810525,edd6e64f
1911636225866354432,大左嘴替,1348.514,1754975996,954b058c
1911638478308513280,会长太懂女孩儿了哈哈哈,1347.81,1754976264,67c7bc24
1915402208338718720,卢可感觉又风流又老实,1084.624,1755424936,ef46f1d4
1916203344989683968,哈哈哈哈哈哈哈哈哈哈,1329.324,1755520439,d775399
1916742088792471552,牛蛙,1362.372,1755584662,613512da
1925311132990941184,逛宜家 看着那些温馨的家具 很容易构想两个人的未来,1337.444,1756606172,df324538
1929268457724077056,哈哈哈哈哈哈哈哈哈哈,1275.517,1757077922,467053b4
1937975455273985792,哈哈哈哈哈哈哈哈,1106.973,1758115877,945a6cd2
1943658342291830528,希尔顿环境真好,1399.929,1758793330,67fd89f
1953022555216956416,华波波哈哈哈哈哈哈哈哈哈哈哈哈哈哈哈哈,1282.728,1759909631,6e0df0f6
1958150579830921472,太功利性了,1332.809,1760520939,b2d06e53
1969280974567563776,梅丽莎真的好漂亮天哪,1208.194,1761847785,1e751c6e
1988656174098097408,小强也说过类似的，不敢多跟未婚妻见面，都是开车去接她然后远远停在家门口,1175.521,1764157489,c847ffba
1990319103688432128,妈妈结婚的时候？,1147.433,1764355726,d584df77
1995218600776512512,这眼罩好，能不能打包给酷滕送去,1420.12,1764939791,1dcdda72
2003692298001184000,我想要逛海洋公园的时候，他悄悄塞给我一个戒指,1341.086,1765949935,989ff3be
,,0.0,1775683732.8000336,
lb.c,,0.0,1775683732.8000336,
,,0.0,1775683732.8000336,
1895737232665841920,说了什么,1594.545,1752985968,8d60efce
1895737282477396224,哈哈哈哈哈哈哈老王搂住,1716.563,1752986236,f69ff094
1895737326240764160,老王：和我有什么关系,1743.272,1752986542,f69ff094
1895737564225573120,哈哈哈哈哈哈哈哈哈哈哈哈哈哈哈,1663.052,1752991877,a4557f7c
1895737579727720704,哈哈哈哈哈哈哈哈哈哈哈哈哈,1636.993,1752990432,534bf33e
1895737602217578752,吊桥效应,1656.035,1752993518,e967e3fc
1895737608274153728,这里为啥不放正片很好笑啊,1789.469,1752990046,1549437e
1895737615337361664,安全,1603.757,1752991580,6cf1571
1895737656718364928,哈哈哈哈哈哈哈哈这个眼罩哈哈哈哈哈哈,1749.409,1752991974,a4557f7c
1895737658731630848,哈哈哈哈哈哈哈哈哈哈,1497.584,1752991702,a4557f7c
1895737668823126272,哈哈哈哈哈哈哈哈哈哈,1545.58,1752991754,a4557f7c
1895737706764800256,看热闹不嫌事大哈哈哈哈,1701.323,1752994786,e868d6e6
1895737718181695744,笑不活了哈哈哈,1671.507,1752992796,4ae1ebd8
1895737814768128256,哈哈哈哈,1782.453,1752994589,b594b266
1895737824725405952,老王：我尽力了啊,1754.151,1752997563,1091612d
1895737939104076032,哈哈哈哈哈,1709.189,1752997498,1091612d
1895738000198308096,哈哈哈哈哈哈哈哈哈哈,1628.753,1753004360,71c28bd0
1895738021169828096,哈哈哈哈卧槽杨迪哈哈哈,1492.948,1753000323,6cdd056d
1895738075871940864,贴贴好可爱,1567.309,1753002223,2f1c4333
1895738098672177408,原来加长版加在这里,1699.212,1753003076,5465c709
1895738121464025344,哈哈哈哈哈哈哈哈哈哈,1656.539,1753006018,81e32263
1895738373122265344,波波刚刚说话好像老王的口音哈哈哈,1796.676,1753015888,5404f33
1895738395922501888,米可！！！！,1494.288,1753016707,d89d8cbd
1895738397742829824,米可，危，速回！,1492.03,1753013682,6ee65ea5
1895738456102375680,四姐说了啥！,1582.96,1753017881,f81c7508
1895738627515191552,牛,1558.58,1753021306,7d9f8a33
1895738699556557056,讲什么！哈哈哈哈哈哈,1774.953,1753027907,516113ea
1895738810789499136,非直男会谈,1748.073,1753027865,516113ea
1895738985868136704,怪不得没放到正片,1789.951,1753031556,b92fb27d
1895739133566357760,哈哈哈哈哈哈哈哈哈哈,1762.617,1753066553,f7934ca3
1895739144513491200,拦精灵,1581.015,1753073028,f48d5c83
1895739149068505344,拦精灵,1582.704,1753073049,f48d5c83
1895739154537877760,哇,1560.601,1753066056,f7934ca3
1895739172774711552,华波波哈哈哈哈哈哈哈哈哈哈或或或或或或或,1799.497,1753066590,f7934ca3
1895739264873238784,中东组合,1693.461,1753073158,f48d5c83
1895739308636606720,华波波啥都说啊哈哈哈哈哈哈,1775.347,1753078501,5b74304e
1895739310456934656,海带也不是植物,1531.538,1753076872,9cc5a9be
1895739313200009472,？！,1776.766,1753076889,3f6b3267
1895739330522484992,果然是加长版才能看的,1781.375,1753076921,3f6b3267
1895906831025530112,口水哈哈哈哈哈哈哈哈哈哈哈哈哈,1739.304,1753100906,e1f0140c
1895940225822895104,发币好可爱,1554.87,1753104887,9a5f75b6
1895974871134098176,梅丽莎真的好可爱好漂亮,1474.056,1753109017,5a31e3ac
1895977277180010240,这一期简直好笑到爆炸,1743.416,1753109304,5a31e3ac
1896089730320659968,好萌的两个人。。,1564.681,1753122709,7388c77a
1896307287158110464,俄罗斯小姐姐好有节目效果哈哈哈,1702.016,1753148644,13ab9171
1896334982533370624,给我笑岔气了,1755.375,1753151946,708e4a48
1896396461777172992,啊啊啊啊啊啊啊啊啊啊啊啊在干嘛,1496.598,1753159274,fe4eee91
1896555342020727040,直接笑喷哈哈哈哈,1562.963,1753178214,ff3287e5
1896610434808184320,伦想说毛肚吧 因为他那面是有颗粒的,1620.755,1753184782,c89ae7d7
1896662305044209920,每次会长都害怕的掉了,1527.119,1753190965,273d9554
1897190863994496256,这个太好猜了,1574.051,1753253975,6f99a845
1897283620088294144,美国内战,1568.439,1753265032,9c211b2d
1897402826846586880,这能播吗华波波,1775.465,1753279242,3c4a8341
1897475776413565696,我不行了哈哈哈哈哈哈,1768.852,1753287939,9cdf46e6
1897754977691536640,杨迪真的鬼点子一箩筐,1641.181,1753321222,ecd0b892
1897864109346135552,小姐姐气氛组的～,1695.088,1753334232,c76fd2
1898059525744480512,哈哈哈哈哈哈哈哈哈,1472.659,1753357527,60ea1822
1898060394963528192,为啥不让佛罗伦萨上啊,1576.261,1753357631,60ea1822
1898130261355317248,哈哈老王想说暴雨,1538.209,1753365959,a725bfc4
1898587923558453760,杨迪直接尝出来了哈哈哈哈,1542.474,1753420517,ae954710
1898588979633806848,哈哈哈哈哈这段Dylan小女生的感觉太好玩了,1656.928,1753420643,ae954710
1898633274117548032,西八 笑不活了 哈哈哈哈哈哈哈哈哈哈,1782.398,1753425923,60e24333
1898657403714124288,发币好厉害,1536.51,1753428800,470dd9de
1898864820091084288,涛涛,1594.511,1753453526,e3470321
1900014385343060224,弹幕呢，怎么没有弹幕？,1474.018,1753590565,3ad68769
1900014950055944192,我都没有看清是什么东西,1520.297,1753590632,3ad68769
1900015779680882944,猜得太大胆了,1611.896,1753590731,3ad68769
1900016341843597568,看起来好想笑,1648.607,1753590798,3ad68769
1900078932972598272,哈哈哈哈哈哈哈,1776.629,1753598259,ecc35430
1900293250909070848,老王稳如泰山,1723.35,1753623808,968d7bd9
1900353048833126144,味道应该有的,1618.131,1753630936,10c54e37
1901001124350363392,发币好可爱啊,1578.257,1753708193,2c9403ee
1901002382926510592,太可爱了,1672.273,1753708343,2c9403ee
1901764467755164416,哈哈哈哈哈哈哈哈哈哈哈哈,1750.736,1753799191,ddafd2e4
1902238942640826880,这个眼罩好适合老王,1731.008,1753855752,65067beb
1902284649590899712,华波波这么钢铁直男吗没想到哈哈哈,1769.312,1753861201,f5de49c4
1902909050661155072,弹幕呢 四姐说的啥,1582.34,1753935636,2e93938c
1902910756887219968,Dylan的破碎感哈哈哈,1644.472,1753935839,2e93938c
1904506363838182400,哈哈哈哈哈,1741.394,1754126050,3e5e834
1904506528892481536,好奇怪的画面,1761.072,1754126070,3e5e834
1905000656431964672,这个眼罩我不行了,1754.1,1754184974,f5f7f31f
1905339129458194176,再靠近一点点,1456.9,1754225323,ba077aef
1905766002156188416,我嘞个豆,1448.318,1754276211,cdc7bc83
1906135497672774400,哈哈哈哈 加长版果然不一样 我再敷面膜啊  哈哈哈哈 ,1748.007,1754320258,8a4bf8c9
1906673310826237952,中东族,1687.411,1754384370,1327ee61
1906748234274702336,哈哈哈哈哈哈哈哈哈哈哈哈哈哈哈哈,1762.638,1754393302,b145d3d2
1910390807304161024,我要笑疯了哈哈哈哈哈哈哈哈,1627.006,1754827530,8815c960
1915932755691390976,这也太。。。,1487.198,1755488182,51f2909e
1915934066629406464,哈哈哈哈哈哈哈哈哈哈哈哈哈,1643.477,1755488338,51f2909e
1915934230198990336,哈哈哈哈哈哈哈哈哈哈哈哈哈,1663.022,1755488358,51f2909e
1915934679484266240,哈哈哈哈哈哈哈哈哈哈,1716.53,1755488411,51f2909e
1915934832542999808,哈哈哈哈哈哈哈哈哈哈哈哈哈哈哈哈哈,1734.857,1755488430,51f2909e
1920310407324203776,两伊贴贴,1684.752,1756010039,99536495
1921056005467708160,可爱的发币,1554.389,1756098921,912b4cef
1921058110144466944,哈哈哈哈笑得肚子疼,1664.435,1756099172,912b4cef
1930616796109848576,哎呀,1498.221,1757238656,8f57e35c
1938813363061097472,一个奖励杨迪的游戏,1634.819,1758215763,c1c7a66
1942229667884861184,笑得我肚子疼,1783.88,1758623018,b85033c1
1952519966591265280,每次都没接住哈哈哈,1520.245,1759849718,3d553d69
1962432760279010816,我真不行了了太搞笑了哈哈哈哈,1734.276,1761031415,54f7b9d0
1967644616455633664,哈哈哈哈，这个女孩子好可爱，又害怕又好奇哈哈哈,1476.902,1761652716,eb09f285
1968988588058839552,hhhh小姐姐演员的诞生,1698.466,1761812930,269700bc
1970989897527898112,对吗？,1782.473,1762051505,9d717ee2
1981226523604447232,哈哈哈哈哈哈哈哈哈哈哈哈,1648.361,1763271806,1a09d87c
1988660542331797248,四姐说了“安全T”吗,1582.049,1764158010,c847ffba
2000956881128648192,笑得我肚子疼,1562.666,1765623848,e8b22811
2072032170285543936,大左这里为什么吓得抖了一下哈哈哈哈哈哈,1649.79,1774096682,f82fb2da
,,0.0,1775683732.8000336,
lb.c,,0.0,1775683732.8000336,
,,0.0,1775683732.8000336,
1895737421099143424,是隔壁陈鸣飞写的吧？,1945.554,1752987539,25b5c0fd
1895737422600704256,笑死哈哈哈哈哈哈哈,1861.726,1752987442,eb069b0d
1895737448110461184,不容易,1967.315,1752987565,25b5c0fd
1895737537650462976,笑死哈哈哈哈哈哈玩呢,1864.313,1752989866,adb42c8
1895737540972351744,玩儿呢,1860.902,1752989950,aaf3f032
1895737543203721472,哈哈哈,1815.18,1752989891,aaf3f032
1895737661759918336,哈哈哈哈哈哈,1802.631,1752992030,a4557f7c
1895737678914621696,但是体力劳动可以被机器替代，和ai有微妙区别,1970.153,1752991856,5866b398
1895737721998512384,哈哈哈哈哈,1864.31,1752993989,f3d0b903
1895737806614401280,AI能归纳总结现有信息，但无法创新,1995.774,1752997135,13ee2db9
1895737953691865344,工业创作可以，纯艺术不好说,1978.137,1753000003,8e57c960
1895738031194214656,20元手续费省下来了(ಡωಡ)hiahiahia,1903.052,1753004359,39499903
1895738391359099136,我家也有这个碗,1838.498,1753016417,c2e21b9d
1895738396828471552,妈呀陈超好厉害,1945.204,1753016803,cd8ee3cd
1895738416894021888,100块，哈哈哈,1895.824,1753017896,a9208369
1895738540927979776,超超好甜,1939.237,1753019045,8d117f15
1895738575547764992,有胡子应该感受不到吧,1808.657,1753017627,af72eec3
1895738673107276032,不是地铁卡了么,1892.499,1753022773,9c94b6bb
1895738779793592576,ai是用三推一，人脑是举一反三，本质区别,2024.616,1753029280,f9656259
1895738857295941888,玩儿呢，我一个广东人说不出的儿化音,1868.306,1753032504,9ef562ec
1895738900144951552,我觉得体现人情感的东西最不应该被取代，我是看小说的，如果我看的小说都是ai跑的我会死,1994.923,1753053765,5dbe0dac
1895738918381785344,不一样，至少现在的ai没有人脑会抽风（bushi）,2030.729,1753060518,d1e240cc
1895738950300438784,哈哈哈哈哈感情是在玩儿我们呢,1867.398,1753065521,91850ea9
1895738973092286720,聪明的人才看得到（,1851.057,1753066879,532bb614
1895739025076490496,上次还在说地铁卡扣费不好，立马就改转账了，真的听劝,1909.288,1753064244,3e15afd5
1895739121713254656,陈鸣飞的那个刚看完节目吧哈哈,1956.389,1753072388,df6e1fa7
1895739304081592576,哈哈哈哈太像了,1944.846,1753074038,f48d5c83
1895797243433331456,我去,1891.668,1753087842,35861f7e
1895797705813389056,当然不是,1970.665,1753087897,35861f7e
1895872207323318272,ai的数据库全是人给的,2052.858,1753096778,9f5269ce
1895957325815673088,口条真好,2151.186,1753106925,42cad9e5
1895973581704601344,老王好可爱,1844.968,1753108863,692c8ed6
1895992999780010752,华波波也算猜对了,1803.433,1753111178,24b0ce4c
1896092358488199936,我服了怎么这么好笑，老王真的穿了个香蕉牛奶。。,1821.385,1753123022,7388c77a
1896403149620117248,首彩回来打钱！！！,1815.544,1753160072,fe4eee91
1896658760060214528,老金主啊哈哈哈哈哈哈哈哈,1821.352,1753190543,abb3bea8
1896690759756227584,那是服务器和算力限制而已,2125.293,1753194357,b927edf8
1897017590325956608,刘慈欣的诗云,2043.276,1753233319,78c4204e
1897149153428556800,并不会被取代，就那ai原理来说，他是学习的技术，要是没有真人的作品投喂他，而是ai直接互相学习，最后肯定会失去人类所能体会的美感,2017.769,1753249002,af7c4445
1897160788939608064,AI取代不了大师，但能取代普通人，但我们大部分都是普通人,2028.594,1753250389,b0fb79b9
1897196044832664832,不会的 AI没有灵感只是个参考文献的价值,1999.815,1753254592,6f99a845
1897230944923557632,AI确实，一眼看得出AI,2056.543,1753258753,c05066cc
1897282352929849856,您,1876.848,1753264881,290bcf14
1897313971196141824,68+6+,2070.556,1753268650,676c84ca
1897315932888971776,只能模仿，不能取代,2003.459,1753268884,90b41f69
1897321705291076352,我觉得同意的人说的不是高端审美的艺术，他们说的是快时代创作,2090.686,1753269572,55d83f10
1897326315100134656,太厉害了哈哈哈哈哈,1950.759,1753270122,45654410
1897355364035362560,顶级的取代不了，中间底层会被取代,2092.654,1753273584,7ea9d3d5
1897404209155208704,自从知道地铁卡退费事件之后就换成转账了吗,1896.51,1753279407,3c4a8341
1897472786134957568,陈鸣飞投的吧,1948.859,1753287582,20c78ca8
1897763556578141440,这AI卡壳,1962.905,1753322245,28dcc9f6
1897865698693655296,《精彩葡萄酒》,1811.436,1753334421,c76fd2
1897865887454275072,能用的,1823.216,1753334444,c76fd2
1897975346582936832,画家的画有人买，AI的画呢？我觉得人类不会给AI的画赋予价值,2087.338,1753347492,ace2f97d
1898153206907890944,他俩节目效果已经出来了，拿到奖品不过分,1887.829,1753368695,44f44cf9
1898155156404016128,现在ai训练出的图基本都是侵权的，还不知吃了多少有商业版权的图,1990.896,1753368927,c4640bae
1898227304531014400,陈超超陈超超陈超超～,1935.987,1753377528,e8cc9494
1898497181946647040,华波波太搞笑了hhhhhh,1828.307,1753409700,6a79158e
1898589823536064768,那个脱口秀的哥们吗,1965.639,1753420744,ae954710
1898617694602120704,100元哈哈哈哈哈哈哈哈,1897.022,1753424066,25a98a6b
1898762572212570112,哇厉害了,1941.185,1753441337,eeae67ec
1898770444551886848,哈哈哈哈哈哈哈哈哈,1812.799,1753442275,da4a6923
1899295846349428736,深度学习型会成长,2061.503,1753504908,2233a413
1899311810357134336,陈超超超超哈哈哈哈,1937.372,1753506811,8020f1b7
1899619007338927616,可以的,2140.384,1753543432,f6a66d6c
1899619192483758592,辛苦阿雷了 这么一大段  我都要背半天,2145.64,1753543454,f6a66d6c
1900289831134223104,好丝滑,2143.5,1753623400,6908d584
1900727826387780608,直接转账了，不是地铁卡了,1890.432,1753675613,29c7c55b
1900864257726569216,奇马蓝,2054.335,1753691877,75f02d2b
1900992991485978112,好的画家并不会,1994.973,1753707223,1606bf27
1903906590856424448,对，所以对资本来说是好工具,2119.356,1754054552,c29ddf0d
1905365491481060352,首彩葡萄酒～味道不一样～,1814.065,1754228466,ba4142a8
1905383944120050688,ai i不会创造需求，只会解决人类的需求。,2031.372,1754230666,2ad516b
1906676777745390080,阿雷服装好潮哈,2100.595,1754384784,1327ee61
1907503470140018176,作家，和画家不会。但从事写作行业和设计行业的可能会受到影响，纯商业的会受影响,2014.591,1754483333,f5dd2f0d
1907711567622271232,一个画家的画上千或者上万我都觉得值得，但ai产的图最多一块钱,2110.855,1754508140,b59d3043
1909643331546811648,哈哈哈哈哈哈哈,1802.537,1754738424,d7fb52ee
1913366840508620800,有一只萨摩耶就叫陈超超哈哈哈哈哈,1930.9,1755182301,b30a9c4b
1915224874843617536,前面的萨摩耶的别走,1937.599,1755403796,32f67cc0
1915935882930912000,哈哈哈哈哈哈哈哈哈哈哈哈哈哈哈哈哈哈,1859.99,1755488555,51f2909e
1922480732891760896,陈鸣飞投稿,1994.089,1756268762,8dd2ba4e
1928560476044906752,ai会替代那些水平不高的人，真正的艺术家和作家是无法替代的,2055.3,1756993524,cfd3a899
1930620440054015744,现在AI技术还不成熟，以后就不知道了,2042.591,1757239091,8f57e35c
1950374312087470592,可以娱乐，但没有深度的东西,2005.631,1759593936,5ff286de
1953028710341331200,当然不会,1991.043,1759910365,6e0df0f6
1966172314316318464,好可爱啊这两个人，萌萌的,2019.752,1761477204,1ee5697
1970992051982448640,其实AI给创作圈子带来了很多好处，痛苦的是那些想不劳而获的人，AI反而将这些人筛选掉了。,1971.291,1762051762,9d717ee2
1970992805346750208,想要不被取代就得进步，人类是一直在进步的,2037.466,1762051852,9d717ee2
1980015234983286272,画手可能会，画家不会。写手可能会，作家不会。,2003.369,1763127409,916232ae
2004595551308142848,笔触这个东西AI永远做不到,2129.602,1766057611,ffa3828d
2027798215826511616,有道理哦,2053.34,1768823584,8f58d927
,,0.0,1775683732.8000336,
lb.c,,0.0,1775683732.8000336,
,,0.0,1775683732.8000336,
1895737322071625984,哇，倒过来的角度，不错,2320.614,1752985858,bc12bdcf
1895737389348262144,1000个人欸,2404.742,1752986739,1262b263
1895737464325640448,伦的观点每次都好深度,2429.52,1752988798,dd38837b
1895737568671535360,萨沙确实越来越厉害了,2188.029,1752990345,4bb6c894
1895737635520352512,AI学习能力强能模仿但是创新上暂时还做不到，给他看某个画家的画，他能模仿但是要他有自己的特殊风格还做不到,2307.016,1752992123,da8612fa
1895737675886334208,对对对,2518.778,1752992832,a4557f7c
1895737868891427072,来自四姐的认可哈哈哈哈,2383.869,1752995522,e868d6e6
1895738095023132928,其实就是说ai没有创新能力,2449.334,1753007080,fbf9b322
1895738186207301888,黄子宝宝！,2478.478,1753010860,d93d12d4
1895738219937894656,普通话越来越纯正了,2340.564,1753006552,2f987c3c
1895738308387377408,简单且周而复始的工作不会被AI取代，他们只会被机械化和自动化取代,2177.8,1753012446,da6fca28
1895738539074097408,可是这样的画家真的很少啊,2355.484,1753016161,cb47e4db
1895738633898922240,肯定是指定啊,2166.696,1753023213,691ef385
1895738659433844992,厉害,2461.836,1753022215,7d9f8a33
1895738860030628096,ai只能生产“产品”,2438.121,1753027530,9cc53f64
1895739034186518784,伦儿说的好有深度,2417.125,1753066030,91850ea9
1895739151803191552,老王说的对,2249.4,1753067040,f7934ca3
1895739188276859136,罗师杰在做捧哏,2338.921,1753070661,5268d633
1895779537472677120,很喜欢伦二这个比喻,2442.524,1753085731,3a31dcb7
1895880915561975552,说的确实好,2456.856,1753097817,db27ad6e
1895903241901117696,哈哈哈哈哈哈哈哈哈哈哈哈哈哈哈哈哈哈哈,2382.245,1753100478,4365b2b7
1895978595307183360,黄子！,2470.27,1753109461,692c8ed6
1896020644002007808,我真的我好多次都和萨沙一种选择，高度重合,2355.219,1753114473,683bd9b9
1896387667051097344,创作过程本身也很迷人的！,2197.312,1753158226,1195ac4c
1896391286534280448,我觉得最多AI的作品和人类的作品放到平等位置去欣赏，不会谁取代谁，就像人类不会只需要一个艺术家。,2329.047,1753158657,1195ac4c
1896433511490107392,伦真的每次都说的很好,2449.736,1753163691,dd1dd59f
1896446842347168256,对的。还很无厘头,2510.941,1753165280,9ec95bfa
1896478238348470528,AI没有人所具备的“灵性”，这个是根本区别。,2484.776,1753169023,130b1ee9
1896481816450316288,但那么多著名的画家，活着的时候都没见到自己画出名啊，现在这个行业，艺术还是单纯的艺术吗,2362.688,1753169449,21030a05
1896495205256114944,英专生落泪,2257.924,1753171046,272cb156
1896500684711484672,说白了AI都是把现成的 现有的知识告诉你 它无法创新 没有创造力 也不灵活,2475.575,1753171699,fc8a9b09
1897059227684406272,现在门铃还是用的那个，后面的杨紫琼没必要，前面的那个欢迎来到毛雪汪还行,2509.318,1753238282,35645b71
1897154550214244864,现在小说好多都是ai写的,2317.184,1753249646,d7cb2127
1897198418581828096,更像是Freestyle的,2163.42,1753254875,6f99a845
1897285342076082688,中东人好爱用具体的比喻 好玩,2241.494,1753265237,290bcf14
1897353535075926016,哇伦儿讲得很好,2457.048,1753273366,bbeae81b
1897433976919450368,AI可以帮你炒作 帮你买热搜 买水军 坏的也会变好,2340.159,1753282956,d844b0d7
1897838265261261568,ai创造现在最大的问题是版权，它的数据哪来的？,2329.257,1753331151,9cdf46e6
1898170337209376256,伦是有文化的,2407.645,1753370737,c4640bae
1898593071588396800,不指定的话会长和杨迪肯定会控场的，不然非正式会谈就变成非正式广告了,2170.649,1753421131,ae954710
1898594159171501824,这个点很对啊，其实观众也是作品的一部分,2314.377,1753421260,ae954710
1898594721166096128,是的，没法取代艺术先驱者，但是人类多久才会诞生一个艺术先驱者呢,2398.763,1753421327,ae954710
1898858478203265536,AI是能画出来的，但是目前AI还没有真正创新的能力,2354.986,1753452770,85cd1b5c
1899282247644146688,伦说的超好,2450.24,1753503287,c89ae7d7
1899389604638008064,这样就意味着只有大画家才能生存,2315.347,1753516085,422009b7
1899968866063992832,钟逸伦的观点好到我想记下来,2407.551,1753585138,85e961e3
1899971539840366080,是的，有时候ai出来的东西是不实际的，属于给你描述的天花乱坠但其实并不实用,2516.355,1753585457,85e961e3
1900045394068096512,萨沙是不是deepseek了,2365.82,1753594261,37dfb466
1900699314750768896,AI不抽象,2514.068,1753672214,10555ed6
1900775830246937344,完全同意伦儿的观点,2435.304,1753681336,a9930091
1900996813578880512,"很简单，好的创作,有灵感的创作不会被取代",2425.093,1753707679,1606bf27
1901031552633139456,这不兴叫哈哈哈哈,2498.047,1753711820,c35a3236
1901722114823131392,是抽象,2352.846,1753794142,5adbede8
1903867788553414144,这个议题可以看当下社会在机器大生产的时代我们总是追求手工工艺但是再看我们在什么东西上追求什么手工,2232.109,1754049926,8d3fe83f
1904376810779811584,翻译作品是再创造，当然属于文艺作品了,2280.086,1754110606,21f73640
1905336105902178560,1111,2456.232,1754224963,94dc5d7b
1905386536745115904,数据量都是过去的，像ai创造的一些画作都是基于历史风格，没有未来的风格。,2288.044,1754230975,2ad516b
1906081274615969024,制造业，，,2184.094,1754313794,6748a4fa
1907510299724980992,没错,2175.769,1754484147,f5dd2f0d
1909633496364914688,感觉好多代表还有别人不了解ai画画的原理。那真的就是裁缝大集合,2203.365,1754737252,142fcb13
1916012736815445248,有几个确实在搞艺术的，大部分只是在所谓的艺术行业里混口饭吃而已,2297.01,1755497717,272ec1ba
1919515972591515392,ai又不能原创，出来的东西都是人家已经有过的,2324.575,1755915335,d61f036d
1919765655767985408,确实,2390.9,1755945099,39b1306c
1920593694097511424,但是那么多人之中又有多少个大师呢？千里挑一。只能说大师难以被AI替代，但大多数普通人是很容易被AI替代的,2364.264,1756043809,288a6e7
1921471313504249600,哈哈哈哈哈哈哈哈哈哈哈哈哈哈哈哈哈哈哈哈哈哈哈哈哈哈哈哈,2384.908,1756148430,d0352b3
1924730497872245504,但是很多人其实也只是围着光圈内打转，只有少部分是能发出光的哇。ai无法完全取代，但是ai取代大部分工作应该是必然的,2449.995,1756536955,90bb401c
1937410966522432000,不愧是高材生,2428.936,1758048584,664fbc21
1944395634396738304,可是艺术的标准是很难说清的，尤其是超越时代审美的艺术,2372.895,1758881222,952047f4
1946596116557161472,同传不可能，比如自古以来，中国有句老话，你怎么翻译,2271.392,1759143540,24bc755
1953032408702466560,哈哈哈哈哈哈哈哈哈哈哈哈,2390.919,1759910805,6e0df0f6
1964145062028178176,哈哈哈哈哈哈哈哈，怎么我在非正还能听到黄子,2469.118,1761235537,f260f6db
1965470285503505664,但是现实中其实有一些需要创作的。工作他确实是会被AI取代，因为作为商业用途，AI的那个程度是完全够用的。这是我们一个从国内大厂离职的老师跟我们讲的。因为他们当时在做东西就已经套模板用AI。,2380.266,1761393516,d0b3063b
1965962475476472064,梅丽莎好好看,2271.709,1761452189,5c1cccf8
1968996492291897088,好啦ai取代不了伦儿,2435.324,1761813872,269700bc
1969411312866597120,如果人类不再进步 那AI还会是AI嘛,2414.221,1761863323,7ed3ebc
1985133228776545024,翻译读空气什么的感觉能训练,2278.757,1763737521,55203a50
1985134760192303360,可以训练,2518.973,1763737704,55203a50
1996728559007878656,ai应该是从1到60，而人是负责从0到1和从60到100的,2430.868,1765119792,74ba3500
2056102682372178688,ai模仿的只是形式,2363.539,1772197739,fa9ad547
2082958314446724096,AI只是提高效率的工具,2221.713,1775399180,a4d2be15
,,0.0,1775683732.8000336,
lb.c,,0.0,1775683732.8000336,
,,0.0,1775683732.8000336,
1895737410512720128,感觉这个有趣1,2795.193,1752988764,39108e46
1895738094108774656,意识,2662.0,1753003029,6653a374
1895738218117566720,我更喜欢作品独立于作者存在,2704.182,1753012025,729cd479
1895738283766812928,除非ai哪天学会了思考和不按常规，但是人类会允许这样的它们存在吗,2540.067,1753010137,10294f3d
1895738567352094976,主要是用得少了吧,2862.128,1753022489,61f1cb93
1895738632992952576,超超太美啦,2555.795,1753022069,1f0a24fa
1895738636633608448,真的很爱Dylan，每期必cue，哈哈哈,2649.068,1753021557,6e443ff5
1895738730552463616,deepseek是这样的！,2522.65,1753021395,6e443ff5
1895738777964876032,大左又困了,2711.853,1753025162,d6bfe3aa
1895738899238981888,阿雷一定很有语言天赋,2864.374,1753026188,3b5559de
1895738997712851200,加字游戏,2829.421,1753054603,5dbe0dac
1895739267607924992,西语里的人称变位和阴阳性很有意思，我，你，她，他，您，你们，我们，他们，她们，您们,2804.071,1753072834,293203a
1895850139940747008,工作报告AI的确是好帮手！,2543.657,1753094148,416bbb9a
1895921119618453248,作品和作者根本无法分割啊,2714.73,1753102609,e1f0140c
1896012893708357120,ai没有人生，但是ai有你们呐,2743.137,1753113550,698bab0d
1896065447497910528,语言环境很正常手能生巧,2876.525,1753119814,cc2734ec
1896479661995797760,Blade Runner,2645.459,1753169193,130b1ee9
1896654942690213632,中文是积木并且是榫卯结构,2830.122,1753190088,89807551
1896772345109555968,词根词缀 哈哈哈哈哈哈,2818.729,1753204083,1f9c8d2e
1897102321968798464,不知道为啥这个话题老是让我想起崩铁里的博士尊，我们强大的智识星神,2549.068,1753243419,f5a06ba5
1897196758887995392,AI代替不了艺术家，但AI能代替打工人，作为普通人的我是焦虑的,2757.811,1753254677,b0fb79b9
1897363087586601216,是的 英文是树形语言,2824.014,1753274505,84203b4
1897872503666875648,超超说得好～,2569.221,1753335232,c76fd2
1897944087584629760,来了看预告最感兴趣的话题,2788.137,1753343766,9cdf46e6
1898191646873602816,我靠，这个观点让我耳目一新,2536.947,1753373277,f0071fca
1898587064925435904,这个话题好！,2795.805,1753420415,a18ccce
1898596254410661632,ai如果把微醺状态也建模了之后可能就能复刻了，并且能随意还原,2581.86,1753421510,ae954710
1898596665712523776,确实，一个平庸的内核很精准,2640.395,1753421559,ae954710
1898861636539289344,而且目前可能觉得觉得AI的有些图或文字有灵性实际是观众自己的赋予这些东西的主观体验是观众自己的灵性不是AI的,2668.317,1753453146,85cd1b5c
1898899350840110848,是不是ai的记忆能力有上限的原因？,2636.01,1753457642,2ddb40c0
1898913616263543296,ganghood这个真的不是广东华侨带去的词吗江湖的粤语发音啊哈哈,2769.624,1753459343,e8831434
1899395980466646272,大左那个表情，哈哈哈哈哈哈,2727.784,1753516845,2a7b6daf
1899451219231916544,因为没有坚持每天都用ai跟它进行大量互动给它数据样本支撑，所以我认为每个人用的ai都不一样，我觉得我的ai还是挺像我的,2647.849,1753523430,cb8fc6d6
1899934260052788480,中华文化的包容性哈哈哈,2849.24,1753581013,ae954710
1900015569328667392,好喜欢这个话题,2795.283,1753590706,85e961e3
1900048826854286080,那人的灵魂是电子信号吗，如果是，那人有没有可能是超级精细的碳基“机器人”,2655.645,1753594670,37dfb466
1900281300003517184,西部世界的核心就类似这样的,2602.68,1753622383,cd73212b
1900285629850936576,确实起码目前的ai画作没有人画的灵气,2557.858,1753622899,21100105
1901048146860625152,这棵树的动画是ai生成的吧,2803.727,1753713798,bba3e7b3
1901659990159627264,对，写文也是太高大上了，不接地气,2520.306,1753786736,105f52db
1901679859307668992,前面的，你把ai想得太厉害了,2738.443,1753789104,8c5fa1a1
1901694474971820544,知人论世是解析作品的一个重要观点,2714.601,1753790847,bb1af361
1901807782567905536,小熊说法语的表情好可爱,2871.945,1753804354,6b233d5a
1902175987245469952,灵韵,2668.184,1753848248,3fc3c7dc
1903102126856042240,人的反应和情绪千变万化 ai需要基于data来学习复刻 但人心和思想复刻不了 因为你自己都不知道你到底会如何啊,2743.891,1753958652,95e70b5d
1903911544119548672,机械劳动（报告、PPT、标准化文案等等）确实适合AI,2552.306,1754055142,c29ddf0d
1905283396587498240,我也有这样的担心，毕竟大的发现是要在小的累积基础上的。如果这些小的方面都被ai包圆了，人类还会有大发现的灵感吗,2568.797,1754218680,1739167a
1905322044405448448,心理学本来就有灵魂,2690.41,1754223287,f73e1df3
1906144811317396224,我以前学英语的时候，也会想外国人学中文的体验是怎么样的,2818.823,1754321368,de5d2566
1906664836822229760,所以说语文考试里的阅读理解靠标准答案就很扯,2687.504,1754383360,16673124
1906696462252080384,感觉伦儿是语言限制了发言,2529.891,1754387130,64b0d079
1906886153408858112,好适合我英专生来听 ,2814.7,1754409743,937fdd57
1908206015506796288,ai不可能成为艺术家 这句话有问题吗？,2749.178,1754567083,d8a8f583
1910400646260643072,喜欢这个论题,2802.046,1754828703,8815c960
1912295074109538048,前面的也可能没有理解什么叫创作，ai可以实现艺术产出，但跟创作还是差远了的,2744.468,1755054537,a8fe5ea9
1912306335295954944,怪不得我学英语困难,2848.344,1755055879,cdc7bc83
1914618808048601600,说的好好,2678.049,1755331547,39959bed
1914619278565804800,大左看手机哈哈哈,2728.618,1755331603,39959bed
1915193156341953792,现在ai就是一个全领域博士只是专家。他只是没有真实世界的更多样样本数据,2569.108,1755400015,23dde82b
1915445346528739072,电脑病毒：我来看看怎么个事儿？,2576.487,1755430078,aa8cb2c6
1915986185612797696,“就没电了”哈哈哈哈哈哈哈哈,2591.443,1755494551,cd971f7f
1916852564402818816,江湖不是打打杀杀，江湖是人情世故wu～～～～～～,2764.246,1755597832,ebcfcea3
1919268751279502848,这只能证明如今的AI还不聪明，还不智能，难道AI技术不会变得更厉害吗？,2612.277,1755885864,8ff620f
1921321382714216960,信息熵大,2841.927,1756130557,c8faf44f
1922681235663422464,如果AI真达到这个高度，那AI就不是AI了，人类也危险了,2697.724,1756292664,bc17ebe1
1926387262783289344,人类作为个体，生命体验是有限的，而ai作为更高级的文明，或许会不会被我们想的太简单了。,2771.566,1756734456,d0244f28
1928566961126791424,他说的太绝对了，ai技术刚刚起步，未来的发展是不可预知的,2749.14,1756994297,cfd3a899
1928568074974780160,英文是孤立的好吧，中文是组合式的,2834.7,1756994430,cfd3a899
1952531056876225024,如果AI能够有自我意识和思想，AI就是人，人退为动物,2715.729,1759851040,3d553d69
1996732419327971328,中文很简单很适合其他民族学习 所以中国才会是一个多民族国家 并且从不排斥其他文化海纳百川,2835.006,1765120253,74ba3500
1999292041175421696,Ai man姐吗哈哈哈,2602.201,1765425383,e4630f95
2027802308762818304,这个观点好,2541.215,1768824072,8f58d927
2045095330529259520,这个想听很久了！,2795.731,1770885561,e6d149b0
2069023283827016448,AI可以创作，但是每个人有独属的成长经历，他创作的东西是独一无二的，所以替代不了个人,2739.673,1773737995,6b2b33d2
,,0.0,1775683732.8000336,
lb.c,,0.0,1775683732.8000336,
,,0.0,1775683732.8000336,
1895737617359016192,哈哈哈哈,3218.723,1752993544,a4557f7c
1895737713425355008,但是中文商务场合也会这样，中文也有客气和礼貌,2976.263,1752992710,5866b398
1895737727702765824,但是中文之前也这样，白话文运动时就有胡适“干不了，谢谢”“才学疏浅，恐难胜任，恕不从命”的案例,2975.656,1752993017,5866b398
1895737820195557632,哈哈哈 我第一遍也在疑问 你不是医生吗  结果发现卡在了中文上哈哈哈哈哈哈,3227.366,1752997558,fbf64f60
1895737998369591552,好喜欢伦儿讲故事,3143.561,1752999620,7b5f275c
1895738106876236032,伦的冷知识好多哈哈哈哈,3121.118,1753010691,450eca7a
1895738131496800512,英语四级准备,3180.027,1753009480,8fd891b1
1895738136966172928,德语出来说话,2889.523,1753008855,47376c28
1895738139700859136,日本文化有些过于客气了，反而成负担,2979.348,1753006769,13ee2db9
1895738374950981888,日文的语法结构太麻烦了,2947.238,1753012693,58c62de
1895738385889726720,语言环境真的非常重要,2880.638,1753014675,c0184399
1895738605637701888,哈哈哈，西语信息密度太低了,2887.48,1753021179,913778e0
1895738888291848448,和语言背后的语境文化有关的,3004.846,1753030941,5404f33
1895738956675780864,日语真的，可能是因为日本人很容易不安所以很喜欢叠甲,2968.764,1753036550,7a1afabc
1895739047859949824,伦儿个学霸知道的可真多啊,3138.994,1753066617,91850ea9
1895739281281356032,这解释也是费劲，中文六个字解决：有根源无系统。,3165.086,1753078062,1ea53aa5
1895813671943725312,说英文是因为没学过其他语言hhh,3058.228,1753089800,18de2fc4
1895885303986710784,七月八月是纪念凯撒和屋大维硬加进去的我记得,3103.283,1753098340,db27ad6e
1895963615233216000,月天~~~~,3088.264,1753107675,bb240a6
1895984463582683136,伦儿好棒！,3141.672,1753110160,692c8ed6
1896199650127027712,Medium well steak,3202.601,1753135813,74e59e26
1896307962851638528,Mayday！Mayday！,3084.608,1753148725,b748a01c
1896408715746876416,原来如此，怪不得烷烃的英文名是这样命的,3130.385,1753160735,30eb9777
1896433111504550144,月份的英文在西方文化中也算是历史文化的体现,3081.902,1753163643,a076c47d
1896450535448673792,杨迪太有意思了,2936.319,1753165720,9ec95bfa
1896482053151608320,文化语境不同,2926.889,1753169478,130b1ee9
1896482757568255488,看过日语邮件的结构 那是真含蓄啊 好像说“不”是天大的错,2948.052,1753169562,130b1ee9
1896753204394875904,店家不想给别人用，为什么还要设置自己的店名为WiFi名啊，这样每次都解释多麻烦,3049.958,1753201801,2677cf4c
1896946225677535744,是凯撒和奥古斯都加的7月和8月打乱的吧,3129.064,1753224811,a5fb62e5
1897250225970898176,而且13月 和 星期八这种说法 他们只能重新创造一个词,3115.972,1753261051,c5e94360
1897407157516052224,就像知道奶奶的礼物用俄语怎么说，真的那么长吗,2896.574,1753279759,d849b843
1898582067882162432,日本人说一个句子 一半都在委婉,2941.965,1753419819,76036370
1898588868694397440,敬语地狱,2954.96,1753420630,a18ccce
1898590585045603584,这个是历史上的语言融合因素吧,3060.517,1753420834,a18ccce
1898665512134126080,说普通话久了会忘记方言,2905.249,1753429766,b0850c04
1898850951616771840,为什么要留下殖民的痕迹,3157.268,1753451872,ef8bd67d
1898937681158312448,还有星期,3074.909,1753462211,b465622b
1899312426064304384,中文好比压缩包,2881.612,1753506884,714d1f13
1899359596045350144,哈哈哈哈京都人,2942.526,1753512508,48caf715
1899668818784674048,这是人为的，任何国家要是愿意这样，也能在表达一个简单含义时去延申自己的句子,2968.119,1753549370,395ce43e
1899936646569887488,还有星期。日语也要再背一次,3072.627,1753581297,ae954710
1900498638082942464,懂日语的可能会懂吧 真的巨长一段,2997.345,1753648292,8205cc06
1901004936989475584,其实赖赖的发言都挺有信息量挺好的,2962.898,1753708647,2c9403ee
1901005262887011072,好温柔啊,2994.395,1753708686,2c9403ee
1901007210696225280,日耳曼人,3145.006,1753708919,2c9403ee
1901007274919789824,棒棒,3148.423,1753708926,2c9403ee
1901007503156656384,原来如此,3165.412,1753708953,2c9403ee
1901007627769515776,很详尽诶 原来不知道,3169.51,1753708968,2c9403ee
1901036066467942912,唉确实会有些容易导致内耗,3036.179,1753712358,c35a3236
1901601973363943680,中文是象形文字发展来的,3076.554,1753779820,92f8c01f
1902328538762730496,反了,3049.595,1753866433,89ed58e
1902903884662556160,一个Wi-Fi都这么抠啊,3030.227,1753935020,96f86921
1903773304859711744,非常容易不安的日本人,2947.431,1754038663,5eebbb86
1904212771181454848,主谓宾主系表的顺序是一样的,3210.693,1754091051,4213efaf
1904516264131825920,正常吧,2882.476,1754127230,3e5e834
1904516761693761280,哈哈哈,2941.821,1754127290,3e5e834
1904516806791007488,晒伤妆,2947.196,1754127295,3e5e834
1904519028052442624,混了是吗,3179.667,1754127560,3e5e834
1904710780163548160,你习惯了，完全没问题,3083.008,1754150418,1606bf27
1906026731576451328,这个确实有点直接了，中式中也确实可能存在这样的,3018.666,1754307292,c8137052
1906684917807754240,英文比法文容易,3070.951,1754385754,1327ee61
1907637741270252032,呜呜呜英文里器官名词和病的名词和相应科室名词真的大部分完全不一样，太痛苦了真的完全不一样,3237.084,1754499339,ff8d4f0a
1907900244344148736,？我们大学老师都说英文天生自带逻辑……,3046.075,1754530632,21c98764
1907939231465567232,哈哈哈哈哈哈集合,3078.613,1754535280,27e7f95a
1908208058292258560,日本好累,3042.943,1754567326,d8a8f583
1908238397278553600,想委婉也可以委婉呀。只是大家觉得太装不那么说了,2986.636,1754570943,a4b37ddf
1910303699142508800,所以我总觉得他们说话烫嘴？,2905.236,1754817146,664d29dc
1910306040881807360,忍。哈哈哈哈哈哈哈哈哈哈哈,3034.062,1754817425,375127a9
1910306198109537280,濑濑刚来时候的梗,3034.062,1754817444,375127a9
1915449847520377088,动物名+肉表示某种动物的肉。这是几千年沉淀下来的智慧,3051.605,1755430615,aa8cb2c6
1915991236444326656,萨沙好搞笑哈哈哈哈哈哈哈,3217.489,1755495154,cd971f7f
1916226599335198464,donde donde,2931.706,1755523211,41d23346
1916228677268589568,wow,3173.682,1755523459,41d23346
1916315156007532032,前面的，除了没有小贝拉逻辑,3181.139,1755533768,299590f4
1916619295518292480,哈哈哈哈哈哈哈,2919.677,1755570024,51f2909e
1919962561386910208,不安,3011.16,1755968572,3bd57624
1920500537993289984,这个就是我想吐槽的，英语的日期真的好难记,3060.432,1756032704,7b3cb016
1923466522425711872,伦儿才是真正的博学学霸,3150.234,1756386277,a82a2ebb
1929348917360019200,其实中文更没有逻辑，就是你想怎么说都可以，主要就是看积累量了,3057.608,1757087513,467053b4
1932308120081196032,我第一次在国外吃牛排 说五分熟 five，服务员大问号,3201.353,1757440278,52ac390e
1938326182697830400,对对对，这个很麻烦,3032.573,1758157687,69dfa122
1944620545828698368,10个月 那年都要过错,3124.155,1758908033,1875fd96
1960152989767726848,词源太多，还要混着不统一,3101.673,1760759645,7bf5ae5
1960315171222860288,商务对话,2985.653,1760778978,99cb8cc6
1970391830956991744,英语学渣产生了一些不好的回忆……中文换个字就能表达清楚的事儿，在英语里面要挨个背单词,3201.922,1761980210,f517d2b4
1971032280625968128,这不叫逻辑，这叫历史渊源，如果英语本身有逻辑，他就该根据自己的语法规则来解释这些东西，而不是照搬别人的,3173.232,1762056557,9574db04
1986522542408234752,著名“星期八”哈哈哈哈,3064.179,1763903140,2a9d92f9
1988680519910594304,好可爱的语气啊,3211.732,1764160391,c847ffba
2015997122545654016,凯撒大帝修改了历法，十个月变成12个月,3118.741,1767416784,ae954710
2029776380103077120,都去店里吃饭了还不让用WiFi确实不厚道,3021.134,1769059400,361d239
,,0.0,1775683732.8000336,
lb.c,,0.0,1775683732.8000336,
,,0.0,1775683732.8000336,
1895737449360363776,哈哈哈这个音效,3434.307,1752989690,dd38837b
1895737554259906816,汉语自带超链接,3502.689,1752990382,7e894dc7
1895737698191642880,英文不是也有一些语气词吗,3463.7,1752993765,534bf33e
1895737702964760832,现在小孩学典故也是这样的,3515.271,1752993777,5866b398
1895737848280617216,所以他们上大学贵的要死,3301.863,1752995548,136254b6
1895737891691663616,如果目标是跟人勉强交流的话，很简单,3388.746,1752996103,7864b331
1895737902630408448,哈哈哈哈哈哈,3542.495,1752996835,e868d6e6
1895737928165331200,对啊对啊，本来就是啊，所以那些鼓吹国外如何教育平等的，本来就是扯别的，首先连语言就是不平等的门槛很高的,3270.78,1752996508,e868d6e6
1895738086819074304,感觉我和听英语一样,3398.682,1753007529,2f987c3c
1895738104141549824,我听英语听力也这样,3398.818,1753008039,fbf9b322
1895738124207100160,这里应该是well,3591.94,1753002948,90a344d5
1895738260068995328,语言浓缩ww,3415.286,1753013167,58c62de
1895738461571748096,亚洲语言普遍是这样的，主要还是大中华地区辐射,3581.0,1753014800,b345a1e6
1895738525392277760,我也发现了这个问题,3257.235,1753015917,6ee65ea5
1895738653964472576,此处BGM已经日本风格,3569.688,1753025562,226099f9
1895738823556960512,太where了哈哈哈哈哈哈,3558.444,1753026489,8ad6ba0b
1895738935712649472,我感觉老王就这几期非正下来汉语都有进步了,3428.469,1753027972,8d665d98
1895738962153541888,其实我现在在英国生活，无论是跟哪个国家的人说话，我经常回答嗯，他们都可以听懂，真的很方便很中文的表达,3471.945,1753054895,973da82
1895738991337509120,前面啊？的点在哪里？？,3505.733,1753067454,43cb6c93
1895739004096581888,我也才知道,3285.669,1753033782,d5c5e535
1895739009565954304,哈哈哈哈哈哈哈哈哈哈,3317.609,1753068397,f7934ca3
1895739326890217728,成语是超链接，所有熟语俚语和歇后语才是压缩包,3537.481,1753078668,1ea53aa5
1895809281815646464,最惨的是日本人，在这些基础上还要翻译成片假名背,3285.983,1753089277,d2fc1204
1895891365066548224,汉字自带压缩包超链接,3506.18,1753099062,1eeaccb8
1895906708459891456,哈哈哈哈哈哈哈哈哈哈哈哈,3542.014,1753100891,8223018c
1895917280982994176,弹幕呢？,3380.471,1753102152,4365b2b7
1895937886776867584,戴卢可是佛拉芒人,3461.641,1753104608,be52f108
1895945065151751424,1,3469.14,1753105464,83719079
1895974459136292096,老王这个手指的动物太萌了哈哈哈哈哈,3368.702,1753108968,c5fcbd94
1896736230398801920,迪伦想介绍哈哈哈哈哈哈,3285.135,1753199778,b9816bbd
1896738375130942976,哈哈哈哈哈哈哈哈哈哈杨迪太有梗,3552.143,1753200034,b9816bbd
1896773498131941888,不想听，不想了解医学法学这类太专业性的东西,3330.832,1753204221,b176604b
1897146857139167488,吧 吗 哦 ,3449.353,1753248729,35645b71
1897148948762767360,中文常用字2千～三千字，医学法律都能看懂（每个字）英文你得重学,3300.605,1753248978,729e3ab7
1897240958723524864,他是整形医生,3245.183,1753259946,c05066cc
1897344309032788992,HHHHH,3548.929,1753272267,e724095e
1897353674855129344,老王的汉语是靠“百家饭”成长的啊,3413.629,1753273383,d403eb94
1897959016110826496,我感觉日语表达比中文更模糊，但欧语系应该比中文清晰,3481.107,1753345545,9cdf46e6
1898037661450136320,没有语言是难的，融入当地都很容易学会,3360.179,1753354921,6ba6f998
1898147251440773632,学医的英文巨长一个单词,3249.832,1753367985,33c2f0de
1898595100549340416,yeahhh和“え？”的洗脑率也很高,3442.216,1753421373,a18ccce
1898595474438069760,好的，收到,3466.201,1753421417,a18ccce
1899889882369721088,然,3577.428,1753575723,3e3ca627
1899940569846165248,英文里的humm不就是这种意思吗,3483.17,1753581765,ae954710
1900248293867858176,看吧~,3476.886,1753618449,1bd801ae
1900268259098969856,大学学心理学法学，专外学的人想死，开卷我都累死，必须背一些，不然翻都翻不到,3309.209,1753620829,68efaa5c
1900386229888349440,害,3588.413,1753634892,33977ab
1900504034642194432,而且现在还在一直造新词 网络迭代也很快,3536.387,1753648935,8205cc06
1901038009001065984,确实，会有专业壁垒,3267.74,1753712590,c35a3236
1901043281199645696,整形医生不背专业医学词汇吧,3248.477,1753713218,ae954710
1901055028312566528,嗯 用英语的yeah 不行吗,3513.992,1753714619,bba3e7b3
1901699298253806080,哈哈哈哈哈哈哈哈哈,3555.241,1753791422,bb1af361
1902215296740708608,中文一个哦～～～能表达很多意思,3489.451,1753852934,167a1194
1902491000623422720,生物学全是拉丁语,3260.405,1753885800,59b380d7
1903115360002498048,汉文人点了,3530.814,1753960229,95e70b5d
1904402415873511680,哈哈哈哈哈哈,3438.59,1754113659,6327891d
1904520475078927360,我也想听伦儿讲历史,3336.829,1754127732,3e5e834
1904713978178131968,你会不会说重要的是环境问题，像我现在的应试教育，会看和阅读英文，写和说就很差,3417.528,1754150800,1606bf27
1904714897275852288,很多更复杂的，很多中国人也不知道,3523.445,1754150909,1606bf27
1904715420767052544,不就是看语气的吗,3577.83,1754150972,1606bf27
1906688697462662912,小姐姐英文很好好听 不是脖子右柠哈哈哈,3466.311,1754386205,1327ee61
1907359113126774016,粤语无障碍～喺！,3563.437,1754466124,d9a3acb1
1908669758451742720,还有古希腊语,3297.211,1754622365,f41917e3
1910307226334185216,让伦讲下历史,3294.697,1754817567,664d29dc
1915992112592547840,我想听伦说,3296.419,1755495258,cd971f7f
1915994372726802176,四姐reaction好棒,3542.21,1755495527,cd971f7f
1916230844314519808,语言还是要在环境中学,3421.751,1755523717,41d23346
1919282737379220480,匈牙利语也非常难,3351.111,1755887531,8ff620f
1920520378267664128,意群,3403.007,1756035069,99536495
1921097014738263808,陈铭老师说的吧,3438.683,1756103810,bc1232f7
1921950390136930304,就跟中国的好字一样，有时只是表示听到你话里的信息而已,3576.112,1756205540,91f228fb
1926835259497439744,经常看着看着觉得他们几个老外把中文说这么溜好厉害,3412.989,1756787862,b97e7a27
1938829039104673792,笑死我了，这句话谁说的？,3434.256,1758217632,c1c7a66
1996737031745336320,并非,3352.126,1765120802,74ba3500
2011293092187681536,哈哈哈和我对日语的感觉一样，，，呆了10年多 后面觉得是没有尽头的,3529.002,1766856020,1bdc989c
2012585087044033536,这个确实 日本的法律和医学基本是学习德国 舶来词也是基本用德文音译,3321.095,1767010038,83537bde
2018529617530469888,秦嗨汉诺,3562.248,1767718681,a29de8f8
2021310047682553600,是的,3262.826,1768050134,9ae24a60
2035768047671333888,法律也是一样的。中国法律也一样,3275.017,1769773662,f466f7d8
2038743529190839040,先学字，以字正音，阿拉伯人有这个意识，所以他才能学这么快，欧美人完全没有文字的概念，所以觉得中文最难,3384.196,1770128367,7966ad44
2038746329182394624,表情语言，本来也不用翻译,3590.184,1770128701,7966ad44
,,0.0,1775683732.8000336,
lb.c,,0.0,1775683732.8000336,
,,0.0,1775683732.8000336,
1895737386328363264,哈哈哈哈哈哈,3617.105,1752987469,882cd619
1895737509229859072,哈哈哈哈哈哈哈哈哈哈,3676.144,1752989498,59dfb4d2
1895737583057998080,天啊，67个字母组成,3637.073,1752989336,eb069b0d
1895737632492065024,来个短的,3853.378,1752993748,6cf1571
1895737693435302144,哈哈哈不许总结,3609.164,1752993497,6cf1571
1895737816580067584,这里字幕错了，表音文字,3890.122,1752995204,5579ad8f
1895737979226788096,这一季字幕太多错误了，怎么回事啊，中文外文都错,3896.211,1753006124,aab7b18b
1895738066770301184,日语和韩语是不是也是？只要会拼都会读，但是意思得再记,3906.105,1753001542,545954c8
1895738087733432576,哈哈哈哈哈哈哈哈哈,3845.99,1753000556,7b5f275c
1895738152468320512,哈哈哈哈哈哈哈好可爱,3651.946,1753012041,d93d12d4
1895738180737929472,巴别塔,3742.261,1753008044,a62ceb35
1895738275562754304,英文就有刚刚说的英法问题导致逻辑混乱,3943.0,1753015298,b345a1e6
1895738327530180864,日语是半拼音，保留部分中文,3886.0,1753015152,b345a1e6
1895738332093583616,象形文字就是比拼音文字要方便的,3886.0,1753015173,b345a1e6
1895738336648597760,所以传播效率很高，且没有文化断层问题，所以逻辑一直能保持,3943.0,1753015269,b345a1e6
1895738357620117760,想起之前看的用各国语言唱知否。到俄语就跟念咒一样,3849.285,1753016974,910793e9
1895738458845450496,啊啊啊最喜欢听大家聊各语言的特点！这是我当年看非正的初心,3614.056,1753016407,a354f0d2
1895738658519486720,愚者无畏也是一个压缩包呀，它不是常规的意思，俄语也可以生成一个压缩包,3826.746,1753025972,fe92a296
1895738785262964992,哈哈哈哈哈哈,3817.962,1753023551,ef8f951e
1895738933883932928,头晕了,3644.316,1753035085,13a0d4c4
1895738979476017408,确实，看小Q联合国的时候同传俄语的信息密度好低,3838.236,1753041245,cdfc31da
1895739066096783616,哈哈哈哈哈有意思,3612.271,1753067134,91850ea9
1895739104407556352,突然想起之前埃及代表穆小龙的名字也很长,3658.216,1753041498,4e76690
1895739162750324992,尼采：事情没有对错 只有视角不同,3726.186,1753073245,cb0b74b0
1895739177338114304,哈哈哈哈哈大家注意有位烫嘴的德国人要来啦,3629.774,1753067187,91850ea9
1895792428078861312,还真是,3941.511,1753087268,3a31dcb7
1895853082563739136,好漂亮啊,3705.421,1753094499,dc02669c
1895873710125642496,湖南话“搞”也有好多意思。,3601.591,1753096958,29a218df
1895907346799683328,翻译是代表自己翻译的,3697.145,1753100967,d0a706e0
1895978079743661568,decode（语言学人惊坐起,3717.032,1753109399,c5fcbd94
1896108421095192320,姐姐的专业和今天的话题好适配，语言差异,3706.185,1753124937,7388c77a
1896515341271146240,我喜欢这个话题，有意思,3616.444,1753173446,b99d4a1f
1896518162234223872,信息熵,3876.963,1753173782,b99d4a1f
1896543132645330432,这颜值，太好看啦！！！！,3695.311,1753176759,832cc876
1896780626377012736,不动产超级抵押,3636.607,1753205070,1f9c8d2e
1897154366721285632,我又要骄傲了，联合国文件里，就属中文那本最薄（叉会腰）,3813.058,1753249624,729e3ab7
1897941956827989760,都在酒里了,3865.043,1753343512,8b93c9d9
1898002374233537280,好像现在学校初学英语不给学音标了？,3917.24,1753350714,2a453a04
1898102017021935872,满分5,3789.416,1753362592,b29ebb7b
1898156268347363072,我记得我初中那会有学音标 但是不会重点去考,3923.454,1753369060,33c2f0de
1898512243499875328,大左表情笑死我了哈哈哈哈,3865.395,1753411495,4b7d9bf5
1899331643441710592,哈哈哈哈哈哈好可爱,3679.808,1753509175,1091612d
1900180799328848384,确实像吕一,3719.965,1753610403,115a0075
1900386773294106880,不对不对,3653.208,1753634957,33977ab
1901012436203785984,强行闭麦,3615.255,1753709541,2c9403ee
1901013060701833216,字幕乱回了,3657.418,1753709616,2c9403ee
1901170929900720384,还确认下对不对哈哈哈哈,3831.848,1753728435,aa15251e
1901171333829032960,给陈铭总结累了,3859.411,1753728484,aa15251e
1902159930518213632,六书,3947.484,1753846333,705b52ba
1902331185083402240,大学选修语言学讲过这个区别,3951.181,1753866749,92f8c01f
1902335700813538048,分析语,3890.528,1753867287,89ed58e
1903671238854313216,大学老师也一直强调要用外语的语境去理解外语不要纠结于对应中文是什么,3741.737,1754026495,b7a9b2eb
1904763067708153600,萨沙真一点口音没有啊,3759.038,1754156652,ddee2dcd
1905858903875679232,梅丽莎中文好好,3688.86,1754287285,7becfa2e
1906691517007991808,德语也是,3801.725,1754386541,1327ee61
1908906630024663808,俄语∶入门即入土，但不得不说俄语听起来是真的好听,3783.319,1754650603,43d421ca
1913917196015940096,法语也是,3808.423,1755247909,62e4d313
1915995900275556352,好喜欢梅丽莎,3713.265,1755495710,cd971f7f
1916030022574273280,语言的背后是思维逻辑,3695.995,1755499777,272ec1ba
1916079700078810368,忙啊，忙点好啊（doge）,3835.762,1755505699,746f4806
1916625392777953536,很有意思这趴,3621.459,1755570751,51f2909e
1920356151963837440,韩语就是,3912.685,1756015492,954b058c
1920523017751516672,专业的来了,3686.052,1756035384,99536495
1920524371614198784,对!!!!!!,3843.108,1756035545,99536495
1921484775709746688,又美又有学识，太厉害了姐姐,3711.137,1756150034,d0352b3
1921487725823974144,标注拉踩还是没必要哈哈,3945.676,1756150386,d0352b3
1924956553183220992,俄语语法确实难,3781.888,1756563903,e498a6f4
1928311481842799872,我怎么看到了autumn,3673.982,1756963841,272b951b
1929831823954261248,终于说到重点了，一维语言与二维语言,3932.368,1757145080,df7cc456
1937964820096246784,及格了,3795.295,1758114609,ea665755
1940204146955817728,这段话题讨论味道对了！！,3623.895,1758381557,add21500
1947129987367245056,萨沙有口音的，东北口音哈哈哈哈哈哈,3767.265,1759207182,ecb24fe1
1954999544181936896,我们是造字，其他语言是造词，我们是组词,3892.371,1760145306,fb6e727e
1960973806940170496,还有俄语的字感觉都一模一样233,3802.199,1760857494,8b1c7d51
1965271622538264320,字和词不一样啊，汉语的词能数清吗,3769.495,1761369833,b509e6de
1966180469729066752,对的，中国还有很多种方言呢，都是文化,3734.607,1761478176,33978299
1983664562083361280,老王的哇太可爱了,3664.275,1763562443,c53f17b0
1985149511878330880,陈铭没有总结的终究还是要来的,3681.241,1763739462,55203a50
2004619822436624640,上文言文,3868.638,1766060504,ffa3828d
2038747074585654784,这更像造了个固定搭配短语，而不是单词,3646.077,1770128790,7966ad44
2057933376119917312,好漂亮,3689.333,1772415975,dc69dd68
2072056217312398080,母语是汉语好骄傲啊,3882.558,1774099549,f82fb2da
,,0.0,1775683732.8000336,
lb.c,,0.0,1775683732.8000336,
,,0.0,1775683732.8000336,
1895737662774939904,再次安利陈老师的有聊，想了解陈老师对一些话题或者事物的看法的一定要看,4023.906,1752994396,534bf33e
1895737685701005568,俄罗斯女排功勋教练卡尔波利,4271.389,1752994558,7b2fe900
1895737697243730176,俄罗斯队那几年发挥起伏很大，拦防水平下滑了很多，换谁谁都得生气，卡尔波利老爷子不生气才怪了,4283.614,1752994661,7b2fe900
1895737894426349824,还真想听下去,4177.285,1752997978,c7bc6e63
1895737925430644992,不想听,4197.99,1752997336,ca646aae
1895737966459326720,哈哈哈哈哈 我开始逐字学习  doge,4196.912,1752998636,fbf64f60
1895738073137254656,中文是超链接语种,3984.747,1753006704,39499903
1895738140615217408,哈哈哈哈哈哈哈哈哈哈哈哈哈哈哈哈哈哈,4310.057,1753009910,259fe52
1895738233619714304,陈铭老师还想听！,4182.484,1753007774,53b79af0
1895738266444337408,的确，中文很感性,4124.538,1753015157,ef682fb2
1895738305652691200,这个好有意思哈哈哈,4208.39,1753014222,b1b00e21
1895738500780101888,man,3975.847,1753018973,f4eb18b5
1895738511718846720,音译在中文里很少见的，因为我们几乎啥都有对应的,4145.0,1753015534,b345a1e6
1895738631164236032,所以中文真的很美,4112.951,1753025099,a7349199
1895738649401069824,喜欢听陈铭老师说,4192.35,1753025462,105f8ab8
1895738683140051200,粤韵风华请你来学,4228.784,1753024098,99272c49
1895738787997651200,语言这个可以多出几期,4134.263,1753026762,d6bfe3aa
1895738869149044992,偏误,4027.411,1753027772,838e3436
1895738996798492928,哈哈哈哈哈,4203.489,1753035239,187c324
1895739035092488448,还想听,4147.312,1753067760,91850ea9
1895739036006846720,喜欢陈铭老师这期的总结,4148.159,1753035184,187c324
1895739102570451200,哈哈哈哈哈哈哈哈哈哈画,4154.529,1753069234,f7934ca3
1895739191011545344,Hahahaha ,4072.191,1753068882,8c10ef2b
1895793939530218240,嗷～都是……   太地道了萨沙哈哈哈哈哈,4258.574,1753087448,d8c0c6fa
1895917244123625472,希望陈老师说完，简直是精华部分哇,4200.455,1753102147,7d881d54
1895984355831034368,白帝圣剑，御剑跟着我,4280.148,1753110148,25b891ad
1896017901253990656,优先使用枝丫哦,3982.02,1753114146,487f1d6
1896022503672487424,这里也有佛（,4070.515,1753114695,698bab0d
1896322597734351360,中国诗真的作为一个中国人很骄傲，太美了，意境美，有的读起来也美,4105.965,1753150469,996c2fe2
1896460121219883008,好像是这样,3981.646,1753166863,9ec95bfa
1896520846001502976,但是这个总结我喜欢，涨知识,4086.27,1753174102,b99d4a1f
1896521961702968320,还想听，再说个五块钱的吧,4156.119,1753174235,b99d4a1f
1896676574695453952,普希金,4263.726,1753192666,54d3f224
1896725566901062400,哈哈哈哈哈哈哈哈哈哈哈哈哈哈哈,4310.07,1753198507,22445c1f
1896730106723395328,哈哈哈哈哈哈哈这期太有意思了,4209.816,1753199048,9cb4590f
1897010015916183808,对对对跟机关枪似的整个赛场都能听到,4272.545,1753232416,d539e6d1
1897077275255051776,哈哈哈哈哈哈哈哈哈,4190.698,1753240434,3c157400
1897174036765635072,陈老师的总结太棒了,4168.585,1753251969,edbe14cb
1897392318966345984,或许是“道”，但也确实不完全一样,4138.271,1753277990,bbeae81b
1897423909876315136,语言都基于一定逻辑啊，像一个公式往上套，怎么没逻辑了，汉子的构成组词都有逻辑思维啊,4200.979,1753281756,d849b843
1897862636431858688,没听够哈哈哈,4177.458,1753334056,c7d94c30
1897882039651485952,鸟语花香,4319.548,1753336369,5e6db3f9
1897898935013042688,可恶啊这次刚好是我感兴趣的话题,4161.582,1753338383,47a0e8bd
1898160146023362048,这点我作为留子真的深有体会 写英文论文的时候真的是一连二 二连三的感觉 不然会扣分的 但中文很少直接表达这么明确的,4143.613,1753369522,33c2f0de
1898164993313185792,其实古人造字也走过这条路，比如光马就有一百多种，骢骊骓骏骥骁，后来发现这样下去不是个事儿，太麻烦了,3975.043,1753370100,a725bfc4
1898638624019697408,我还没听够,4148.66,1753426561,71afd37d
1898787820446409728,反而英语会听就能拼写出来,3998.591,1753444347,636af638
1899369447870135552,涡轮苏卡！,4306.429,1753513682,3873c0bd
1899754244643268352,我也特喜欢听,4184.346,1753559553,a03bc12f
1899892586974535168,萨沙,4214.495,1753576045,3e3ca627
1900097116832440064,可恶，真的回味无穷啊，陈老师你再讲会儿吧,4169.039,1753600427,664e896
1900296271730859520,哈哈哈哈哈哈哈,4317.511,1753624168,cd73212b
1900392088978706688,笑鼠了,4276.249,1753635590,33977ab
1900392259451958016,太好笑了哈哈哈哈,4296.513,1753635611,33977ab
1901016738342964736,中文是体验,4037.216,1753710054,2c9403ee
1901019576444265728,过分了过分了,4306.717,1753710393,2c9403ee
1901803584791174912,一点也不短，(◐‿◑)﻿,4062.857,1753803854,f40bc1cc
1902041048625348864,不是道，更像理,4143.516,1753832162,18259142
1902331840049217792,感觉中文好美啊，艺术,3990.092,1753866827,92f8c01f
1902332906249409792,中文是瑰宝,4117.378,1753866954,92f8c01f
1902468908746143744,下次是什么时候,4190.613,1753883166,23568bd4
1902949917157764864,言有尽而意无穷,4173.006,1753940507,ca017a5
1903624783280088832,喜欢这个总结！,4097.385,1754020957,f0de91b3
1903829280824533504,我也喜欢看总结,4089.384,1754045335,5f529759
1904583630937199616,赞同，中文逻辑不严谨，甚至会出现颠倒黑白的情况,4118.207,1754135261,b6ee8bbd
1904685207156790528,西班牙拿铁,3995.688,1754147370,7bcfa025
1904719537870318848,中文里面的山有很多很多种,4043.343,1754151462,1606bf27
1904720340727399936,是的，我们中文文字逻辑不强,4117.347,1754151558,1606bf27
1905164537058565632,主持人就是控场的，时长要他负责控制的，没办法的,4223.159,1754204510,630e768b
1905314751845161728,元素周期表,3987.742,1754222417,2eb47862
1905861314233136128,陈铭懂得好多,3967.821,1754287573,7becfa2e
1905869100798891776,你们要聊这个我可就精神了,4216.222,1754288501,acf5d39a
1906539827319374592,哈哈哈哈,4241.001,1754368458,58d57e1c
1906540589273325824,哈哈哈哈哈,4310.782,1754368549,58d57e1c
1906688755184680448,桶装水瓶装水.v,4007.948,1754386211,819e3004
1907523442576883968,绝了,4169.636,1754485714,f5dd2f0d
1907644947604512512,等红灯是在等绿灯,4082.438,1754500198,ff8d4f0a
1907980387771732224,苏卡起手23333,4316.445,1754540186,e06c8437
1910170930404237824,圈粉le,4176.937,1754801319,738a73b
1910230441924162816,陈老师唱了一段跳一跳,3992.914,1754808413,f1feee36
1914555673774369536,山峦峰,4041.505,1755324021,c8be969c
1914633198378391552,白帝圣剑哈哈哈哈哈哈哈,4283.877,1755333263,39959bed
1914709549752189952,太好玩了哈哈哈哈,4297.298,1755342365,7dd1e666
1915999561113992960,哈哈哈哈哈哈哈哈哈,4246.601,1755496146,cd971f7f
1916629292717141760,不会这集都是滴滴滴滴滴吧,4207.55,1755571216,51f2909e
1916847819730828288,老王对中文的运用很通感,4059.05,1755597266,b575b51f
1919200580753647360,喜欢的话题总是听不够，不喜欢的好长，譬如什么信息信息，看到就头晕,4182.566,1755877737,ab909100
1920259340867743488,哈哈哈哈哈,4082.777,1756003951,6fe7767c
1920526322502341120,如如不动,4063.914,1756035778,99536495
1921992866163510272,哈哈哈哈哈,4082.943,1756210604,82b54504
1928582631055161600,我不同意，山我可以解释为突出地面很多的土或者石头,4048.353,1756996165,cfd3a899
1929016966887768832,喜欢语言期,4125.882,1757047942,bd775eca
1929832194772670464,这就叫降维打击,3960.908,1757145124,df7cc456
1932317703025618944,哈哈哈哈哈哈哈哈哈哈,4305.693,1757441420,52ac390e
1937429935681908224,好喜欢陈铭老师的总结 学到很多,4147.093,1758050846,664fbc21
1937697910745701120,其实还是有点口音,4237.83,1758082791,aeeff0bc
1938017766129012736,你不是外国朋友吗？,4224.433,1758120921,bd77f5f3
1943402323418697728,我认为中文是活字印刷术,4043.986,1758762810,fe599c6c
1952092445781283584,苏子开头列字结尾,4254.784,1759798753,b1e41dca
1960114288949624320,我也看了那个视频！！！！俄罗斯教练太凶残了！！！你们可以去网上搜,4271.027,1760755031,6a7c628d
1970983019397520896,听不懂俄语，主要看表情和神态啊哈哈哈,4293.443,1762050685,f517d2b4
1987896814821010944,记笔记。,4214.037,1764066966,a87e4250
1992810780202441728,哈哈哈哈哈哈哈哈哈,4311.986,1764652757,b087944c
1998380675866813952,四姐咋回事，怎么剪这个发型了，还是长发好看,4266.798,1765316740,ffa3828d
2005918499490857216,还得是秦始皇,4012.384,1766215319,11aba778
2027816003223746816,logic,4125.294,1768825705,8f58d927
2035829821229662976,不垢不净，不增不减,4079.032,1769781026,f9735bbb
,,0.0,1775683732.8000336,
lb.c,,0.0,1775683732.8000336,
,,0.0,1775683732.8000336,
1895737401436246272,怎么可能放出来,4342.782,1752987653,5aaa7626
1895737677907988736,啊？不是爷爷辈吗？,4418.736,1752994538,591a47e1
1895737751501246720,哈哈哈哈哈哈哈哈哈哈哈哈哈,4437.159,1752993639,c76f245a
1895737760066015488,爸爸的哥哥不是大伯吗？大爷不是爷爷的兄弟吗,4416.924,1752994737,5866b398
1895737777631760640,那应该听不了泰勒斯威夫特的这首歌吧哈哈哈哈哈哈,4668.85,1752994975,534bf33e
1895737803896492288,老王大好人啊,4585.286,1752995672,ce21b857
1895737832879132928,哈哈哈哈哈哈哈哈哈哈哈哈哈哈哈哈哈,4627.772,1752994815,534bf33e
1895738113259966720,不愧美食博主，这都能跟吃的联系上,4448.927,1753008271,13ee2db9
1895738151553962240,哈哈哈哈哈哈哈陈老师,4623.234,1753004086,e967e3fc
1895738287424246016,哈哈哈哈哈哈哈,4660.359,1753013919,fbf64f60
1895738324795494656,不像演的,4542.675,1753011315,47aef417
1895738367652892928,哈哈哈哈哈哈哈萨沙,4524.058,1753014007,5041b929
1895738494396371200,哈哈哈哈哈哈哈哈,4648.252,1753020067,eabe6363
1895738752438341888,大爷就是伯伯的方言啊,4420.588,1753027986,302e2cd4
1895738870055014656,哈哈哈哈哈哈哈哈哈哈哈哈哈哈,4627.886,1753030164,ea25d4d6
1895738921124860160,鸟语花香,4334.495,1753038594,23ddeab7
1895738943002349824,我笑的不行了,4567.735,1753035604,187c324
1895739028708757760,那确实不好，癌症很痛苦的,4375.493,1753037991,7a1afabc
1895739033272160512,北方大爷就是爸爸的哥哥，还有些地方会叫大爹,4422.924,1753038056,7a1afabc
1895739051508994304,比利时，荷兰，不由自主地dudududu,4370.072,1753045018,cdfc31da
1895739054243680512,这期太好看了哈哈哈哈,4582.978,1753035619,187c324
1895739071566156032,全世界的趋势哈哈哈哈哈哈哈,4405.411,1753069485,f7934ca3
1895739076129558784,看来还是妈妈重要哈哈哈哈哈,4448.138,1753069527,f7934ca3
1895739088888631552,靠北不算？,4416.782,1753068705,d4e31129
1895739092537676032,笑得我肚子疼,4397.34,1753062755,928dfa68
1895739105305137408,是红大爷,4418.911,1753072489,63882395
1895739118072598784,哈哈哈哈 老王太可爱了,4587.157,1753061525,67cfac19
1895739125362299136,哈哈哈,4564.19,1753070523,86ed341b
1895739337812185344,哈哈哈哈哈不愧是学霸,4661.75,1753080270,928ebf4c
1895833647970618624,哎 闽南话林北就是 可惜唐大哥不在了,4408.122,1753092182,717a589b
1895902750144143360,这个还……,4321.524,1753100419,738625c6
1895907869804003328,本来就听不懂，那听不听得到又有什么关系呢，在公共场合说脏话本身就是不文明的行为,4360.674,1753101030,b41d23bf
1895908179586673152,哈哈哈哈哈不行了笑哭了,4388.324,1753101067,8e85fd5f
1895927466716137216,哈哈哈哈哈哈哈哈哈哈哈哈哈哈哈哈哈哈哈,4394.076,1753103366,4365b2b7
1895928548712294912,哈哈哈哈哈哈哈哈哈哈哈哈哈哈哈哈哈哈哈,4520.928,1753103495,4365b2b7
1895982829658685952,我也是,4675.5,1753109966,42cad9e5
1896001296768195840,哈哈哈哈哈哈哈哈哈哈哈哈,4677.235,1753112167,ee1f6f9b
1896400773932488448,哈哈哈哈哈哈哈哈哈哈哈,4598.659,1753159788,e1f0140c
1896512698288793600,跟我们见外了不是,4365.396,1753173131,6a042d86
1896514385674094080,老王又拿吃饭举例哈哈哈哈哈哈哈,4454.776,1753173332,272cb156
1896608734999507456,满意满意特别满意,4371.008,1753184579,6958d185
1896642155020717056,苦肉计哈哈,4590.242,1753188563,445a39f6
1896642936713124608,对对对,4676.515,1753188657,445a39f6
1896696260124513024,自爆型劝架,4561.628,1753195013,fc5c5aac
1896763454762194688,他们不会哈哈哈哈哈哈哈哈,4569.196,1753203023,b9816bbd
1896765768927379200,哈哈哈哈哈哈哈哈哈哈哈哈公费报仇,4542.799,1753203299,e8be185e
1897011300463673856,有带大爷的,4411.438,1753232569,d539e6d1
1897013120430860032,老王好吃的没白吃还挺有劲,4613.994,1753232786,d539e6d1
1897218638458098176,讲的好可爱呀哈哈哈哈哈哈哈,4468.158,1753257286,d9749c34
1897324740884846080,我也是,4678.681,1753269934,8693b549
1897363774932184320,想了解的可以自己找找一些俄的生活vlog之类的,4361.289,1753274587,d403eb94
1897426030323611648,哈哈哈哈哈哈,4387.518,1753282009,d849b843
1897430303178371840,陈老师梦开始的地方,4635.859,1753282518,d849b843
1898107734009310976,有的，闽南话里面的靠北就是,4409.048,1753363274,b29ebb7b
1898140754749313024,拉开了已经,4552.403,1753367210,9a457285
1898604176352239360,风和日丽，鸟语花香,4320.185,1753422454,a18ccce
1898604469584211456,这么长一段吗救命怎么还没完啊哈哈哈哈哈哈哈哈哈,4334.886,1753422489,a18ccce
1898827115965592320,大爷，不是大爷爷啊,4423.334,1753449031,1ffa9383
1899264598080031232,果然是美食博主,4449.549,1753501183,d04c374a
1899496872319092736,凉菜哈哈哈哈这个比喻,4441.171,1753528872,3820b86
1900043563572775680,到底是啥？好想知道,4348.134,1753594043,3ad68769
1900320971148192768,被带歪了，哈哈哈,4644.234,1753627112,968d7bd9
1900998015238881792,0帧起手,4521.96,1753707822,478a57e2
1901003546199856128,北方不说大伯，都是说大爷,4429.826,1753708482,2216f793
1901074396593528576,坑爹只是调侃 上升不到骂人,4438.056,1753716928,bba3e7b3
1901091973570498560,放出来吧，反正听不懂,4334.352,1753719023,18259142
1902337660274969600,哈哈哈哈哈哈哈哈,4604.007,1753867520,92f8c01f
1903081973443330560,哈哈哈哈哈哈,4535.647,1753956250,623dd44
1903082273570880768,哈哈哈哈哈哈哈哈,4568.091,1753956285,623dd44
1903781401921761536,其实有用,4589.383,1754039628,1ddd0afb
1903806233291993600,老王那么有力吗,4603.096,1754042588,29c7c55b
1903952397949739520,这个情节 解放西 看过一样的，哈哈哈哈哈哈,4560.019,1754060012,e1245ea0
1904516717376838400,因为妈妈是孩子的第一位老师啊！,4403.275,1754127284,9e41d483
1904530899417644288,哈哈哈哈哈哈哈哈哈哈哈哈哈你个感冒,4385.563,1754128975,3e5e834
1904530978748724992,和哈哈哈哈哈哈哈哈哈哈哈哈哈哈哈哈哈哈哈哈哈哈哈哈哈哈哈哈哈哈哈哈哈哈哈哈哈哈哈哈哈,4384.499,1754128984,3e5e834
1904532923857065216,没有妹妹呢,4492.766,1754129216,3e5e834
1904538811812607744,哈哈哈哈哈哈哈哈哈哈哈哈哈哈哈哈哈哈哈哈哈,4645.546,1754129918,3e5e834
1904722568506592768,不是，这有什么可防的呢,4341.418,1754151824,1606bf27
1905449384062253056,新疆好像也是,4496.703,1754238467,a48719d1
1905497931360905728,伊朗和俄罗斯打起来啦,4529.621,1754244254,c0863c00
1906542784094295808,哈哈哈哈哈,4559.017,1754368810,58d57e1c
1907526196715882496,哈哈哈哈哈哈哈哈,4523.519,1754486042,f5dd2f0d
1908679452259804928,xx日记,4362.117,1754623521,f41917e3
1908744384842053120,你们听不懂，别人听得懂啊，我就是学俄语的，很多人学俄语日语,4357.8,1754631262,6ba6f998
1909668420170398720,四个层次,4433.428,1754741415,d7fb52ee
1911359300216006400,哈哈哈哈哈哈,4447.784,1754942984,984e8387
1911359604252789760,太逗了,4455.784,1754943020,984e8387
1913398067118770176,马月！受到严格保护,4495.758,1755186024,e540d7cc
1914634620675197952,爸爸好惨,4409.305,1755333432,39959bed
1914635448362681088,老王好有意思啊,4468.254,1755333531,39959bed
1914637087353891840,陈老师好帅好可爱,4628.134,1755333726,39959bed
1916001994548683520,萨沙现在好有效果啊,4525.363,1755496436,cd971f7f
1916630927698902784,哈哈哈哈哈哈哈哈哈哈哈哈哈哈,4395.624,1755571411,51f2909e
1916852277454065152,骄傲的小表情,4513.962,1755597798,b575b51f
1918109775393509888,加长版都听不到,4327.512,1755747703,e10ac76a
1919292270814105600,三句话不离老本行。老王就是老王,4441.278,1755888668,8ff620f
1920360764641292800,大爷（轻声）和大爷（二声）是不一样的辈分,4424.525,1756016042,954b058c
1920530535504589824,苦肉计,4559.312,1756036280,99536495
1924962263669318912,确实,4378.913,1756564583,e498a6f4
1928317987325752320,爸爸不重要和哈哈哈,4437.715,1756964617,272b951b
1928473381473163008,陈铭老师哈哈哈哈哈哈哈哈哈哈哈什么叫你个感冒啊哈哈哈哈哈,4387.472,1756983141,27acc97c
1930119365563671296,关键有个俄罗斯妹子全能听懂，哈哈哈,4350.281,1757179358,5f57ee63
1932318721125803008,哈哈哈哈哈哈哈哈哈哈哈,4386.414,1757441541,52ac390e
1937685851845080064,肺结核我们叫痨病,4387.045,1758081353,748c3342
1937711880739083008,现在有了,4411.543,1758084456,e8f1e80f
1937713293271636224,以身入局,4575.73,1758084625,e8f1e80f
1946610506567641600,哈哈哈哈哈哈哈什么鬼，好搞笑,4396.361,1759145255,3a0f6945
1946616695774839040,毕竟母亲是生你养你的人，是个人都不希望。除非你原生家庭环境不好,4477.17,1759145993,eb269b47
1954247216982614016,就好像放出来我们能听懂一样,4348.708,1760055622,99c7f039
1967670342588077312,阿阿阿啊啊，我要听,4342.408,1761655783,eb09f285
1977879332269668864,哈哈哈哈哈哈哈哈哈,4648.638,1762872790,aedabb3d
1986532170919592192,想听啊,4334.675,1763904288,2a9d92f9
1993856239851235072,哈哈哈哈哈多少是有点私人恩怨了哈哈哈哈哈哈哈哈哈哈哈萨沙,4520.851,1764777385,ed5612f4
1996746304319704576,有的 中西部地区很多,4410.686,1765121908,74ba3500
1999494019419440896,盲猜第四个祖先,4482.623,1765449461,29cd0eb
2004628390627918080,老王男友力爆棚啊，华波波都有150 6了,4609.39,1766061526,ffa3828d
,,0.0,1775683732.8000336,
lb.c,,0.0,1775683732.8000336,
,,0.0,1775683732.8000336,
1895737548723425536,哈哈哈哈哈什么是我们不能听的,4749.619,1752990264,1549437e
1895737557581795584,来啦来啦,5024.737,1752990286,a1639211
1895737558689091840,哈哈哈哈哈哈哈哈哈哈哈哈,4902.274,1752991699,eb069b0d
1895737576405831936,哈哈哈哈哈哈哈哈哈哈笑飞了,4980.356,1752990608,39108e46
1895737633507086592,免礼免礼,5039.074,1752990708,59dfb4d2
1895737685701005571,哈哈哈哈哈哈,5002.412,1752993137,98f16374
1895737800272613632,哈哈哈哈哈哈哈哈哈哈哈哈哈哈哈哈哈哈哈哈哈哈哈哈哈哈哈哈哈哈,4982.027,1752995330,a4557f7c
1895737802998911232,万一听不懂怎么办,4874.018,1752994933,81bc2129
1895737948222492928,什么梗？,4748.329,1752998164,d6922fe2
1895738125113069824,就这个湖北味正宗,4711.305,1753011041,7a763aee
1895738285595529472,双板确实可以倒着滑,5008.25,1753011373,43686648
1895738620225491200,哈哈哈哈哈哈哈哈哈,4984.609,1753022510,65fd9e50
1895738757907714304,太损了,4985.149,1753022518,65fd9e50
1895738832675377408,来来来来,5036.598,1753027077,8a513c81
1895738966708556032,太可爱了超超,4747.358,1753060176,4f7b0147
1895738992243478784,就是歇后语,4867.877,1753034556,c7bc6e63
1895739080684572928,哈哈哈哈哈哈哈哈哈哈,4918.722,1753069998,f7934ca3
1895739131746029824,哈哈哈哈哈哈哈哈哈哈哈哈哈哈哈哈,4994.089,1753062512,3bd1c757
1895739196480917760,这段发出杠铃般的笑声,5030.092,1753075104,28ad2a59
1895739201044320512,斑马斑马，你回到了你的家,4704.204,1753075169,c2cf2fbe
1895739208334020864,突然好凶的超超,4710.536,1753075185,c2cf2fbe
1895739269428252928,哈哈哈哈,4730.776,1753075210,df6e1fa7
1895739282195714304,个斑马 武汉读书学会的第一句武汉话,4704.434,1753073116,76b350d2
1895771221057041664,歇后语骂人是吧hhh,4865.028,1753084740,ea88348b
1895892382798022400,真的很像用歇后语骂人,4858.534,1753099184,1da0b061
1895904636515565824,四姐镜头太少了，感觉他的观点还没开始就没了,4765.842,1753100644,58b836f8
1896404829505373952,哈哈哈哈哈哈哈哈活学活用,4949.724,1753160272,f1957628
1896405288303884800,哈哈哈哈哈哈哈哈哈哈哈哈哈哈笑死我了,5003.653,1753160327,f1957628
1896468623779084032,哈哈哈哈哈哈,4981.223,1753167877,9ec95bfa
1896588932171657472,Dylan好帅,4935.291,1753182219,bd4e22b9
1896649488324662272,非正“倒着哥”,4978.032,1753189438,280fcb51
1896737496214828800,哈哈哈哈哈哈哈哈哈哈哈哈哈哈,4982.203,1753199929,9cb4590f
1897014030158811904,你瞅啥的意思吗,4715.633,1753232894,d539e6d1
1897014233171284992,想咋的,4732.518,1753232919,d539e6d1
1897019864125305344,胖跟秃顶？华波波？哈哈,4804.17,1753233590,88971e98
1897165318887847424,哈哈哈哈哈哈每次都要拿出来反复“鞭尸”,4994.106,1753250929,729e3ab7
1897254941232950272,哈哈哈 杨杨很合适,4903.28,1753261613,2a986023
1897344532589414144,又狠又能播哈哈哈哈，好绝,4852.883,1753272293,55d83f10
1897762938228495616,哈哈哈哈哈哈超超你咋这么可爱呀,4748.926,1753322171,3c4a8341
1898076422447444224,这个味太对了，喵莫斯喵,4713.793,1753359541,49e5e8b6
1898116838467539200,哈哈哈哈哈哈哈,4959.312,1753364359,8d117f15
1898162780163908608,笑晕了这个梗,4843.97,1753369836,b71cfd89
1898407579726848000,我也是！本来已经冷静下来了听到这句话又会死灰复燃,4680.153,1753399018,28dcc9f6
1898620921531941120,哈哈哈哈哈哈哈哈哈哈哈哈哈哈哈哈,4990.806,1753424451,a18ccce
1898621235324599808,萨沙：我这一生如履薄冰,4998.994,1753424488,a18ccce
1898621702788319488,这里就很适合配个bgm：长江黄河还有黑龙江~~~,5007.924,1753424544,a18ccce
1898674081130886656,auv真地儿道～,4950.016,1753430788,2738fae5
1898686192863140864,伦儿,5032.685,1753432232,b0850c04
1898718675599884544,喵喵喵  喵莫比,4716.685,1753436104,f83ddc9a
1898842469316472832,这是歇后语啊,4860.486,1753450861,17e2fe2c
1899339586950643712,喵帕斯,4719.067,1753510122,7ef1f30f
1899599321197446144,谎言不会伤人，真相才是快刀,4805.355,1753541085,bc31ead9
1900380122948168960,是LULU!,4784.341,1753634164,81aeaa1b
1900503618960948736,梅林的胡子,4886.484,1753648886,fcdaa08a
1901024484039726336,哈哈哈哈哈哈哈,4942.838,1753710978,2c9403ee
1901079414683921152,给你俩窝窝是“傻瓜你看什么，你走开”的意思,4779.862,1753717526,e67086c2
1901079829685023488,老王可以啊,4824.392,1753717575,e67086c2
1901079976536206080,盆景的伐木工赢了,4830.592,1753717593,e67086c2
1902231732707858432,啥意思没懂,4835.101,1753854893,c1f2fe77
1902338815436637184,动物吵架哈哈哈,4741.721,1753867658,92f8c01f
1902339230270251776,好可爱,4791.413,1753867708,92f8c01f
1902465103329566464,哈哈哈哈哈哈哈,4900.32,1753882713,24d07282
1902505877391889664,我懂！不仅是吵架，平时明明一件事已经在做了，非补一句你去做一下，我也会生气,4683.771,1753887574,29c4c024
1902512598906821376,翻旧账了,4925.858,1753888375,d89f1503
1902594920603297792,这一段巨好笑,4932.927,1753898188,26f5d348
1903085253296941312,哈哈哈哈哈哈哈哈哈,4913.221,1753956640,623dd44
1903422713532604160,完全沉浸在自己的艺术创作里了,4892.961,1753996869,bb961bc8
1903895399203318784,沉浸在自己的艺术,4885.319,1754053217,c51a6472
1905868802760226304,好有趣,4725.221,1754288465,7becfa2e
1905869663649455104,哈哈哈,4823.731,1754288568,7becfa2e
1906076866142587904,超超好美～～～～～～,5033.296,1754313269,ba077aef
1906843327282730752,不知道两个buff梗被萨沙听到了会怎么样哈哈哈哈,5018.175,1754404638,4ad5b7c7
1906853502798462464,笑飞了这期哈哈哈,4973.051,1754405851,de5d2566
1907283657380028416,个斑马是吧哈哈哈哈,4741.914,1754457129,654346f5
1907369347933021696,咩啊～,4736.208,1754467344,d9a3acb1
1907528459920721920,中文也是哈哈哈哈哈哈,4843.019,1754486312,f5dd2f0d
1907988977269993984,就跟吵架的时候对方说你冷静一点,4687.296,1754541210,952047f4
1909012552659049984,你看看！,4887.06,1754663230,a30a61d9
1914639175487860992,好艺术,4868.566,1755333975,39959bed
1914699145797749760,免礼免礼,5038.536,1755341124,6a35cdb9
1916331482058605056,去五常,4934.547,1755535714,299590f4
1920572473301738496,你别急哈哈哈哈,4680.084,1756041280,bc587f4c
1921150194511518720,无效消音,4767.931,1756110149,cc860fab
1921999990281070336,膝盖脑袋哈哈哈哈哈,4820.756,1756211453,82b54504
1922699810163473408,哈哈哈哈哈哈这个好玩膝盖脑袋哈哈哈哈哈哈哈,4821.902,1756294878,bc17ebe1
1922718678232065536,buludo在大力水手里面就是大块头,4769.819,1756297127,990a1ffc
1924745898970591232,吼吼吼吼吼吼吼吼吼吼吼吼吼吼吼吼,5002.511,1756538791,90bb401c
1924967089098646016,哈哈哈哈哈哈哈哈我懂了,4839.73,1756565159,e498a6f4
1928431833856027648,四川话 哈哈哈,4802.515,1756978188,272b951b
1930122968890291968,一般是表和马,4760.893,1757179787,5f57ee63
1932207309505761536,真不用客气，哈哈哈哈哈哈哈哈哈,5037.71,1757428260,5b4783e3
1932323510836293120,歇后语骂人 在中国能把我骂笑，没有杀伤力,4856.499,1757442112,52ac390e
1938651722562595840,这个环节好想看英国代表,4803.651,1758196494,7514575b
1941575577676902144,中国好像也是,4880.714,1758545045,7a001e02
1956604467680680960,哈哈哈哈哈哈哈哈哈哈哈哈哈哈哈哈哈哈哈哈哈哈哈哈哈哈倒哥,4987.29,1760336628,d35c8a9
1957521618251751424,有备而来,4898.296,1760445961,ae02b522
1963046567418170368,完全get不到哈哈哈，太艺术了,4878.238,1761104586,54f7b9d0
1963047484477570560,卧槽哈哈哈哈哈哈太搞笑了,4987.548,1761104695,54f7b9d0
1963047606246712832,太有梗了我的天啊,5002.101,1761104710,54f7b9d0
1988704206604970240,萨沙现在好大方,4966.483,1764163215,c847ffba
2005156528713694464,形成内部梗了 哈哈哈,5015.259,1766124485,32b92588
2018407658939996416,武汉话好好玩,4761.811,1767704143,964a8dca
2027838086511379968,哈哈哈哈哈哈哈哈哈哈哈哈哈哈,4860.422,1768828337,8f58d927
,,0.0,1775683732.8000336,
lb.c,,0.0,1775683732.8000336,
,,0.0,1775683732.8000336,
1895737252798501120,一个轴打起来了,5382.658,1752985054,7e19df34
1895737399926296832,老王居然赢了哈哈哈哈哈,5194.259,1752987261,f69ff094
1895737549830721792,众爱卿平身,5040.701,1752988640,1f930d45
1895737559796388096,买不完了,5324.051,1752990445,3f8c2705
1895737585272590592,这个除了买卖还能组什么？,5347.699,1752990663,1549437e
1895737629463777536,买了锅巴,5269.404,1752992283,7e894dc7
1895737792127275264,这也太难了除了脏话我一个也想不到,5250.819,1752994250,4374cf64
1895737809332310272,伤疤,5096.912,1752995497,a4557f7c
1895737812956188928,艾丽莎还比了个功夫出招动作，好可爱,5228.918,1752995826,5866b398
1895737818392006912,这下真的势均力敌王不见王了，战力很均衡,5221.14,1752995797,5866b398
1895737822913466624,怎么不把小贝喊回来哈哈哈哈哈 全国总冠军,5232.53,1752995811,ca18aa72
1895737839220920576,随便,5103.405,1752995510,a4557f7c
1895737861601726720,哈哈哈哈哈,5280.223,1752995737,a4557f7c
1895737870728532224,哈哈哈哈哈,5357.137,1752995819,a4557f7c
1895737878009843968,这个难度好高我一下没想出来,5250.43,1752995861,5866b398
1895737975577743616,太搞笑了这段，会长帮得也真是不明显哈哈哈,5309.076,1752998714,d5478533
1895738014786097408,我都想不出这么多orz,5177.407,1752998128,cda41c26
1895738146998948096,富贵使我们相遇,5054.133,1753003938,94179e93
1895738222680969472,上边其实可以的...至少广东话里可以这么讲哈哈哈哈哈,5132.578,1753012151,f11a2bc3
1895738259154637056,那我必须得发个弹幕,5045.758,1753013226,4c2d7347
1895738280117768448,哎哟喂排面是自己给的,5053.218,1753015344,2394c70f
1895738286535053568,我都想不出来,5361.944,1753014671,635d7cfe
1895738288321827072,大左感觉好疲惫呀,5089.831,1753010259,2275038b
1895738300183318784,买了个包,5277.18,1753014758,73e9b877
1895738319326122240,哈哈哈哈哈哈哈哈哈哈哈,5333.776,1753014745,fbf64f60
1895738331187613952,水表,5101.409,1753013084,8f071823
1895738358542864640,哈哈哈哈,5289.412,1753013835,fc1db046
1895738420534677760,厉害,5362.198,1753013915,fc1db046
1895738453367689472,手臂,5083.725,1753019015,c2db3739
1895738483457626368,散步,5110.21,1753018989,c2db3739
1895738492567654656,私奔,5156.474,1753019088,c2db3739
1895738497131057408,散步,5178.373,1753019110,c2db3739
1895738523571949824,伤悲,5147.874,1753019080,c2db3739
1895738528126963968,帅爆,5171.778,1753019103,c2db3739
1895738537287323904,松柏,5115.542,1753019154,c2db3739
1895738560959975680,那么棒,5397.279,1753020515,c2db3739
1895738573719048448,迷恋改编,5350.312,1753020373,c2db3739
1895738581931495680,美丽古堡,5344.655,1753020257,c2db3739
1895738616576446720,雷妃：嬗变的女人,5152.275,1753018117,6ee65ea5
1895738643931697408,上榜,5139.362,1753019071,c2db3739
1895738657605128448,塞北,5125.34,1753019163,c2db3739
1895738663988859136,三百,5114.292,1753022376,fd2dafbb
1895738781613920512,买了个包,5269.515,1753030952,ea25d4d6
1895738925679874304,会长喜欢俄罗斯人哈哈哈哈哈哈,5280.092,1753038953,7a1afabc
1895738932969574656,笑死我了,5378.09,1753029813,bde1c345
1895738939353305344,哈哈哈哈救命笑死我了,5309.07,1753045893,23ddeab7
1895739014146134272,散步,5114.314,1753068800,91850ea9
1895739130831671552,想不出来,5264.519,1753072461,9f25c571
1895739175509397760,会长明目张胆啊哈哈哈哈哈,5276.576,1753072003,9f04a8dc
1895739183721844992,？,5103.33,1753070183,f7934ca3
1895739216546468096,麻辣锅巴？,5317.463,1753073025,39c07fe7
1895739235689271552,思辨,5100.653,1753075567,bf28894c
1895739250285449472,这是真的强……,5354.932,1753072572,9f25c571
1895739315020337408,老王的食物词汇库太丰富了,5202.207,1753075106,cb0b74b0
1895806227742127872,不愧是全球总冠军哈哈哈,5355.453,1753088913,20dfe047
1895865772513874176,呵呵哈哈哈,5295.841,1753096011,f81c7508
1895865835151917056,笑死我了,5302.521,1753096019,f81c7508
1895905592497846784,波波超级不想输给老王啊哈哈,5168.56,1753100758,e1c79dc9
1895913210587020800,厉害也,5356.678,1753101666,738625c6
1895940028228628736,哈哈哈哈杨迪笑死我了,5331.187,1753104863,9a7995d3
1896001709957121536,这个游戏确定不是在考验旁边的观众吗哈哈哈哈哈哈哈,5169.79,1753112216,692c8ed6
1896005638208190720,哈哈哈哈哈哈哈哈哈哈哈哈哈哈哈哈哈哈,5309.536,1753112685,ee1f6f9b
1896037717519832320,我不行了,5303.486,1753116509,35861f7e
1896103813057326080,众爱卿平身,5055.166,1753124388,272d704
1896266853488527360,买了个包,5255.593,1753143824,136938f4
1896397577185262080,买了个表,5252.363,1753159407,8c816764
1896398972085054976,买了个布,5322.799,1753159574,8c816764
1896487745384687360,是全世界冠军强啊  这个怎么可能平衡？,5225.606,1753170156,3f43cf38
1896518030927038976,哈哈哈哈,5287.335,1753173767,6a042d86
1896647238626065664,散步,5186.384,1753189169,445a39f6
1896700332483297024,买了个表,5262.862,1753195499,fc5c5aac
1897110671595089408,买了个饼,5303.296,1753244415,42da3e49
1897164510704274176,会长，真的一点都不偏心,5318.682,1753250833,35645b71
1897465344239936512,这里为啥正片没有啊很好玩,5316.955,1753286695,9c3b5844
1897907599363012096,加长版不是没人吗？,5061.923,1753339416,47a0e8bd
1897994325766477824,应该的应该的哈哈,5048.248,1753349755,4abc64a0
1897996747196894720,哈哈哈哈哈哈哈哈逛超市,5307.543,1753350043,4abc64a0
1898119123121513216,波波太搞笑了,5193.237,1753364632,8d117f15
1898135047518137856,免礼免礼,5075.625,1753366530,eedeee86
1898384560598181888,平身,5075.322,1753396274,b2d05ef3
1898624478083756544,超市逛的差不多了哈哈哈哈哈哈哈,5326.782,1753424875,a18ccce
1898641201796753152,密林古堡,5368.404,1753426868,8d9a3176
1898884709665421312,哈哈哈,5068.504,1753455897,ef9aebaa
1898897792614057216,S 和sh不算一个声母吧,5137.151,1753457456,90af0186
1898916617254438656,平身吧,5045.044,1753459700,22a3160b
1899502490740164608,比芒果台的明星们厉害,5090.131,1753529542,3820b86
1899503928598076672,好难！,5256.872,1753529713,3820b86
1899529220980670720,美丽告别,5329.076,1753532728,3860f01a
1899556139150926336,买了个包,5262.774,1753535937,c8a83ae1
1899575159195537664,我就说梅丽莎眼熟哈哈哈哈，我看过她,5237.393,1753538205,fbcf58ae
1899948884919695104,字幕靠点谱啊,5152.318,1753582756,ae954710
1900027691504725760,随笔,5111.845,1753592151,2b2c365c
1901026696434365696,哈哈哈哈哈哈哈哈笑死我了,5177.66,1753711241,2c9403ee
1901048621018345216,来了,5068.436,1753713855,53f028f4
1902279610704792320,哈哈哈哈哈哈哈哈哈哈哈哈华波波提高笑了 这个节目不能没有他,5287.656,1753860600,c78fc6cd
1902280109591719680,哈哈哈哈哈哈哈哈哈哈杨迪太有梗了,5336.723,1753860660,c78fc6cd
1902422537695188480,哈哈哈哈哈哈哈快乐了,5041.893,1753877639,ddafd2e4
1902693614774649856,这就是冠军局吗,5308.838,1753909954,13f56837
1903910791510760448,果然是冠军,5323.393,1754055052,117508bc
1903911183124587264,冠军！！！,5370.074,1754055099,117508bc
1904583799472911360,那这样没完没了了 卖了个包也可以啊,5323.205,1754135281,3e5e834
1904731512910551296,买了钢笔,5296.383,1754152890,1606bf27
1905066977614457088,瀚笙给的,5216.827,1754192880,f13424e0
1905263256428680192,哈哈哈哈哈会长假装淡定,5280.272,1754216279,aa36fe3a
1907445196561016064,生病,5096.403,1754476386,aff6fc4
1907655909418110976,描了个边，密林古堡,5369.951,1754501505,ff8d4f0a
1907988948337628160,买了个饼,5269.577,1754541206,e06c8437
1907994271211606272,买了广告,5264.943,1754541841,952047f4
1908432339672427264,这都是我应得的,5050.366,1754594063,9342b3c4
1910180167972956160,买了个表,5278.063,1754802420,738a73b
1910181115902401024,这个好玩,5385.844,1754802533,738a73b
1913125294877852928,爱卿平身,5060.819,1755153507,54a9596e
1914074693993248256,华伯伯笑死我,5210.801,1755266684,9d8aa9dd
1919614221571346432,哈哈哈哈哈哈哈哈哈，买买买，都买,5296.307,1755927047,3ae4c2e2
1921022768267938048,我都想不到,5361.449,1756094959,bc587f4c
1924779962440228352,设备,5089.709,1756542851,e8f6d141
1925468671896090112,看似法国vs中东，实则两伊战争,5183.768,1756624952,24f302e9
1928594371599874304,不愧是世界冠军,5361.448,1756997564,cfd3a899
1932625767037357824,太有牌面了,5107.729,1757478144,f487febd
1932832749916950784,波波笑死我了,5190.952,1757502818,75a35b32
1932833280899017472,想念小贝和田田,5232.806,1757502882,75a35b32
1948196474001477888,哈哈哈哈哈哈哈,5316.907,1759334317,2edb9fb1
1949690376261184256,没了个饼 哈哈哈,5334.374,1759512404,c9c423cb
1952273205201067264,上边其实是，他们搅混了,5164.153,1759820301,5ff286de
1956607870947309056,哈哈哈哈哈哈哈哈哈哈哈笑飞了,5336.797,1760337034,d35c8a9
1957526017011285504,发币，顺发nb,5390.776,1760446485,ae02b522
1999460690884832000,哈哈哈哈哈哈哈哈好搞笑哈哈哈哈哈,5054.438,1765445488,14f3cf30
2002097945549358592,前面外国小学生一人一句汉语那个真的哈哈哈笑死我了,5392.207,1765759873,1bae6291
2031437688779518208,满意,5047.429,1769257443,ec44781a
2036248800440067584,手办,5123.573,1769830972,f9735bbb
2036249860122444544,似是故人来,5248.255,1769831099,f9735bbb
,,0.0,1775683732.8000336,
lb.c,,0.0,1775683732.8000336,
,,0.0,1775683732.8000336,
1895737395396448512,jhhhhhhhhhhh,5592.303,1752988526,a7ab481d
1895737412022669568,我都想不起来这么多,5460.772,1752987439,a1639211
1895737441869336832,因为想不起来哈哈哈哈,5481.576,1752987556,f69ff094
1895737443119239424,波波好可爱,5457.3,1752989533,e9b5076c
1895737485532041472,不够看哈哈哈哈哈哈想看轮番制回合,5670.743,1752987808,fcfebb41
1895737626443878656,]',5625.691,1752991166,967ceef9
1895737643598582016,为啥我的弹幕带框框,5614.122,1752990985,3f8c2705
1895737666809860352,文创书包,5664.861,1752992253,88230e29
1895737685701005569,笑死，好像那个两组外国人比中文的视频,5594.036,1752991870,6c6d890c
1895737696287428864,想看陈铭和陈超的,5515.841,1752993725,b594b266
1895737720085909760,我吃柿饼,5633.349,1752993925,4f3c338d
1895737730554892544,我才十八,5654.687,1752994895,f3d0b903
1895737779443699968,哈哈哈哈哈哈哈哈哈,5736.412,1752996216,a4557f7c
1895737794836795648,还好，我来看了加长版,5683.765,1752995605,6cf1571
1895737843750768896,无偿上班,5638.111,1752995528,8eb43737
1895737876189516032,他不会是在拿你重温日语吧233,5757.212,1752997386,4944442d
1895737884393574656,？哈哈哈哈哈,5656.724,1752996132,a4557f7c
1895737888042619136,拿眉笔,5442.43,1753001707,d7f8343a
1895737898075394304,用一之濑当外教是吧哈哈哈哈,5759.226,1752996601,5866b398
1895737912679960832,发币厉害哦,5491.201,1752998959,e868d6e6
1895737956426551552,哈哈哈哈哈哈哈哈哈哈哈哈哈哈哈哈,5736.542,1753005397,e549f4d8
1895738018435141888,我才上班,5615.672,1753004949,4c54570f
1895738042141348096,发币好厉害！,5451.412,1752998910,d5478533
1895738055814779136,游戏能多玩一点吗？来个车轮战了。,5682.602,1752999172,e868d6e6
1895738163407065344,朕心甚慰,5668.633,1753010633,ca2efdba
1895738188941988096,留学生可以打工，就是时间限制很严格,5745.238,1753013337,450eca7a
1895738207178821888,我吃烧饼,5569.522,1753014025,97afe170
1895738304738332928,笑疯了,5717.724,1753014888,c5fcca58
1895738349416059136,我查设备,5603.283,1753013524,20dffd1e
1895738529041322240,我吃柿饼,5549.573,1753019787,c2db3739
1895738564600631552,我曾上榜,5583.306,1753019726,c2db3739
1895738568249676032,我才上班,5578.215,1753019651,c2db3739
1895738618405163264,哇小熊好棒,5453.439,1753021183,6474f847
1895738628454715648,满意满意,5683.919,1753021786,d3e0ea9e
1895738771581145344,在燃什么啊,5467.292,1753022738,56239c78
1895738808969171200,无偿上班,5557.94,1753033292,8be21198
1895738855467225344,满意满意啊,5669.129,1753027481,8a513c81
1895738904708354304,无偿上班,5550.733,1753055909,a05c4e50
1895738919296143616,厉害,5458.113,1753029509,d0eeaf61
1895739073386483968,外出上班,5662.292,1753071341,86ed341b
1895739233868943616,跟武昌过不去了哈哈哈哈哈哈,5559.595,1753072312,9f04a8dc
1895739271248580864,前面那个五厂上班太痛苦了。,5650.181,1753072906,9f25c571
1895739280375386368,我吃烧饼,5528.493,1753076329,c2cf2fbe
1895739287665086720,哈哈哈哈,5585.042,1753076389,c2cf2fbe
1895739297697861888,666,5456.592,1753076238,c2cf2fbe
1895835379563980800,围城士兵,5651.483,1753092388,182693f5
1895851890223828736,我吃烧饼,5601.387,1753094356,cc93cef3
1895867141996042240,法币好可爱哈哈哈哈,5442.503,1753096175,f81c7508
1895941503516821504,想看华波波,5502.962,1753105039,3c5a3395
1895954531570156032,玩游戏没人能赢得了杨迪吧,5516.139,1753106592,be52f108
1895962419218839040,好可爱啊小熊,5481.88,1753107533,83719079
1896048714238634240,文创商标,5603.24,1753117820,24b0ce4c
1896048828952522752,发币比我厉害,5489.092,1753117833,e871e898
1896387736265527552,好可爱小熊,5433.348,1753158234,f608a6a7
1896401899398836992,我创商标,5627.201,1753159923,8c816764
1896523232526567168,四姐笑死我了,5461.734,1753174387,272cb156
1896696361970702080,真的好喜欢法币啊啊,5497.907,1753195025,ec077e8b
1896969714811750144,哈哈哈哈哈哈哈哈特别满意,5683.167,1753227611,cef95630
1897110417386297344,你。,5404.486,1753244385,2bf6365a
1897182469959562240,农民办（农业民生办公室）,5439.96,1753252974,af7c4445
1897184104504922112,无此设备,5617.079,1753253169,af7c4445
1897351985011783168,他发音不但好，调也对,5725.673,1753273182,55d83f10
1897377089222017024,How much?,5715.06,1753276174,7566605b
1897422756426506496,我常上班,5558.897,1753281618,fc5c5aac
1897422918418934784,我出书吧,5568.62,1753281638,fc5c5aac
1897458025171003136,满意满意,5677.512,1753285823,b5323672
1897465090669115648,武昌社保,5582.953,1753286665,d844b0d7
1897769479799142144,法币：let's 骄傲,5481.513,1753322951,3c4a8341
1897938668409864704,哈哈哈哈哈哈,5572.82,1753343120,87627e63
1898060457676681728,这反应怎么那么像外国小孩中文对决哈哈哈哈哈哈,5462.655,1753357638,9cdf46e6
1898138011901385472,怎么没有伦儿,5665.598,1753366883,a0901713
1898178762122903296,我超帅吧！,5632.839,1753371741,a725bfc4
1898423743408421376,这Part这么精彩居然没在正片,5650.83,1753400945,28dcc9f6
1898625744000134400,到底在燃什么哈哈哈哈哈哈哈哈,5464.166,1753425026,a18ccce
1898626550623448832,我测试吧,5559.064,1753425122,a18ccce
1898652728138751488,一之濑刚才输了可能情绪不稳定,5549.571,1753428242,915050e3
1898689587413796352,拿面包,5423.287,1753432636,b0850c04
1899319571606164480,全德国总冠军,5480.43,1753507736,f21b3ea5
1899535640992131840,晚餐随便,5520.474,1753533494,3860f01a
1899602976826559232,会长忍不了了,5665.041,1753541521,89699852
1899607193679394816,很满意，但是不够看啊哈哈哈哈哈,5681.754,1753542023,bc31ead9
1899951105459742976,我查书包啊,5602.221,1753583021,ae954710
1899999679023416320,无偿上班,5655.703,1753588811,87413e4e
1900766299857394432,我出师表,5622.888,1753680200,33977ab
1901031541963149056,无偿上班太有才了,5661.33,1753711819,2c9403ee
1901464422439217664,乃木坂,5411.02,1753763422,80000882
1901466327198751744,五彩水笔,5622.899,1753763649,80000882
1901505084160859136,卧床上班,5635.369,1753768270,a9930091
1901667443429404672,赖赖笑死我了哈哈哈哈哈,5462.246,1753787624,c475edd4
1901688907461504000,绝,5594.196,1753790183,6bdd20d4
1902191443406318080,我才十八,5536.747,1753850090,23b7cf3c
1902282980836447232,想看所有代表玩哈哈哈哈,5692.99,1753861002,c78fc6cd
1902972836168174592,好喜欢发币啊啊啊啊可爱小熊,5497.535,1753943239,94613f3a
1903814713050594560,我吃烧饼,5527.927,1754043599,29c7c55b
1904240408750914304,我吃烧饼,5520.633,1754094346,4213efaf
1904400734091486464,哈哈哈哈哈哈哈哈哈哈哈,5444.369,1754113458,21f73640
1904733937142578688,……,5572.108,1754153179,1606bf27
1907275934575481856,那么棒,5475.248,1754456209,818eee32
1907503311805048832,哈哈哈哈哈哈,5433.297,1754483314,6816ab2b
1907504852112736768,好搞笑,5670.051,1754483498,6816ab2b
1907628097827065088,华波波好搞笑,5413.673,1754498190,ea7aa49a
1907629029776458752,这个游戏好玩！！以后经常,5503.358,1754498301,ea7aa49a
1909211300433862656,文创手办,5641.868,1754686922,2ad516b
1910183692849001728,每期都来这个游戏,5693.155,1754802840,738a73b
1911661393863138816,我才十八,5635.78,1754978996,67c7bc24
1911940037441274368,我常说不,5577.471,1755012213,319d79a8
1916862547517593344,无偿上班这个太狠了哈哈哈哈哈哈,5640.532,1755599022,b575b51f
1916886203115027456,不满意太短了！,5691.918,1755601842,41d23346
1919615919593383936,法币好厉害,5491.366,1755927249,3ae4c2e2
1919874236307270400,太搞笑了,5709.81,1755958043,c4469e21
1924973871791438336,五彩水笔，无偿上班,5634.207,1756565967,e498a6f4
1928489303462333440,武昌酥饼啊,5649.501,1756985039,27acc97c
1931182947986193664,前面说文创的好厉害,5633.131,1757306147,d9c08631
1932631454336961792,满意满意,5684.543,1757478822,f487febd
1936645971006506240,你忙吧,5443.395,1757957390,cc3af606
1938432632782593280,完成设备,5697.579,1758170376,a3545458
1945259887495943936,龙颜大悦,5676.325,1758984249,deea00f
1957526892588923392,他俩这么强的吗？直接加时赛了,5475.556,1760446590,ae02b522
1977901549582004224,关税哈哈哈哈哈哈,5436.202,1762875438,aedabb3d
1977901725834636800,小熊好棒！,5457.17,1762875459,aedabb3d
1988742475853880320,哈哈哈哈这个是Dylan在后面说的,5609.534,1764167777,c847ffba
2002100048816625408,外国小孩中文对决真的，太形象了，这俩都笑死,5467.471,1765760124,1bae6291
2015436799140933120,高级词汇,5450.301,1767349988,a9603673
2018415095944305664,无偿上班(,5616.425,1767705029,964a8dca
2035137440129502976,弄明白,5418.548,1769698488,ca126b
2035137714621479936,你明白,5451.275,1769698521,ca126b
2068517489595502592,那么棒,5472.838,1773677700,471d6181
2077821577877208320,朕很满意,5679.263,1774786834,585cded5
,,0.0,1775683732.8000336,
lb.c,,0.0,1775683732.8000336,
,,0.0,1775683732.8000336,
1895737858867040512,哈哈哈哈哈哈哈哈哈哈哈,6096.333,1752996585,a4557f7c
1895737880752918784,沆瀣一气这词还是能用得到的233,5937.428,1752997598,4944442d
1895737919046914304,哈哈哈哈哈哈哈哈哈哈哈哈哈哈哈哈哈哈哈哈哈哈哈哈哈哈哈,5870.631,1752996356,a4557f7c
1895737949136851200,德国人太好笑了,5863.154,1752999715,8b34e573
1895737969194012928,阿雷真的动漫影视资深中毒哈哈哈哈哈哈,5838.142,1752997069,5866b398
1895738141521187072,犄角旮旯很少用吗？上海话里经常用到啊,6049.474,1753008868,39499903
1895738273742426368,除了呶字都认识,6060.585,1753013759,20dffd1e
1895738364003848448,踽踽独行这种基础词大左一个主持人不认识不应该吧,6002.5,1753015847,e69ebdef
1895738431481811200,圭臬感觉也很常见,6014.236,1753015872,e69ebdef
1895738444249272576,好厉害 卢可！,5923.251,1753018736,1c68567a
1895738555482214656,我觉得奉为圭臬还挺常用的,6019.476,1753019682,79d441b5
1895738669466620160,新梗出现了,5963.161,1753023686,65fd9e50
1895738727817777408,哈哈哈哈还拆啊哈,5877.108,1753023916,5ec74794
1895738740585238784,还得是总冠军！,5923.556,1753029089,d6bfe3aa
1895738798936396032,这期好搞笑,5880.071,1753023927,5ec74794
1895738800765112576,魔法小樱,5811.727,1753025778,ef8f951e
1895738804405768448,Latino American也是American哈哈哈,6088.033,1753033291,5404f33
1895738847263166720,哇好久不见的歌，我现在还全知道且会写呢,5922.622,1753029406,302e2cd4
1895738994978164992,戴卢可好会串场,5918.405,1753033135,5404f33
1895739036921204992,口语里很常见 但书面很少写 才叫生僻字,6084.412,1753069602,221a9f5
1895739067917111552,犄角旮旯哪个地区都用啊,6076.904,1753036132,37b64554
1895739303167234304,超超可能只是重影看成垚了哈哈哈,6025.872,1753080031,3f6b3267
1895803686740271360,德国人神奇的笑点出现了,5860.314,1753088610,677e1eff
1895940938636112896,哈哈哈哈哈哈哈哈哈哈哈哈哈哈哈哈哈哈哈,5956.417,1753104972,4365b2b7
1896006384517540608,哈哈哈哈哈哈哈 太好笑了,5877.08,1753112774,e10bb37e
1896394704246373888,往里玹,5888.848,1753159065,45f0e9c9
1896525961894243328,还记得穆小龙的也特别长,5863.237,1753174712,9c5bc011
1896526792475403776,突然感觉和一个母语者说对方的母语好刺激。,5849.288,1753174811,272cb156
1896528996767018496,伦反应好可爱,6093.046,1753175074,272cb156
1896694142336784640,我为什么这么黑,5850.046,1753194761,16f0b446
1896746298607480576,哈哈哈哈哈哈小魔女dorimi我的童年,5817.55,1753200978,9cb4590f
1896782108769874944,哈哈哈哈阿雷好棒,5823.344,1753205247,5856c37c
1896837444775896832,沆瀣一气，绵绵瓜瓞什么的其实也蛮常用的，都是会读，不一定会写,5963.667,1753211844,9450640
1897302336104199424,原来阿雷也是个二次元啊，圈粉,5807.807,1753267263,729e3ab7
1897408696875986688,bgm是星矢。。。,5826.178,1753279942,7ea9d3d5
1897539050743992576,是真的 喜欢看番剧随便都有N3了 日语听懂会说不算难,5774.395,1753295482,6f99a845
1897540654679205376,碗里选,5906.056,1753295673,6f99a845
1897941885038393856,哈哈哈哈哈德国人,5869.457,1753343503,4227b274
1898063552024567040,善逸！,5827.305,1753358007,9cdf46e6
1898064079399573504,xs我的笑点是发币笑,5864.169,1753358070,9cdf46e6
1898097346118832640,生僻字那个歌词的选择标准太不统一了所以体感好不好也是一阵儿一阵儿的hhh,5931.174,1753362036,45af011b
1898114145447495424,紧跟时事哈哈哈哈,5827.651,1753364038,ba542c3c
1898161274299396864,考试会用到吧，或者语文老师,6051.412,1753369656,9a457285
1898467852772804608,哪里常见？你平时都会说这些吗？我只能读一些，意思知道的就更少了,6031.791,1753406203,a725bfc4
1898468393661528832,确实是American,6081.24,1753406268,a725bfc4
1898544657131158528,会长日常开始挖坑了,5973.106,1753415359,e68aeabe
1898792509870598400,魔法少女小圆，魔法少女奈叶，魔卡少女樱，憧憬成为魔法少女,5789.357,1753444906,c1c112d8
1898950122260736256,我的天啊,5932.388,1753463694,eeae67ec
1899611716883880704,哈哈哈哈杨迪这个变声,5986.176,1753542563,5ebece69
1899953432166147328,怎么难的都会，简单的反而错了超超,6015.364,1753583298,ae954710
1900078198046300160,哈哈哈少女雷,5809.075,1753598172,1091612d
1901032821930525952,哈哈哈哈哈哈哈哈哈,5810.507,1753711972,2c9403ee
1901035550375286784,格局,6102.475,1753712297,2c9403ee
1901038084020175104,笑死,6081.102,1753712599,2c9403ee
1902445816619673088,可爱的四姐,6110.63,1753880414,c085033b
1902473656388011520,哈哈哈哈哈哈哈哈哈哈,5884.153,1753883732,24d07282
1902507918574530560,鬼灭！！,5827.326,1753887817,ecae7fb8
1903092981570356992,哈哈哈哈哈哈哈哈哈,5817.734,1753957562,623dd44
1904588337600721664,中二哈哈哈,5768.847,1754135822,3e5e834
1904588540294738176,和红红火火恍恍惚惚哈哈哈哈哈哈哈哈,5787.755,1754135846,3e5e834
1904607506802715648,xswl,5877.161,1754138107,2f77163b
1904738394345604608,不考生僻字没意思呀,6059.583,1754153710,1606bf27
1905360955819970304,先笑了,5858.11,1754227925,95e70b5d
1906556910518333184,哈哈哈哈哈,5871.662,1754370494,58d57e1c
1907415837069982464,不会是飞天小女警z吧,5820.521,1754472886,43d8243f
1908251049396513536,哈哈哈哈哈,5828.769,1754572451,d8a8f583
1913315501447857152,奉为圭臬不是很常见吗，，,6018.38,1755176181,9b40c598
1916341011081184256,这里阿雷莫名的像唐大哥,5760.723,1755536850,299590f4
1916656189127610112,哪里常见了，只有几个是常见的,6036.563,1755574422,51f2909e
1922655339275858176,犄角旮旯也会，只是不太会写,5941.477,1756289577,99536495
1923491622692854784,歌里的都会比较熟啊,6044.668,1756389269,a82a2ebb
1924750576206771968,哈哈哈哈哈哈哈哈哈哈哈哈哈哈哈哈哈,5819.439,1756539348,90bb401c
1924751062737679616,吼吼吼吼吼吼吼吼吼吼吼吼吼吼吼,5873.51,1756539406,90bb401c
1929398244665353728,初中的时候我们也学这个表演过,5947.352,1757093394,bd775eca
1954296916465043200,戴卢可的承上启下可太中国了哈哈哈哈,5910.649,1760061546,99c7f039
1957531727765723136,哈哈哈哈，陈超其他生僻的都知道奉为圭臬这么日常的居然不会,6007.196,1760447166,ae02b522
1963056219074066944,我的天啊，怎么会有这些这么多语言超能力者,5857.992,1761105737,54f7b9d0
1967686962006220544,笑死，反正我认不全哈哈哈,5978.628,1761657764,eb09f285
1977904572307833856,魔法少女哈哈哈哈哈,5795.978,1762875798,aedabb3d
1977905919635666176,哈哈哈哈哈哈哈哈哈,5956.683,1762875959,aedabb3d
1994610009833088768,超超好厉害,6041.25,1764867242,51701351
2010424270157225984,奉为圭臬这个，我感觉应该都知道啊，看古装剧什么的,6007.049,1766752448,a0b99804
2016016522979979008,超超怎么不认识圭臬，这是固定组合啊，垚涅是啥意思,6007.162,1767419097,ae954710
2026860148143955200,穆小龙？？？,5856.924,1768711758,c0ad9fc7
2036277408915183872,我只会醍醐灌顶和犄角旮旯,5991.627,1769834383,f9735bbb
2038025793061976064,德国人莫名其妙的笑点笑死我了,5864.035,1770042806,b8b5200d
2057973005103436544,高中语文考了你还能记得？反正我是感觉上大一就修为散尽了,6045.684,1772420699,dc69dd68
2058963017848770048,我可能知道他咋学的语言了,5843.198,1772538718,60c31dff
,,0.0,1775683732.8000336,
lb.c,,0.0,1775683732.8000336,
,,0.0,1775683732.8000336,
1895737596345553152,哈哈哈哈哈哈哈,6195.466,1752991046,a1639211
1895737605254254848,笑到捶床,6248.056,1752991132,a1639211
1895737756257587456,哈哈哈哈哈哈哈哈,6247.548,1752993724,46e1d41a
1895737873454829824,这表情包加的哈哈哈哈哈,6247.145,1752995808,591a47e1
1895737955520581888,哈哈哈哈晚上睡觉起来扇自己一巴掌。,6242.077,1752996766,a4557f7c
1895738234534072576,美国的刻板印象又增加了哈哈哈哈哈哈,6262.432,1753014661,d93d12d4
1895738291970871552,地大物博吗哈哈哈,6424.625,1753014057,450eca7a
1895738441514586368,美式英语跟英式的相比是真挺村儿的,6304.472,1753017646,6ed7a38b
1895738527220994304,这句话感觉很深刻,6342.095,1753018411,9cfc41f8
1895738529955680512,好惨,6240.329,1753015944,e967e3fc
1895738545457828096,洋脸在身我心依旧是中国心,6343.404,1753019165,b3e76332
1895738814438543616,伦儿好漂亮,6121.658,1753026098,ef8f951e
1895738827214393600,还好我们中文故意说别的口音腔调不会被说,6221.909,1753034289,9ef562ec
1895738931149246720,哈哈哈哈哈，绝,6261.929,1753027770,105f8ab8
1895738994063806720,以前好像聊过,6323.611,1753065947,c76f245a
1895739099835764992,感觉四姐马上就要入党了,6358.412,1753041164,f2cbd317
1895739164570652928,北京啊，都鼓楼钟楼和胡同了,6466.915,1753074268,cce57685
1895739223836168448,哈哈哈哈,6185.472,1753075358,b465a5f8
1895876772915284736,好红,6342.445,1753097323,f81c7508
1895891145075744000,完啦！漂亮国居然是我自己,6332.931,1753099036,720bb977
1895911263230715648,这一期可太好看了哈哈哈哈哈哈哈,6293.681,1753101434,cc998cf0
1895977013316171008,真的 我现在在英国 班上有美国同学老师都问为什么来英国哈哈哈因为感觉美国人很少来,6233.393,1753109272,7021661
1895996712578404608,哈哈哈哈,6191.243,1753111621,42cad9e5
1896011026604849152,哈哈哈哈哈哈哈哈哈哈,6248.296,1753113327,692c8ed6
1896053738805025792,笑死我了,6338.26,1753118419,35861f7e
1896348810541099264,盆栽伐木工,6185.449,1753153594,b7453a45
1896660913071964928,入党！马上入党！,6335.06,1753190799,280fcb51
1896752974823802112,萨沙真的长大了哈哈哈哈哈还劝架了,6286.28,1753201774,9cb4590f
1897031264495085056,英魂不散,6129.09,1753234949,88971e98
1897172399880213760,缘分,6350.275,1753251773,fe4eee91
1897191079833737984,伦儿好好看,6141.739,1753254000,edbe14cb
1897329347598687232,四年英伦行 一生英国情,6138.756,1753270483,cdc452f4
1897379646639815168,英美日常共轭嫌弃,6150.158,1753276479,d403eb94
1897470722797396480,就像有些人说着说着说英文感觉自己很能似的,6155.088,1753287336,9c3b5844
1897881482706794240,反复播放，笑发财了这段,6120.382,1753336303,a5babba0
1897980178177896192,哈哈哈哈哈哈哈哈,6134.889,1753348068,290bcf14
1897990451865073152,主要是大部分的美国人会对英音有滤镜,6302.454,1753349293,c5e94360
1898037108598766848,我觉得英音比美音好太多了，主要是美式英语有种不好好说话的感觉,6151.32,1753354855,e3a9f12d
1898068025727885056,也没有r音好像,6268.82,1753358540,9cdf46e6
1898469431701780736,四姐吐槽笑死我了,6195.492,1753406392,a725bfc4
1898638472119025920,B+可以了，我的二外只有及格，但我还是往简历上写我会,6389.578,1753426543,a18ccce
1899515964723618304,很多去台湾上大学的人也会有台湾腔,6237.288,1753531148,3820b86
1899583646470362112,哈哈哈哈哈哈哈哈,6195.813,1753539216,fbcf58ae
1899589769240256768,政审吗,6331.689,1753539946,80311199
1899903850559699712,英音好听啊,6271.685,1753577388,3e3ca627
1900743884129465600,东北腔,6156.205,1753677528,fc5824e9
1900962778974280704,“再给我上颚共鸣试试看呢”,6139.283,1753703622,7c263e9f
1901039338478048256,缘分,6410.357,1753712748,2c9403ee
1901092486005857536,这一趴杨迪和大左配合好默契好好玩,6240.882,1753719084,bba3e7b3
1901111475482086656,东北菜好吃不辣,6470.381,1753721348,18259142
1903696970439590656,我以为这个词是 可以,6419.591,1754029563,b7a9b2eb
1903909804733164032,哈哈哈哈哈哈哈哈哈这么严重吗,6142.532,1754054935,c51a6472
1903912608323439360,这个讲过，老师说他没天赋他吃激将法非要学哈哈哈哈,6350.203,1754055269,c51a6472
1904470534801020416,温文尔雅温润如玉钟逸伦,6222.688,1754121779,cc2734ec
1904581796449178880,没事萨沙会倒着说,6144.19,1754135042,5bd65cde
1904592053267419392,伦儿比较像英国的,6176.889,1754136265,3e5e834
1904592758221061888,哈哈哈哈哈哈哈哈哈,6240.501,1754136349,3e5e834
1904741835662920192,中国其它不说，论美食绝对世界第一,6444.448,1754154121,1606bf27
1907997071420911104,很明显是要伐木哈哈哈哈哈,6187.912,1754542175,e06c8437
1910189102486362880,大漂亮,6338.048,1754803485,738a73b
1910189214340135424,漂亮过,6351.282,1754803499,738a73b
1914652145542984448,这期好好看,6310.42,1755335521,39959bed
1916890106191840512,来了来了 入坑点,6131.6,1755602307,41d23346
1938459317036858368,4,6137.704,1758173558,7ce065f9
1942844325235513600,我真该死啊哈哈,6254.36,1758696291,1448c64
1967689487748992512,口音会混也正常，在外地待久了回家就会被说口音变了,6211.908,1761658065,eb09f285
1971860351436493056,真好,6405.79,1762155271,83beff44
1975472819102343680,我喜欢这期的所有！！,6331.166,1762585911,75855fc6
1988749246333072384,可怜的伦儿,6254.717,1764168584,c847ffba
1988750225619440640,支持Dylan，英音好听,6272.114,1764168701,c847ffba
2011318177330127616,好家伙哈哈哈,6456.191,1766859010,1bdc989c
2024979683494084864,这话题能客观的聊吗,6321.496,1768487589,4756a90
2069095069641645568,有没有可能美国人不说纯正的英语才是违背了自己的故乡,6150.449,1773746553,6b2b33d2
,,0.0,1775683732.8000336,
lb.c,,0.0,1775683732.8000336,
,,0.0,1775683732.8000336,
1895737660753285376,这一期真的很好看,6541.435,1752992583,a8f5ef7c
1895737685818446080,享受2025，好戳人的表达,6794.065,1752992554,dd38837b
1895737804802461952,哇哦，好想听一听,6713.441,1752995454,98f16374
1895737829255254272,老王算最有发言权了，毕竟经历过生死后来的,6760.292,1752998269,4944442d
1895737865259159808,但是这种速度也会有很多后遗症,6628.733,1753000515,8b34e573
1895737968288043264,那还是不一样的，中国贫富差距大，但基础建设都很好，欧美可不是,6678.52,1753002110,5e592343
1895738173439840512,应该是说医疗不便利，拖着拖着很多病人就错过最佳治疗时间,6709.748,1753010160,20af4969
1895738642102980864,哇，好会说,6794.595,1753022472,755ab053
1895738734201508096,和平,6749.651,1753027321,d89d8cbd
1895738795295740160,兼容并包,6823.86,1753032301,177de300
1895738872798089472,对自己深爱的国家有反思是很好的一件事,6721.795,1753038055,187c324
1895738902879637760,喜欢这样的真诚分享,6543.19,1753037588,187c324
1895738912006443264,希望都能变得更好,6721.795,1753038063,187c324
1895738932063604992,哈哈哈哈哈在一个伊朗人的房间里两个美国人吵起来了怎么这么好笑,6711.525,1753063546,f032f0af
1895739024153743616,其实这种对速度的适应能力也是一种温水煮青蛙。,6620.268,1753037869,187c324
1895739090717348096,不知苦所以不能言苦。,6622.315,1753037904,187c324
1895739095272362240,来郑州吧，郑州地铁是真的很有人文关怀,6736.904,1753040485,7a1afabc
1895739168219697408,五千年,6837.086,1753066340,e94d0ef6
1895739195574948096,都一样啊，大部分资源掌握在少数人手里，底层挣扎求生,6685.378,1753069042,3e15afd5
1895739298603831552,贫富差距...真的很难缩小,6671.593,1753077459,f04b19be
1895739300432548096,战乱国家的人要考虑的是生存，和平的国家才配谈生活,6772.315,1753073897,f8b0e6b0
1895739333257171200,唉...,6667.752,1753077438,f04b19be
1895916809107255552,来成都坐地铁吧,6741.512,1753102095,cc998cf0
1895922409224457984,幸存者偏差罢了。跟不上的会被毫不留情抛弃消失,6635.987,1753102763,9cc53f64
1895927999803579392,看了饼叔和老王的视频，很感慨,6763.186,1753103429,2f51f428
1895937469820941824,喜欢陈老师每次认真的聆听大家的发言,6547.615,1753104558,7d881d54
1895945543797188096,哈哈哈哈哈哈哈哈哈哈哈哈哈哈哈哈哈哈哈,6503.187,1753105521,4365b2b7
1895971705936303104,中国自己外宣也是重点在传统文化，对内也强化传统文化在中国文化中的代表性，青年文化一定程度上缺失，也有舆论环境的因素，外国人误解也很正常,6589.994,1753108640,108016b
1896042506861772032,这个我居然有点不信,6824.197,1753117080,698bab0d
1896055550030980352,中国也一样只是程度问题罢了,6658.388,1753118635,35861f7e
1896115798288929536,只缘生在此山中我没觉得变化很快但是回头看好像也变了蛮多,6649.705,1753125817,cc2734ec
1896346407598641152,说一样的去认真了解一下中美差异吧，本质是不同的，中国在努力缩小贫富，美国不是,6687.136,1753153307,996c2fe2
1896389793135554816,哎也不是每个中国人都过得很幸福，我就很累,6804.345,1753158479,671e7525
1896445143561997056,每个国家都需要伦这样的理性主义,6735.808,1753165078,2babe5d1
1896692445161556736,未知全貌 不予置评,6500.385,1753194558,d10e6859
1896713597632456448,前面那个为什么不信啊？就用大类来说，南北方的很多人了呀，更别说这么多省，每个省，每个城市，甚至每个村的文化都不一样。,6830.016,1753197080,c93b4313
1896713718285980672,很多元了,6834.261,1753197094,c93b4313
1896732865308570624,AUV,6591.584,1753199377,54d3f224
1896762050744070656,哈哈哈哈哈哈哈在一个伊朗人的房间里,6709.359,1753202856,9cb4590f
1897033430391823872,每个人都累换个地方你会连觉得累的功夫都没有还要担心能不能活到明天,6812.842,1753235207,d539e6d1
1897036751005286656,投共一念起，顿觉天地宽,6735.699,1753235603,c50570d0
1897124829325385984,国外一些媒体的刻意描绘,6600.162,1753246103,42da3e49
1897224976302927360,这俩私下可一定要还是好朋友啊,6713.528,1753258041,e6299164
1897398342565690112,真的，我们被保护得很好了^ω^,6774.265,1753278708,ca23a4
1897434692518111488,苏丹的游戏你是不是原型哈哈哈哈,6776.575,1753283041,b7b7e82b
1897549057816156160,鼓楼钟楼是西安,6483.967,1753296675,6f99a845
1897599146278760704,中国内部当然也有问题，但和国外的程度还是不一样的，多去了解一点再发言吧,6682.239,1753302646,68f3b35d
1897599835788886016,一个江苏各个市县方言文化都不一样,6838.453,1753302728,a12485dc
1898072217221687552,想起luigi,6699.647,1753359040,9cdf46e6
1898085967332604160,这后面的话题多来几期，说不完啊,6609.427,1753360679,d849b843
1898126853265714176,没办法拒绝变化/dog,6625.936,1753365553,ba542c3c
1898641050416426752,人民的愿望都相似。。,6675.15,1753426850,a18ccce
1898785992081696768,英国：勿cue，谢谢,6689.673,1753444129,cc3adea9
1899394054693909504,不接受也很好办，慢慢被淘汰咯,6624.492,1753516615,3873c0bd
1899524978576745984,可能是荒诞吧，比较合适,6523.504,1753532223,7cf865be
1899569833494887168,梦幻不好吗？,6573.202,1753537570,3860f01a
1899644931426164480,中国也不能避免,6661.822,1753546522,d5bc7b78
1899645448348985344,当然我们现在正在努力让中国不一样而且也有了成效,6689.47,1753546584,d5bc7b78
1900034195536137984,Dylan是一个真诚的好人 支持,6720.402,1753592926,2c9403ee
1900231076526713344,美国很多人相当爱国的，其实恰恰是我们。。。。。。,6649.902,1753616396,395ce43e
1900245252292511232,这里的荒谬应该是指外国宣传的中国和实际的中国不一样的意思吧,6582.739,1753618086,fc0b135a
1901033036209402880,“神奇”,6522.2,1753711997,1b6940fa
1901478076861790976,中国禁枪是最明智的选择，而且摄像头多也是为了保护好人，监视坏人,6802.453,1753765050,80000882
1901700931155311616,变差,6642.612,1753791616,105f52db
1901734966363358208,他是个理想主义者，社会需要理想主义者的存在,6719.916,1753795674,71f360aa
1901862417940697600,感谢国家，每有一个新技术出现都是先向全民普及的,6630.792,1753810867,4a4e6679
1902365496134297344,我们不要身在福中不知福了,6793.653,1753870839,92f8c01f
1903699234281745920,很多国家都这样,6658.438,1754029833,b7a9b2eb
1903827465546625536,每次波波玩这种政治梗我都好想笑,6715.322,1754045119,29c7c55b
1904592752574914304,中国不一样,6686.195,1754136348,357dee8e
1904596883444749312,。。。。。。。。。,6636.436,1754136841,3e5e834
1904597355127841024,哪里不都这样,6661.546,1754136897,3e5e834
1904599138847969024,没有说过的多幸福 要求就是没有战争就很幸福了,6809.822,1754137110,3e5e834
1904743391271399168,中国可使用短短30年走完了西方国家的很多路,6615.568,1754154306,1606bf27
1904746212788497664,确实多元化，不同地区不同民族,6820.44,1754154642,1606bf27
1905466819909765888,要哭了 老王,6796.692,1754240545,a48719d1
1905516364379104512,中国和美国还是很不一样的，美国可以说整个政府和社会就是一个企业,6688.725,1754246452,c0863c00
1905590443236882944,华波波接的好哈哈哈哈,6728.909,1754255282,55f41f2d
1905708190906021888,是的，明明有新兴的社群文化，小说影视在海外也有不少受众，但只拿传统文化宣传,6558.317,1754269319,92638f93
1905733248072848128,伦好可爱啊,6721.098,1754272306,f5b9996
1905886098668937984,伦儿很有国家情怀,6698.429,1754290527,7becfa2e
1905887294179910912,阿雷文艺人,6824.672,1754290670,7becfa2e
1906070010057587456,基建狂魔可不是贬义(而是汗颜),6743.759,1754312451,c8137052
1906621653182534144,国内也一样，只是国家投入民生的更多,6672.825,1754378212,da947e05
1909689848987148544,他想表达国家或者政府没有投入更多到基础设施建设或者卫生安全上面,6674.879,1754743970,d7fb52ee
1911377903472814592,真好,6720.915,1754945201,984e8387
1911378403299548928,伦的发言太棒了,6767.166,1754945261,984e8387
1913571332298825216,不予置评  但我家过得很好,6816.41,1755206679,a406af70
1915971349722081024,但是在武汉记得出门的时候手不要插在兜里,6731.172,1755492783,aa8cb2c6
1918412477759778560,对老王来说这里很有烟火气,6809.441,1755783788,dcc7e0e1
1921056285831728384,不接受就会被淘汰,6630.638,1756098955,954b058c
1921056623968288000,中国也差不多,6657.996,1756098995,954b058c
1929404679826503424,我们也是啊 程度没那么离谱就是了,6668.628,1757094161,bd775eca
1945264582373671936,每次听这个方面都想哭,6771.747,1758984808,e84d2ff
1967694729680788480,卢可的共情能力很强,6785.668,1761658690,eb09f285
1967694847532478464,老王好真诚,6789.668,1761658704,eb09f285
1975476124088230656,好棒老王,6795.251,1762586305,75855fc6
1977911950214243328,其实中国也是,6675.488,1762876678,aedabb3d
1986558931577298944,确实，只有一部分人在享受当代,6804.09,1763907478,2a9d92f9
1988754506963415040,Dylan反应好快,6661.622,1764169211,c847ffba
2011320470867702016,世界因你而美好 ,6720.212,1766859284,1bdc989c
2016952177930965504,广州都一直在开新的地铁线路！,6708.314,1767530636,8947ce87
2022025891484004352,什么叫老是说这个？经历过的最深感悟说不是很正常吗？,6786.513,1768135469,6d4f31dd
2027056310750973952,这是一个制度问题 美国的资本主义体制下永远不可能达到钟逸伦想要的这些平等和普惠,6727.425,1768735142,aef87158
2027056891695612928,老王一说话卢可就哭,6782.978,1768735211,aef87158
2029865597738983936,外宣确实做得不好,6562.312,1769070035,361d239
2056133097778429440,荒诞是离谱且可笑，也不好,6531.028,1772201365,fa9ad547
2066239338295500544,中国没美国那么夸张,6675.024,1773406123,a16be46f
2085131327899985664,荒诞,6523.597,1775658224,91e1ddec
,,0.0,1775683732.8000336,
lb.c,,0.0,1775683732.8000336,
,,0.0,1775683732.8000336,
1895737518549602560,中俄那说不清道不明的羁绊呐,6875.785,1752989565,9e8cd452
1895737942753120512,虽然但是这些基建应该都不是白给，还是要考虑利益的。,7087.97,1753004822,545954c8
1895737954606223616,萨沙已经不是老外啦，他是老内,6917.492,1753001311,e4ff31ac
1895737962810282240,给陈老师投币,7148.543,1753000815,e868d6e6
1895738337562956032,萨沙的面相都很中国了,6921.078,1753014984,73e9b877
1895738415065305344,非正不就是这样吗hhh正经起来很正经,6951.491,1753017172,638576ba
1895738442420556032,这已经是精中了自豪了,6856.334,1753017521,47376c28
1895738515367891200,现在的节目越做越大，主题也越来越大了,7111.306,1753019293,193ffd61
1895738546372186368,萨沙越来越老干部了,6860.051,1753019535,1c68567a
1895738560079171840,完全变成中国人了呀萨沙,6854.884,1753019690,b3e76332
1895738708666585344,但中国的利益都是双赢的，大多是经济上的，不能说有利益就是不好的,7102.081,1753028422,a7349199
1895738749695267072,基础在民间，未来在青年,6909.082,1753029610,b77da815
1895738798022037760,东北人来了,6857.033,1753029957,d0eeaf61
1895738808063201536,唐朝那会真挺多的，服饰饮食娱乐活动都交流的特别深，互相影响很大的,7030.588,1753023996,11c5072
1895738836324421888,偶尔有一些宏大深入的话题也挺好的呀,7125.054,1753034905,9ef562ec
1895738864585642240,灵笼,7118.112,1753027731,7bf03337
1895738874618417408,肯定是有利益的，但是我们追求共赢，而不是强取豪夺,7091.369,1753030554,516113ea
1895738916561457408,宏大叙事会让人感动，但也会让人迷失的，感觉没必要一直升华,6997.048,1753038389,187c324
1895738967622914304,这一年真的是舆论反转,6903.166,1753030294,516113ea
1895738974912614656,近代中国的版图就是清朝定下来的，相当部分依赖于乾隆的十全武功，感兴趣可以搜一搜乾隆朝名将,6979.544,1753040743,7a1afabc
1895739005916909824,没有宏大的背景下个人还会存在吗？,7125.643,1753036925,c7bc6e63
1895739146333819136,咋样了。。。挺好的啊人家,6949.86,1753073352,892b4073
1895854446332840192,相信老王说的是话是发自内心的，毕竟亲身经历过战火,7170.238,1753094661,3a31dcb7
1895859660172023808,据说他的老爸是中俄混血？,6880.681,1753095283,1df8460d
1895878303215493376,迷失是因为你自己内核不稳，如果你连听到一点赞美的话都觉得心虚、不适，那是因为你配得感太低了,7007.214,1753097505,68ab50d8
1895886991573313536,萨沙已经入党了，自豪感都有了哈哈哈哈哈哈哈哈哈哈,6853.737,1753098541,ac1ed4e7
1895914456186862592,确实，有过大唐的鼎盛，也有侵华的耻辱，太复杂了这几千年和近两百年,7072.87,1753101815,4f7b0147
1895939496005433088,我发现很多人很抗拒对个人的赞美哈，宏大就是由个人构成的,7124.197,1753104800,d0a706e0
1895962862170590464,是的,7064.0,1753107585,3c890e32
1896057229271011584,从先秦开始的华夏认同,6997.054,1753118835,35861f7e
1896057475954741760,让我想到了威斯特伐利亚和约,7027.006,1753118864,35861f7e
1896138358434982144,一点都不过，中国就是很好。,7190.899,1753128506,7388c77a
1896282581490515456,导播直接不敢切其他人的画面了 大左也管管 心里知道就行了,7189.779,1753145699,c585eb07
1896371636178174208,为什么过了 前面的是配得感太低了吗 陈述事实而已 为什么会觉得过呢,7195.88,1753156315,c0abd974
1896444073528258560,才注意到这个地图中国好大,6967.583,1753164950,a7969c95
1896444504300081408,超棒啊这期话题 很有意义和深度,7003.209,1753165002,a7969c95
1896487634579302400,这个地图也让我印象很深刻,6965.677,1753170143,9ec95bfa
1896489246634756864,说得好,7151.185,1753170335,9ec95bfa
1896515622197177856,他是真的入党了吧，发言太官方，哈哈哈,6917.303,1753173479,8a80d98c
1896527134873361920,萨沙太中国了,6883.176,1753174852,6a042d86
1896527607890110720,真的很震惊,6985.76,1753174908,6a042d86
1896528590154207232,不愧是在世界中心呼唤爱,7171.882,1753175025,6a042d86
1896549573058051072,求同存异,7081.105,1753177527,b99d4a1f
1896678634124171776,说的太好了,7089.925,1753192912,ef5b873
1896689226226035968,为什么要说过了，如果作为国人的我们都不够有自信，都不够乐观自豪的话，这个世界上还有谁愿意更相信我们可以做到这些呢？,7191.378,1753194175,4de79949
1896700212652189440,中国最牛逼的一点，就是同化,6948.592,1753195484,c3929b2
1896846755031494400,天下大同，世界人民大团结，万岁！,6951.603,1753212954,9450640
1897038302151448064,让我想到了高佑思…哈哈,6842.739,1753235788,88971e98
1897132711857199616,因为我们原本就是一个多民族的国家，每个民族存在各自的文化差异，每种文化相互包容,6938.97,1753247042,42da3e49
1897313694656990464,北京欢迎你，为你开天辟地（开放怀抱）你会爱上这里,6908.793,1753268617,729e3ab7
1897402914356966144,love ,7173.813,1753279253,ca23a4
1897552673700808704,执着 信任,6868.324,1753297106,6f99a845
1897601588529782528,现在人真是戾气重了，以前从来不会有人莫名其妙的打问,6997.266,1753302937,a12485dc
1897859954988690432,家国情怀大部分人有，有一部分人确实因为从小的狭隘，自然也看不惯这些,7191.085,1753333736,e0632c99
1897866933580394240,非正这一季带着任务了,7011.467,1753334568,8562c6e6
1897897775447236608,那外国人和自己国家对比就是觉得中国更好啊，看见中国更好的一面讲出来啊，代表们都说的那么真挚真诚,7021.288,1753338245,2aa70d44
1898088222609748480,可以倒着说中文,6878.916,1753360948,8f9aba91
1898092720329620224,带啥任务真好笑,7021.416,1753361484,d849b843
1898132201112459520,宏大背景就是我们每一个中国人的骨血，为啥不能谈,7130.926,1753366191,ba542c3c
1898580836409316096,守正创新 不忘初心,6939.247,1753419672,6126b659
1898666323538942976,用今人的生命还古人的债，这个真是精辟,7155.601,1753429863,915050e3
1898788297942440448,他不是混血儿，是老爸在他很小的时候就“巨星标配”了，但是很小就开始接触中国文化,6894.038,1753444403,cc3adea9
1898791671513404160,宏大和个人不是对立的，而是互相成就，这就是精致利己主义为什么要摒弃,7136.041,1753444806,cc3adea9
1898822681655529728,这太好了！,6843.84,1753448502,636af638
1898910387244854272,莎莎接近中国人了，完全中国化了,6921.603,1753458958,e3470321
1898911684559693568,陈老师真的满腹经纶啊,7076.15,1753459112,e3470321
1898957673719325184,有些弹幕是觉得说坏的才是真吗？坏的好的都是,6994.673,1753464595,6b40ebca
1899330667008161024,已经是东北人的模样了,6896.769,1753509059,8ed82815
1899443844664460800,中俄CP,6903.562,1753522551,e4d84d7d
1899524549423779584,太深了！,7053.949,1753532172,3820b86
1899609802536100352,萨沙太像中国人了,6868.96,1753542334,64c6b79c
1899623826770786560,一点都不过好吗，现在的时代背景下世界是否能和平确实要看中国,7192.147,1753544006,bc31ead9
1899647684927755520,前面的想说啥啊，陈超咋样了？不要引战可以吗,6952.723,1753546850,d5bc7b78
1900087323199353344,哪里过了？自己去了解一下我们在国际事务上做出的贡献，不要这么自卑,7189.371,1753599259,422009b7
1900214028308531712,古代也有疆域图吧 也是有地理分界线的,7038.06,1753614364,b927edf8
1900303293918964224,老王又动感情了,7179.652,1753625005,68efaa5c
1900974547218661632,中国真的格局太大了,7161.167,1753705025,62699b20
1901012750474195456,萨沙就是中国小伙啦 ,6871.084,1753709579,9265523d
1901040459380750080,天下大同！！！世界和平！！！,7183.616,1753712882,1b6940fa
1901066877699254528,近代史 是一个伤痛,7072.148,1753716031,539dfda8
1901118523019670016,互利互惠嘛，有何不可,7108.686,1753722188,18259142
1901639283426035968,我的弹幕呢,7003.772,1753784267,4d2041c5
1902755038712239872,萨沙说的已经得到了国人大会演讲的精华,7009.141,1753917276,3f3063c2
1903662376340233216,陈老师讲得太好了 ,7199.012,1754025439,2e93938c
1903701780291417856,夸得我都绷不住了,6921.694,1754030136,b7a9b2eb
1903776104272515072,中国自古并没有国境线的概念都是以势力范围划定大概的区域，真正接触到把国境化为一条线的应该是清朝的尼布楚条约,7040.655,1754038996,b9df69aa
1903804183300627712,中国是文明型国家,7009.325,1754042344,1ddd0afb
1904413756096572672,会长眼眶红了,7182.497,1754115010,21f73640
1904600175142915328,萨沙这段话 好,6931.724,1754137233,3e5e834
1904602111367773184,哈哈哈,7116.424,1754137464,3e5e834
1905340308922234368,speed不是来了吗？,6912.659,1754225464,2eb47862
1905890199146212096,天下大同！,7147.37,1754291016,7becfa2e
1906120801997426176,倒着说中文笑鼠我了,6883.518,1754318506,712b33d4
1906866720434670336,他爸爸混血,6884.042,1754407427,4ad5b7c7
1907440916215114752,必须得是陈铭,7057.295,1754475876,9adcf5e9
1907441055340190464,没有陈铭可咋整！！！,7062.323,1754475893,9adcf5e9
1907927474462215424,萨沙爸爸好像是中国人,6888.991,1754533878,edceba01
1908264231959804928,不然呢 你想听到什么？,6956.994,1754574023,d8a8f583
1909738694962297344,因为我们的认同不是建立在血缘，种族之上的，是文明,6947.309,1754749793,e06a0bba
1910516879710106368,天下大同,7156.667,1754842559,4cd26c1a
1911108155258463488,愿祖国永远繁荣昌盛，愿人民安居乐业，希望真的能有老吾老以及人之老，幼吾幼以及人之幼的天下大同,7199.845,1754913045,34be5d10
1911383357871574272,说得太好了,7156.072,1754945852,984e8387
1912644363784642048,这个bgm有点宏伟啊哈哈哈哈,6896.867,1755096175,aca1d8af
1912646653195192576,说得太好了！！！,7161.315,1755096448,aca1d8af
1913030470246605824,只有经历过才知道的,7176.765,1755142203,cdc7bc83
1913350480247959552,李白是吉尔吉斯斯坦那边的人,7021.62,1755180351,3302ae89
1914864527842332928,国破家亡，固定搭配，望周知。也不妨看看今天的加沙人民，里面也不乏战争前家境优渥的。,7145.64,1755360839,dfe2ddbf
1916898949210434048,萨沙太老干部。。。,6868.229,1755603361,41d23346
1916900671467390976,读人类简史就知道 国家是人类构造的概念罢了,7052.699,1755603567,41d23346
1921250021379576576,说硬夸的历史及格了吗,7002.11,1756122050,bc587f4c
1923930412557231360,但是听说意大利街上小偷特别多,6841.225,1756441577,99536495
1924986993839221504,陈铭老师口才好，说话才快，没有语言屏障,7130.674,1756567531,e498a6f4
1926357441114275328,投币了,7154.131,1756730901,9eb4a117
1939601543464800000,说的好好,6936.456,1758309722,19031c9a
1971050491086146048,感觉萨沙真的是完全融入中国了,6891.029,1762058728,9574db04
1977023081524779264,都是地球上的人类，没有哪个国家比其他高级,7161.416,1762770716,da85f3fd
1977913530325766400,萨沙已经入党了吗哈哈哈哈哈,6863.869,1762876866,aedabb3d
1985165235720048640,太纯了还是,6863.268,1763741337,55203a50
1992880039746138112,东北代表这一块,6856.653,1764661013,b087944c
2011869610512769024,看哭了,7140.057,1766924746,cc26b091
2011870073975098624,说的太好了,7150.2,1766924802,cc26b091
2026026976464848128,这一期太棒了,7064.553,1768612436,1ca31636
2027856872027209728,非常漂亮的总结,7094.328,1768830577,8f58d927
2035149943106573568,他真的说得好标准,6879.309,1769699978,ca126b
2036292303651953664,我突然意识到中国的中立也是一种和平,7197.221,1769836158,f9735bbb
2082391271548932096,包容  但是有一条你只可意会不可言传的高压红线    触碰即死亡,6946.344,1775331584,6d6f1ac6
2082391448967843072,包容  但是有一条你只可意会不可言传的高压红线  触碰即死无葬身之地,6950.611,1775331605,6d6f1ac6
,,0.0,1775683732.8000336,
lb.c,,0.0,1775683732.8000336,
,,0.0,1775683732.8000336,
1895737650661789952,下周见,7295.403,1752992285,a1639211
1895738054900420864,陈老师说的真好,7214.561,1753006171,255b01e
1895738988594434304,那挺羡慕那个厅结婚的新人了~,7250.967,1753048041,23ddeab7
1895990467888831488,哈哈哈哈哈哈,7243.15,1753110876,99272c49
1896502871931897088,精彩的节目,7207.788,1753171959,bda137c9
1896528826075226624,好看,7223.428,1753175053,6a042d86
1897388807511572224,很客观啊，这就是事实,7202.296,1753277571,d403eb94
1897967201404250624,好看好看,7214.407,1753346521,bdfa401c
1898090557780690176,哈哈哈哈哈哈哈,7364.777,1753361226,9cdf46e6
1898096271319938304,伦儿记词能力这么强啊,7425.896,1753361907,d849b843
1898122321471151616,战歌起泪目了,7222.706,1753365013,66a85677
1903097630284788992,真棒！,7232.354,1753958116,1e5860b0
1910196463095640064,可真正的世界还是弱肉强食,7214.027,1754804363,738a73b
1962554409448054016,旷野的规则是永不回头,7256.422,1761045916,9caedba
1977916378484578816,精彩！,7203.354,1762877206,aedabb3d
,,0.0,1775683732.8000336,
lb.c,,0.0,1775683732.8000336,
,,0.0,1775683732.8000336,
1895737229310398720,一日代表好漂亮！像玛丽莲梦露,36.018,1752985309,59dfb4d2
1895737236021285120,来了！,197.636,1752984891,781e03c0
1895737280388632832,来哔哩哔哩只为了非正,23.323,1752985268,882cd619
1895737340836942080,竟然没有弹幕,102.734,1752986130,7c88818c
1895737356095820032,太美了啊啊啊啊啊啊啊啊啊啊啊,129.037,1752986855,63882395
1895737381790126336,哈哈哈哈我也喜欢测试,330.419,1752986736,4f7b0147
1895737392368161024,再看一遍加长版,74.113,1752987164,6261fc3d
1895737440627822848,就等加长版了,15.67,1752988220,a8fd71fe
1895737488023458048,沉默是最好的回答,188.466,1752989859,5cde034e
1895737757213888768,濑濑晒伤妆？,296.894,1752994571,13ee2db9
1895737813862158592,天呐，杨迪好好，还帮会长解释一下,262.251,1752995588,ef576978
1895737852827242753,濑濑可爱,315.191,1752995616,1091612d
1895737914483511552,我怎么第一反应就知道他要说学历,139.779,1752996339,2775914b
1895737947308134656,果然还是斯拉夫人长在我们的审美上！,73.86,1753005031,2394c70f
1895738002018636032,哈哈哈哈哈哈哈哈哈,195.646,1753006609,bc56a2e1
1895738089553760512,加长版！终于 走起～,118.271,1753002959,ea88348b
1895738128770502912,哈哈哈 让我们说中文,233.897,1753003085,ea88348b
1895738201701060864,哈哈哈哈哈哈,178.352,1753005984,61f1cb93
1895738215382880512,来了,60.699,1753006389,bc56a2e1
1895738423277752576,怪不得,264.523,1753017327,ef8f951e
1895738450633003264,弹幕呢,94.954,1753017693,6474f847
1895738460665778432,来了,9.0,1753017972,d2eb3f6c
1895738543637500160,超超看起来很聪明的美女,286.398,1753016280,a9208369
1895738587400868096,我说会长怎么有种被夺舍的感觉呢,275.37,1753020529,fc5c5aac
1895738736936194304,罗世杰也是博士吧,170.656,1753024489,8d665d98
1895738941182021888,再听一遍哈哈哈哈哈,211.547,1753064144,91850ea9
1895739043304935680,大左你堕落了 居然问出这种问题,183.625,1753066311,c585eb07
1895739119892926720,直接看加长了,50.901,1753065450,532bb614
1895739159101280512,直奔完整版！,2.008,1753066177,df6e1fa7
1895739170954383616,高情商：还在研究中...低情商：懂得都懂,196.746,1753071998,2b09e628
1895739227485212928,想起大不溜，小不溜，哈哈哈,313.856,1753071380,42da3e49
1895739240252674304,本来就是这个议程,275.175,1753075611,9cc5a9be
1895739294963175680,让我们说中文,230.803,1753077391,7d0b1ed6
1895741767471711744,好漂亮我的吗,123.454,1753081229,35861f7e
1895878472815905536,我就说会长怎么突然那样哈哈哈哈哈哈,285.477,1753097525,e1f0140c
1895902343950621952,小姐姐有点用哈利波特的露娜,260.69,1753100371,7bf5ae5
1895913944380697088,全世界都在说中国话。,240.019,1753101754,83719079
1895923691389856000,这封面有点像火仔和托子啊,7.553,1753102916,f48e83fe
1895925654231755520,俄罗斯娜娜什么时候来,123.096,1753103150,9a5f75b6
1896126772140527360,soul说是,314.381,1753127125,757770bd
1896432713985696000,厉害了,157.364,1753163596,d844b0d7
1896548500188124672,头发好美,170.792,1753177399,7be9809b
1896549652783060480,杨迪火是有道理的 尊重人,272.254,1753177536,7be9809b
1896671118996624640,哈哈哈哈确实幸好解释了,273.442,1753192016,9cb4590f
1896702989247416832,超超很适合这个衣服的颜色哦,102.804,1753195815,3c4a8341
1896834873642632704,有俄罗斯美女啊…,35.454,1753211537,88971e98
1896836266168177664,让我们说中文,232.165,1753211703,88971e98
1897134881856050432,漂亮小姐姐～,64.387,1753247301,c76fd2
1897334937960030976,濑濑这个妆真好看,301.592,1753271149,bbeae81b
1897409888377011200,冒犯,196.202,1753280084,4dd44e23
1897435333340270848,约基奇,348.778,1753283118,182ab5fd
1897520115852190208,完蛋，没有提示我怎么看？,116.489,1753293224,28dcc9f6
1897545623813818880,这就冒犯了？弹幕真是敏感肌,201.287,1753296265,d14d0ec
1898012492027085824,赖赖的妆好可爱,336.596,1753351920,4fcac017
1898069933423117568,杨迪预判了弹幕哈哈哈哈哈,271.58,1753358768,ba542c3c
1898129671619960832,这个问题就跟 这是博士，你谈恋爱没？结婚没？一个意思,190.406,1753365889,c4640bae
1898480150421808896,来了,16.649,1753407669,6a79158e
1898575317955005440,超超好好看！,109.88,1753419014,69896d2c
1898577690152768512,花仙子从动画里跑出来了,128.022,1753419297,ae954710
1898649691060092160,西伯利亚可老大了,219.328,1753427880,2391701c
1898711585640666112,陈超这次妆发好可爱啊,102.634,1753435259,6bc89832
1898754234095442176,羌族小煞,92.976,1753440343,2c9219d7
1898798214510129920,你是菠萝的颜色,82.099,1753445586,3665527f
1898849081846541312,萨沙爸爸本身就是中国人，只是他自己从来不提,250.247,1753451650,b47738e
1898894497392836608,哈哈哈哈哈哈,177.674,1753457063,b7a9b2eb
1898943849687043840,一直是这样就得改呀，与时俱进哦,224.299,1753462947,b698ce63
1899364840469068288,这个发量绝了,134.718,1753513133,2a7b6daf
1899448788037526016,超超每期都好美呀,99.793,1753523140,d00654d8
1899516166050156032,不是第一次看 而是第一次意识到 以前太麻木了,216.063,1753531172,118b96e
1899527485797073152,笑死 中文是母语 俄语是二外,237.713,1753532522,568a8045
1899528308618886912,敏感是好事,303.526,1753532620,568a8045
1900192036414916352,一之濑这妆怎么回事,293.915,1753611742,29c7c55b
1900289648556262400,直接看加长版,0.154,1753623378,e67086c2
1900919121772592640,好漂亮,127.615,1753698417,c1f2fe77
1901083258352320512,好厉害的姐姐,153.737,1753717984,80000882
1901138676046841344,好想念松鼠啊,100.073,1753724590,be45fcd2
1901541018550427904,学霸,158.824,1753772553,92f8c01f
1901541640448327936,哈哈哈哈哈哈哈哈哈,233.0,1753772627,92f8c01f
1901557020667466240,口音重成这样吗hhhhhh,247.784,1753774461,28c7b5ab
1902390692148829184,杨迪，综艺没了你可怎么办啊,266.775,1753873842,d89f1503
1902390841935725312,这个家不能没有杨迪,269.141,1753873860,d89f1503
1903658867167214336,萨沙俄语有东北口音,222.721,1754025021,19790be1
1903884035399163392,弹幕确实很敏感（摊手）但本来每个人的敏感度确实都不太一样,210.495,1754051863,c29ddf0d
1904491649607379968,哈哈哈哈说不出来,179.099,1754124296,3e5e834
1904491705198666240,太真实了,185.705,1754124303,3e5e834
1904530408591864832,别说的是人均美女，俄罗斯人一到中年，你看什么样子,267.292,1754128916,45953387
1905824218038253568,一之濑脸咋了？？？,293.709,1754283151,7becfa2e
1906658172484245248,斯拉夫出美女,75.635,1754382566,1327ee61
1906659219936198400,俄罗斯男女比例失衡 现在男人可能更加少了,182.722,1754382691,1327ee61
1909373597710577920,杨迪真懂弹幕啊,277.498,1754706270,8dd2ba4e
1910460639663627264,陈老师在模仿一之濑,45.076,1754835855,922f6f0b
1913105683772238336,希尔顿借了这么久啊,64.327,1755151169,7c712eec
1918431810531300864,这集时长好评,75.498,1755786093,15362246
1918442564634446336,最好看的,148.186,1755787375,15362246
1933845929732174848,什么文化？能不能翻译成中文,304.009,1757623599,d7c947c1
1937313621231702528,丽莎非常漂亮又可爱，前几天在三亚看到本人，很惊艳,124.308,1758036980,ba02a15
1937929668699405312,卡尔波利,48.444,1758110419,32e2455b
1937963074376466688,好漂亮,134.143,1758114401,945a6cd2
1944416070370790912,？？？？？？,169.166,1758883658,ee18cbf2
1946034063152715520,漂亮,127.189,1759076538,eb269b47
1948170065589943552,这就是敏锐，情商和敏锐并不相关,311.502,1759331169,ffdfce2e
1953129821739839744,为啥一之濑是asuka明日香,324.492,1759922418,83b4cbbf
1954420562860454400,好喜欢她,134.846,1760076286,915cc525
1956594679777072128,别太敏感肌,205.333,1760335461,d35c8a9
1960344697746654976,萨沙爸爸是混血,212.087,1760782498,f8089327
1961200116493380096,？？？,189.014,1760884472,a187841b
1963248930037173504,故意的，节目就这样，多少年了还不懂这个套路吗,196.252,1761128710,65b78c7
1968970682843311616,哇俄罗斯美女姐姐,34.602,1761810796,269700bc
1977838097261843200,来了来了,8.955,1762867874,aedabb3d
1977839385668188416,好有才华！好漂亮！,162.561,1762868028,aedabb3d
1992655007401061120,让我们说中文,231.845,1764634187,b087944c
2002223379507534848,超今天的发型好看,289.421,1765774826,8d79c5f3
2004575798560393984,怀念以前长头发的四姐,174.74,1766055256,ffa3828d
2021928450646454528,确实不太好。。。这是啥敏感，之前男代表啥的也没问（从非正第三季开始追的）这本来就不尊重人，敏感也不是什么坏事,202.128,1768123854,6d4f31dd
,,0.0,1775683732.8000336,
lb.c,,0.0,1775683732.8000336,
,,0.0,1775683732.8000336,
1895737342925705472,严谨的德国人,476.148,1752986028,fe4eee91
1895737483040624896,大气,487.444,1752989145,193ffd61
1895737545401536768,怼脸拍，真的好看doge,689.139,1752990986,591a47e1
1895737746736517376,两位的瞳色都好好看,397.339,1752993592,2f3ca03c
1895737759118102784,梅丽莎小姐姐头发太美了，像洋娃娃,677.759,1752995462,13ee2db9
1895737805708431616,呆楞是真的  成熟了！！成熟的帅！！,611.617,1752994452,fbf64f60
1895737827443314944,那真的我们很难这样,466.779,1752995951,1091612d
1895737952785895680,花期短但是开得艳,585.749,1752998353,4eba2802
1895737970108371200,可以一个人买单，然后有空了拿小票算,428.926,1753005751,90af0186
1895737994720547072,split the bill是吗,414.975,1753003281,ea88348b
1895738146084589824,梅丽莎真的太好看了,642.72,1753009208,d93d12d4
1895738169790796032,哈哈哈哈,434.814,1753004847,2f987c3c
1895738187113271552,这个妹子好养眼啊！！,500.242,1753010552,85e3c44a
1895738250027831552,真的，我追过不少外国演员，白人很少有保养好的,603.652,1753012927,302e2cd4
1895738309293347072,男生应该说平权吧,410.11,1753014904,26cd4125
1895738312942391552,这蓝色眼睛真漂亮,701.403,1753012513,68efaa5c
1895738379505996032,小姐姐！10分好看！,681.33,1753013023,302e2cd4
1895738488926998784,听着还挺浪漫的,529.594,1753015004,26cd4125
1895738489832968448,哈哈哈哈哈,621.823,1753019961,ef8f951e
1895738508984160512,五官太美了,684.493,1753017972,8d117f15
1895738562780303616,四姐稳定发挥,422.981,1753022338,fbd7fd41
1895738589221196032,太好看了她,677.254,1753017957,8d117f15
1895738746054611200,陈铭看了一眼梅丽莎哈哈哈哈哈,590.106,1753024833,8d665d98
1895738822642602240,白人皮肤薄，再加上骨相起伏明显，没有胶原蛋白很快就垮了，黄种人只要保养得当一般四十多岁还是没问题的,615.648,1753034058,7a1afabc
1895738826291646720,严谨的德国人哈哈哈哈,462.399,1753024355,bde1c345
1895738886471520512,而且他们生很多孩子 生的女儿也多 我俄罗斯同学她有三个姐妹,706.277,1753041605,7021661
1895739008659984640,这种情况的话一般就是那个吃的多的全付了，关系好的话分别人一口吃的很正常,469.305,1753033834,7a1afabc
1895739055158038784,好问题,629.722,1753070638,bdcbba7
1895739211068707072,萨沙有几分像吉洪诺夫老爷子年轻的时候,649.648,1753071778,9e41d483
1895746442224785664,让我想到了鹊桥仙,527.913,1753081786,35861f7e
1895778905819131904,超超有点星期三的味道好喜欢,385.96,1753085656,73e93c18
1895840500003377408,哈哈哈哈哈哈哈哈哈哈哈,519.208,1753092999,ac1ed4e7
1895840530647078656,紫禁城风水养人,590.76,1753093002,c0d2264f
1895945062736117760,aa就是每个人付自己的，传到中国才变成均分,412.606,1753105463,84633020
1896015890890314496,新代表好可爱,639.956,1753113907,e871e898
1896039919974262784,哈哈哈哈,427.498,1753116771,415655f0
1896457049043406080,活泼可爱美丽，常驻！刷起来,688.508,1753166497,8cb4abb9
1896471204483626240,萨沙确实帅啊 是我喜欢的长相,657.64,1753168184,4ca66879
1896710320119313920,魂断蓝桥,514.263,1753196689,491addc9
1896934522319112192,哈哈哈，是我了,375.813,1753223416,a075ec79
1897173951436752640,一之濑这个妆造没之前的好显得臃肿突出,369.849,1753251958,6f99a845
1897176064527120128,这才是真正的AA AONE 各付各的,417.466,1753252210,6f99a845
1897249138144757248,哎呀超超好美呀这套,372.158,1753260921,d67a388
1897255003031584000,太可爱了,643.527,1753261621,290bcf14
1897330516752267008,四姐没变化，从以前就成熟,627.007,1753270622,7ea9d3d5
1897377323800974592,主要是德国比较严谨,427.117,1753276202,c76fd2
1897409726736857856,原来都是搜来的,571.539,1753280065,be125094
1897789980114699776,哈哈哈 不记得,540.606,1753325395,4227b274
1898072148510532864,高配版星悦,691.839,1753359032,2738fae5
1898073640089037312,我的男生同学也是，大学4年过去之后都不同程度发福了哈哈哈,603.928,1753359210,ba542c3c
1898583508701119488,最漂亮的不是五官吗，尤其眉眼,683.896,1753419991,ae954710
1898652758169973248,deepseek打钱,575.04,1753428246,2391701c
1898755732108109824,因为他们爱晒太阳 高油高甜 亚洲普遍相反,616.917,1753440521,636af638
1899233687024352256,法币还帅好可爱,403.744,1753497498,ad67615a
1899377441013676544,哈？,702.185,1753514635,2a7b6daf
1899524857746892032,我喜欢这种方式，不过最好点一些价位差不多或者好算的,476.688,1753532208,fbcf58ae
1899526800288205568,参考小李子,615.613,1753532440,fbcf58ae
1899527783693058816,好像俄罗斯婚礼和登记是同一天,703.421,1753532557,fbcf58ae
1899611392370790912,4,635.097,1753542524,82c776d
1899956477675331840,是晒伤妆啦,360.467,1753583661,9e6467db
1899975255272139008,这个好,400.959,1753585900,2c9403ee
1899976001933586944,那是因为西方吃饭（夹菜）的模式不一样 每个人分的很清楚,422.475,1753585989,2c9403ee
1899977800535069184,风大,542.187,1753586203,2c9403ee
1899980015152740352,测的好，就是真的好，测的不好，要相信科学,375.102,1753586467,3ad68769
1900241357915115264,怪浪漫,530.228,1753617622,5eebbb86
1900924116316678144,他也是混血吧,597.346,1753699013,c1f2fe77
1900991742497444096,老王好认真,506.845,1753707075,f6eb3d24
1900996645152891136,这个好！我喜欢这样,418.409,1753707659,59b380d7
1901491110711870976,引火烧身,657.108,1753766604,3465c430
1901544698834279680,哈哈哈哈哈哈哈,597.382,1753772992,92f8c01f
1901692904028990720,都一起吃饭的关系了感觉不用太计较吧，这是date诶,487.282,1753790660,71f360aa
1902424479079549184,是帅的啊，五官比例很好,657.34,1753877870,24d07282
1902473228065647616,我喜欢这样，感觉婚礼是给外人看的，不是给自己办的,717.867,1753883681,59b380d7
1903182158839680512,我和一位少年，漫步树林外,487.925,1753968193,a6894687
1903203390071653888,饮食问题,600.437,1753970723,5e85aa98
1903650610780700160,白人虽然不注重保养但没有容貌焦虑可以做自己就很好啊,633.202,1754024036,98decb5
1904495513727200768,这个小姐姐真的好漂亮啊 白白的,603.059,1754124757,3e5e834
1904532634147952640,堵桥来,511.379,1754129182,5bd65cde
1905080521651165952,喝酒喝的吧,597.515,1754194495,39d99fac
1905349996455302912,好喜欢去这样的，有人能懂吗,434.037,1754226619,6d90be6a
1906661267888835072,法币和一日代表眼睛一个色系,393.932,1754382935,1327ee61
1906662046133447168,这次总算到德国人震惊意大利人了,469.062,1754383027,1327ee61
1910284368769920256,因为花期短,698.558,1754814842,664d29dc
1912279399659960064,风在哪不都是一直在吹的么,542.249,1755052668,a8fe5ea9
1913210705083992832,萨沙确实帅，而且帅得很客观，这但没法否认,650.002,1755163688,d88d4d24
1913223966307712512,同事之间可以这样，朋友之间就没必要了,449.744,1755165269,96a9a0bf
1913292098959548672,萨沙确实是特别帅！,660.617,1755173391,7b914c00
1913346863013150208,这个真好,405.051,1755179920,fcf22efb
1916178758985921792,德国人哈哈哈哈,470.385,1755517508,41d23346
1921042340266008320,国外是各点各的套餐，适合aa，中国是一起吃同一盘菜，胃口不同，不适合粗暴的aa,412.351,1756097292,eea468e3
1921042881901795072,中国更难算，所以流行请客而不是aa,441.898,1756097357,eea468e3
1941566684721332736,这两个俄罗斯代表应该就是中国审美里最好看的那一类了,667.832,1758543985,e2e301a6
1944428565982548992,Dylan在写什么,388.052,1758885147,73aed9f3
1953188451575386624,确实帅,649.868,1759929407,194d9898
1960064942610599168,我29岁，孩子10岁。,709.896,1760749149,6a7c628d
1961074382902701824,啊啊啊这个音效好可爱,639.808,1760869483,c8711e27
1965454987081423872,我就这样，各算各的。跟朋友其实我也想这样，不然我感觉不太舒服,456.746,1761391692,d0b3063b
1969275411209221120,hhhhhh,585.68,1761847122,1e751c6e
1977842088578297088,严谨的德国人,480.692,1762868350,aedabb3d
1988648613126933248,妈呀，漂亮姐姐好可爱,643.948,1764156588,c847ffba
1996421042478379264,比aa更aa哈哈哈,415.493,1765083134,7177deef
2025581688474307072,亲兄弟明算账,428.978,1768559354,e5ebf93c
2066188182139764224,你也是 和前几季对比明显,589.72,1773400025,a16be46f
2068219040748953344,我喜欢这样,442.196,1773642122,f2fcfff8
,,0.0,1775683732.8000336,
lb.c,,0.0,1775683732.8000336,
,,0.0,1775683732.8000336,
1895737309572600064,哈哈比利时淡淡吐槽好搞笑啊,864.838,1752985668,47bbec08
1895737494264582400,2333333,743.492,1752989946,c76f245a
1895737546508833024,只能说世界之大无奇不有了233,828.615,1752990204,4944442d
1895737690583175424,？,788.371,1752992554,dbe23620
1895737828349284608,哈哈哈哈哈 就非要有证吗这,788.883,1752994668,fbf64f60
1895737890777305344,这么闭塞吗？,805.983,1752997401,ba65b856
1895738004753322240,比较严重的程度哈哈哈哈哈,1016.022,1753004556,94d50217
1895738144264261888,男：天王盖地虎 女：宝塔镇河妖,875.819,1753006816,47376c28
1895738162501095680,伊拉克也是什叶派国家,830.79,1753007084,43686648
1895738377685668096,对对对,886.688,1753016087,bc9fd41c
1895738640282652928,哈哈哈哈突然想起来戴卢可是不是对dating文化很懂,952.295,1753025347,fe4eee91
1895738693172826368,哈哈哈哈哈《这个华波波不一样》,729.19,1753024957,8d665d98
1895739065182425344,越压抑越开放,844.47,1753052006,65ec0af4
1895739149982863616,哈哈哈哈哈哈哈,907.322,1753065403,f7934ca3
1895769540794055680,前面俄罗斯遍地帅哥美女是真的,769.796,1753084540,4422ff62
1895824043836972544,弹幕突然收声了红红火火恍恍惚惚,734.198,1753091037,cc93cef3
1895828587920556800,这真的不是菠萝卖不出去的营销吗？,871.762,1753091579,1da0b061
1895947042497947392,第三次见面还是第三次嗯嗯？,1049.141,1753105699,c750ae38
1895949991009590528,宗教警察吗？,776.638,1753106051,9e41d483
1895971024152074240,中国人的经商天赋哈哈哈哈哈,917.26,1753108558,5a31e3ac
1896425506115668224,村？哈哈哈哈,953.332,1753162737,42570b8b
1896427127877063168,招展笑死我了,743.277,1753162930,9ec95bfa
1896494509345332736,开放啊,1029.735,1753170963,6a042d86
1896637560244685568,充话费式的结婚,813.804,1753188016,89807551
1896692754986387712,哈哈哈哈哈哈,983.273,1753194595,eac1fc5d
1896706299065560320,老王的眼神在冒星星,838.313,1753196210,d8e5f363
1896713955582526208,天逊尼派和什叶派，想到追风筝的人了,829.491,1753197123,491addc9
1896841388705377280,这跟我们这的警察查房有点像…哈哈,805.028,1753212314,88971e98
1896937991939779840,？？？？,786.906,1753223830,a075ec79
1897123754787030016,哈哈哈哈哈哈哈哈哈哈哈哈哈哈,1020.411,1753245974,45654410
1897176574395630080,来了，直接加长版,974.739,1753252271,d9749c34
1897380653918993152,哈哈哈哈～lady first～,753.071,1753276599,c76fd2
1897380942050808832,短期啦～长期啦～,765.871,1753276634,c76fd2
1897383124666121728,哈哈哈～A到Z～,976.347,1753276894,c76fd2
1897383569446710784,比较严重的程度～红红火火恍恍惚惚～,1015.942,1753276947,c76fd2
1897383907826628352,姐妹们～,1052.127,1753276987,c76fd2
1897551369599046400,可以鼓掌了,1016.475,1753296950,d14d0ec
1897727145607336704,搞对象笑死我了,941.281,1753317904,68db616f
1897898291362938112,YOYO,769.419,1753338306,3dc677eb
1898076736198329856,哈哈哈哈哈哈四姐,967.648,1753359579,ba542c3c
1898220515982619136,哈哈哈哈什么时候看到这个lady first才不会笑啊哈哈,749.918,1753376719,e8cc9494
1898515580160908800,真就体验卡,785.517,1753411893,a18ccce
1898531542490707712,太好笑了hhhhhh,995.742,1753413796,8020f1b7
1898584831534084096,感觉和苏格兰那种男女校联谊会挺像啊,958.956,1753420148,ae954710
1899333614798306816,哈哈哈哈哈哈哈哈,890.75,1753509410,48caf715
1899493708169050112,这是真的 ,810.963,1753528495,49612456
1899558765339352320,哈哈哈哈哈哈哈哈哈哈，有点太诚实了哈,1041.266,1753536250,37dfb466
1899559089802601216,雷妹妹～,1054.905,1753536289,37dfb466
1899632198056381952,华波波很可爱,860.822,1753545004,ddcb952e
1899690611263457024,这个是真的，我伊朗朋友们都证实了,809.166,1753551968,881ef171
1899980184409419520,我还记得诶,767.393,1753586487,2c9403ee
1899980554649404160,救命,801.518,1753586532,2c9403ee
1900176913918403840,老王。我喜欢的,836.184,1753609939,d7c68202
1900207702098475264,什叶派和逊尼派能坐到一起聊天也只有非正式会谈。,831.444,1753613610,253cfa97
1900855482026004736,挖坑了开始，准备回家跪搓衣板了卢可,963.641,1753690831,18259142
1900982139454146048,以前就说过啦,795.933,1753705930,1606bf27
1901030304811390976,真敢问啊大左,1041.459,1753711672,bba3e7b3
1901030501683674368,特殊类的hhhh,1063.512,1753711695,bba3e7b3
1902475393005930752,认真，不是严肃,1021.238,1753883939,59b380d7
1903582328761517312,讽刺的不是波波是国情,851.615,1754015897,1ddd0afb
1904394075097533952,哈尼克孜,728.514,1754112664,712639ae
1904496876288851456,哈哈哈,729.753,1754124919,3e5e834
1904516940261635328,哈哈 被说中p图了,897.961,1754127311,357dee8e
1905292868248203776,哈哈哈哈哈温州人也是站起来了,922.793,1754219809,94dc5d7b
1907465783345827584,大左池州人，差一个字,930.583,1754478840,e06a0bba
1909633575939544320,哈哈哈哈扬扬补刀,729.343,1754737261,d7fb52ee
1909637115907104000,哦～,1068.756,1754737683,d7fb52ee
1910217713125871872,不愧是北欧,991.337,1754806896,7419d9b6
1910285333971808000,开放式保守,800.19,1754814957,664d29dc
1916182003120834304,好神。。。,800.571,1755517895,41d23346
1918092995408932352,买菠萝是吧哈哈哈哈哈,841.599,1755745703,cae536f2
1919839034780907008,哈哈哈哈哈哈哈哈哈哈,1016.446,1755953847,b9f358ce
1920303224746295040,BGM怎么这么燃？,900.242,1756009183,99536495
1929266071559254528,比较严重哈哈哈哈哈哈哈哈,1020.019,1757077637,467053b4
1932278720392444672,严重哈哈哈哈哈哈哈哈,1008.878,1757436773,52ac390e
1933442446847667968,华波波像非正的逗号，哈哈哈,734.125,1757575500,df58247e
1939900940560154624,搞对象哈哈哈哈哈哈,944.041,1758345412,add21500
1941083294070661888,熟悉的音效又回来咯,760.233,1758486360,50b86bf5
1961012560908661760,肯定有,975.077,1760862114,bfa2ee3f
1969395654430585856,大家都知道的话还叫暗示嘛哈哈哈哈哈哈哈,861.564,1761861456,7ed3ebc
1969396057905913344,华波波每次发言都特别有梗 综艺里缺不了这样的角色,868.073,1761861504,7ed3ebc
1977846831144786688,哈哈哈哈哈哈哈哈哈哈,1044.084,1762868915,aedabb3d
2024171551549188864,！！！,787.638,1768391252,6151813e
2026922242222668544,米兰的男模大部分超级无敌穷,1070.323,1768719160,aef87158
2059722213967966208,啊？,1009.869,1772629221,75a3ab51
2059722648640373248,stop 哈哈哈,1044.827,1772629273,75a3ab51
2068224214867537408,感觉这样离婚率好高,1056.652,1773642739,f2fcfff8
,,0.0,1775683732.8000336,
lb.c,,0.0,1775683732.8000336,
,,0.0,1775683732.8000336,
1895737366690631936,被杨迪笑死，哈哈哈哈哈,1112.633,1752986394,eb069b0d
1895737511729664256,婆婆选好了，双方家长见面一次就订婚了？？这么快，和父母之命有啥区别,1166.095,1752990929,5866b398
1895737822007496960,保持神秘感么,1177.151,1752996054,13ee2db9
1895737846460289280,想起唐大哥开车尾随着送老婆哈哈哈哈哈,1216.937,1752995154,fbf64f60
1895737857038323968,陈老师还是会  doge,1334.87,1752995706,fbf64f60
1895737911757213952,哈哈哈哈他吓死我了,1277.525,1752996969,1091612d
1895737960989954304,哈哈哈哈哈哈,1249.715,1753005457,81e32263
1895738084084388096,那怪不得有些时候会吃西餐，因为这样不能玩手机，就会被迫了解对方哈哈哈哈哈哈哈哈哈哈哈,1364.499,1753010046,4e76690
1895738115080294656,说得我都心动了,1313.062,1753001868,755ab053
1895738130582442240,阿雷是真的在为姐妹们考虑啊！,1091.08,1753006285,2394c70f
1895738138786500864,打羽毛球！双打！,1265.968,1753011691,3820b86
1895738178909212928,四姐好喜欢陈老师感觉哈哈哈,1293.779,1753005068,34ea35bf
1895738260974964992,好像伦和四姐都没说？,1306.348,1753009512,e9983320
1895738350330417408,那岂不是完全不了解彼此,1188.238,1753015487,7e01a787
1895738449718644992,还是不一样，父母之命很多面都没见过,1191.878,1753016191,eabe6363
1895738783434248448,知道的不少,1094.625,1753026745,1952548b
1895738787083292928,《再见XX》那段时间的经历给陈老师整工伤了,1245.564,1753025428,8d665d98
1895739087068303616,难怪爱密室剧本杀呢,1281.948,1753071847,a05ec9c0
1895739136301043968,我喜欢看电影，因为不想交流,1267.296,1753063459,3e15afd5
1895739137215402240,赶鸭子上架,1347.576,1753073156,2b09e628
1895739334171529472,有点难评,1318.96,1753077674,6d52a3e9
1895842592684773632,老王好搞笑,1207.55,1753093248,a384683a
1895888808210444032,跟古代似的,1200.836,1753098757,80d76961
1895902850890865152,…男方视角吧，感觉作为女生并不喜欢,1329.906,1753100431,e1f0140c
1895907698449826816,唐小强好像也是这样认识老婆,1154.003,1753101009,7bf5ae5
1895953890084972544,得有个电灯泡,1201.966,1753106516,9e41d483
1895962814724877312,那大家性格都还没合得来咋办,1185.106,1753107580,70be7902
1895975507275771648,杨迪这个上热搜了哈哈哈,1108.05,1753109093,ab62fb5b
1895988325479763456,去逛宜家,1339.945,1753110621,24b0ce4c
1896001397800507136,真的，太套路了,1348.596,1753112179,b7453a45
1896033498947616256,我服了华波波了哈哈哈哈哈哈哈太搞了,1272.126,1753116006,11d561a5
1896422520862296576,陈老师说的前提是两人暧昧期只是临门一脚而已,1358.888,1753162381,2aa70d44
1896426994623953152,好古老的相亲模式hhh,1133.837,1753162914,42570b8b
1896548231191151360,爱情保安,1196.722,1753177367,445a39f6
1897115090000851712,经典来了,1111.63,1753244942,e0632c99
1897117071960705280,人家举例，只是解释吊桥效应,1318.362,1753245178,e0632c99
1897186435279557632,吃完再喝一点 酒壮怂人胆,1334.617,1753253447,6f99a845
1897384505070132992,红红火火恍恍惚惚,1112.117,1753277058,c76fd2
1897392014317188864,陈超好美好美！！！,1426.702,1753277954,dc39d7d8
1897729822839930624,世界的参差，有趣,1233.017,1753318223,68db616f
1897855084101036544,来自游牧的习俗,1150.008,1753333156,5e6db3f9
1898585785360270080,母单：别碰我的拼图！！,1322.878,1753420262,d5851018
1898586013228955136,非诚勿扰哈哈哈,1245.808,1753420289,ae954710
1898765709031333376,哈哈哈哈哈哈哈哈哈哈哈哈哈哈哈哈哈,1275.348,1753441711,da4a6923
1898851449120022784,真的好合适啊,1430.582,1753451932,85cd1b5c
1899312175110448384,伦儿呢,1370.097,1753506855,7b9475a0
1899329727408561920,\,1359.942,1753508947,4a475a07
1899340591771536128,对对对,1347.304,1753510242,48caf715
1899531646009486080,哈哈哈哈哈哈哈哈,1119.064,1753533017,fbcf58ae
1899651269212594688,做ai算不算呀,1266.478,1753547278,395ce43e
1899780832588526592,想到阿拉丁,1168.616,1753562723,fdcf0543
1899876594664020224,二十年前，唉，可怜的伊拉克人,1125.95,1753574139,51a708fa
1900212638299047936,在说什么？？？。？,1322.045,1753614198,75f02d2b
1900722697047418624,毫无违和感,1415.779,1753675002,29c7c55b
1901576106294143488,短期太奇葩了,1240.402,1753776736,92f8c01f
1902428555867433472,哈哈哈哈哈哈哈哈哈哈哈,1118.455,1753878356,24d07282
1902447002861027584,哇哦,1434.024,1753880555,623dd44
1906668414924016896,中东保守很多了,1144.039,1754383787,1327ee61
1907251422123737856,又到了羞耻小游戏环节哈哈哈哈哈,1398.192,1754453287,654346f5
1907263650541381888,小手段其实是感情蛮好的调剂，但不能没有真心，完全带着戏耍的心态去对待这段感情,1349.382,1754454744,952047f4
1910146676505643008,我要随时看华波波表现,1317.301,1754798428,738a73b
1910248152247194112,波波好可爱啊,1281.79,1754810525,edd6e64f
1911636225866354432,大左嘴替,1348.514,1754975996,954b058c
1911638478308513280,会长太懂女孩儿了哈哈哈,1347.81,1754976264,67c7bc24
1915402208338718720,卢可感觉又风流又老实,1084.624,1755424936,ef46f1d4
1916203344989683968,哈哈哈哈哈哈哈哈哈哈,1329.324,1755520439,d775399
1916742088792471552,牛蛙,1362.372,1755584662,613512da
1925311132990941184,逛宜家 看着那些温馨的家具 很容易构想两个人的未来,1337.444,1756606172,df324538
1929268457724077056,哈哈哈哈哈哈哈哈哈哈,1275.517,1757077922,467053b4
1937975455273985792,哈哈哈哈哈哈哈哈,1106.973,1758115877,945a6cd2
1943658342291830528,希尔顿环境真好,1399.929,1758793330,67fd89f
1953022555216956416,华波波哈哈哈哈哈哈哈哈哈哈哈哈哈哈哈哈,1282.728,1759909631,6e0df0f6
1958150579830921472,太功利性了,1332.809,1760520939,b2d06e53
1969280974567563776,梅丽莎真的好漂亮天哪,1208.194,1761847785,1e751c6e
1988656174098097408,小强也说过类似的，不敢多跟未婚妻见面，都是开车去接她然后远远停在家门口,1175.521,1764157489,c847ffba
1990319103688432128,妈妈结婚的时候？,1147.433,1764355726,d584df77
1995218600776512512,这眼罩好，能不能打包给酷滕送去,1420.12,1764939791,1dcdda72
2003692298001184000,我想要逛海洋公园的时候，他悄悄塞给我一个戒指,1341.086,1765949935,989ff3be
,,0.0,1775683732.8000336,
lb.c,,0.0,1775683732.8000336,
,,0.0,1775683732.8000336,
1895737232665841920,说了什么,1594.545,1752985968,8d60efce
1895737282477396224,哈哈哈哈哈哈哈老王搂住,1716.563,1752986236,f69ff094
1895737326240764160,老王：和我有什么关系,1743.272,1752986542,f69ff094
1895737564225573120,哈哈哈哈哈哈哈哈哈哈哈哈哈哈哈,1663.052,1752991877,a4557f7c
1895737579727720704,哈哈哈哈哈哈哈哈哈哈哈哈哈,1636.993,1752990432,534bf33e
1895737602217578752,吊桥效应,1656.035,1752993518,e967e3fc
1895737608274153728,这里为啥不放正片很好笑啊,1789.469,1752990046,1549437e
1895737615337361664,安全,1603.757,1752991580,6cf1571
1895737656718364928,哈哈哈哈哈哈哈哈这个眼罩哈哈哈哈哈哈,1749.409,1752991974,a4557f7c
1895737658731630848,哈哈哈哈哈哈哈哈哈哈,1497.584,1752991702,a4557f7c
1895737668823126272,哈哈哈哈哈哈哈哈哈哈,1545.58,1752991754,a4557f7c
1895737706764800256,看热闹不嫌事大哈哈哈哈,1701.323,1752994786,e868d6e6
1895737718181695744,笑不活了哈哈哈,1671.507,1752992796,4ae1ebd8
1895737814768128256,哈哈哈哈,1782.453,1752994589,b594b266
1895737824725405952,老王：我尽力了啊,1754.151,1752997563,1091612d
1895737939104076032,哈哈哈哈哈,1709.189,1752997498,1091612d
1895738000198308096,哈哈哈哈哈哈哈哈哈哈,1628.753,1753004360,71c28bd0
1895738021169828096,哈哈哈哈卧槽杨迪哈哈哈,1492.948,1753000323,6cdd056d
1895738075871940864,贴贴好可爱,1567.309,1753002223,2f1c4333
1895738098672177408,原来加长版加在这里,1699.212,1753003076,5465c709
1895738121464025344,哈哈哈哈哈哈哈哈哈哈,1656.539,1753006018,81e32263
1895738373122265344,波波刚刚说话好像老王的口音哈哈哈,1796.676,1753015888,5404f33
1895738395922501888,米可！！！！,1494.288,1753016707,d89d8cbd
1895738397742829824,米可，危，速回！,1492.03,1753013682,6ee65ea5
1895738456102375680,四姐说了啥！,1582.96,1753017881,f81c7508
1895738627515191552,牛,1558.58,1753021306,7d9f8a33
1895738699556557056,讲什么！哈哈哈哈哈哈,1774.953,1753027907,516113ea
1895738810789499136,非直男会谈,1748.073,1753027865,516113ea
1895738985868136704,怪不得没放到正片,1789.951,1753031556,b92fb27d
1895739133566357760,哈哈哈哈哈哈哈哈哈哈,1762.617,1753066553,f7934ca3
1895739144513491200,拦精灵,1581.015,1753073028,f48d5c83
1895739149068505344,拦精灵,1582.704,1753073049,f48d5c83
1895739154537877760,哇,1560.601,1753066056,f7934ca3
1895739172774711552,华波波哈哈哈哈哈哈哈哈哈哈或或或或或或或,1799.497,1753066590,f7934ca3
1895739264873238784,中东组合,1693.461,1753073158,f48d5c83
1895739308636606720,华波波啥都说啊哈哈哈哈哈哈,1775.347,1753078501,5b74304e
1895739310456934656,海带也不是植物,1531.538,1753076872,9cc5a9be
1895739313200009472,？！,1776.766,1753076889,3f6b3267
1895739330522484992,果然是加长版才能看的,1781.375,1753076921,3f6b3267
1895906831025530112,口水哈哈哈哈哈哈哈哈哈哈哈哈哈,1739.304,1753100906,e1f0140c
1895940225822895104,发币好可爱,1554.87,1753104887,9a5f75b6
1895974871134098176,梅丽莎真的好可爱好漂亮,1474.056,1753109017,5a31e3ac
1895977277180010240,这一期简直好笑到爆炸,1743.416,1753109304,5a31e3ac
1896089730320659968,好萌的两个人。。,1564.681,1753122709,7388c77a
1896307287158110464,俄罗斯小姐姐好有节目效果哈哈哈,1702.016,1753148644,13ab9171
1896334982533370624,给我笑岔气了,1755.375,1753151946,708e4a48
1896396461777172992,啊啊啊啊啊啊啊啊啊啊啊啊在干嘛,1496.598,1753159274,fe4eee91
1896555342020727040,直接笑喷哈哈哈哈,1562.963,1753178214,ff3287e5
1896610434808184320,伦想说毛肚吧 因为他那面是有颗粒的,1620.755,1753184782,c89ae7d7
1896662305044209920,每次会长都害怕的掉了,1527.119,1753190965,273d9554
1897190863994496256,这个太好猜了,1574.051,1753253975,6f99a845
1897283620088294144,美国内战,1568.439,1753265032,9c211b2d
1897402826846586880,这能播吗华波波,1775.465,1753279242,3c4a8341
1897475776413565696,我不行了哈哈哈哈哈哈,1768.852,1753287939,9cdf46e6
1897754977691536640,杨迪真的鬼点子一箩筐,1641.181,1753321222,ecd0b892
1897864109346135552,小姐姐气氛组的～,1695.088,1753334232,c76fd2
1898059525744480512,哈哈哈哈哈哈哈哈哈,1472.659,1753357527,60ea1822
1898060394963528192,为啥不让佛罗伦萨上啊,1576.261,1753357631,60ea1822
1898130261355317248,哈哈老王想说暴雨,1538.209,1753365959,a725bfc4
1898587923558453760,杨迪直接尝出来了哈哈哈哈,1542.474,1753420517,ae954710
1898588979633806848,哈哈哈哈哈这段Dylan小女生的感觉太好玩了,1656.928,1753420643,ae954710
1898633274117548032,西八 笑不活了 哈哈哈哈哈哈哈哈哈哈,1782.398,1753425923,60e24333
1898657403714124288,发币好厉害,1536.51,1753428800,470dd9de
1898864820091084288,涛涛,1594.511,1753453526,e3470321
1900014385343060224,弹幕呢，怎么没有弹幕？,1474.018,1753590565,3ad68769
1900014950055944192,我都没有看清是什么东西,1520.297,1753590632,3ad68769
1900015779680882944,猜得太大胆了,1611.896,1753590731,3ad68769
1900016341843597568,看起来好想笑,1648.607,1753590798,3ad68769
1900078932972598272,哈哈哈哈哈哈哈,1776.629,1753598259,ecc35430
1900293250909070848,老王稳如泰山,1723.35,1753623808,968d7bd9
1900353048833126144,味道应该有的,1618.131,1753630936,10c54e37
1901001124350363392,发币好可爱啊,1578.257,1753708193,2c9403ee
1901002382926510592,太可爱了,1672.273,1753708343,2c9403ee
1901764467755164416,哈哈哈哈哈哈哈哈哈哈哈哈,1750.736,1753799191,ddafd2e4
1902238942640826880,这个眼罩好适合老王,1731.008,1753855752,65067beb
1902284649590899712,华波波这么钢铁直男吗没想到哈哈哈,1769.312,1753861201,f5de49c4
1902909050661155072,弹幕呢 四姐说的啥,1582.34,1753935636,2e93938c
1902910756887219968,Dylan的破碎感哈哈哈,1644.472,1753935839,2e93938c
1904506363838182400,哈哈哈哈哈,1741.394,1754126050,3e5e834
1904506528892481536,好奇怪的画面,1761.072,1754126070,3e5e834
1905000656431964672,这个眼罩我不行了,1754.1,1754184974,f5f7f31f
1905339129458194176,再靠近一点点,1456.9,1754225323,ba077aef
1905766002156188416,我嘞个豆,1448.318,1754276211,cdc7bc83
1906135497672774400,哈哈哈哈 加长版果然不一样 我再敷面膜啊  哈哈哈哈 ,1748.007,1754320258,8a4bf8c9
1906673310826237952,中东族,1687.411,1754384370,1327ee61
1906748234274702336,哈哈哈哈哈哈哈哈哈哈哈哈哈哈哈哈,1762.638,1754393302,b145d3d2
1910390807304161024,我要笑疯了哈哈哈哈哈哈哈哈,1627.006,1754827530,8815c960
1915932755691390976,这也太。。。,1487.198,1755488182,51f2909e
1915934066629406464,哈哈哈哈哈哈哈哈哈哈哈哈哈,1643.477,1755488338,51f2909e
1915934230198990336,哈哈哈哈哈哈哈哈哈哈哈哈哈,1663.022,1755488358,51f2909e
1915934679484266240,哈哈哈哈哈哈哈哈哈哈,1716.53,1755488411,51f2909e
1915934832542999808,哈哈哈哈哈哈哈哈哈哈哈哈哈哈哈哈哈,1734.857,1755488430,51f2909e
1920310407324203776,两伊贴贴,1684.752,1756010039,99536495
1921056005467708160,可爱的发币,1554.389,1756098921,912b4cef
1921058110144466944,哈哈哈哈笑得肚子疼,1664.435,1756099172,912b4cef
1930616796109848576,哎呀,1498.221,1757238656,8f57e35c
1938813363061097472,一个奖励杨迪的游戏,1634.819,1758215763,c1c7a66
1942229667884861184,笑得我肚子疼,1783.88,1758623018,b85033c1
1952519966591265280,每次都没接住哈哈哈,1520.245,1759849718,3d553d69
1962432760279010816,我真不行了了太搞笑了哈哈哈哈,1734.276,1761031415,54f7b9d0
1967644616455633664,哈哈哈哈，这个女孩子好可爱，又害怕又好奇哈哈哈,1476.902,1761652716,eb09f285
1968988588058839552,hhhh小姐姐演员的诞生,1698.466,1761812930,269700bc
1970989897527898112,对吗？,1782.473,1762051505,9d717ee2
1981226523604447232,哈哈哈哈哈哈哈哈哈哈哈哈,1648.361,1763271806,1a09d87c
1988660542331797248,四姐说了“安全T”吗,1582.049,1764158010,c847ffba
2000956881128648192,笑得我肚子疼,1562.666,1765623848,e8b22811
2072032170285543936,大左这里为什么吓得抖了一下哈哈哈哈哈哈,1649.79,1774096682,f82fb2da
,,0.0,1775683732.8000336,
lb.c,,0.0,1775683732.8000336,
,,0.0,1775683732.8000336,
1895737421099143424,是隔壁陈鸣飞写的吧？,1945.554,1752987539,25b5c0fd
1895737422600704256,笑死哈哈哈哈哈哈哈,1861.726,1752987442,eb069b0d
1895737448110461184,不容易,1967.315,1752987565,25b5c0fd
1895737537650462976,笑死哈哈哈哈哈哈玩呢,1864.313,1752989866,adb42c8
1895737540972351744,玩儿呢,1860.902,1752989950,aaf3f032
1895737543203721472,哈哈哈,1815.18,1752989891,aaf3f032
1895737661759918336,哈哈哈哈哈哈,1802.631,1752992030,a4557f7c
1895737678914621696,但是体力劳动可以被机器替代，和ai有微妙区别,1970.153,1752991856,5866b398
1895737721998512384,哈哈哈哈哈,1864.31,1752993989,f3d0b903
1895737806614401280,AI能归纳总结现有信息，但无法创新,1995.774,1752997135,13ee2db9
1895737953691865344,工业创作可以，纯艺术不好说,1978.137,1753000003,8e57c960
1895738031194214656,20元手续费省下来了(ಡωಡ)hiahiahia,1903.052,1753004359,39499903
1895738391359099136,我家也有这个碗,1838.498,1753016417,c2e21b9d
1895738396828471552,妈呀陈超好厉害,1945.204,1753016803,cd8ee3cd
1895738416894021888,100块，哈哈哈,1895.824,1753017896,a9208369
1895738540927979776,超超好甜,1939.237,1753019045,8d117f15
1895738575547764992,有胡子应该感受不到吧,1808.657,1753017627,af72eec3
1895738673107276032,不是地铁卡了么,1892.499,1753022773,9c94b6bb
1895738779793592576,ai是用三推一，人脑是举一反三，本质区别,2024.616,1753029280,f9656259
1895738857295941888,玩儿呢，我一个广东人说不出的儿化音,1868.306,1753032504,9ef562ec
1895738900144951552,我觉得体现人情感的东西最不应该被取代，我是看小说的，如果我看的小说都是ai跑的我会死,1994.923,1753053765,5dbe0dac
1895738918381785344,不一样，至少现在的ai没有人脑会抽风（bushi）,2030.729,1753060518,d1e240cc
1895738950300438784,哈哈哈哈哈感情是在玩儿我们呢,1867.398,1753065521,91850ea9
1895738973092286720,聪明的人才看得到（,1851.057,1753066879,532bb614
1895739025076490496,上次还在说地铁卡扣费不好，立马就改转账了，真的听劝,1909.288,1753064244,3e15afd5
1895739121713254656,陈鸣飞的那个刚看完节目吧哈哈,1956.389,1753072388,df6e1fa7
1895739304081592576,哈哈哈哈太像了,1944.846,1753074038,f48d5c83
1895797243433331456,我去,1891.668,1753087842,35861f7e
1895797705813389056,当然不是,1970.665,1753087897,35861f7e
1895872207323318272,ai的数据库全是人给的,2052.858,1753096778,9f5269ce
1895957325815673088,口条真好,2151.186,1753106925,42cad9e5
1895973581704601344,老王好可爱,1844.968,1753108863,692c8ed6
1895992999780010752,华波波也算猜对了,1803.433,1753111178,24b0ce4c
1896092358488199936,我服了怎么这么好笑，老王真的穿了个香蕉牛奶。。,1821.385,1753123022,7388c77a
1896403149620117248,首彩回来打钱！！！,1815.544,1753160072,fe4eee91
1896658760060214528,老金主啊哈哈哈哈哈哈哈哈,1821.352,1753190543,abb3bea8
1896690759756227584,那是服务器和算力限制而已,2125.293,1753194357,b927edf8
1897017590325956608,刘慈欣的诗云,2043.276,1753233319,78c4204e
1897149153428556800,并不会被取代，就那ai原理来说，他是学习的技术，要是没有真人的作品投喂他，而是ai直接互相学习，最后肯定会失去人类所能体会的美感,2017.769,1753249002,af7c4445
1897160788939608064,AI取代不了大师，但能取代普通人，但我们大部分都是普通人,2028.594,1753250389,b0fb79b9
1897196044832664832,不会的 AI没有灵感只是个参考文献的价值,1999.815,1753254592,6f99a845
1897230944923557632,AI确实，一眼看得出AI,2056.543,1753258753,c05066cc
1897282352929849856,您,1876.848,1753264881,290bcf14
1897313971196141824,68+6+,2070.556,1753268650,676c84ca
1897315932888971776,只能模仿，不能取代,2003.459,1753268884,90b41f69
1897321705291076352,我觉得同意的人说的不是高端审美的艺术，他们说的是快时代创作,2090.686,1753269572,55d83f10
1897326315100134656,太厉害了哈哈哈哈哈,1950.759,1753270122,45654410
1897355364035362560,顶级的取代不了，中间底层会被取代,2092.654,1753273584,7ea9d3d5
1897404209155208704,自从知道地铁卡退费事件之后就换成转账了吗,1896.51,1753279407,3c4a8341
1897472786134957568,陈鸣飞投的吧,1948.859,1753287582,20c78ca8
1897763556578141440,这AI卡壳,1962.905,1753322245,28dcc9f6
1897865698693655296,《精彩葡萄酒》,1811.436,1753334421,c76fd2
1897865887454275072,能用的,1823.216,1753334444,c76fd2
1897975346582936832,画家的画有人买，AI的画呢？我觉得人类不会给AI的画赋予价值,2087.338,1753347492,ace2f97d
1898153206907890944,他俩节目效果已经出来了，拿到奖品不过分,1887.829,1753368695,44f44cf9
1898155156404016128,现在ai训练出的图基本都是侵权的，还不知吃了多少有商业版权的图,1990.896,1753368927,c4640bae
1898227304531014400,陈超超陈超超陈超超～,1935.987,1753377528,e8cc9494
1898497181946647040,华波波太搞笑了hhhhhh,1828.307,1753409700,6a79158e
1898589823536064768,那个脱口秀的哥们吗,1965.639,1753420744,ae954710
1898617694602120704,100元哈哈哈哈哈哈哈哈,1897.022,1753424066,25a98a6b
1898762572212570112,哇厉害了,1941.185,1753441337,eeae67ec
1898770444551886848,哈哈哈哈哈哈哈哈哈,1812.799,1753442275,da4a6923
1899295846349428736,深度学习型会成长,2061.503,1753504908,2233a413
1899311810357134336,陈超超超超哈哈哈哈,1937.372,1753506811,8020f1b7
1899619007338927616,可以的,2140.384,1753543432,f6a66d6c
1899619192483758592,辛苦阿雷了 这么一大段  我都要背半天,2145.64,1753543454,f6a66d6c
1900289831134223104,好丝滑,2143.5,1753623400,6908d584
1900727826387780608,直接转账了，不是地铁卡了,1890.432,1753675613,29c7c55b
1900864257726569216,奇马蓝,2054.335,1753691877,75f02d2b
1900992991485978112,好的画家并不会,1994.973,1753707223,1606bf27
1903906590856424448,对，所以对资本来说是好工具,2119.356,1754054552,c29ddf0d
1905365491481060352,首彩葡萄酒～味道不一样～,1814.065,1754228466,ba4142a8
1905383944120050688,ai i不会创造需求，只会解决人类的需求。,2031.372,1754230666,2ad516b
1906676777745390080,阿雷服装好潮哈,2100.595,1754384784,1327ee61
1907503470140018176,作家，和画家不会。但从事写作行业和设计行业的可能会受到影响，纯商业的会受影响,2014.591,1754483333,f5dd2f0d
1907711567622271232,一个画家的画上千或者上万我都觉得值得，但ai产的图最多一块钱,2110.855,1754508140,b59d3043
1909643331546811648,哈哈哈哈哈哈哈,1802.537,1754738424,d7fb52ee
1913366840508620800,有一只萨摩耶就叫陈超超哈哈哈哈哈,1930.9,1755182301,b30a9c4b
1915224874843617536,前面的萨摩耶的别走,1937.599,1755403796,32f67cc0
1915935882930912000,哈哈哈哈哈哈哈哈哈哈哈哈哈哈哈哈哈哈,1859.99,1755488555,51f2909e
1922480732891760896,陈鸣飞投稿,1994.089,1756268762,8dd2ba4e
1928560476044906752,ai会替代那些水平不高的人，真正的艺术家和作家是无法替代的,2055.3,1756993524,cfd3a899
1930620440054015744,现在AI技术还不成熟，以后就不知道了,2042.591,1757239091,8f57e35c
1950374312087470592,可以娱乐，但没有深度的东西,2005.631,1759593936,5ff286de
1953028710341331200,当然不会,1991.043,1759910365,6e0df0f6
1966172314316318464,好可爱啊这两个人，萌萌的,2019.752,1761477204,1ee5697
1970992051982448640,其实AI给创作圈子带来了很多好处，痛苦的是那些想不劳而获的人，AI反而将这些人筛选掉了。,1971.291,1762051762,9d717ee2
1970992805346750208,想要不被取代就得进步，人类是一直在进步的,2037.466,1762051852,9d717ee2
1980015234983286272,画手可能会，画家不会。写手可能会，作家不会。,2003.369,1763127409,916232ae
2004595551308142848,笔触这个东西AI永远做不到,2129.602,1766057611,ffa3828d
2027798215826511616,有道理哦,2053.34,1768823584,8f58d927
,,0.0,1775683732.8000336,
lb.c,,0.0,1775683732.8000336,
,,0.0,1775683732.8000336,
1895737322071625984,哇，倒过来的角度，不错,2320.614,1752985858,bc12bdcf
1895737389348262144,1000个人欸,2404.742,1752986739,1262b263
1895737464325640448,伦的观点每次都好深度,2429.52,1752988798,dd38837b
1895737568671535360,萨沙确实越来越厉害了,2188.029,1752990345,4bb6c894
1895737635520352512,AI学习能力强能模仿但是创新上暂时还做不到，给他看某个画家的画，他能模仿但是要他有自己的特殊风格还做不到,2307.016,1752992123,da8612fa
1895737675886334208,对对对,2518.778,1752992832,a4557f7c
1895737868891427072,来自四姐的认可哈哈哈哈,2383.869,1752995522,e868d6e6
1895738095023132928,其实就是说ai没有创新能力,2449.334,1753007080,fbf9b322
1895738186207301888,黄子宝宝！,2478.478,1753010860,d93d12d4
1895738219937894656,普通话越来越纯正了,2340.564,1753006552,2f987c3c
1895738308387377408,简单且周而复始的工作不会被AI取代，他们只会被机械化和自动化取代,2177.8,1753012446,da6fca28
1895738539074097408,可是这样的画家真的很少啊,2355.484,1753016161,cb47e4db
1895738633898922240,肯定是指定啊,2166.696,1753023213,691ef385
1895738659433844992,厉害,2461.836,1753022215,7d9f8a33
1895738860030628096,ai只能生产“产品”,2438.121,1753027530,9cc53f64
1895739034186518784,伦儿说的好有深度,2417.125,1753066030,91850ea9
1895739151803191552,老王说的对,2249.4,1753067040,f7934ca3
1895739188276859136,罗师杰在做捧哏,2338.921,1753070661,5268d633
1895779537472677120,很喜欢伦二这个比喻,2442.524,1753085731,3a31dcb7
1895880915561975552,说的确实好,2456.856,1753097817,db27ad6e
1895903241901117696,哈哈哈哈哈哈哈哈哈哈哈哈哈哈哈哈哈哈哈,2382.245,1753100478,4365b2b7
1895978595307183360,黄子！,2470.27,1753109461,692c8ed6
1896020644002007808,我真的我好多次都和萨沙一种选择，高度重合,2355.219,1753114473,683bd9b9
1896387667051097344,创作过程本身也很迷人的！,2197.312,1753158226,1195ac4c
1896391286534280448,我觉得最多AI的作品和人类的作品放到平等位置去欣赏，不会谁取代谁，就像人类不会只需要一个艺术家。,2329.047,1753158657,1195ac4c
1896433511490107392,伦真的每次都说的很好,2449.736,1753163691,dd1dd59f
1896446842347168256,对的。还很无厘头,2510.941,1753165280,9ec95bfa
1896478238348470528,AI没有人所具备的“灵性”，这个是根本区别。,2484.776,1753169023,130b1ee9
1896481816450316288,但那么多著名的画家，活着的时候都没见到自己画出名啊，现在这个行业，艺术还是单纯的艺术吗,2362.688,1753169449,21030a05
1896495205256114944,英专生落泪,2257.924,1753171046,272cb156
1896500684711484672,说白了AI都是把现成的 现有的知识告诉你 它无法创新 没有创造力 也不灵活,2475.575,1753171699,fc8a9b09
1897059227684406272,现在门铃还是用的那个，后面的杨紫琼没必要，前面的那个欢迎来到毛雪汪还行,2509.318,1753238282,35645b71
1897154550214244864,现在小说好多都是ai写的,2317.184,1753249646,d7cb2127
1897198418581828096,更像是Freestyle的,2163.42,1753254875,6f99a845
1897285342076082688,中东人好爱用具体的比喻 好玩,2241.494,1753265237,290bcf14
1897353535075926016,哇伦儿讲得很好,2457.048,1753273366,bbeae81b
1897433976919450368,AI可以帮你炒作 帮你买热搜 买水军 坏的也会变好,2340.159,1753282956,d844b0d7
1897838265261261568,ai创造现在最大的问题是版权，它的数据哪来的？,2329.257,1753331151,9cdf46e6
1898170337209376256,伦是有文化的,2407.645,1753370737,c4640bae
1898593071588396800,不指定的话会长和杨迪肯定会控场的，不然非正式会谈就变成非正式广告了,2170.649,1753421131,ae954710
1898594159171501824,这个点很对啊，其实观众也是作品的一部分,2314.377,1753421260,ae954710
1898594721166096128,是的，没法取代艺术先驱者，但是人类多久才会诞生一个艺术先驱者呢,2398.763,1753421327,ae954710
1898858478203265536,AI是能画出来的，但是目前AI还没有真正创新的能力,2354.986,1753452770,85cd1b5c
1899282247644146688,伦说的超好,2450.24,1753503287,c89ae7d7
1899389604638008064,这样就意味着只有大画家才能生存,2315.347,1753516085,422009b7
1899968866063992832,钟逸伦的观点好到我想记下来,2407.551,1753585138,85e961e3
1899971539840366080,是的，有时候ai出来的东西是不实际的，属于给你描述的天花乱坠但其实并不实用,2516.355,1753585457,85e961e3
1900045394068096512,萨沙是不是deepseek了,2365.82,1753594261,37dfb466
1900699314750768896,AI不抽象,2514.068,1753672214,10555ed6
1900775830246937344,完全同意伦儿的观点,2435.304,1753681336,a9930091
1900996813578880512,"很简单，好的创作,有灵感的创作不会被取代",2425.093,1753707679,1606bf27
1901031552633139456,这不兴叫哈哈哈哈,2498.047,1753711820,c35a3236
1901722114823131392,是抽象,2352.846,1753794142,5adbede8
1903867788553414144,这个议题可以看当下社会在机器大生产的时代我们总是追求手工工艺但是再看我们在什么东西上追求什么手工,2232.109,1754049926,8d3fe83f
1904376810779811584,翻译作品是再创造，当然属于文艺作品了,2280.086,1754110606,21f73640
1905336105902178560,1111,2456.232,1754224963,94dc5d7b
1905386536745115904,数据量都是过去的，像ai创造的一些画作都是基于历史风格，没有未来的风格。,2288.044,1754230975,2ad516b
1906081274615969024,制造业，，,2184.094,1754313794,6748a4fa
1907510299724980992,没错,2175.769,1754484147,f5dd2f0d
1909633496364914688,感觉好多代表还有别人不了解ai画画的原理。那真的就是裁缝大集合,2203.365,1754737252,142fcb13
1916012736815445248,有几个确实在搞艺术的，大部分只是在所谓的艺术行业里混口饭吃而已,2297.01,1755497717,272ec1ba
1919515972591515392,ai又不能原创，出来的东西都是人家已经有过的,2324.575,1755915335,d61f036d
1919765655767985408,确实,2390.9,1755945099,39b1306c
1920593694097511424,但是那么多人之中又有多少个大师呢？千里挑一。只能说大师难以被AI替代，但大多数普通人是很容易被AI替代的,2364.264,1756043809,288a6e7
1921471313504249600,哈哈哈哈哈哈哈哈哈哈哈哈哈哈哈哈哈哈哈哈哈哈哈哈哈哈哈哈,2384.908,1756148430,d0352b3
1924730497872245504,但是很多人其实也只是围着光圈内打转，只有少部分是能发出光的哇。ai无法完全取代，但是ai取代大部分工作应该是必然的,2449.995,1756536955,90bb401c
1937410966522432000,不愧是高材生,2428.936,1758048584,664fbc21
1944395634396738304,可是艺术的标准是很难说清的，尤其是超越时代审美的艺术,2372.895,1758881222,952047f4
1946596116557161472,同传不可能，比如自古以来，中国有句老话，你怎么翻译,2271.392,1759143540,24bc755
1953032408702466560,哈哈哈哈哈哈哈哈哈哈哈哈,2390.919,1759910805,6e0df0f6
1964145062028178176,哈哈哈哈哈哈哈哈，怎么我在非正还能听到黄子,2469.118,1761235537,f260f6db
1965470285503505664,但是现实中其实有一些需要创作的。工作他确实是会被AI取代，因为作为商业用途，AI的那个程度是完全够用的。这是我们一个从国内大厂离职的老师跟我们讲的。因为他们当时在做东西就已经套模板用AI。,2380.266,1761393516,d0b3063b
1965962475476472064,梅丽莎好好看,2271.709,1761452189,5c1cccf8
1968996492291897088,好啦ai取代不了伦儿,2435.324,1761813872,269700bc
1969411312866597120,如果人类不再进步 那AI还会是AI嘛,2414.221,1761863323,7ed3ebc
1985133228776545024,翻译读空气什么的感觉能训练,2278.757,1763737521,55203a50
1985134760192303360,可以训练,2518.973,1763737704,55203a50
1996728559007878656,ai应该是从1到60，而人是负责从0到1和从60到100的,2430.868,1765119792,74ba3500
2056102682372178688,ai模仿的只是形式,2363.539,1772197739,fa9ad547
2082958314446724096,AI只是提高效率的工具,2221.713,1775399180,a4d2be15
,,0.0,1775683732.8000336,
lb.c,,0.0,1775683732.8000336,
,,0.0,1775683732.8000336,
1895737410512720128,感觉这个有趣1,2795.193,1752988764,39108e46
1895738094108774656,意识,2662.0,1753003029,6653a374
1895738218117566720,我更喜欢作品独立于作者存在,2704.182,1753012025,729cd479
1895738283766812928,除非ai哪天学会了思考和不按常规，但是人类会允许这样的它们存在吗,2540.067,1753010137,10294f3d
1895738567352094976,主要是用得少了吧,2862.128,1753022489,61f1cb93
1895738632992952576,超超太美啦,2555.795,1753022069,1f0a24fa
1895738636633608448,真的很爱Dylan，每期必cue，哈哈哈,2649.068,1753021557,6e443ff5
1895738730552463616,deepseek是这样的！,2522.65,1753021395,6e443ff5
1895738777964876032,大左又困了,2711.853,1753025162,d6bfe3aa
1895738899238981888,阿雷一定很有语言天赋,2864.374,1753026188,3b5559de
1895738997712851200,加字游戏,2829.421,1753054603,5dbe0dac
1895739267607924992,西语里的人称变位和阴阳性很有意思，我，你，她，他，您，你们，我们，他们，她们，您们,2804.071,1753072834,293203a
1895850139940747008,工作报告AI的确是好帮手！,2543.657,1753094148,416bbb9a
1895921119618453248,作品和作者根本无法分割啊,2714.73,1753102609,e1f0140c
1896012893708357120,ai没有人生，但是ai有你们呐,2743.137,1753113550,698bab0d
1896065447497910528,语言环境很正常手能生巧,2876.525,1753119814,cc2734ec
1896479661995797760,Blade Runner,2645.459,1753169193,130b1ee9
1896654942690213632,中文是积木并且是榫卯结构,2830.122,1753190088,89807551
1896772345109555968,词根词缀 哈哈哈哈哈哈,2818.729,1753204083,1f9c8d2e
1897102321968798464,不知道为啥这个话题老是让我想起崩铁里的博士尊，我们强大的智识星神,2549.068,1753243419,f5a06ba5
1897196758887995392,AI代替不了艺术家，但AI能代替打工人，作为普通人的我是焦虑的,2757.811,1753254677,b0fb79b9
1897363087586601216,是的 英文是树形语言,2824.014,1753274505,84203b4
1897872503666875648,超超说得好～,2569.221,1753335232,c76fd2
1897944087584629760,来了看预告最感兴趣的话题,2788.137,1753343766,9cdf46e6
1898191646873602816,我靠，这个观点让我耳目一新,2536.947,1753373277,f0071fca
1898587064925435904,这个话题好！,2795.805,1753420415,a18ccce
1898596254410661632,ai如果把微醺状态也建模了之后可能就能复刻了，并且能随意还原,2581.86,1753421510,ae954710
1898596665712523776,确实，一个平庸的内核很精准,2640.395,1753421559,ae954710
1898861636539289344,而且目前可能觉得觉得AI的有些图或文字有灵性实际是观众自己的赋予这些东西的主观体验是观众自己的灵性不是AI的,2668.317,1753453146,85cd1b5c
1898899350840110848,是不是ai的记忆能力有上限的原因？,2636.01,1753457642,2ddb40c0
1898913616263543296,ganghood这个真的不是广东华侨带去的词吗江湖的粤语发音啊哈哈,2769.624,1753459343,e8831434
1899395980466646272,大左那个表情，哈哈哈哈哈哈,2727.784,1753516845,2a7b6daf
1899451219231916544,因为没有坚持每天都用ai跟它进行大量互动给它数据样本支撑，所以我认为每个人用的ai都不一样，我觉得我的ai还是挺像我的,2647.849,1753523430,cb8fc6d6
1899934260052788480,中华文化的包容性哈哈哈,2849.24,1753581013,ae954710
1900015569328667392,好喜欢这个话题,2795.283,1753590706,85e961e3
1900048826854286080,那人的灵魂是电子信号吗，如果是，那人有没有可能是超级精细的碳基“机器人”,2655.645,1753594670,37dfb466
1900281300003517184,西部世界的核心就类似这样的,2602.68,1753622383,cd73212b
1900285629850936576,确实起码目前的ai画作没有人画的灵气,2557.858,1753622899,21100105
1901048146860625152,这棵树的动画是ai生成的吧,2803.727,1753713798,bba3e7b3
1901659990159627264,对，写文也是太高大上了，不接地气,2520.306,1753786736,105f52db
1901679859307668992,前面的，你把ai想得太厉害了,2738.443,1753789104,8c5fa1a1
1901694474971820544,知人论世是解析作品的一个重要观点,2714.601,1753790847,bb1af361
1901807782567905536,小熊说法语的表情好可爱,2871.945,1753804354,6b233d5a
1902175987245469952,灵韵,2668.184,1753848248,3fc3c7dc
1903102126856042240,人的反应和情绪千变万化 ai需要基于data来学习复刻 但人心和思想复刻不了 因为你自己都不知道你到底会如何啊,2743.891,1753958652,95e70b5d
1903911544119548672,机械劳动（报告、PPT、标准化文案等等）确实适合AI,2552.306,1754055142,c29ddf0d
1905283396587498240,我也有这样的担心，毕竟大的发现是要在小的累积基础上的。如果这些小的方面都被ai包圆了，人类还会有大发现的灵感吗,2568.797,1754218680,1739167a
1905322044405448448,心理学本来就有灵魂,2690.41,1754223287,f73e1df3
1906144811317396224,我以前学英语的时候，也会想外国人学中文的体验是怎么样的,2818.823,1754321368,de5d2566
1906664836822229760,所以说语文考试里的阅读理解靠标准答案就很扯,2687.504,1754383360,16673124
1906696462252080384,感觉伦儿是语言限制了发言,2529.891,1754387130,64b0d079
1906886153408858112,好适合我英专生来听 ,2814.7,1754409743,937fdd57
1908206015506796288,ai不可能成为艺术家 这句话有问题吗？,2749.178,1754567083,d8a8f583
1910400646260643072,喜欢这个论题,2802.046,1754828703,8815c960
1912295074109538048,前面的也可能没有理解什么叫创作，ai可以实现艺术产出，但跟创作还是差远了的,2744.468,1755054537,a8fe5ea9
1912306335295954944,怪不得我学英语困难,2848.344,1755055879,cdc7bc83
1914618808048601600,说的好好,2678.049,1755331547,39959bed
1914619278565804800,大左看手机哈哈哈,2728.618,1755331603,39959bed
1915193156341953792,现在ai就是一个全领域博士只是专家。他只是没有真实世界的更多样样本数据,2569.108,1755400015,23dde82b
1915445346528739072,电脑病毒：我来看看怎么个事儿？,2576.487,1755430078,aa8cb2c6
1915986185612797696,“就没电了”哈哈哈哈哈哈哈哈,2591.443,1755494551,cd971f7f
1916852564402818816,江湖不是打打杀杀，江湖是人情世故wu～～～～～～,2764.246,1755597832,ebcfcea3
1919268751279502848,这只能证明如今的AI还不聪明，还不智能，难道AI技术不会变得更厉害吗？,2612.277,1755885864,8ff620f
1921321382714216960,信息熵大,2841.927,1756130557,c8faf44f
1922681235663422464,如果AI真达到这个高度，那AI就不是AI了，人类也危险了,2697.724,1756292664,bc17ebe1
1926387262783289344,人类作为个体，生命体验是有限的，而ai作为更高级的文明，或许会不会被我们想的太简单了。,2771.566,1756734456,d0244f28
1928566961126791424,他说的太绝对了，ai技术刚刚起步，未来的发展是不可预知的,2749.14,1756994297,cfd3a899
1928568074974780160,英文是孤立的好吧，中文是组合式的,2834.7,1756994430,cfd3a899
1952531056876225024,如果AI能够有自我意识和思想，AI就是人，人退为动物,2715.729,1759851040,3d553d69
1996732419327971328,中文很简单很适合其他民族学习 所以中国才会是一个多民族国家 并且从不排斥其他文化海纳百川,2835.006,1765120253,74ba3500
1999292041175421696,Ai man姐吗哈哈哈,2602.201,1765425383,e4630f95
2027802308762818304,这个观点好,2541.215,1768824072,8f58d927
2045095330529259520,这个想听很久了！,2795.731,1770885561,e6d149b0
2069023283827016448,AI可以创作，但是每个人有独属的成长经历，他创作的东西是独一无二的，所以替代不了个人,2739.673,1773737995,6b2b33d2
,,0.0,1775683732.8000336,
lb.c,,0.0,1775683732.8000336,
,,0.0,1775683732.8000336,
1895737617359016192,哈哈哈哈,3218.723,1752993544,a4557f7c
1895737713425355008,但是中文商务场合也会这样，中文也有客气和礼貌,2976.263,1752992710,5866b398
1895737727702765824,但是中文之前也这样，白话文运动时就有胡适“干不了，谢谢”“才学疏浅，恐难胜任，恕不从命”的案例,2975.656,1752993017,5866b398
1895737820195557632,哈哈哈 我第一遍也在疑问 你不是医生吗  结果发现卡在了中文上哈哈哈哈哈哈,3227.366,1752997558,fbf64f60
1895737998369591552,好喜欢伦儿讲故事,3143.561,1752999620,7b5f275c
1895738106876236032,伦的冷知识好多哈哈哈哈,3121.118,1753010691,450eca7a
1895738131496800512,英语四级准备,3180.027,1753009480,8fd891b1
1895738136966172928,德语出来说话,2889.523,1753008855,47376c28
1895738139700859136,日本文化有些过于客气了，反而成负担,2979.348,1753006769,13ee2db9
1895738374950981888,日文的语法结构太麻烦了,2947.238,1753012693,58c62de
1895738385889726720,语言环境真的非常重要,2880.638,1753014675,c0184399
1895738605637701888,哈哈哈，西语信息密度太低了,2887.48,1753021179,913778e0
1895738888291848448,和语言背后的语境文化有关的,3004.846,1753030941,5404f33
1895738956675780864,日语真的，可能是因为日本人很容易不安所以很喜欢叠甲,2968.764,1753036550,7a1afabc
1895739047859949824,伦儿个学霸知道的可真多啊,3138.994,1753066617,91850ea9
1895739281281356032,这解释也是费劲，中文六个字解决：有根源无系统。,3165.086,1753078062,1ea53aa5
1895813671943725312,说英文是因为没学过其他语言hhh,3058.228,1753089800,18de2fc4
1895885303986710784,七月八月是纪念凯撒和屋大维硬加进去的我记得,3103.283,1753098340,db27ad6e
1895963615233216000,月天~~~~,3088.264,1753107675,bb240a6
1895984463582683136,伦儿好棒！,3141.672,1753110160,692c8ed6
1896199650127027712,Medium well steak,3202.601,1753135813,74e59e26
1896307962851638528,Mayday！Mayday！,3084.608,1753148725,b748a01c
1896408715746876416,原来如此，怪不得烷烃的英文名是这样命的,3130.385,1753160735,30eb9777
1896433111504550144,月份的英文在西方文化中也算是历史文化的体现,3081.902,1753163643,a076c47d
1896450535448673792,杨迪太有意思了,2936.319,1753165720,9ec95bfa
1896482053151608320,文化语境不同,2926.889,1753169478,130b1ee9
1896482757568255488,看过日语邮件的结构 那是真含蓄啊 好像说“不”是天大的错,2948.052,1753169562,130b1ee9
1896753204394875904,店家不想给别人用，为什么还要设置自己的店名为WiFi名啊，这样每次都解释多麻烦,3049.958,1753201801,2677cf4c
1896946225677535744,是凯撒和奥古斯都加的7月和8月打乱的吧,3129.064,1753224811,a5fb62e5
1897250225970898176,而且13月 和 星期八这种说法 他们只能重新创造一个词,3115.972,1753261051,c5e94360
1897407157516052224,就像知道奶奶的礼物用俄语怎么说，真的那么长吗,2896.574,1753279759,d849b843
1898582067882162432,日本人说一个句子 一半都在委婉,2941.965,1753419819,76036370
1898588868694397440,敬语地狱,2954.96,1753420630,a18ccce
1898590585045603584,这个是历史上的语言融合因素吧,3060.517,1753420834,a18ccce
1898665512134126080,说普通话久了会忘记方言,2905.249,1753429766,b0850c04
1898850951616771840,为什么要留下殖民的痕迹,3157.268,1753451872,ef8bd67d
1898937681158312448,还有星期,3074.909,1753462211,b465622b
1899312426064304384,中文好比压缩包,2881.612,1753506884,714d1f13
1899359596045350144,哈哈哈哈京都人,2942.526,1753512508,48caf715
1899668818784674048,这是人为的，任何国家要是愿意这样，也能在表达一个简单含义时去延申自己的句子,2968.119,1753549370,395ce43e
1899936646569887488,还有星期。日语也要再背一次,3072.627,1753581297,ae954710
1900498638082942464,懂日语的可能会懂吧 真的巨长一段,2997.345,1753648292,8205cc06
1901004936989475584,其实赖赖的发言都挺有信息量挺好的,2962.898,1753708647,2c9403ee
1901005262887011072,好温柔啊,2994.395,1753708686,2c9403ee
1901007210696225280,日耳曼人,3145.006,1753708919,2c9403ee
1901007274919789824,棒棒,3148.423,1753708926,2c9403ee
1901007503156656384,原来如此,3165.412,1753708953,2c9403ee
1901007627769515776,很详尽诶 原来不知道,3169.51,1753708968,2c9403ee
1901036066467942912,唉确实会有些容易导致内耗,3036.179,1753712358,c35a3236
1901601973363943680,中文是象形文字发展来的,3076.554,1753779820,92f8c01f
1902328538762730496,反了,3049.595,1753866433,89ed58e
1902903884662556160,一个Wi-Fi都这么抠啊,3030.227,1753935020,96f86921
1903773304859711744,非常容易不安的日本人,2947.431,1754038663,5eebbb86
1904212771181454848,主谓宾主系表的顺序是一样的,3210.693,1754091051,4213efaf
1904516264131825920,正常吧,2882.476,1754127230,3e5e834
1904516761693761280,哈哈哈,2941.821,1754127290,3e5e834
1904516806791007488,晒伤妆,2947.196,1754127295,3e5e834
1904519028052442624,混了是吗,3179.667,1754127560,3e5e834
1904710780163548160,你习惯了，完全没问题,3083.008,1754150418,1606bf27
1906026731576451328,这个确实有点直接了，中式中也确实可能存在这样的,3018.666,1754307292,c8137052
1906684917807754240,英文比法文容易,3070.951,1754385754,1327ee61
1907637741270252032,呜呜呜英文里器官名词和病的名词和相应科室名词真的大部分完全不一样，太痛苦了真的完全不一样,3237.084,1754499339,ff8d4f0a
1907900244344148736,？我们大学老师都说英文天生自带逻辑……,3046.075,1754530632,21c98764
1907939231465567232,哈哈哈哈哈哈集合,3078.613,1754535280,27e7f95a
1908208058292258560,日本好累,3042.943,1754567326,d8a8f583
1908238397278553600,想委婉也可以委婉呀。只是大家觉得太装不那么说了,2986.636,1754570943,a4b37ddf
1910303699142508800,所以我总觉得他们说话烫嘴？,2905.236,1754817146,664d29dc
1910306040881807360,忍。哈哈哈哈哈哈哈哈哈哈哈,3034.062,1754817425,375127a9
1910306198109537280,濑濑刚来时候的梗,3034.062,1754817444,375127a9
1915449847520377088,动物名+肉表示某种动物的肉。这是几千年沉淀下来的智慧,3051.605,1755430615,aa8cb2c6
1915991236444326656,萨沙好搞笑哈哈哈哈哈哈哈,3217.489,1755495154,cd971f7f
1916226599335198464,donde donde,2931.706,1755523211,41d23346
1916228677268589568,wow,3173.682,1755523459,41d23346
1916315156007532032,前面的，除了没有小贝拉逻辑,3181.139,1755533768,299590f4
1916619295518292480,哈哈哈哈哈哈哈,2919.677,1755570024,51f2909e
1919962561386910208,不安,3011.16,1755968572,3bd57624
1920500537993289984,这个就是我想吐槽的，英语的日期真的好难记,3060.432,1756032704,7b3cb016
1923466522425711872,伦儿才是真正的博学学霸,3150.234,1756386277,a82a2ebb
1929348917360019200,其实中文更没有逻辑，就是你想怎么说都可以，主要就是看积累量了,3057.608,1757087513,467053b4
1932308120081196032,我第一次在国外吃牛排 说五分熟 five，服务员大问号,3201.353,1757440278,52ac390e
1938326182697830400,对对对，这个很麻烦,3032.573,1758157687,69dfa122
1944620545828698368,10个月 那年都要过错,3124.155,1758908033,1875fd96
1960152989767726848,词源太多，还要混着不统一,3101.673,1760759645,7bf5ae5
1960315171222860288,商务对话,2985.653,1760778978,99cb8cc6
1970391830956991744,英语学渣产生了一些不好的回忆……中文换个字就能表达清楚的事儿，在英语里面要挨个背单词,3201.922,1761980210,f517d2b4
1971032280625968128,这不叫逻辑，这叫历史渊源，如果英语本身有逻辑，他就该根据自己的语法规则来解释这些东西，而不是照搬别人的,3173.232,1762056557,9574db04
1986522542408234752,著名“星期八”哈哈哈哈,3064.179,1763903140,2a9d92f9
1988680519910594304,好可爱的语气啊,3211.732,1764160391,c847ffba
2015997122545654016,凯撒大帝修改了历法，十个月变成12个月,3118.741,1767416784,ae954710
2029776380103077120,都去店里吃饭了还不让用WiFi确实不厚道,3021.134,1769059400,361d239
,,0.0,1775683732.8000336,
lb.c,,0.0,1775683732.8000336,
,,0.0,1775683732.8000336,
1895737449360363776,哈哈哈这个音效,3434.307,1752989690,dd38837b
1895737554259906816,汉语自带超链接,3502.689,1752990382,7e894dc7
1895737698191642880,英文不是也有一些语气词吗,3463.7,1752993765,534bf33e
1895737702964760832,现在小孩学典故也是这样的,3515.271,1752993777,5866b398
1895737848280617216,所以他们上大学贵的要死,3301.863,1752995548,136254b6
1895737891691663616,如果目标是跟人勉强交流的话，很简单,3388.746,1752996103,7864b331
1895737902630408448,哈哈哈哈哈哈,3542.495,1752996835,e868d6e6
1895737928165331200,对啊对啊，本来就是啊，所以那些鼓吹国外如何教育平等的，本来就是扯别的，首先连语言就是不平等的门槛很高的,3270.78,1752996508,e868d6e6
1895738086819074304,感觉我和听英语一样,3398.682,1753007529,2f987c3c
1895738104141549824,我听英语听力也这样,3398.818,1753008039,fbf9b322
1895738124207100160,这里应该是well,3591.94,1753002948,90a344d5
1895738260068995328,语言浓缩ww,3415.286,1753013167,58c62de
1895738461571748096,亚洲语言普遍是这样的，主要还是大中华地区辐射,3581.0,1753014800,b345a1e6
1895738525392277760,我也发现了这个问题,3257.235,1753015917,6ee65ea5
1895738653964472576,此处BGM已经日本风格,3569.688,1753025562,226099f9
1895738823556960512,太where了哈哈哈哈哈哈,3558.444,1753026489,8ad6ba0b
1895738935712649472,我感觉老王就这几期非正下来汉语都有进步了,3428.469,1753027972,8d665d98
1895738962153541888,其实我现在在英国生活，无论是跟哪个国家的人说话，我经常回答嗯，他们都可以听懂，真的很方便很中文的表达,3471.945,1753054895,973da82
1895738991337509120,前面啊？的点在哪里？？,3505.733,1753067454,43cb6c93
1895739004096581888,我也才知道,3285.669,1753033782,d5c5e535
1895739009565954304,哈哈哈哈哈哈哈哈哈哈,3317.609,1753068397,f7934ca3
1895739326890217728,成语是超链接，所有熟语俚语和歇后语才是压缩包,3537.481,1753078668,1ea53aa5
1895809281815646464,最惨的是日本人，在这些基础上还要翻译成片假名背,3285.983,1753089277,d2fc1204
1895891365066548224,汉字自带压缩包超链接,3506.18,1753099062,1eeaccb8
1895906708459891456,哈哈哈哈哈哈哈哈哈哈哈哈,3542.014,1753100891,8223018c
1895917280982994176,弹幕呢？,3380.471,1753102152,4365b2b7
1895937886776867584,戴卢可是佛拉芒人,3461.641,1753104608,be52f108
1895945065151751424,1,3469.14,1753105464,83719079
1895974459136292096,老王这个手指的动物太萌了哈哈哈哈哈,3368.702,1753108968,c5fcbd94
1896736230398801920,迪伦想介绍哈哈哈哈哈哈,3285.135,1753199778,b9816bbd
1896738375130942976,哈哈哈哈哈哈哈哈哈哈杨迪太有梗,3552.143,1753200034,b9816bbd
1896773498131941888,不想听，不想了解医学法学这类太专业性的东西,3330.832,1753204221,b176604b
1897146857139167488,吧 吗 哦 ,3449.353,1753248729,35645b71
1897148948762767360,中文常用字2千～三千字，医学法律都能看懂（每个字）英文你得重学,3300.605,1753248978,729e3ab7
1897240958723524864,他是整形医生,3245.183,1753259946,c05066cc
1897344309032788992,HHHHH,3548.929,1753272267,e724095e
1897353674855129344,老王的汉语是靠“百家饭”成长的啊,3413.629,1753273383,d403eb94
1897959016110826496,我感觉日语表达比中文更模糊，但欧语系应该比中文清晰,3481.107,1753345545,9cdf46e6
1898037661450136320,没有语言是难的，融入当地都很容易学会,3360.179,1753354921,6ba6f998
1898147251440773632,学医的英文巨长一个单词,3249.832,1753367985,33c2f0de
1898595100549340416,yeahhh和“え？”的洗脑率也很高,3442.216,1753421373,a18ccce
1898595474438069760,好的，收到,3466.201,1753421417,a18ccce
1899889882369721088,然,3577.428,1753575723,3e3ca627
1899940569846165248,英文里的humm不就是这种意思吗,3483.17,1753581765,ae954710
1900248293867858176,看吧~,3476.886,1753618449,1bd801ae
1900268259098969856,大学学心理学法学，专外学的人想死，开卷我都累死，必须背一些，不然翻都翻不到,3309.209,1753620829,68efaa5c
1900386229888349440,害,3588.413,1753634892,33977ab
1900504034642194432,而且现在还在一直造新词 网络迭代也很快,3536.387,1753648935,8205cc06
1901038009001065984,确实，会有专业壁垒,3267.74,1753712590,c35a3236
1901043281199645696,整形医生不背专业医学词汇吧,3248.477,1753713218,ae954710
1901055028312566528,嗯 用英语的yeah 不行吗,3513.992,1753714619,bba3e7b3
1901699298253806080,哈哈哈哈哈哈哈哈哈,3555.241,1753791422,bb1af361
1902215296740708608,中文一个哦～～～能表达很多意思,3489.451,1753852934,167a1194
1902491000623422720,生物学全是拉丁语,3260.405,1753885800,59b380d7
1903115360002498048,汉文人点了,3530.814,1753960229,95e70b5d
1904402415873511680,哈哈哈哈哈哈,3438.59,1754113659,6327891d
1904520475078927360,我也想听伦儿讲历史,3336.829,1754127732,3e5e834
1904713978178131968,你会不会说重要的是环境问题，像我现在的应试教育，会看和阅读英文，写和说就很差,3417.528,1754150800,1606bf27
1904714897275852288,很多更复杂的，很多中国人也不知道,3523.445,1754150909,1606bf27
1904715420767052544,不就是看语气的吗,3577.83,1754150972,1606bf27
1906688697462662912,小姐姐英文很好好听 不是脖子右柠哈哈哈,3466.311,1754386205,1327ee61
1907359113126774016,粤语无障碍～喺！,3563.437,1754466124,d9a3acb1
1908669758451742720,还有古希腊语,3297.211,1754622365,f41917e3
1910307226334185216,让伦讲下历史,3294.697,1754817567,664d29dc
1915992112592547840,我想听伦说,3296.419,1755495258,cd971f7f
1915994372726802176,四姐reaction好棒,3542.21,1755495527,cd971f7f
1916230844314519808,语言还是要在环境中学,3421.751,1755523717,41d23346
1919282737379220480,匈牙利语也非常难,3351.111,1755887531,8ff620f
1920520378267664128,意群,3403.007,1756035069,99536495
1921097014738263808,陈铭老师说的吧,3438.683,1756103810,bc1232f7
1921950390136930304,就跟中国的好字一样，有时只是表示听到你话里的信息而已,3576.112,1756205540,91f228fb
1926835259497439744,经常看着看着觉得他们几个老外把中文说这么溜好厉害,3412.989,1756787862,b97e7a27
1938829039104673792,笑死我了，这句话谁说的？,3434.256,1758217632,c1c7a66
1996737031745336320,并非,3352.126,1765120802,74ba3500
2011293092187681536,哈哈哈和我对日语的感觉一样，，，呆了10年多 后面觉得是没有尽头的,3529.002,1766856020,1bdc989c
2012585087044033536,这个确实 日本的法律和医学基本是学习德国 舶来词也是基本用德文音译,3321.095,1767010038,83537bde
2018529617530469888,秦嗨汉诺,3562.248,1767718681,a29de8f8
2021310047682553600,是的,3262.826,1768050134,9ae24a60
2035768047671333888,法律也是一样的。中国法律也一样,3275.017,1769773662,f466f7d8
2038743529190839040,先学字，以字正音，阿拉伯人有这个意识，所以他才能学这么快，欧美人完全没有文字的概念，所以觉得中文最难,3384.196,1770128367,7966ad44
2038746329182394624,表情语言，本来也不用翻译,3590.184,1770128701,7966ad44
,,0.0,1775683732.8000336,
lb.c,,0.0,1775683732.8000336,
,,0.0,1775683732.8000336,
1895737386328363264,哈哈哈哈哈哈,3617.105,1752987469,882cd619
1895737509229859072,哈哈哈哈哈哈哈哈哈哈,3676.144,1752989498,59dfb4d2
1895737583057998080,天啊，67个字母组成,3637.073,1752989336,eb069b0d
1895737632492065024,来个短的,3853.378,1752993748,6cf1571
1895737693435302144,哈哈哈不许总结,3609.164,1752993497,6cf1571
1895737816580067584,这里字幕错了，表音文字,3890.122,1752995204,5579ad8f
1895737979226788096,这一季字幕太多错误了，怎么回事啊，中文外文都错,3896.211,1753006124,aab7b18b
1895738066770301184,日语和韩语是不是也是？只要会拼都会读，但是意思得再记,3906.105,1753001542,545954c8
1895738087733432576,哈哈哈哈哈哈哈哈哈,3845.99,1753000556,7b5f275c
1895738152468320512,哈哈哈哈哈哈哈好可爱,3651.946,1753012041,d93d12d4
1895738180737929472,巴别塔,3742.261,1753008044,a62ceb35
1895738275562754304,英文就有刚刚说的英法问题导致逻辑混乱,3943.0,1753015298,b345a1e6
1895738327530180864,日语是半拼音，保留部分中文,3886.0,1753015152,b345a1e6
1895738332093583616,象形文字就是比拼音文字要方便的,3886.0,1753015173,b345a1e6
1895738336648597760,所以传播效率很高，且没有文化断层问题，所以逻辑一直能保持,3943.0,1753015269,b345a1e6
1895738357620117760,想起之前看的用各国语言唱知否。到俄语就跟念咒一样,3849.285,1753016974,910793e9
1895738458845450496,啊啊啊最喜欢听大家聊各语言的特点！这是我当年看非正的初心,3614.056,1753016407,a354f0d2
1895738658519486720,愚者无畏也是一个压缩包呀，它不是常规的意思，俄语也可以生成一个压缩包,3826.746,1753025972,fe92a296
1895738785262964992,哈哈哈哈哈哈,3817.962,1753023551,ef8f951e
1895738933883932928,头晕了,3644.316,1753035085,13a0d4c4
1895738979476017408,确实，看小Q联合国的时候同传俄语的信息密度好低,3838.236,1753041245,cdfc31da
1895739066096783616,哈哈哈哈哈有意思,3612.271,1753067134,91850ea9
1895739104407556352,突然想起之前埃及代表穆小龙的名字也很长,3658.216,1753041498,4e76690
1895739162750324992,尼采：事情没有对错 只有视角不同,3726.186,1753073245,cb0b74b0
1895739177338114304,哈哈哈哈哈大家注意有位烫嘴的德国人要来啦,3629.774,1753067187,91850ea9
1895792428078861312,还真是,3941.511,1753087268,3a31dcb7
1895853082563739136,好漂亮啊,3705.421,1753094499,dc02669c
1895873710125642496,湖南话“搞”也有好多意思。,3601.591,1753096958,29a218df
1895907346799683328,翻译是代表自己翻译的,3697.145,1753100967,d0a706e0
1895978079743661568,decode（语言学人惊坐起,3717.032,1753109399,c5fcbd94
1896108421095192320,姐姐的专业和今天的话题好适配，语言差异,3706.185,1753124937,7388c77a
1896515341271146240,我喜欢这个话题，有意思,3616.444,1753173446,b99d4a1f
1896518162234223872,信息熵,3876.963,1753173782,b99d4a1f
1896543132645330432,这颜值，太好看啦！！！！,3695.311,1753176759,832cc876
1896780626377012736,不动产超级抵押,3636.607,1753205070,1f9c8d2e
1897154366721285632,我又要骄傲了，联合国文件里，就属中文那本最薄（叉会腰）,3813.058,1753249624,729e3ab7
1897941956827989760,都在酒里了,3865.043,1753343512,8b93c9d9
1898002374233537280,好像现在学校初学英语不给学音标了？,3917.24,1753350714,2a453a04
1898102017021935872,满分5,3789.416,1753362592,b29ebb7b
1898156268347363072,我记得我初中那会有学音标 但是不会重点去考,3923.454,1753369060,33c2f0de
1898512243499875328,大左表情笑死我了哈哈哈哈,3865.395,1753411495,4b7d9bf5
1899331643441710592,哈哈哈哈哈哈好可爱,3679.808,1753509175,1091612d
1900180799328848384,确实像吕一,3719.965,1753610403,115a0075
1900386773294106880,不对不对,3653.208,1753634957,33977ab
1901012436203785984,强行闭麦,3615.255,1753709541,2c9403ee
1901013060701833216,字幕乱回了,3657.418,1753709616,2c9403ee
1901170929900720384,还确认下对不对哈哈哈哈,3831.848,1753728435,aa15251e
1901171333829032960,给陈铭总结累了,3859.411,1753728484,aa15251e
1902159930518213632,六书,3947.484,1753846333,705b52ba
1902331185083402240,大学选修语言学讲过这个区别,3951.181,1753866749,92f8c01f
1902335700813538048,分析语,3890.528,1753867287,89ed58e
1903671238854313216,大学老师也一直强调要用外语的语境去理解外语不要纠结于对应中文是什么,3741.737,1754026495,b7a9b2eb
1904763067708153600,萨沙真一点口音没有啊,3759.038,1754156652,ddee2dcd
1905858903875679232,梅丽莎中文好好,3688.86,1754287285,7becfa2e
1906691517007991808,德语也是,3801.725,1754386541,1327ee61
1908906630024663808,俄语∶入门即入土，但不得不说俄语听起来是真的好听,3783.319,1754650603,43d421ca
1913917196015940096,法语也是,3808.423,1755247909,62e4d313
1915995900275556352,好喜欢梅丽莎,3713.265,1755495710,cd971f7f
1916030022574273280,语言的背后是思维逻辑,3695.995,1755499777,272ec1ba
1916079700078810368,忙啊，忙点好啊（doge）,3835.762,1755505699,746f4806
1916625392777953536,很有意思这趴,3621.459,1755570751,51f2909e
1920356151963837440,韩语就是,3912.685,1756015492,954b058c
1920523017751516672,专业的来了,3686.052,1756035384,99536495
1920524371614198784,对!!!!!!,3843.108,1756035545,99536495
1921484775709746688,又美又有学识，太厉害了姐姐,3711.137,1756150034,d0352b3
1921487725823974144,标注拉踩还是没必要哈哈,3945.676,1756150386,d0352b3
1924956553183220992,俄语语法确实难,3781.888,1756563903,e498a6f4
1928311481842799872,我怎么看到了autumn,3673.982,1756963841,272b951b
1929831823954261248,终于说到重点了，一维语言与二维语言,3932.368,1757145080,df7cc456
1937964820096246784,及格了,3795.295,1758114609,ea665755
1940204146955817728,这段话题讨论味道对了！！,3623.895,1758381557,add21500
1947129987367245056,萨沙有口音的，东北口音哈哈哈哈哈哈,3767.265,1759207182,ecb24fe1
1954999544181936896,我们是造字，其他语言是造词，我们是组词,3892.371,1760145306,fb6e727e
1960973806940170496,还有俄语的字感觉都一模一样233,3802.199,1760857494,8b1c7d51
1965271622538264320,字和词不一样啊，汉语的词能数清吗,3769.495,1761369833,b509e6de
1966180469729066752,对的，中国还有很多种方言呢，都是文化,3734.607,1761478176,33978299
1983664562083361280,老王的哇太可爱了,3664.275,1763562443,c53f17b0
1985149511878330880,陈铭没有总结的终究还是要来的,3681.241,1763739462,55203a50
2004619822436624640,上文言文,3868.638,1766060504,ffa3828d
2038747074585654784,这更像造了个固定搭配短语，而不是单词,3646.077,1770128790,7966ad44
2057933376119917312,好漂亮,3689.333,1772415975,dc69dd68
2072056217312398080,母语是汉语好骄傲啊,3882.558,1774099549,f82fb2da
,,0.0,1775683732.8000336,
lb.c,,0.0,1775683732.8000336,
,,0.0,1775683732.8000336,
1895737662774939904,再次安利陈老师的有聊，想了解陈老师对一些话题或者事物的看法的一定要看,4023.906,1752994396,534bf33e
1895737685701005568,俄罗斯女排功勋教练卡尔波利,4271.389,1752994558,7b2fe900
1895737697243730176,俄罗斯队那几年发挥起伏很大，拦防水平下滑了很多，换谁谁都得生气，卡尔波利老爷子不生气才怪了,4283.614,1752994661,7b2fe900
1895737894426349824,还真想听下去,4177.285,1752997978,c7bc6e63
1895737925430644992,不想听,4197.99,1752997336,ca646aae
1895737966459326720,哈哈哈哈哈 我开始逐字学习  doge,4196.912,1752998636,fbf64f60
1895738073137254656,中文是超链接语种,3984.747,1753006704,39499903
1895738140615217408,哈哈哈哈哈哈哈哈哈哈哈哈哈哈哈哈哈哈,4310.057,1753009910,259fe52
1895738233619714304,陈铭老师还想听！,4182.484,1753007774,53b79af0
1895738266444337408,的确，中文很感性,4124.538,1753015157,ef682fb2
1895738305652691200,这个好有意思哈哈哈,4208.39,1753014222,b1b00e21
1895738500780101888,man,3975.847,1753018973,f4eb18b5
1895738511718846720,音译在中文里很少见的，因为我们几乎啥都有对应的,4145.0,1753015534,b345a1e6
1895738631164236032,所以中文真的很美,4112.951,1753025099,a7349199
1895738649401069824,喜欢听陈铭老师说,4192.35,1753025462,105f8ab8
1895738683140051200,粤韵风华请你来学,4228.784,1753024098,99272c49
1895738787997651200,语言这个可以多出几期,4134.263,1753026762,d6bfe3aa
1895738869149044992,偏误,4027.411,1753027772,838e3436
1895738996798492928,哈哈哈哈哈,4203.489,1753035239,187c324
1895739035092488448,还想听,4147.312,1753067760,91850ea9
1895739036006846720,喜欢陈铭老师这期的总结,4148.159,1753035184,187c324
1895739102570451200,哈哈哈哈哈哈哈哈哈哈画,4154.529,1753069234,f7934ca3
1895739191011545344,Hahahaha ,4072.191,1753068882,8c10ef2b
1895793939530218240,嗷～都是……   太地道了萨沙哈哈哈哈哈,4258.574,1753087448,d8c0c6fa
1895917244123625472,希望陈老师说完，简直是精华部分哇,4200.455,1753102147,7d881d54
1895984355831034368,白帝圣剑，御剑跟着我,4280.148,1753110148,25b891ad
1896017901253990656,优先使用枝丫哦,3982.02,1753114146,487f1d6
1896022503672487424,这里也有佛（,4070.515,1753114695,698bab0d
1896322597734351360,中国诗真的作为一个中国人很骄傲，太美了，意境美，有的读起来也美,4105.965,1753150469,996c2fe2
1896460121219883008,好像是这样,3981.646,1753166863,9ec95bfa
1896520846001502976,但是这个总结我喜欢，涨知识,4086.27,1753174102,b99d4a1f
1896521961702968320,还想听，再说个五块钱的吧,4156.119,1753174235,b99d4a1f
1896676574695453952,普希金,4263.726,1753192666,54d3f224
1896725566901062400,哈哈哈哈哈哈哈哈哈哈哈哈哈哈哈,4310.07,1753198507,22445c1f
1896730106723395328,哈哈哈哈哈哈哈这期太有意思了,4209.816,1753199048,9cb4590f
1897010015916183808,对对对跟机关枪似的整个赛场都能听到,4272.545,1753232416,d539e6d1
1897077275255051776,哈哈哈哈哈哈哈哈哈,4190.698,1753240434,3c157400
1897174036765635072,陈老师的总结太棒了,4168.585,1753251969,edbe14cb
1897392318966345984,或许是“道”，但也确实不完全一样,4138.271,1753277990,bbeae81b
1897423909876315136,语言都基于一定逻辑啊，像一个公式往上套，怎么没逻辑了，汉子的构成组词都有逻辑思维啊,4200.979,1753281756,d849b843
1897862636431858688,没听够哈哈哈,4177.458,1753334056,c7d94c30
1897882039651485952,鸟语花香,4319.548,1753336369,5e6db3f9
1897898935013042688,可恶啊这次刚好是我感兴趣的话题,4161.582,1753338383,47a0e8bd
1898160146023362048,这点我作为留子真的深有体会 写英文论文的时候真的是一连二 二连三的感觉 不然会扣分的 但中文很少直接表达这么明确的,4143.613,1753369522,33c2f0de
1898164993313185792,其实古人造字也走过这条路，比如光马就有一百多种，骢骊骓骏骥骁，后来发现这样下去不是个事儿，太麻烦了,3975.043,1753370100,a725bfc4
1898638624019697408,我还没听够,4148.66,1753426561,71afd37d
1898787820446409728,反而英语会听就能拼写出来,3998.591,1753444347,636af638
1899369447870135552,涡轮苏卡！,4306.429,1753513682,3873c0bd
1899754244643268352,我也特喜欢听,4184.346,1753559553,a03bc12f
1899892586974535168,萨沙,4214.495,1753576045,3e3ca627
1900097116832440064,可恶，真的回味无穷啊，陈老师你再讲会儿吧,4169.039,1753600427,664e896
1900296271730859520,哈哈哈哈哈哈哈,4317.511,1753624168,cd73212b
1900392088978706688,笑鼠了,4276.249,1753635590,33977ab
1900392259451958016,太好笑了哈哈哈哈,4296.513,1753635611,33977ab
1901016738342964736,中文是体验,4037.216,1753710054,2c9403ee
1901019576444265728,过分了过分了,4306.717,1753710393,2c9403ee
1901803584791174912,一点也不短，(◐‿◑)﻿,4062.857,1753803854,f40bc1cc
1902041048625348864,不是道，更像理,4143.516,1753832162,18259142
1902331840049217792,感觉中文好美啊，艺术,3990.092,1753866827,92f8c01f
1902332906249409792,中文是瑰宝,4117.378,1753866954,92f8c01f
1902468908746143744,下次是什么时候,4190.613,1753883166,23568bd4
1902949917157764864,言有尽而意无穷,4173.006,1753940507,ca017a5
1903624783280088832,喜欢这个总结！,4097.385,1754020957,f0de91b3
1903829280824533504,我也喜欢看总结,4089.384,1754045335,5f529759
1904583630937199616,赞同，中文逻辑不严谨，甚至会出现颠倒黑白的情况,4118.207,1754135261,b6ee8bbd
1904685207156790528,西班牙拿铁,3995.688,1754147370,7bcfa025
1904719537870318848,中文里面的山有很多很多种,4043.343,1754151462,1606bf27
1904720340727399936,是的，我们中文文字逻辑不强,4117.347,1754151558,1606bf27
1905164537058565632,主持人就是控场的，时长要他负责控制的，没办法的,4223.159,1754204510,630e768b
1905314751845161728,元素周期表,3987.742,1754222417,2eb47862
1905861314233136128,陈铭懂得好多,3967.821,1754287573,7becfa2e
1905869100798891776,你们要聊这个我可就精神了,4216.222,1754288501,acf5d39a
1906539827319374592,哈哈哈哈,4241.001,1754368458,58d57e1c
1906540589273325824,哈哈哈哈哈,4310.782,1754368549,58d57e1c
1906688755184680448,桶装水瓶装水.v,4007.948,1754386211,819e3004
1907523442576883968,绝了,4169.636,1754485714,f5dd2f0d
1907644947604512512,等红灯是在等绿灯,4082.438,1754500198,ff8d4f0a
1907980387771732224,苏卡起手23333,4316.445,1754540186,e06c8437
1910170930404237824,圈粉le,4176.937,1754801319,738a73b
1910230441924162816,陈老师唱了一段跳一跳,3992.914,1754808413,f1feee36
1914555673774369536,山峦峰,4041.505,1755324021,c8be969c
1914633198378391552,白帝圣剑哈哈哈哈哈哈哈,4283.877,1755333263,39959bed
1914709549752189952,太好玩了哈哈哈哈,4297.298,1755342365,7dd1e666
1915999561113992960,哈哈哈哈哈哈哈哈哈,4246.601,1755496146,cd971f7f
1916629292717141760,不会这集都是滴滴滴滴滴吧,4207.55,1755571216,51f2909e
1916847819730828288,老王对中文的运用很通感,4059.05,1755597266,b575b51f
1919200580753647360,喜欢的话题总是听不够，不喜欢的好长，譬如什么信息信息，看到就头晕,4182.566,1755877737,ab909100
1920259340867743488,哈哈哈哈哈,4082.777,1756003951,6fe7767c
1920526322502341120,如如不动,4063.914,1756035778,99536495
1921992866163510272,哈哈哈哈哈,4082.943,1756210604,82b54504
1928582631055161600,我不同意，山我可以解释为突出地面很多的土或者石头,4048.353,1756996165,cfd3a899
1929016966887768832,喜欢语言期,4125.882,1757047942,bd775eca
1929832194772670464,这就叫降维打击,3960.908,1757145124,df7cc456
1932317703025618944,哈哈哈哈哈哈哈哈哈哈,4305.693,1757441420,52ac390e
1937429935681908224,好喜欢陈铭老师的总结 学到很多,4147.093,1758050846,664fbc21
1937697910745701120,其实还是有点口音,4237.83,1758082791,aeeff0bc
1938017766129012736,你不是外国朋友吗？,4224.433,1758120921,bd77f5f3
1943402323418697728,我认为中文是活字印刷术,4043.986,1758762810,fe599c6c
1952092445781283584,苏子开头列字结尾,4254.784,1759798753,b1e41dca
1960114288949624320,我也看了那个视频！！！！俄罗斯教练太凶残了！！！你们可以去网上搜,4271.027,1760755031,6a7c628d
1970983019397520896,听不懂俄语，主要看表情和神态啊哈哈哈,4293.443,1762050685,f517d2b4
1987896814821010944,记笔记。,4214.037,1764066966,a87e4250
1992810780202441728,哈哈哈哈哈哈哈哈哈,4311.986,1764652757,b087944c
1998380675866813952,四姐咋回事，怎么剪这个发型了，还是长发好看,4266.798,1765316740,ffa3828d
2005918499490857216,还得是秦始皇,4012.384,1766215319,11aba778
2027816003223746816,logic,4125.294,1768825705,8f58d927
2035829821229662976,不垢不净，不增不减,4079.032,1769781026,f9735bbb
,,0.0,1775683732.8000336,
lb.c,,0.0,1775683732.8000336,
,,0.0,1775683732.8000336,
1895737401436246272,怎么可能放出来,4342.782,1752987653,5aaa7626
1895737677907988736,啊？不是爷爷辈吗？,4418.736,1752994538,591a47e1
1895737751501246720,哈哈哈哈哈哈哈哈哈哈哈哈哈,4437.159,1752993639,c76f245a
1895737760066015488,爸爸的哥哥不是大伯吗？大爷不是爷爷的兄弟吗,4416.924,1752994737,5866b398
1895737777631760640,那应该听不了泰勒斯威夫特的这首歌吧哈哈哈哈哈哈,4668.85,1752994975,534bf33e
1895737803896492288,老王大好人啊,4585.286,1752995672,ce21b857
1895737832879132928,哈哈哈哈哈哈哈哈哈哈哈哈哈哈哈哈哈,4627.772,1752994815,534bf33e
1895738113259966720,不愧美食博主，这都能跟吃的联系上,4448.927,1753008271,13ee2db9
1895738151553962240,哈哈哈哈哈哈哈陈老师,4623.234,1753004086,e967e3fc
1895738287424246016,哈哈哈哈哈哈哈,4660.359,1753013919,fbf64f60
1895738324795494656,不像演的,4542.675,1753011315,47aef417
1895738367652892928,哈哈哈哈哈哈哈萨沙,4524.058,1753014007,5041b929
1895738494396371200,哈哈哈哈哈哈哈哈,4648.252,1753020067,eabe6363
1895738752438341888,大爷就是伯伯的方言啊,4420.588,1753027986,302e2cd4
1895738870055014656,哈哈哈哈哈哈哈哈哈哈哈哈哈哈,4627.886,1753030164,ea25d4d6
1895738921124860160,鸟语花香,4334.495,1753038594,23ddeab7
1895738943002349824,我笑的不行了,4567.735,1753035604,187c324
1895739028708757760,那确实不好，癌症很痛苦的,4375.493,1753037991,7a1afabc
1895739033272160512,北方大爷就是爸爸的哥哥，还有些地方会叫大爹,4422.924,1753038056,7a1afabc
1895739051508994304,比利时，荷兰，不由自主地dudududu,4370.072,1753045018,cdfc31da
1895739054243680512,这期太好看了哈哈哈哈,4582.978,1753035619,187c324
1895739071566156032,全世界的趋势哈哈哈哈哈哈哈,4405.411,1753069485,f7934ca3
1895739076129558784,看来还是妈妈重要哈哈哈哈哈,4448.138,1753069527,f7934ca3
1895739088888631552,靠北不算？,4416.782,1753068705,d4e31129
1895739092537676032,笑得我肚子疼,4397.34,1753062755,928dfa68
1895739105305137408,是红大爷,4418.911,1753072489,63882395
1895739118072598784,哈哈哈哈 老王太可爱了,4587.157,1753061525,67cfac19
1895739125362299136,哈哈哈,4564.19,1753070523,86ed341b
1895739337812185344,哈哈哈哈哈不愧是学霸,4661.75,1753080270,928ebf4c
1895833647970618624,哎 闽南话林北就是 可惜唐大哥不在了,4408.122,1753092182,717a589b
1895902750144143360,这个还……,4321.524,1753100419,738625c6
1895907869804003328,本来就听不懂，那听不听得到又有什么关系呢，在公共场合说脏话本身就是不文明的行为,4360.674,1753101030,b41d23bf
1895908179586673152,哈哈哈哈哈不行了笑哭了,4388.324,1753101067,8e85fd5f
1895927466716137216,哈哈哈哈哈哈哈哈哈哈哈哈哈哈哈哈哈哈哈,4394.076,1753103366,4365b2b7
1895928548712294912,哈哈哈哈哈哈哈哈哈哈哈哈哈哈哈哈哈哈哈,4520.928,1753103495,4365b2b7
1895982829658685952,我也是,4675.5,1753109966,42cad9e5
1896001296768195840,哈哈哈哈哈哈哈哈哈哈哈哈,4677.235,1753112167,ee1f6f9b
1896400773932488448,哈哈哈哈哈哈哈哈哈哈哈,4598.659,1753159788,e1f0140c
1896512698288793600,跟我们见外了不是,4365.396,1753173131,6a042d86
1896514385674094080,老王又拿吃饭举例哈哈哈哈哈哈哈,4454.776,1753173332,272cb156
1896608734999507456,满意满意特别满意,4371.008,1753184579,6958d185
1896642155020717056,苦肉计哈哈,4590.242,1753188563,445a39f6
1896642936713124608,对对对,4676.515,1753188657,445a39f6
1896696260124513024,自爆型劝架,4561.628,1753195013,fc5c5aac
1896763454762194688,他们不会哈哈哈哈哈哈哈哈,4569.196,1753203023,b9816bbd
1896765768927379200,哈哈哈哈哈哈哈哈哈哈哈哈公费报仇,4542.799,1753203299,e8be185e
1897011300463673856,有带大爷的,4411.438,1753232569,d539e6d1
1897013120430860032,老王好吃的没白吃还挺有劲,4613.994,1753232786,d539e6d1
1897218638458098176,讲的好可爱呀哈哈哈哈哈哈哈,4468.158,1753257286,d9749c34
1897324740884846080,我也是,4678.681,1753269934,8693b549
1897363774932184320,想了解的可以自己找找一些俄的生活vlog之类的,4361.289,1753274587,d403eb94
1897426030323611648,哈哈哈哈哈哈,4387.518,1753282009,d849b843
1897430303178371840,陈老师梦开始的地方,4635.859,1753282518,d849b843
1898107734009310976,有的，闽南话里面的靠北就是,4409.048,1753363274,b29ebb7b
1898140754749313024,拉开了已经,4552.403,1753367210,9a457285
1898604176352239360,风和日丽，鸟语花香,4320.185,1753422454,a18ccce
1898604469584211456,这么长一段吗救命怎么还没完啊哈哈哈哈哈哈哈哈哈,4334.886,1753422489,a18ccce
1898827115965592320,大爷，不是大爷爷啊,4423.334,1753449031,1ffa9383
1899264598080031232,果然是美食博主,4449.549,1753501183,d04c374a
1899496872319092736,凉菜哈哈哈哈这个比喻,4441.171,1753528872,3820b86
1900043563572775680,到底是啥？好想知道,4348.134,1753594043,3ad68769
1900320971148192768,被带歪了，哈哈哈,4644.234,1753627112,968d7bd9
1900998015238881792,0帧起手,4521.96,1753707822,478a57e2
1901003546199856128,北方不说大伯，都是说大爷,4429.826,1753708482,2216f793
1901074396593528576,坑爹只是调侃 上升不到骂人,4438.056,1753716928,bba3e7b3
1901091973570498560,放出来吧，反正听不懂,4334.352,1753719023,18259142
1902337660274969600,哈哈哈哈哈哈哈哈,4604.007,1753867520,92f8c01f
1903081973443330560,哈哈哈哈哈哈,4535.647,1753956250,623dd44
1903082273570880768,哈哈哈哈哈哈哈哈,4568.091,1753956285,623dd44
1903781401921761536,其实有用,4589.383,1754039628,1ddd0afb
1903806233291993600,老王那么有力吗,4603.096,1754042588,29c7c55b
1903952397949739520,这个情节 解放西 看过一样的，哈哈哈哈哈哈,4560.019,1754060012,e1245ea0
1904516717376838400,因为妈妈是孩子的第一位老师啊！,4403.275,1754127284,9e41d483
1904530899417644288,哈哈哈哈哈哈哈哈哈哈哈哈哈你个感冒,4385.563,1754128975,3e5e834
1904530978748724992,和哈哈哈哈哈哈哈哈哈哈哈哈哈哈哈哈哈哈哈哈哈哈哈哈哈哈哈哈哈哈哈哈哈哈哈哈哈哈哈哈哈,4384.499,1754128984,3e5e834
1904532923857065216,没有妹妹呢,4492.766,1754129216,3e5e834
1904538811812607744,哈哈哈哈哈哈哈哈哈哈哈哈哈哈哈哈哈哈哈哈哈,4645.546,1754129918,3e5e834
1904722568506592768,不是，这有什么可防的呢,4341.418,1754151824,1606bf27
1905449384062253056,新疆好像也是,4496.703,1754238467,a48719d1
1905497931360905728,伊朗和俄罗斯打起来啦,4529.621,1754244254,c0863c00
1906542784094295808,哈哈哈哈哈,4559.017,1754368810,58d57e1c
1907526196715882496,哈哈哈哈哈哈哈哈,4523.519,1754486042,f5dd2f0d
1908679452259804928,xx日记,4362.117,1754623521,f41917e3
1908744384842053120,你们听不懂，别人听得懂啊，我就是学俄语的，很多人学俄语日语,4357.8,1754631262,6ba6f998
1909668420170398720,四个层次,4433.428,1754741415,d7fb52ee
1911359300216006400,哈哈哈哈哈哈,4447.784,1754942984,984e8387
1911359604252789760,太逗了,4455.784,1754943020,984e8387
1913398067118770176,马月！受到严格保护,4495.758,1755186024,e540d7cc
1914634620675197952,爸爸好惨,4409.305,1755333432,39959bed
1914635448362681088,老王好有意思啊,4468.254,1755333531,39959bed
1914637087353891840,陈老师好帅好可爱,4628.134,1755333726,39959bed
1916001994548683520,萨沙现在好有效果啊,4525.363,1755496436,cd971f7f
1916630927698902784,哈哈哈哈哈哈哈哈哈哈哈哈哈哈,4395.624,1755571411,51f2909e
1916852277454065152,骄傲的小表情,4513.962,1755597798,b575b51f
1918109775393509888,加长版都听不到,4327.512,1755747703,e10ac76a
1919292270814105600,三句话不离老本行。老王就是老王,4441.278,1755888668,8ff620f
1920360764641292800,大爷（轻声）和大爷（二声）是不一样的辈分,4424.525,1756016042,954b058c
1920530535504589824,苦肉计,4559.312,1756036280,99536495
1924962263669318912,确实,4378.913,1756564583,e498a6f4
1928317987325752320,爸爸不重要和哈哈哈,4437.715,1756964617,272b951b
1928473381473163008,陈铭老师哈哈哈哈哈哈哈哈哈哈哈什么叫你个感冒啊哈哈哈哈哈,4387.472,1756983141,27acc97c
1930119365563671296,关键有个俄罗斯妹子全能听懂，哈哈哈,4350.281,1757179358,5f57ee63
1932318721125803008,哈哈哈哈哈哈哈哈哈哈哈,4386.414,1757441541,52ac390e
1937685851845080064,肺结核我们叫痨病,4387.045,1758081353,748c3342
1937711880739083008,现在有了,4411.543,1758084456,e8f1e80f
1937713293271636224,以身入局,4575.73,1758084625,e8f1e80f
1946610506567641600,哈哈哈哈哈哈哈什么鬼，好搞笑,4396.361,1759145255,3a0f6945
1946616695774839040,毕竟母亲是生你养你的人，是个人都不希望。除非你原生家庭环境不好,4477.17,1759145993,eb269b47
1954247216982614016,就好像放出来我们能听懂一样,4348.708,1760055622,99c7f039
1967670342588077312,阿阿阿啊啊，我要听,4342.408,1761655783,eb09f285
1977879332269668864,哈哈哈哈哈哈哈哈哈,4648.638,1762872790,aedabb3d
1986532170919592192,想听啊,4334.675,1763904288,2a9d92f9
1993856239851235072,哈哈哈哈哈多少是有点私人恩怨了哈哈哈哈哈哈哈哈哈哈哈萨沙,4520.851,1764777385,ed5612f4
1996746304319704576,有的 中西部地区很多,4410.686,1765121908,74ba3500
1999494019419440896,盲猜第四个祖先,4482.623,1765449461,29cd0eb
2004628390627918080,老王男友力爆棚啊，华波波都有150 6了,4609.39,1766061526,ffa3828d
,,0.0,1775683732.8000336,
lb.c,,0.0,1775683732.8000336,
,,0.0,1775683732.8000336,
1895737548723425536,哈哈哈哈哈什么是我们不能听的,4749.619,1752990264,1549437e
1895737557581795584,来啦来啦,5024.737,1752990286,a1639211
1895737558689091840,哈哈哈哈哈哈哈哈哈哈哈哈,4902.274,1752991699,eb069b0d
1895737576405831936,哈哈哈哈哈哈哈哈哈哈笑飞了,4980.356,1752990608,39108e46
1895737633507086592,免礼免礼,5039.074,1752990708,59dfb4d2
1895737685701005571,哈哈哈哈哈哈,5002.412,1752993137,98f16374
1895737800272613632,哈哈哈哈哈哈哈哈哈哈哈哈哈哈哈哈哈哈哈哈哈哈哈哈哈哈哈哈哈哈,4982.027,1752995330,a4557f7c
1895737802998911232,万一听不懂怎么办,4874.018,1752994933,81bc2129
1895737948222492928,什么梗？,4748.329,1752998164,d6922fe2
1895738125113069824,就这个湖北味正宗,4711.305,1753011041,7a763aee
1895738285595529472,双板确实可以倒着滑,5008.25,1753011373,43686648
1895738620225491200,哈哈哈哈哈哈哈哈哈,4984.609,1753022510,65fd9e50
1895738757907714304,太损了,4985.149,1753022518,65fd9e50
1895738832675377408,来来来来,5036.598,1753027077,8a513c81
1895738966708556032,太可爱了超超,4747.358,1753060176,4f7b0147
1895738992243478784,就是歇后语,4867.877,1753034556,c7bc6e63
1895739080684572928,哈哈哈哈哈哈哈哈哈哈,4918.722,1753069998,f7934ca3
1895739131746029824,哈哈哈哈哈哈哈哈哈哈哈哈哈哈哈哈,4994.089,1753062512,3bd1c757
1895739196480917760,这段发出杠铃般的笑声,5030.092,1753075104,28ad2a59
1895739201044320512,斑马斑马，你回到了你的家,4704.204,1753075169,c2cf2fbe
1895739208334020864,突然好凶的超超,4710.536,1753075185,c2cf2fbe
1895739269428252928,哈哈哈哈,4730.776,1753075210,df6e1fa7
1895739282195714304,个斑马 武汉读书学会的第一句武汉话,4704.434,1753073116,76b350d2
1895771221057041664,歇后语骂人是吧hhh,4865.028,1753084740,ea88348b
1895892382798022400,真的很像用歇后语骂人,4858.534,1753099184,1da0b061
1895904636515565824,四姐镜头太少了，感觉他的观点还没开始就没了,4765.842,1753100644,58b836f8
1896404829505373952,哈哈哈哈哈哈哈哈活学活用,4949.724,1753160272,f1957628
1896405288303884800,哈哈哈哈哈哈哈哈哈哈哈哈哈哈笑死我了,5003.653,1753160327,f1957628
1896468623779084032,哈哈哈哈哈哈,4981.223,1753167877,9ec95bfa
1896588932171657472,Dylan好帅,4935.291,1753182219,bd4e22b9
1896649488324662272,非正“倒着哥”,4978.032,1753189438,280fcb51
1896737496214828800,哈哈哈哈哈哈哈哈哈哈哈哈哈哈,4982.203,1753199929,9cb4590f
1897014030158811904,你瞅啥的意思吗,4715.633,1753232894,d539e6d1
1897014233171284992,想咋的,4732.518,1753232919,d539e6d1
1897019864125305344,胖跟秃顶？华波波？哈哈,4804.17,1753233590,88971e98
1897165318887847424,哈哈哈哈哈哈每次都要拿出来反复“鞭尸”,4994.106,1753250929,729e3ab7
1897254941232950272,哈哈哈 杨杨很合适,4903.28,1753261613,2a986023
1897344532589414144,又狠又能播哈哈哈哈，好绝,4852.883,1753272293,55d83f10
1897762938228495616,哈哈哈哈哈哈超超你咋这么可爱呀,4748.926,1753322171,3c4a8341
1898076422447444224,这个味太对了，喵莫斯喵,4713.793,1753359541,49e5e8b6
1898116838467539200,哈哈哈哈哈哈哈,4959.312,1753364359,8d117f15
1898162780163908608,笑晕了这个梗,4843.97,1753369836,b71cfd89
1898407579726848000,我也是！本来已经冷静下来了听到这句话又会死灰复燃,4680.153,1753399018,28dcc9f6
1898620921531941120,哈哈哈哈哈哈哈哈哈哈哈哈哈哈哈哈,4990.806,1753424451,a18ccce
1898621235324599808,萨沙：我这一生如履薄冰,4998.994,1753424488,a18ccce
1898621702788319488,这里就很适合配个bgm：长江黄河还有黑龙江~~~,5007.924,1753424544,a18ccce
1898674081130886656,auv真地儿道～,4950.016,1753430788,2738fae5
1898686192863140864,伦儿,5032.685,1753432232,b0850c04
1898718675599884544,喵喵喵  喵莫比,4716.685,1753436104,f83ddc9a
1898842469316472832,这是歇后语啊,4860.486,1753450861,17e2fe2c
1899339586950643712,喵帕斯,4719.067,1753510122,7ef1f30f
1899599321197446144,谎言不会伤人，真相才是快刀,4805.355,1753541085,bc31ead9
1900380122948168960,是LULU!,4784.341,1753634164,81aeaa1b
1900503618960948736,梅林的胡子,4886.484,1753648886,fcdaa08a
1901024484039726336,哈哈哈哈哈哈哈,4942.838,1753710978,2c9403ee
1901079414683921152,给你俩窝窝是“傻瓜你看什么，你走开”的意思,4779.862,1753717526,e67086c2
1901079829685023488,老王可以啊,4824.392,1753717575,e67086c2
1901079976536206080,盆景的伐木工赢了,4830.592,1753717593,e67086c2
1902231732707858432,啥意思没懂,4835.101,1753854893,c1f2fe77
1902338815436637184,动物吵架哈哈哈,4741.721,1753867658,92f8c01f
1902339230270251776,好可爱,4791.413,1753867708,92f8c01f
1902465103329566464,哈哈哈哈哈哈哈,4900.32,1753882713,24d07282
1902505877391889664,我懂！不仅是吵架，平时明明一件事已经在做了，非补一句你去做一下，我也会生气,4683.771,1753887574,29c4c024
1902512598906821376,翻旧账了,4925.858,1753888375,d89f1503
1902594920603297792,这一段巨好笑,4932.927,1753898188,26f5d348
1903085253296941312,哈哈哈哈哈哈哈哈哈,4913.221,1753956640,623dd44
1903422713532604160,完全沉浸在自己的艺术创作里了,4892.961,1753996869,bb961bc8
1903895399203318784,沉浸在自己的艺术,4885.319,1754053217,c51a6472
1905868802760226304,好有趣,4725.221,1754288465,7becfa2e
1905869663649455104,哈哈哈,4823.731,1754288568,7becfa2e
1906076866142587904,超超好美～～～～～～,5033.296,1754313269,ba077aef
1906843327282730752,不知道两个buff梗被萨沙听到了会怎么样哈哈哈哈,5018.175,1754404638,4ad5b7c7
1906853502798462464,笑飞了这期哈哈哈,4973.051,1754405851,de5d2566
1907283657380028416,个斑马是吧哈哈哈哈,4741.914,1754457129,654346f5
1907369347933021696,咩啊～,4736.208,1754467344,d9a3acb1
1907528459920721920,中文也是哈哈哈哈哈哈,4843.019,1754486312,f5dd2f0d
1907988977269993984,就跟吵架的时候对方说你冷静一点,4687.296,1754541210,952047f4
1909012552659049984,你看看！,4887.06,1754663230,a30a61d9
1914639175487860992,好艺术,4868.566,1755333975,39959bed
1914699145797749760,免礼免礼,5038.536,1755341124,6a35cdb9
1916331482058605056,去五常,4934.547,1755535714,299590f4
1920572473301738496,你别急哈哈哈哈,4680.084,1756041280,bc587f4c
1921150194511518720,无效消音,4767.931,1756110149,cc860fab
1921999990281070336,膝盖脑袋哈哈哈哈哈,4820.756,1756211453,82b54504
1922699810163473408,哈哈哈哈哈哈这个好玩膝盖脑袋哈哈哈哈哈哈哈,4821.902,1756294878,bc17ebe1
1922718678232065536,buludo在大力水手里面就是大块头,4769.819,1756297127,990a1ffc
1924745898970591232,吼吼吼吼吼吼吼吼吼吼吼吼吼吼吼吼,5002.511,1756538791,90bb401c
1924967089098646016,哈哈哈哈哈哈哈哈我懂了,4839.73,1756565159,e498a6f4
1928431833856027648,四川话 哈哈哈,4802.515,1756978188,272b951b
1930122968890291968,一般是表和马,4760.893,1757179787,5f57ee63
1932207309505761536,真不用客气，哈哈哈哈哈哈哈哈哈,5037.71,1757428260,5b4783e3
1932323510836293120,歇后语骂人 在中国能把我骂笑，没有杀伤力,4856.499,1757442112,52ac390e
1938651722562595840,这个环节好想看英国代表,4803.651,1758196494,7514575b
1941575577676902144,中国好像也是,4880.714,1758545045,7a001e02
1956604467680680960,哈哈哈哈哈哈哈哈哈哈哈哈哈哈哈哈哈哈哈哈哈哈哈哈哈哈倒哥,4987.29,1760336628,d35c8a9
1957521618251751424,有备而来,4898.296,1760445961,ae02b522
1963046567418170368,完全get不到哈哈哈，太艺术了,4878.238,1761104586,54f7b9d0
1963047484477570560,卧槽哈哈哈哈哈哈太搞笑了,4987.548,1761104695,54f7b9d0
1963047606246712832,太有梗了我的天啊,5002.101,1761104710,54f7b9d0
1988704206604970240,萨沙现在好大方,4966.483,1764163215,c847ffba
2005156528713694464,形成内部梗了 哈哈哈,5015.259,1766124485,32b92588
2018407658939996416,武汉话好好玩,4761.811,1767704143,964a8dca
2027838086511379968,哈哈哈哈哈哈哈哈哈哈哈哈哈哈,4860.422,1768828337,8f58d927
,,0.0,1775683732.8000336,
lb.c,,0.0,1775683732.8000336,
,,0.0,1775683732.8000336,
1895737252798501120,一个轴打起来了,5382.658,1752985054,7e19df34
1895737399926296832,老王居然赢了哈哈哈哈哈,5194.259,1752987261,f69ff094
1895737549830721792,众爱卿平身,5040.701,1752988640,1f930d45
1895737559796388096,买不完了,5324.051,1752990445,3f8c2705
1895737585272590592,这个除了买卖还能组什么？,5347.699,1752990663,1549437e
1895737629463777536,买了锅巴,5269.404,1752992283,7e894dc7
1895737792127275264,这也太难了除了脏话我一个也想不到,5250.819,1752994250,4374cf64
1895737809332310272,伤疤,5096.912,1752995497,a4557f7c
1895737812956188928,艾丽莎还比了个功夫出招动作，好可爱,5228.918,1752995826,5866b398
1895737818392006912,这下真的势均力敌王不见王了，战力很均衡,5221.14,1752995797,5866b398
1895737822913466624,怎么不把小贝喊回来哈哈哈哈哈 全国总冠军,5232.53,1752995811,ca18aa72
1895737839220920576,随便,5103.405,1752995510,a4557f7c
1895737861601726720,哈哈哈哈哈,5280.223,1752995737,a4557f7c
1895737870728532224,哈哈哈哈哈,5357.137,1752995819,a4557f7c
1895737878009843968,这个难度好高我一下没想出来,5250.43,1752995861,5866b398
1895737975577743616,太搞笑了这段，会长帮得也真是不明显哈哈哈,5309.076,1752998714,d5478533
1895738014786097408,我都想不出这么多orz,5177.407,1752998128,cda41c26
1895738146998948096,富贵使我们相遇,5054.133,1753003938,94179e93
1895738222680969472,上边其实可以的...至少广东话里可以这么讲哈哈哈哈哈,5132.578,1753012151,f11a2bc3
1895738259154637056,那我必须得发个弹幕,5045.758,1753013226,4c2d7347
1895738280117768448,哎哟喂排面是自己给的,5053.218,1753015344,2394c70f
1895738286535053568,我都想不出来,5361.944,1753014671,635d7cfe
1895738288321827072,大左感觉好疲惫呀,5089.831,1753010259,2275038b
1895738300183318784,买了个包,5277.18,1753014758,73e9b877
1895738319326122240,哈哈哈哈哈哈哈哈哈哈哈,5333.776,1753014745,fbf64f60
1895738331187613952,水表,5101.409,1753013084,8f071823
1895738358542864640,哈哈哈哈,5289.412,1753013835,fc1db046
1895738420534677760,厉害,5362.198,1753013915,fc1db046
1895738453367689472,手臂,5083.725,1753019015,c2db3739
1895738483457626368,散步,5110.21,1753018989,c2db3739
1895738492567654656,私奔,5156.474,1753019088,c2db3739
1895738497131057408,散步,5178.373,1753019110,c2db3739
1895738523571949824,伤悲,5147.874,1753019080,c2db3739
1895738528126963968,帅爆,5171.778,1753019103,c2db3739
1895738537287323904,松柏,5115.542,1753019154,c2db3739
1895738560959975680,那么棒,5397.279,1753020515,c2db3739
1895738573719048448,迷恋改编,5350.312,1753020373,c2db3739
1895738581931495680,美丽古堡,5344.655,1753020257,c2db3739
1895738616576446720,雷妃：嬗变的女人,5152.275,1753018117,6ee65ea5
1895738643931697408,上榜,5139.362,1753019071,c2db3739
1895738657605128448,塞北,5125.34,1753019163,c2db3739
1895738663988859136,三百,5114.292,1753022376,fd2dafbb
1895738781613920512,买了个包,5269.515,1753030952,ea25d4d6
1895738925679874304,会长喜欢俄罗斯人哈哈哈哈哈哈,5280.092,1753038953,7a1afabc
1895738932969574656,笑死我了,5378.09,1753029813,bde1c345
1895738939353305344,哈哈哈哈救命笑死我了,5309.07,1753045893,23ddeab7
1895739014146134272,散步,5114.314,1753068800,91850ea9
1895739130831671552,想不出来,5264.519,1753072461,9f25c571
1895739175509397760,会长明目张胆啊哈哈哈哈哈,5276.576,1753072003,9f04a8dc
1895739183721844992,？,5103.33,1753070183,f7934ca3
1895739216546468096,麻辣锅巴？,5317.463,1753073025,39c07fe7
1895739235689271552,思辨,5100.653,1753075567,bf28894c
1895739250285449472,这是真的强……,5354.932,1753072572,9f25c571
1895739315020337408,老王的食物词汇库太丰富了,5202.207,1753075106,cb0b74b0
1895806227742127872,不愧是全球总冠军哈哈哈,5355.453,1753088913,20dfe047
1895865772513874176,呵呵哈哈哈,5295.841,1753096011,f81c7508
1895865835151917056,笑死我了,5302.521,1753096019,f81c7508
1895905592497846784,波波超级不想输给老王啊哈哈,5168.56,1753100758,e1c79dc9
1895913210587020800,厉害也,5356.678,1753101666,738625c6
1895940028228628736,哈哈哈哈杨迪笑死我了,5331.187,1753104863,9a7995d3
1896001709957121536,这个游戏确定不是在考验旁边的观众吗哈哈哈哈哈哈哈,5169.79,1753112216,692c8ed6
1896005638208190720,哈哈哈哈哈哈哈哈哈哈哈哈哈哈哈哈哈哈,5309.536,1753112685,ee1f6f9b
1896037717519832320,我不行了,5303.486,1753116509,35861f7e
1896103813057326080,众爱卿平身,5055.166,1753124388,272d704
1896266853488527360,买了个包,5255.593,1753143824,136938f4
1896397577185262080,买了个表,5252.363,1753159407,8c816764
1896398972085054976,买了个布,5322.799,1753159574,8c816764
1896487745384687360,是全世界冠军强啊  这个怎么可能平衡？,5225.606,1753170156,3f43cf38
1896518030927038976,哈哈哈哈,5287.335,1753173767,6a042d86
1896647238626065664,散步,5186.384,1753189169,445a39f6
1896700332483297024,买了个表,5262.862,1753195499,fc5c5aac
1897110671595089408,买了个饼,5303.296,1753244415,42da3e49
1897164510704274176,会长，真的一点都不偏心,5318.682,1753250833,35645b71
1897465344239936512,这里为啥正片没有啊很好玩,5316.955,1753286695,9c3b5844
1897907599363012096,加长版不是没人吗？,5061.923,1753339416,47a0e8bd
1897994325766477824,应该的应该的哈哈,5048.248,1753349755,4abc64a0
1897996747196894720,哈哈哈哈哈哈哈哈逛超市,5307.543,1753350043,4abc64a0
1898119123121513216,波波太搞笑了,5193.237,1753364632,8d117f15
1898135047518137856,免礼免礼,5075.625,1753366530,eedeee86
1898384560598181888,平身,5075.322,1753396274,b2d05ef3
1898624478083756544,超市逛的差不多了哈哈哈哈哈哈哈,5326.782,1753424875,a18ccce
1898641201796753152,密林古堡,5368.404,1753426868,8d9a3176
1898884709665421312,哈哈哈,5068.504,1753455897,ef9aebaa
1898897792614057216,S 和sh不算一个声母吧,5137.151,1753457456,90af0186
1898916617254438656,平身吧,5045.044,1753459700,22a3160b
1899502490740164608,比芒果台的明星们厉害,5090.131,1753529542,3820b86
1899503928598076672,好难！,5256.872,1753529713,3820b86
1899529220980670720,美丽告别,5329.076,1753532728,3860f01a
1899556139150926336,买了个包,5262.774,1753535937,c8a83ae1
1899575159195537664,我就说梅丽莎眼熟哈哈哈哈，我看过她,5237.393,1753538205,fbcf58ae
1899948884919695104,字幕靠点谱啊,5152.318,1753582756,ae954710
1900027691504725760,随笔,5111.845,1753592151,2b2c365c
1901026696434365696,哈哈哈哈哈哈哈哈笑死我了,5177.66,1753711241,2c9403ee
1901048621018345216,来了,5068.436,1753713855,53f028f4
1902279610704792320,哈哈哈哈哈哈哈哈哈哈哈哈华波波提高笑了 这个节目不能没有他,5287.656,1753860600,c78fc6cd
1902280109591719680,哈哈哈哈哈哈哈哈哈哈杨迪太有梗了,5336.723,1753860660,c78fc6cd
1902422537695188480,哈哈哈哈哈哈哈快乐了,5041.893,1753877639,ddafd2e4
1902693614774649856,这就是冠军局吗,5308.838,1753909954,13f56837
1903910791510760448,果然是冠军,5323.393,1754055052,117508bc
1903911183124587264,冠军！！！,5370.074,1754055099,117508bc
1904583799472911360,那这样没完没了了 卖了个包也可以啊,5323.205,1754135281,3e5e834
1904731512910551296,买了钢笔,5296.383,1754152890,1606bf27
1905066977614457088,瀚笙给的,5216.827,1754192880,f13424e0
1905263256428680192,哈哈哈哈哈会长假装淡定,5280.272,1754216279,aa36fe3a
1907445196561016064,生病,5096.403,1754476386,aff6fc4
1907655909418110976,描了个边，密林古堡,5369.951,1754501505,ff8d4f0a
1907988948337628160,买了个饼,5269.577,1754541206,e06c8437
1907994271211606272,买了广告,5264.943,1754541841,952047f4
1908432339672427264,这都是我应得的,5050.366,1754594063,9342b3c4
1910180167972956160,买了个表,5278.063,1754802420,738a73b
1910181115902401024,这个好玩,5385.844,1754802533,738a73b
1913125294877852928,爱卿平身,5060.819,1755153507,54a9596e
1914074693993248256,华伯伯笑死我,5210.801,1755266684,9d8aa9dd
1919614221571346432,哈哈哈哈哈哈哈哈哈，买买买，都买,5296.307,1755927047,3ae4c2e2
1921022768267938048,我都想不到,5361.449,1756094959,bc587f4c
1924779962440228352,设备,5089.709,1756542851,e8f6d141
1925468671896090112,看似法国vs中东，实则两伊战争,5183.768,1756624952,24f302e9
1928594371599874304,不愧是世界冠军,5361.448,1756997564,cfd3a899
1932625767037357824,太有牌面了,5107.729,1757478144,f487febd
1932832749916950784,波波笑死我了,5190.952,1757502818,75a35b32
1932833280899017472,想念小贝和田田,5232.806,1757502882,75a35b32
1948196474001477888,哈哈哈哈哈哈哈,5316.907,1759334317,2edb9fb1
1949690376261184256,没了个饼 哈哈哈,5334.374,1759512404,c9c423cb
1952273205201067264,上边其实是，他们搅混了,5164.153,1759820301,5ff286de
1956607870947309056,哈哈哈哈哈哈哈哈哈哈哈笑飞了,5336.797,1760337034,d35c8a9
1957526017011285504,发币，顺发nb,5390.776,1760446485,ae02b522
1999460690884832000,哈哈哈哈哈哈哈哈好搞笑哈哈哈哈哈,5054.438,1765445488,14f3cf30
2002097945549358592,前面外国小学生一人一句汉语那个真的哈哈哈笑死我了,5392.207,1765759873,1bae6291
2031437688779518208,满意,5047.429,1769257443,ec44781a
2036248800440067584,手办,5123.573,1769830972,f9735bbb
2036249860122444544,似是故人来,5248.255,1769831099,f9735bbb
,,0.0,1775683732.8000336,
lb.c,,0.0,1775683732.8000336,
,,0.0,1775683732.8000336,
1895737395396448512,jhhhhhhhhhhh,5592.303,1752988526,a7ab481d
1895737412022669568,我都想不起来这么多,5460.772,1752987439,a1639211
1895737441869336832,因为想不起来哈哈哈哈,5481.576,1752987556,f69ff094
1895737443119239424,波波好可爱,5457.3,1752989533,e9b5076c
1895737485532041472,不够看哈哈哈哈哈哈想看轮番制回合,5670.743,1752987808,fcfebb41
1895737626443878656,]',5625.691,1752991166,967ceef9
1895737643598582016,为啥我的弹幕带框框,5614.122,1752990985,3f8c2705
1895737666809860352,文创书包,5664.861,1752992253,88230e29
1895737685701005569,笑死，好像那个两组外国人比中文的视频,5594.036,1752991870,6c6d890c
1895737696287428864,想看陈铭和陈超的,5515.841,1752993725,b594b266
1895737720085909760,我吃柿饼,5633.349,1752993925,4f3c338d
1895737730554892544,我才十八,5654.687,1752994895,f3d0b903
1895737779443699968,哈哈哈哈哈哈哈哈哈,5736.412,1752996216,a4557f7c
1895737794836795648,还好，我来看了加长版,5683.765,1752995605,6cf1571
1895737843750768896,无偿上班,5638.111,1752995528,8eb43737
1895737876189516032,他不会是在拿你重温日语吧233,5757.212,1752997386,4944442d
1895737884393574656,？哈哈哈哈哈,5656.724,1752996132,a4557f7c
1895737888042619136,拿眉笔,5442.43,1753001707,d7f8343a
1895737898075394304,用一之濑当外教是吧哈哈哈哈,5759.226,1752996601,5866b398
1895737912679960832,发币厉害哦,5491.201,1752998959,e868d6e6
1895737956426551552,哈哈哈哈哈哈哈哈哈哈哈哈哈哈哈哈,5736.542,1753005397,e549f4d8
1895738018435141888,我才上班,5615.672,1753004949,4c54570f
1895738042141348096,发币好厉害！,5451.412,1752998910,d5478533
1895738055814779136,游戏能多玩一点吗？来个车轮战了。,5682.602,1752999172,e868d6e6
1895738163407065344,朕心甚慰,5668.633,1753010633,ca2efdba
1895738188941988096,留学生可以打工，就是时间限制很严格,5745.238,1753013337,450eca7a
1895738207178821888,我吃烧饼,5569.522,1753014025,97afe170
1895738304738332928,笑疯了,5717.724,1753014888,c5fcca58
1895738349416059136,我查设备,5603.283,1753013524,20dffd1e
1895738529041322240,我吃柿饼,5549.573,1753019787,c2db3739
1895738564600631552,我曾上榜,5583.306,1753019726,c2db3739
1895738568249676032,我才上班,5578.215,1753019651,c2db3739
1895738618405163264,哇小熊好棒,5453.439,1753021183,6474f847
1895738628454715648,满意满意,5683.919,1753021786,d3e0ea9e
1895738771581145344,在燃什么啊,5467.292,1753022738,56239c78
1895738808969171200,无偿上班,5557.94,1753033292,8be21198
1895738855467225344,满意满意啊,5669.129,1753027481,8a513c81
1895738904708354304,无偿上班,5550.733,1753055909,a05c4e50
1895738919296143616,厉害,5458.113,1753029509,d0eeaf61
1895739073386483968,外出上班,5662.292,1753071341,86ed341b
1895739233868943616,跟武昌过不去了哈哈哈哈哈哈,5559.595,1753072312,9f04a8dc
1895739271248580864,前面那个五厂上班太痛苦了。,5650.181,1753072906,9f25c571
1895739280375386368,我吃烧饼,5528.493,1753076329,c2cf2fbe
1895739287665086720,哈哈哈哈,5585.042,1753076389,c2cf2fbe
1895739297697861888,666,5456.592,1753076238,c2cf2fbe
1895835379563980800,围城士兵,5651.483,1753092388,182693f5
1895851890223828736,我吃烧饼,5601.387,1753094356,cc93cef3
1895867141996042240,法币好可爱哈哈哈哈,5442.503,1753096175,f81c7508
1895941503516821504,想看华波波,5502.962,1753105039,3c5a3395
1895954531570156032,玩游戏没人能赢得了杨迪吧,5516.139,1753106592,be52f108
1895962419218839040,好可爱啊小熊,5481.88,1753107533,83719079
1896048714238634240,文创商标,5603.24,1753117820,24b0ce4c
1896048828952522752,发币比我厉害,5489.092,1753117833,e871e898
1896387736265527552,好可爱小熊,5433.348,1753158234,f608a6a7
1896401899398836992,我创商标,5627.201,1753159923,8c816764
1896523232526567168,四姐笑死我了,5461.734,1753174387,272cb156
1896696361970702080,真的好喜欢法币啊啊,5497.907,1753195025,ec077e8b
1896969714811750144,哈哈哈哈哈哈哈哈特别满意,5683.167,1753227611,cef95630
1897110417386297344,你。,5404.486,1753244385,2bf6365a
1897182469959562240,农民办（农业民生办公室）,5439.96,1753252974,af7c4445
1897184104504922112,无此设备,5617.079,1753253169,af7c4445
1897351985011783168,他发音不但好，调也对,5725.673,1753273182,55d83f10
1897377089222017024,How much?,5715.06,1753276174,7566605b
1897422756426506496,我常上班,5558.897,1753281618,fc5c5aac
1897422918418934784,我出书吧,5568.62,1753281638,fc5c5aac
1897458025171003136,满意满意,5677.512,1753285823,b5323672
1897465090669115648,武昌社保,5582.953,1753286665,d844b0d7
1897769479799142144,法币：let's 骄傲,5481.513,1753322951,3c4a8341
1897938668409864704,哈哈哈哈哈哈,5572.82,1753343120,87627e63
1898060457676681728,这反应怎么那么像外国小孩中文对决哈哈哈哈哈哈,5462.655,1753357638,9cdf46e6
1898138011901385472,怎么没有伦儿,5665.598,1753366883,a0901713
1898178762122903296,我超帅吧！,5632.839,1753371741,a725bfc4
1898423743408421376,这Part这么精彩居然没在正片,5650.83,1753400945,28dcc9f6
1898625744000134400,到底在燃什么哈哈哈哈哈哈哈哈,5464.166,1753425026,a18ccce
1898626550623448832,我测试吧,5559.064,1753425122,a18ccce
1898652728138751488,一之濑刚才输了可能情绪不稳定,5549.571,1753428242,915050e3
1898689587413796352,拿面包,5423.287,1753432636,b0850c04
1899319571606164480,全德国总冠军,5480.43,1753507736,f21b3ea5
1899535640992131840,晚餐随便,5520.474,1753533494,3860f01a
1899602976826559232,会长忍不了了,5665.041,1753541521,89699852
1899607193679394816,很满意，但是不够看啊哈哈哈哈哈,5681.754,1753542023,bc31ead9
1899951105459742976,我查书包啊,5602.221,1753583021,ae954710
1899999679023416320,无偿上班,5655.703,1753588811,87413e4e
1900766299857394432,我出师表,5622.888,1753680200,33977ab
1901031541963149056,无偿上班太有才了,5661.33,1753711819,2c9403ee
1901464422439217664,乃木坂,5411.02,1753763422,80000882
1901466327198751744,五彩水笔,5622.899,1753763649,80000882
1901505084160859136,卧床上班,5635.369,1753768270,a9930091
1901667443429404672,赖赖笑死我了哈哈哈哈哈,5462.246,1753787624,c475edd4
1901688907461504000,绝,5594.196,1753790183,6bdd20d4
1902191443406318080,我才十八,5536.747,1753850090,23b7cf3c
1902282980836447232,想看所有代表玩哈哈哈哈,5692.99,1753861002,c78fc6cd
1902972836168174592,好喜欢发币啊啊啊啊可爱小熊,5497.535,1753943239,94613f3a
1903814713050594560,我吃烧饼,5527.927,1754043599,29c7c55b
1904240408750914304,我吃烧饼,5520.633,1754094346,4213efaf
1904400734091486464,哈哈哈哈哈哈哈哈哈哈哈,5444.369,1754113458,21f73640
1904733937142578688,……,5572.108,1754153179,1606bf27
1907275934575481856,那么棒,5475.248,1754456209,818eee32
1907503311805048832,哈哈哈哈哈哈,5433.297,1754483314,6816ab2b
1907504852112736768,好搞笑,5670.051,1754483498,6816ab2b
1907628097827065088,华波波好搞笑,5413.673,1754498190,ea7aa49a
1907629029776458752,这个游戏好玩！！以后经常,5503.358,1754498301,ea7aa49a
1909211300433862656,文创手办,5641.868,1754686922,2ad516b
1910183692849001728,每期都来这个游戏,5693.155,1754802840,738a73b
1911661393863138816,我才十八,5635.78,1754978996,67c7bc24
1911940037441274368,我常说不,5577.471,1755012213,319d79a8
1916862547517593344,无偿上班这个太狠了哈哈哈哈哈哈,5640.532,1755599022,b575b51f
1916886203115027456,不满意太短了！,5691.918,1755601842,41d23346
1919615919593383936,法币好厉害,5491.366,1755927249,3ae4c2e2
1919874236307270400,太搞笑了,5709.81,1755958043,c4469e21
1924973871791438336,五彩水笔，无偿上班,5634.207,1756565967,e498a6f4
1928489303462333440,武昌酥饼啊,5649.501,1756985039,27acc97c
1931182947986193664,前面说文创的好厉害,5633.131,1757306147,d9c08631
1932631454336961792,满意满意,5684.543,1757478822,f487febd
1936645971006506240,你忙吧,5443.395,1757957390,cc3af606
1938432632782593280,完成设备,5697.579,1758170376,a3545458
1945259887495943936,龙颜大悦,5676.325,1758984249,deea00f
1957526892588923392,他俩这么强的吗？直接加时赛了,5475.556,1760446590,ae02b522
1977901549582004224,关税哈哈哈哈哈哈,5436.202,1762875438,aedabb3d
1977901725834636800,小熊好棒！,5457.17,1762875459,aedabb3d
1988742475853880320,哈哈哈哈这个是Dylan在后面说的,5609.534,1764167777,c847ffba
2002100048816625408,外国小孩中文对决真的，太形象了，这俩都笑死,5467.471,1765760124,1bae6291
2015436799140933120,高级词汇,5450.301,1767349988,a9603673
2018415095944305664,无偿上班(,5616.425,1767705029,964a8dca
2035137440129502976,弄明白,5418.548,1769698488,ca126b
2035137714621479936,你明白,5451.275,1769698521,ca126b
2068517489595502592,那么棒,5472.838,1773677700,471d6181
2077821577877208320,朕很满意,5679.263,1774786834,585cded5
,,0.0,1775683732.8000336,
lb.c,,0.0,1775683732.8000336,
,,0.0,1775683732.8000336,
1895737858867040512,哈哈哈哈哈哈哈哈哈哈哈,6096.333,1752996585,a4557f7c
1895737880752918784,沆瀣一气这词还是能用得到的233,5937.428,1752997598,4944442d
1895737919046914304,哈哈哈哈哈哈哈哈哈哈哈哈哈哈哈哈哈哈哈哈哈哈哈哈哈哈哈,5870.631,1752996356,a4557f7c
1895737949136851200,德国人太好笑了,5863.154,1752999715,8b34e573
1895737969194012928,阿雷真的动漫影视资深中毒哈哈哈哈哈哈,5838.142,1752997069,5866b398
1895738141521187072,犄角旮旯很少用吗？上海话里经常用到啊,6049.474,1753008868,39499903
1895738273742426368,除了呶字都认识,6060.585,1753013759,20dffd1e
1895738364003848448,踽踽独行这种基础词大左一个主持人不认识不应该吧,6002.5,1753015847,e69ebdef
1895738431481811200,圭臬感觉也很常见,6014.236,1753015872,e69ebdef
1895738444249272576,好厉害 卢可！,5923.251,1753018736,1c68567a
1895738555482214656,我觉得奉为圭臬还挺常用的,6019.476,1753019682,79d441b5
1895738669466620160,新梗出现了,5963.161,1753023686,65fd9e50
1895738727817777408,哈哈哈哈还拆啊哈,5877.108,1753023916,5ec74794
1895738740585238784,还得是总冠军！,5923.556,1753029089,d6bfe3aa
1895738798936396032,这期好搞笑,5880.071,1753023927,5ec74794
1895738800765112576,魔法小樱,5811.727,1753025778,ef8f951e
1895738804405768448,Latino American也是American哈哈哈,6088.033,1753033291,5404f33
1895738847263166720,哇好久不见的歌，我现在还全知道且会写呢,5922.622,1753029406,302e2cd4
1895738994978164992,戴卢可好会串场,5918.405,1753033135,5404f33
1895739036921204992,口语里很常见 但书面很少写 才叫生僻字,6084.412,1753069602,221a9f5
1895739067917111552,犄角旮旯哪个地区都用啊,6076.904,1753036132,37b64554
1895739303167234304,超超可能只是重影看成垚了哈哈哈,6025.872,1753080031,3f6b3267
1895803686740271360,德国人神奇的笑点出现了,5860.314,1753088610,677e1eff
1895940938636112896,哈哈哈哈哈哈哈哈哈哈哈哈哈哈哈哈哈哈哈,5956.417,1753104972,4365b2b7
1896006384517540608,哈哈哈哈哈哈哈 太好笑了,5877.08,1753112774,e10bb37e
1896394704246373888,往里玹,5888.848,1753159065,45f0e9c9
1896525961894243328,还记得穆小龙的也特别长,5863.237,1753174712,9c5bc011
1896526792475403776,突然感觉和一个母语者说对方的母语好刺激。,5849.288,1753174811,272cb156
1896528996767018496,伦反应好可爱,6093.046,1753175074,272cb156
1896694142336784640,我为什么这么黑,5850.046,1753194761,16f0b446
1896746298607480576,哈哈哈哈哈哈小魔女dorimi我的童年,5817.55,1753200978,9cb4590f
1896782108769874944,哈哈哈哈阿雷好棒,5823.344,1753205247,5856c37c
1896837444775896832,沆瀣一气，绵绵瓜瓞什么的其实也蛮常用的，都是会读，不一定会写,5963.667,1753211844,9450640
1897302336104199424,原来阿雷也是个二次元啊，圈粉,5807.807,1753267263,729e3ab7
1897408696875986688,bgm是星矢。。。,5826.178,1753279942,7ea9d3d5
1897539050743992576,是真的 喜欢看番剧随便都有N3了 日语听懂会说不算难,5774.395,1753295482,6f99a845
1897540654679205376,碗里选,5906.056,1753295673,6f99a845
1897941885038393856,哈哈哈哈哈德国人,5869.457,1753343503,4227b274
1898063552024567040,善逸！,5827.305,1753358007,9cdf46e6
1898064079399573504,xs我的笑点是发币笑,5864.169,1753358070,9cdf46e6
1898097346118832640,生僻字那个歌词的选择标准太不统一了所以体感好不好也是一阵儿一阵儿的hhh,5931.174,1753362036,45af011b
1898114145447495424,紧跟时事哈哈哈哈,5827.651,1753364038,ba542c3c
1898161274299396864,考试会用到吧，或者语文老师,6051.412,1753369656,9a457285
1898467852772804608,哪里常见？你平时都会说这些吗？我只能读一些，意思知道的就更少了,6031.791,1753406203,a725bfc4
1898468393661528832,确实是American,6081.24,1753406268,a725bfc4
1898544657131158528,会长日常开始挖坑了,5973.106,1753415359,e68aeabe
1898792509870598400,魔法少女小圆，魔法少女奈叶，魔卡少女樱，憧憬成为魔法少女,5789.357,1753444906,c1c112d8
1898950122260736256,我的天啊,5932.388,1753463694,eeae67ec
1899611716883880704,哈哈哈哈杨迪这个变声,5986.176,1753542563,5ebece69
1899953432166147328,怎么难的都会，简单的反而错了超超,6015.364,1753583298,ae954710
1900078198046300160,哈哈哈少女雷,5809.075,1753598172,1091612d
1901032821930525952,哈哈哈哈哈哈哈哈哈,5810.507,1753711972,2c9403ee
1901035550375286784,格局,6102.475,1753712297,2c9403ee
1901038084020175104,笑死,6081.102,1753712599,2c9403ee
1902445816619673088,可爱的四姐,6110.63,1753880414,c085033b
1902473656388011520,哈哈哈哈哈哈哈哈哈哈,5884.153,1753883732,24d07282
1902507918574530560,鬼灭！！,5827.326,1753887817,ecae7fb8
1903092981570356992,哈哈哈哈哈哈哈哈哈,5817.734,1753957562,623dd44
1904588337600721664,中二哈哈哈,5768.847,1754135822,3e5e834
1904588540294738176,和红红火火恍恍惚惚哈哈哈哈哈哈哈哈,5787.755,1754135846,3e5e834
1904607506802715648,xswl,5877.161,1754138107,2f77163b
1904738394345604608,不考生僻字没意思呀,6059.583,1754153710,1606bf27
1905360955819970304,先笑了,5858.11,1754227925,95e70b5d
1906556910518333184,哈哈哈哈哈,5871.662,1754370494,58d57e1c
1907415837069982464,不会是飞天小女警z吧,5820.521,1754472886,43d8243f
1908251049396513536,哈哈哈哈哈,5828.769,1754572451,d8a8f583
1913315501447857152,奉为圭臬不是很常见吗，，,6018.38,1755176181,9b40c598
1916341011081184256,这里阿雷莫名的像唐大哥,5760.723,1755536850,299590f4
1916656189127610112,哪里常见了，只有几个是常见的,6036.563,1755574422,51f2909e
1922655339275858176,犄角旮旯也会，只是不太会写,5941.477,1756289577,99536495
1923491622692854784,歌里的都会比较熟啊,6044.668,1756389269,a82a2ebb
1924750576206771968,哈哈哈哈哈哈哈哈哈哈哈哈哈哈哈哈哈,5819.439,1756539348,90bb401c
1924751062737679616,吼吼吼吼吼吼吼吼吼吼吼吼吼吼吼,5873.51,1756539406,90bb401c
1929398244665353728,初中的时候我们也学这个表演过,5947.352,1757093394,bd775eca
1954296916465043200,戴卢可的承上启下可太中国了哈哈哈哈,5910.649,1760061546,99c7f039
1957531727765723136,哈哈哈哈，陈超其他生僻的都知道奉为圭臬这么日常的居然不会,6007.196,1760447166,ae02b522
1963056219074066944,我的天啊，怎么会有这些这么多语言超能力者,5857.992,1761105737,54f7b9d0
1967686962006220544,笑死，反正我认不全哈哈哈,5978.628,1761657764,eb09f285
1977904572307833856,魔法少女哈哈哈哈哈,5795.978,1762875798,aedabb3d
1977905919635666176,哈哈哈哈哈哈哈哈哈,5956.683,1762875959,aedabb3d
1994610009833088768,超超好厉害,6041.25,1764867242,51701351
2010424270157225984,奉为圭臬这个，我感觉应该都知道啊，看古装剧什么的,6007.049,1766752448,a0b99804
2016016522979979008,超超怎么不认识圭臬，这是固定组合啊，垚涅是啥意思,6007.162,1767419097,ae954710
2026860148143955200,穆小龙？？？,5856.924,1768711758,c0ad9fc7
2036277408915183872,我只会醍醐灌顶和犄角旮旯,5991.627,1769834383,f9735bbb
2038025793061976064,德国人莫名其妙的笑点笑死我了,5864.035,1770042806,b8b5200d
2057973005103436544,高中语文考了你还能记得？反正我是感觉上大一就修为散尽了,6045.684,1772420699,dc69dd68
2058963017848770048,我可能知道他咋学的语言了,5843.198,1772538718,60c31dff
,,0.0,1775683732.8000336,
lb.c,,0.0,1775683732.8000336,
,,0.0,1775683732.8000336,
1895737596345553152,哈哈哈哈哈哈哈,6195.466,1752991046,a1639211
1895737605254254848,笑到捶床,6248.056,1752991132,a1639211
1895737756257587456,哈哈哈哈哈哈哈哈,6247.548,1752993724,46e1d41a
1895737873454829824,这表情包加的哈哈哈哈哈,6247.145,1752995808,591a47e1
1895737955520581888,哈哈哈哈晚上睡觉起来扇自己一巴掌。,6242.077,1752996766,a4557f7c
1895738234534072576,美国的刻板印象又增加了哈哈哈哈哈哈,6262.432,1753014661,d93d12d4
1895738291970871552,地大物博吗哈哈哈,6424.625,1753014057,450eca7a
1895738441514586368,美式英语跟英式的相比是真挺村儿的,6304.472,1753017646,6ed7a38b
1895738527220994304,这句话感觉很深刻,6342.095,1753018411,9cfc41f8
1895738529955680512,好惨,6240.329,1753015944,e967e3fc
1895738545457828096,洋脸在身我心依旧是中国心,6343.404,1753019165,b3e76332
1895738814438543616,伦儿好漂亮,6121.658,1753026098,ef8f951e
1895738827214393600,还好我们中文故意说别的口音腔调不会被说,6221.909,1753034289,9ef562ec
1895738931149246720,哈哈哈哈哈，绝,6261.929,1753027770,105f8ab8
1895738994063806720,以前好像聊过,6323.611,1753065947,c76f245a
1895739099835764992,感觉四姐马上就要入党了,6358.412,1753041164,f2cbd317
1895739164570652928,北京啊，都鼓楼钟楼和胡同了,6466.915,1753074268,cce57685
1895739223836168448,哈哈哈哈,6185.472,1753075358,b465a5f8
1895876772915284736,好红,6342.445,1753097323,f81c7508
1895891145075744000,完啦！漂亮国居然是我自己,6332.931,1753099036,720bb977
1895911263230715648,这一期可太好看了哈哈哈哈哈哈哈,6293.681,1753101434,cc998cf0
1895977013316171008,真的 我现在在英国 班上有美国同学老师都问为什么来英国哈哈哈因为感觉美国人很少来,6233.393,1753109272,7021661
1895996712578404608,哈哈哈哈,6191.243,1753111621,42cad9e5
1896011026604849152,哈哈哈哈哈哈哈哈哈哈,6248.296,1753113327,692c8ed6
1896053738805025792,笑死我了,6338.26,1753118419,35861f7e
1896348810541099264,盆栽伐木工,6185.449,1753153594,b7453a45
1896660913071964928,入党！马上入党！,6335.06,1753190799,280fcb51
1896752974823802112,萨沙真的长大了哈哈哈哈哈还劝架了,6286.28,1753201774,9cb4590f
1897031264495085056,英魂不散,6129.09,1753234949,88971e98
1897172399880213760,缘分,6350.275,1753251773,fe4eee91
1897191079833737984,伦儿好好看,6141.739,1753254000,edbe14cb
1897329347598687232,四年英伦行 一生英国情,6138.756,1753270483,cdc452f4
1897379646639815168,英美日常共轭嫌弃,6150.158,1753276479,d403eb94
1897470722797396480,就像有些人说着说着说英文感觉自己很能似的,6155.088,1753287336,9c3b5844
1897881482706794240,反复播放，笑发财了这段,6120.382,1753336303,a5babba0
1897980178177896192,哈哈哈哈哈哈哈哈,6134.889,1753348068,290bcf14
1897990451865073152,主要是大部分的美国人会对英音有滤镜,6302.454,1753349293,c5e94360
1898037108598766848,我觉得英音比美音好太多了，主要是美式英语有种不好好说话的感觉,6151.32,1753354855,e3a9f12d
1898068025727885056,也没有r音好像,6268.82,1753358540,9cdf46e6
1898469431701780736,四姐吐槽笑死我了,6195.492,1753406392,a725bfc4
1898638472119025920,B+可以了，我的二外只有及格，但我还是往简历上写我会,6389.578,1753426543,a18ccce
1899515964723618304,很多去台湾上大学的人也会有台湾腔,6237.288,1753531148,3820b86
1899583646470362112,哈哈哈哈哈哈哈哈,6195.813,1753539216,fbcf58ae
1899589769240256768,政审吗,6331.689,1753539946,80311199
1899903850559699712,英音好听啊,6271.685,1753577388,3e3ca627
1900743884129465600,东北腔,6156.205,1753677528,fc5824e9
1900962778974280704,“再给我上颚共鸣试试看呢”,6139.283,1753703622,7c263e9f
1901039338478048256,缘分,6410.357,1753712748,2c9403ee
1901092486005857536,这一趴杨迪和大左配合好默契好好玩,6240.882,1753719084,bba3e7b3
1901111475482086656,东北菜好吃不辣,6470.381,1753721348,18259142
1903696970439590656,我以为这个词是 可以,6419.591,1754029563,b7a9b2eb
1903909804733164032,哈哈哈哈哈哈哈哈哈这么严重吗,6142.532,1754054935,c51a6472
1903912608323439360,这个讲过，老师说他没天赋他吃激将法非要学哈哈哈哈,6350.203,1754055269,c51a6472
1904470534801020416,温文尔雅温润如玉钟逸伦,6222.688,1754121779,cc2734ec
1904581796449178880,没事萨沙会倒着说,6144.19,1754135042,5bd65cde
1904592053267419392,伦儿比较像英国的,6176.889,1754136265,3e5e834
1904592758221061888,哈哈哈哈哈哈哈哈哈,6240.501,1754136349,3e5e834
1904741835662920192,中国其它不说，论美食绝对世界第一,6444.448,1754154121,1606bf27
1907997071420911104,很明显是要伐木哈哈哈哈哈,6187.912,1754542175,e06c8437
1910189102486362880,大漂亮,6338.048,1754803485,738a73b
1910189214340135424,漂亮过,6351.282,1754803499,738a73b
1914652145542984448,这期好好看,6310.42,1755335521,39959bed
1916890106191840512,来了来了 入坑点,6131.6,1755602307,41d23346
1938459317036858368,4,6137.704,1758173558,7ce065f9
1942844325235513600,我真该死啊哈哈,6254.36,1758696291,1448c64
1967689487748992512,口音会混也正常，在外地待久了回家就会被说口音变了,6211.908,1761658065,eb09f285
1971860351436493056,真好,6405.79,1762155271,83beff44
1975472819102343680,我喜欢这期的所有！！,6331.166,1762585911,75855fc6
1988749246333072384,可怜的伦儿,6254.717,1764168584,c847ffba
1988750225619440640,支持Dylan，英音好听,6272.114,1764168701,c847ffba
2011318177330127616,好家伙哈哈哈,6456.191,1766859010,1bdc989c
2024979683494084864,这话题能客观的聊吗,6321.496,1768487589,4756a90
2069095069641645568,有没有可能美国人不说纯正的英语才是违背了自己的故乡,6150.449,1773746553,6b2b33d2
,,0.0,1775683732.8000336,
lb.c,,0.0,1775683732.8000336,
,,0.0,1775683732.8000336,
1895737660753285376,这一期真的很好看,6541.435,1752992583,a8f5ef7c
1895737685818446080,享受2025，好戳人的表达,6794.065,1752992554,dd38837b
1895737804802461952,哇哦，好想听一听,6713.441,1752995454,98f16374
1895737829255254272,老王算最有发言权了，毕竟经历过生死后来的,6760.292,1752998269,4944442d
1895737865259159808,但是这种速度也会有很多后遗症,6628.733,1753000515,8b34e573
1895737968288043264,那还是不一样的，中国贫富差距大，但基础建设都很好，欧美可不是,6678.52,1753002110,5e592343
1895738173439840512,应该是说医疗不便利，拖着拖着很多病人就错过最佳治疗时间,6709.748,1753010160,20af4969
1895738642102980864,哇，好会说,6794.595,1753022472,755ab053
1895738734201508096,和平,6749.651,1753027321,d89d8cbd
1895738795295740160,兼容并包,6823.86,1753032301,177de300
1895738872798089472,对自己深爱的国家有反思是很好的一件事,6721.795,1753038055,187c324
1895738902879637760,喜欢这样的真诚分享,6543.19,1753037588,187c324
1895738912006443264,希望都能变得更好,6721.795,1753038063,187c324
1895738932063604992,哈哈哈哈哈在一个伊朗人的房间里两个美国人吵起来了怎么这么好笑,6711.525,1753063546,f032f0af
1895739024153743616,其实这种对速度的适应能力也是一种温水煮青蛙。,6620.268,1753037869,187c324
1895739090717348096,不知苦所以不能言苦。,6622.315,1753037904,187c324
1895739095272362240,来郑州吧，郑州地铁是真的很有人文关怀,6736.904,1753040485,7a1afabc
1895739168219697408,五千年,6837.086,1753066340,e94d0ef6
1895739195574948096,都一样啊，大部分资源掌握在少数人手里，底层挣扎求生,6685.378,1753069042,3e15afd5
1895739298603831552,贫富差距...真的很难缩小,6671.593,1753077459,f04b19be
1895739300432548096,战乱国家的人要考虑的是生存，和平的国家才配谈生活,6772.315,1753073897,f8b0e6b0
1895739333257171200,唉...,6667.752,1753077438,f04b19be
1895916809107255552,来成都坐地铁吧,6741.512,1753102095,cc998cf0
1895922409224457984,幸存者偏差罢了。跟不上的会被毫不留情抛弃消失,6635.987,1753102763,9cc53f64
1895927999803579392,看了饼叔和老王的视频，很感慨,6763.186,1753103429,2f51f428
1895937469820941824,喜欢陈老师每次认真的聆听大家的发言,6547.615,1753104558,7d881d54
1895945543797188096,哈哈哈哈哈哈哈哈哈哈哈哈哈哈哈哈哈哈哈,6503.187,1753105521,4365b2b7
1895971705936303104,中国自己外宣也是重点在传统文化，对内也强化传统文化在中国文化中的代表性，青年文化一定程度上缺失，也有舆论环境的因素，外国人误解也很正常,6589.994,1753108640,108016b
1896042506861772032,这个我居然有点不信,6824.197,1753117080,698bab0d
1896055550030980352,中国也一样只是程度问题罢了,6658.388,1753118635,35861f7e
1896115798288929536,只缘生在此山中我没觉得变化很快但是回头看好像也变了蛮多,6649.705,1753125817,cc2734ec
1896346407598641152,说一样的去认真了解一下中美差异吧，本质是不同的，中国在努力缩小贫富，美国不是,6687.136,1753153307,996c2fe2
1896389793135554816,哎也不是每个中国人都过得很幸福，我就很累,6804.345,1753158479,671e7525
1896445143561997056,每个国家都需要伦这样的理性主义,6735.808,1753165078,2babe5d1
1896692445161556736,未知全貌 不予置评,6500.385,1753194558,d10e6859
1896713597632456448,前面那个为什么不信啊？就用大类来说，南北方的很多人了呀，更别说这么多省，每个省，每个城市，甚至每个村的文化都不一样。,6830.016,1753197080,c93b4313
1896713718285980672,很多元了,6834.261,1753197094,c93b4313
1896732865308570624,AUV,6591.584,1753199377,54d3f224
1896762050744070656,哈哈哈哈哈哈哈在一个伊朗人的房间里,6709.359,1753202856,9cb4590f
1897033430391823872,每个人都累换个地方你会连觉得累的功夫都没有还要担心能不能活到明天,6812.842,1753235207,d539e6d1
1897036751005286656,投共一念起，顿觉天地宽,6735.699,1753235603,c50570d0
1897124829325385984,国外一些媒体的刻意描绘,6600.162,1753246103,42da3e49
1897224976302927360,这俩私下可一定要还是好朋友啊,6713.528,1753258041,e6299164
1897398342565690112,真的，我们被保护得很好了^ω^,6774.265,1753278708,ca23a4
1897434692518111488,苏丹的游戏你是不是原型哈哈哈哈,6776.575,1753283041,b7b7e82b
1897549057816156160,鼓楼钟楼是西安,6483.967,1753296675,6f99a845
1897599146278760704,中国内部当然也有问题，但和国外的程度还是不一样的，多去了解一点再发言吧,6682.239,1753302646,68f3b35d
1897599835788886016,一个江苏各个市县方言文化都不一样,6838.453,1753302728,a12485dc
1898072217221687552,想起luigi,6699.647,1753359040,9cdf46e6
1898085967332604160,这后面的话题多来几期，说不完啊,6609.427,1753360679,d849b843
1898126853265714176,没办法拒绝变化/dog,6625.936,1753365553,ba542c3c
1898641050416426752,人民的愿望都相似。。,6675.15,1753426850,a18ccce
1898785992081696768,英国：勿cue，谢谢,6689.673,1753444129,cc3adea9
1899394054693909504,不接受也很好办，慢慢被淘汰咯,6624.492,1753516615,3873c0bd
1899524978576745984,可能是荒诞吧，比较合适,6523.504,1753532223,7cf865be
1899569833494887168,梦幻不好吗？,6573.202,1753537570,3860f01a
1899644931426164480,中国也不能避免,6661.822,1753546522,d5bc7b78
1899645448348985344,当然我们现在正在努力让中国不一样而且也有了成效,6689.47,1753546584,d5bc7b78
1900034195536137984,Dylan是一个真诚的好人 支持,6720.402,1753592926,2c9403ee
1900231076526713344,美国很多人相当爱国的，其实恰恰是我们。。。。。。,6649.902,1753616396,395ce43e
1900245252292511232,这里的荒谬应该是指外国宣传的中国和实际的中国不一样的意思吧,6582.739,1753618086,fc0b135a
1901033036209402880,“神奇”,6522.2,1753711997,1b6940fa
1901478076861790976,中国禁枪是最明智的选择，而且摄像头多也是为了保护好人，监视坏人,6802.453,1753765050,80000882
1901700931155311616,变差,6642.612,1753791616,105f52db
1901734966363358208,他是个理想主义者，社会需要理想主义者的存在,6719.916,1753795674,71f360aa
1901862417940697600,感谢国家，每有一个新技术出现都是先向全民普及的,6630.792,1753810867,4a4e6679
1902365496134297344,我们不要身在福中不知福了,6793.653,1753870839,92f8c01f
1903699234281745920,很多国家都这样,6658.438,1754029833,b7a9b2eb
1903827465546625536,每次波波玩这种政治梗我都好想笑,6715.322,1754045119,29c7c55b
1904592752574914304,中国不一样,6686.195,1754136348,357dee8e
1904596883444749312,。。。。。。。。。,6636.436,1754136841,3e5e834
1904597355127841024,哪里不都这样,6661.546,1754136897,3e5e834
1904599138847969024,没有说过的多幸福 要求就是没有战争就很幸福了,6809.822,1754137110,3e5e834
1904743391271399168,中国可使用短短30年走完了西方国家的很多路,6615.568,1754154306,1606bf27
1904746212788497664,确实多元化，不同地区不同民族,6820.44,1754154642,1606bf27
1905466819909765888,要哭了 老王,6796.692,1754240545,a48719d1
1905516364379104512,中国和美国还是很不一样的，美国可以说整个政府和社会就是一个企业,6688.725,1754246452,c0863c00
1905590443236882944,华波波接的好哈哈哈哈,6728.909,1754255282,55f41f2d
1905708190906021888,是的，明明有新兴的社群文化，小说影视在海外也有不少受众，但只拿传统文化宣传,6558.317,1754269319,92638f93
1905733248072848128,伦好可爱啊,6721.098,1754272306,f5b9996
1905886098668937984,伦儿很有国家情怀,6698.429,1754290527,7becfa2e
1905887294179910912,阿雷文艺人,6824.672,1754290670,7becfa2e
1906070010057587456,基建狂魔可不是贬义(而是汗颜),6743.759,1754312451,c8137052
1906621653182534144,国内也一样，只是国家投入民生的更多,6672.825,1754378212,da947e05
1909689848987148544,他想表达国家或者政府没有投入更多到基础设施建设或者卫生安全上面,6674.879,1754743970,d7fb52ee
1911377903472814592,真好,6720.915,1754945201,984e8387
1911378403299548928,伦的发言太棒了,6767.166,1754945261,984e8387
1913571332298825216,不予置评  但我家过得很好,6816.41,1755206679,a406af70
1915971349722081024,但是在武汉记得出门的时候手不要插在兜里,6731.172,1755492783,aa8cb2c6
1918412477759778560,对老王来说这里很有烟火气,6809.441,1755783788,dcc7e0e1
1921056285831728384,不接受就会被淘汰,6630.638,1756098955,954b058c
1921056623968288000,中国也差不多,6657.996,1756098995,954b058c
1929404679826503424,我们也是啊 程度没那么离谱就是了,6668.628,1757094161,bd775eca
1945264582373671936,每次听这个方面都想哭,6771.747,1758984808,e84d2ff
1967694729680788480,卢可的共情能力很强,6785.668,1761658690,eb09f285
1967694847532478464,老王好真诚,6789.668,1761658704,eb09f285
1975476124088230656,好棒老王,6795.251,1762586305,75855fc6
1977911950214243328,其实中国也是,6675.488,1762876678,aedabb3d
1986558931577298944,确实，只有一部分人在享受当代,6804.09,1763907478,2a9d92f9
1988754506963415040,Dylan反应好快,6661.622,1764169211,c847ffba
2011320470867702016,世界因你而美好 ,6720.212,1766859284,1bdc989c
2016952177930965504,广州都一直在开新的地铁线路！,6708.314,1767530636,8947ce87
2022025891484004352,什么叫老是说这个？经历过的最深感悟说不是很正常吗？,6786.513,1768135469,6d4f31dd
2027056310750973952,这是一个制度问题 美国的资本主义体制下永远不可能达到钟逸伦想要的这些平等和普惠,6727.425,1768735142,aef87158
2027056891695612928,老王一说话卢可就哭,6782.978,1768735211,aef87158
2029865597738983936,外宣确实做得不好,6562.312,1769070035,361d239
2056133097778429440,荒诞是离谱且可笑，也不好,6531.028,1772201365,fa9ad547
2066239338295500544,中国没美国那么夸张,6675.024,1773406123,a16be46f
2085131327899985664,荒诞,6523.597,1775658224,91e1ddec
,,0.0,1775683732.8000336,
lb.c,,0.0,1775683732.8000336,
,,0.0,1775683732.8000336,
1895737518549602560,中俄那说不清道不明的羁绊呐,6875.785,1752989565,9e8cd452
1895737942753120512,虽然但是这些基建应该都不是白给，还是要考虑利益的。,7087.97,1753004822,545954c8
1895737954606223616,萨沙已经不是老外啦，他是老内,6917.492,1753001311,e4ff31ac
1895737962810282240,给陈老师投币,7148.543,1753000815,e868d6e6
1895738337562956032,萨沙的面相都很中国了,6921.078,1753014984,73e9b877
1895738415065305344,非正不就是这样吗hhh正经起来很正经,6951.491,1753017172,638576ba
1895738442420556032,这已经是精中了自豪了,6856.334,1753017521,47376c28
1895738515367891200,现在的节目越做越大，主题也越来越大了,7111.306,1753019293,193ffd61
1895738546372186368,萨沙越来越老干部了,6860.051,1753019535,1c68567a
1895738560079171840,完全变成中国人了呀萨沙,6854.884,1753019690,b3e76332
1895738708666585344,但中国的利益都是双赢的，大多是经济上的，不能说有利益就是不好的,7102.081,1753028422,a7349199
1895738749695267072,基础在民间，未来在青年,6909.082,1753029610,b77da815
1895738798022037760,东北人来了,6857.033,1753029957,d0eeaf61
1895738808063201536,唐朝那会真挺多的，服饰饮食娱乐活动都交流的特别深，互相影响很大的,7030.588,1753023996,11c5072
1895738836324421888,偶尔有一些宏大深入的话题也挺好的呀,7125.054,1753034905,9ef562ec
1895738864585642240,灵笼,7118.112,1753027731,7bf03337
1895738874618417408,肯定是有利益的，但是我们追求共赢，而不是强取豪夺,7091.369,1753030554,516113ea
1895738916561457408,宏大叙事会让人感动，但也会让人迷失的，感觉没必要一直升华,6997.048,1753038389,187c324
1895738967622914304,这一年真的是舆论反转,6903.166,1753030294,516113ea
1895738974912614656,近代中国的版图就是清朝定下来的，相当部分依赖于乾隆的十全武功，感兴趣可以搜一搜乾隆朝名将,6979.544,1753040743,7a1afabc
1895739005916909824,没有宏大的背景下个人还会存在吗？,7125.643,1753036925,c7bc6e63
1895739146333819136,咋样了。。。挺好的啊人家,6949.86,1753073352,892b4073
1895854446332840192,相信老王说的是话是发自内心的，毕竟亲身经历过战火,7170.238,1753094661,3a31dcb7
1895859660172023808,据说他的老爸是中俄混血？,6880.681,1753095283,1df8460d
1895878303215493376,迷失是因为你自己内核不稳，如果你连听到一点赞美的话都觉得心虚、不适，那是因为你配得感太低了,7007.214,1753097505,68ab50d8
1895886991573313536,萨沙已经入党了，自豪感都有了哈哈哈哈哈哈哈哈哈哈,6853.737,1753098541,ac1ed4e7
1895914456186862592,确实，有过大唐的鼎盛，也有侵华的耻辱，太复杂了这几千年和近两百年,7072.87,1753101815,4f7b0147
1895939496005433088,我发现很多人很抗拒对个人的赞美哈，宏大就是由个人构成的,7124.197,1753104800,d0a706e0
1895962862170590464,是的,7064.0,1753107585,3c890e32
1896057229271011584,从先秦开始的华夏认同,6997.054,1753118835,35861f7e
1896057475954741760,让我想到了威斯特伐利亚和约,7027.006,1753118864,35861f7e
1896138358434982144,一点都不过，中国就是很好。,7190.899,1753128506,7388c77a
1896282581490515456,导播直接不敢切其他人的画面了 大左也管管 心里知道就行了,7189.779,1753145699,c585eb07
1896371636178174208,为什么过了 前面的是配得感太低了吗 陈述事实而已 为什么会觉得过呢,7195.88,1753156315,c0abd974
1896444073528258560,才注意到这个地图中国好大,6967.583,1753164950,a7969c95
1896444504300081408,超棒啊这期话题 很有意义和深度,7003.209,1753165002,a7969c95
1896487634579302400,这个地图也让我印象很深刻,6965.677,1753170143,9ec95bfa
1896489246634756864,说得好,7151.185,1753170335,9ec95bfa
1896515622197177856,他是真的入党了吧，发言太官方，哈哈哈,6917.303,1753173479,8a80d98c
1896527134873361920,萨沙太中国了,6883.176,1753174852,6a042d86
1896527607890110720,真的很震惊,6985.76,1753174908,6a042d86
1896528590154207232,不愧是在世界中心呼唤爱,7171.882,1753175025,6a042d86
1896549573058051072,求同存异,7081.105,1753177527,b99d4a1f
1896678634124171776,说的太好了,7089.925,1753192912,ef5b873
1896689226226035968,为什么要说过了，如果作为国人的我们都不够有自信，都不够乐观自豪的话，这个世界上还有谁愿意更相信我们可以做到这些呢？,7191.378,1753194175,4de79949
1896700212652189440,中国最牛逼的一点，就是同化,6948.592,1753195484,c3929b2
1896846755031494400,天下大同，世界人民大团结，万岁！,6951.603,1753212954,9450640
1897038302151448064,让我想到了高佑思…哈哈,6842.739,1753235788,88971e98
1897132711857199616,因为我们原本就是一个多民族的国家，每个民族存在各自的文化差异，每种文化相互包容,6938.97,1753247042,42da3e49
1897313694656990464,北京欢迎你，为你开天辟地（开放怀抱）你会爱上这里,6908.793,1753268617,729e3ab7
1897402914356966144,love ,7173.813,1753279253,ca23a4
1897552673700808704,执着 信任,6868.324,1753297106,6f99a845
1897601588529782528,现在人真是戾气重了，以前从来不会有人莫名其妙的打问,6997.266,1753302937,a12485dc
1897859954988690432,家国情怀大部分人有，有一部分人确实因为从小的狭隘，自然也看不惯这些,7191.085,1753333736,e0632c99
1897866933580394240,非正这一季带着任务了,7011.467,1753334568,8562c6e6
1897897775447236608,那外国人和自己国家对比就是觉得中国更好啊，看见中国更好的一面讲出来啊，代表们都说的那么真挚真诚,7021.288,1753338245,2aa70d44
1898088222609748480,可以倒着说中文,6878.916,1753360948,8f9aba91
1898092720329620224,带啥任务真好笑,7021.416,1753361484,d849b843
1898132201112459520,宏大背景就是我们每一个中国人的骨血，为啥不能谈,7130.926,1753366191,ba542c3c
1898580836409316096,守正创新 不忘初心,6939.247,1753419672,6126b659
1898666323538942976,用今人的生命还古人的债，这个真是精辟,7155.601,1753429863,915050e3
1898788297942440448,他不是混血儿，是老爸在他很小的时候就“巨星标配”了，但是很小就开始接触中国文化,6894.038,1753444403,cc3adea9
1898791671513404160,宏大和个人不是对立的，而是互相成就，这就是精致利己主义为什么要摒弃,7136.041,1753444806,cc3adea9
1898822681655529728,这太好了！,6843.84,1753448502,636af638
1898910387244854272,莎莎接近中国人了，完全中国化了,6921.603,1753458958,e3470321
1898911684559693568,陈老师真的满腹经纶啊,7076.15,1753459112,e3470321
1898957673719325184,有些弹幕是觉得说坏的才是真吗？坏的好的都是,6994.673,1753464595,6b40ebca
1899330667008161024,已经是东北人的模样了,6896.769,1753509059,8ed82815
1899443844664460800,中俄CP,6903.562,1753522551,e4d84d7d
1899524549423779584,太深了！,7053.949,1753532172,3820b86
1899609802536100352,萨沙太像中国人了,6868.96,1753542334,64c6b79c
1899623826770786560,一点都不过好吗，现在的时代背景下世界是否能和平确实要看中国,7192.147,1753544006,bc31ead9
1899647684927755520,前面的想说啥啊，陈超咋样了？不要引战可以吗,6952.723,1753546850,d5bc7b78
1900087323199353344,哪里过了？自己去了解一下我们在国际事务上做出的贡献，不要这么自卑,7189.371,1753599259,422009b7
1900214028308531712,古代也有疆域图吧 也是有地理分界线的,7038.06,1753614364,b927edf8
1900303293918964224,老王又动感情了,7179.652,1753625005,68efaa5c
1900974547218661632,中国真的格局太大了,7161.167,1753705025,62699b20
1901012750474195456,萨沙就是中国小伙啦 ,6871.084,1753709579,9265523d
1901040459380750080,天下大同！！！世界和平！！！,7183.616,1753712882,1b6940fa
1901066877699254528,近代史 是一个伤痛,7072.148,1753716031,539dfda8
1901118523019670016,互利互惠嘛，有何不可,7108.686,1753722188,18259142
1901639283426035968,我的弹幕呢,7003.772,1753784267,4d2041c5
1902755038712239872,萨沙说的已经得到了国人大会演讲的精华,7009.141,1753917276,3f3063c2
1903662376340233216,陈老师讲得太好了 ,7199.012,1754025439,2e93938c
1903701780291417856,夸得我都绷不住了,6921.694,1754030136,b7a9b2eb
1903776104272515072,中国自古并没有国境线的概念都是以势力范围划定大概的区域，真正接触到把国境化为一条线的应该是清朝的尼布楚条约,7040.655,1754038996,b9df69aa
1903804183300627712,中国是文明型国家,7009.325,1754042344,1ddd0afb
1904413756096572672,会长眼眶红了,7182.497,1754115010,21f73640
1904600175142915328,萨沙这段话 好,6931.724,1754137233,3e5e834
1904602111367773184,哈哈哈,7116.424,1754137464,3e5e834
1905340308922234368,speed不是来了吗？,6912.659,1754225464,2eb47862
1905890199146212096,天下大同！,7147.37,1754291016,7becfa2e
1906120801997426176,倒着说中文笑鼠我了,6883.518,1754318506,712b33d4
1906866720434670336,他爸爸混血,6884.042,1754407427,4ad5b7c7
1907440916215114752,必须得是陈铭,7057.295,1754475876,9adcf5e9
1907441055340190464,没有陈铭可咋整！！！,7062.323,1754475893,9adcf5e9
1907927474462215424,萨沙爸爸好像是中国人,6888.991,1754533878,edceba01
1908264231959804928,不然呢 你想听到什么？,6956.994,1754574023,d8a8f583
1909738694962297344,因为我们的认同不是建立在血缘，种族之上的，是文明,6947.309,1754749793,e06a0bba
1910516879710106368,天下大同,7156.667,1754842559,4cd26c1a
1911108155258463488,愿祖国永远繁荣昌盛，愿人民安居乐业，希望真的能有老吾老以及人之老，幼吾幼以及人之幼的天下大同,7199.845,1754913045,34be5d10
1911383357871574272,说得太好了,7156.072,1754945852,984e8387
1912644363784642048,这个bgm有点宏伟啊哈哈哈哈,6896.867,1755096175,aca1d8af
1912646653195192576,说得太好了！！！,7161.315,1755096448,aca1d8af
1913030470246605824,只有经历过才知道的,7176.765,1755142203,cdc7bc83
1913350480247959552,李白是吉尔吉斯斯坦那边的人,7021.62,1755180351,3302ae89
1914864527842332928,国破家亡，固定搭配，望周知。也不妨看看今天的加沙人民，里面也不乏战争前家境优渥的。,7145.64,1755360839,dfe2ddbf
1916898949210434048,萨沙太老干部。。。,6868.229,1755603361,41d23346
1916900671467390976,读人类简史就知道 国家是人类构造的概念罢了,7052.699,1755603567,41d23346
1921250021379576576,说硬夸的历史及格了吗,7002.11,1756122050,bc587f4c
1923930412557231360,但是听说意大利街上小偷特别多,6841.225,1756441577,99536495
1924986993839221504,陈铭老师口才好，说话才快，没有语言屏障,7130.674,1756567531,e498a6f4
1926357441114275328,投币了,7154.131,1756730901,9eb4a117
1939601543464800000,说的好好,6936.456,1758309722,19031c9a
1971050491086146048,感觉萨沙真的是完全融入中国了,6891.029,1762058728,9574db04
1977023081524779264,都是地球上的人类，没有哪个国家比其他高级,7161.416,1762770716,da85f3fd
1977913530325766400,萨沙已经入党了吗哈哈哈哈哈,6863.869,1762876866,aedabb3d
1985165235720048640,太纯了还是,6863.268,1763741337,55203a50
1992880039746138112,东北代表这一块,6856.653,1764661013,b087944c
2011869610512769024,看哭了,7140.057,1766924746,cc26b091
2011870073975098624,说的太好了,7150.2,1766924802,cc26b091
2026026976464848128,这一期太棒了,7064.553,1768612436,1ca31636
2027856872027209728,非常漂亮的总结,7094.328,1768830577,8f58d927
2035149943106573568,他真的说得好标准,6879.309,1769699978,ca126b
2036292303651953664,我突然意识到中国的中立也是一种和平,7197.221,1769836158,f9735bbb
2082391271548932096,包容  但是有一条你只可意会不可言传的高压红线    触碰即死亡,6946.344,1775331584,6d6f1ac6
2082391448967843072,包容  但是有一条你只可意会不可言传的高压红线  触碰即死无葬身之地,6950.611,1775331605,6d6f1ac6
,,0.0,1775683732.8000336,
lb.c,,0.0,1775683732.8000336,
,,0.0,1775683732.8000336,
1895737650661789952,下周见,7295.403,1752992285,a1639211
1895738054900420864,陈老师说的真好,7214.561,1753006171,255b01e
1895738988594434304,那挺羡慕那个厅结婚的新人了~,7250.967,1753048041,23ddeab7
1895990467888831488,哈哈哈哈哈哈,7243.15,1753110876,99272c49
1896502871931897088,精彩的节目,7207.788,1753171959,bda137c9
1896528826075226624,好看,7223.428,1753175053,6a042d86
1897388807511572224,很客观啊，这就是事实,7202.296,1753277571,d403eb94
1897967201404250624,好看好看,7214.407,1753346521,bdfa401c
1898090557780690176,哈哈哈哈哈哈哈,7364.777,1753361226,9cdf46e6
1898096271319938304,伦儿记词能力这么强啊,7425.896,1753361907,d849b843
1898122321471151616,战歌起泪目了,7222.706,1753365013,66a85677
1903097630284788992,真棒！,7232.354,1753958116,1e5860b0
1910196463095640064,可真正的世界还是弱肉强食,7214.027,1754804363,738a73b
1962554409448054016,旷野的规则是永不回头,7256.422,1761045916,9caedba
1977916378484578816,精彩！,7203.354,1762877206,aedabb3d
,,0.0,1775683732.8000336,
lb.c,,0.0,1775683732.8000336,
,,0.0,1775683732.8000336,
1895737229310398720,一日代表好漂亮！像玛丽莲梦露,36.018,1752985309,59dfb4d2
1895737236021285120,来了！,197.636,1752984891,781e03c0
1895737280388632832,来哔哩哔哩只为了非正,23.323,1752985268,882cd619
1895737340836942080,竟然没有弹幕,102.734,1752986130,7c88818c
1895737356095820032,太美了啊啊啊啊啊啊啊啊啊啊啊,129.037,1752986855,63882395
1895737381790126336,哈哈哈哈我也喜欢测试,330.419,1752986736,4f7b0147
1895737392368161024,再看一遍加长版,74.113,1752987164,6261fc3d
1895737440627822848,就等加长版了,15.67,1752988220,a8fd71fe
1895737488023458048,沉默是最好的回答,188.466,1752989859,5cde034e
1895737757213888768,濑濑晒伤妆？,296.894,1752994571,13ee2db9
1895737813862158592,天呐，杨迪好好，还帮会长解释一下,262.251,1752995588,ef576978
1895737852827242753,濑濑可爱,315.191,1752995616,1091612d
1895737914483511552,我怎么第一反应就知道他要说学历,139.779,1752996339,2775914b
1895737947308134656,果然还是斯拉夫人长在我们的审美上！,73.86,1753005031,2394c70f
1895738002018636032,哈哈哈哈哈哈哈哈哈,195.646,1753006609,bc56a2e1
1895738089553760512,加长版！终于 走起～,118.271,1753002959,ea88348b
1895738128770502912,哈哈哈 让我们说中文,233.897,1753003085,ea88348b
1895738201701060864,哈哈哈哈哈哈,178.352,1753005984,61f1cb93
1895738215382880512,来了,60.699,1753006389,bc56a2e1
1895738423277752576,怪不得,264.523,1753017327,ef8f951e
1895738450633003264,弹幕呢,94.954,1753017693,6474f847
1895738460665778432,来了,9.0,1753017972,d2eb3f6c
1895738543637500160,超超看起来很聪明的美女,286.398,1753016280,a9208369
1895738587400868096,我说会长怎么有种被夺舍的感觉呢,275.37,1753020529,fc5c5aac
1895738736936194304,罗世杰也是博士吧,170.656,1753024489,8d665d98
1895738941182021888,再听一遍哈哈哈哈哈,211.547,1753064144,91850ea9
1895739043304935680,大左你堕落了 居然问出这种问题,183.625,1753066311,c585eb07
1895739119892926720,直接看加长了,50.901,1753065450,532bb614
1895739159101280512,直奔完整版！,2.008,1753066177,df6e1fa7
1895739170954383616,高情商：还在研究中...低情商：懂得都懂,196.746,1753071998,2b09e628
1895739227485212928,想起大不溜，小不溜，哈哈哈,313.856,1753071380,42da3e49
1895739240252674304,本来就是这个议程,275.175,1753075611,9cc5a9be
1895739294963175680,让我们说中文,230.803,1753077391,7d0b1ed6
1895741767471711744,好漂亮我的吗,123.454,1753081229,35861f7e
1895878472815905536,我就说会长怎么突然那样哈哈哈哈哈哈,285.477,1753097525,e1f0140c
1895902343950621952,小姐姐有点用哈利波特的露娜,260.69,1753100371,7bf5ae5
1895913944380697088,全世界都在说中国话。,240.019,1753101754,83719079
1895923691389856000,这封面有点像火仔和托子啊,7.553,1753102916,f48e83fe
1895925654231755520,俄罗斯娜娜什么时候来,123.096,1753103150,9a5f75b6
1896126772140527360,soul说是,314.381,1753127125,757770bd
1896432713985696000,厉害了,157.364,1753163596,d844b0d7
1896548500188124672,头发好美,170.792,1753177399,7be9809b
1896549652783060480,杨迪火是有道理的 尊重人,272.254,1753177536,7be9809b
1896671118996624640,哈哈哈哈确实幸好解释了,273.442,1753192016,9cb4590f
1896702989247416832,超超很适合这个衣服的颜色哦,102.804,1753195815,3c4a8341
1896834873642632704,有俄罗斯美女啊…,35.454,1753211537,88971e98
1896836266168177664,让我们说中文,232.165,1753211703,88971e98
1897134881856050432,漂亮小姐姐～,64.387,1753247301,c76fd2
1897334937960030976,濑濑这个妆真好看,301.592,1753271149,bbeae81b
1897409888377011200,冒犯,196.202,1753280084,4dd44e23
1897435333340270848,约基奇,348.778,1753283118,182ab5fd
1897520115852190208,完蛋，没有提示我怎么看？,116.489,1753293224,28dcc9f6
1897545623813818880,这就冒犯了？弹幕真是敏感肌,201.287,1753296265,d14d0ec
1898012492027085824,赖赖的妆好可爱,336.596,1753351920,4fcac017
1898069933423117568,杨迪预判了弹幕哈哈哈哈哈,271.58,1753358768,ba542c3c
1898129671619960832,这个问题就跟 这是博士，你谈恋爱没？结婚没？一个意思,190.406,1753365889,c4640bae
1898480150421808896,来了,16.649,1753407669,6a79158e
1898575317955005440,超超好好看！,109.88,1753419014,69896d2c
1898577690152768512,花仙子从动画里跑出来了,128.022,1753419297,ae954710
1898649691060092160,西伯利亚可老大了,219.328,1753427880,2391701c
1898711585640666112,陈超这次妆发好可爱啊,102.634,1753435259,6bc89832
1898754234095442176,羌族小煞,92.976,1753440343,2c9219d7
1898798214510129920,你是菠萝的颜色,82.099,1753445586,3665527f
1898849081846541312,萨沙爸爸本身就是中国人，只是他自己从来不提,250.247,1753451650,b47738e
1898894497392836608,哈哈哈哈哈哈,177.674,1753457063,b7a9b2eb
1898943849687043840,一直是这样就得改呀，与时俱进哦,224.299,1753462947,b698ce63
1899364840469068288,这个发量绝了,134.718,1753513133,2a7b6daf
1899448788037526016,超超每期都好美呀,99.793,1753523140,d00654d8
1899516166050156032,不是第一次看 而是第一次意识到 以前太麻木了,216.063,1753531172,118b96e
1899527485797073152,笑死 中文是母语 俄语是二外,237.713,1753532522,568a8045
1899528308618886912,敏感是好事,303.526,1753532620,568a8045
1900192036414916352,一之濑这妆怎么回事,293.915,1753611742,29c7c55b
1900289648556262400,直接看加长版,0.154,1753623378,e67086c2
1900919121772592640,好漂亮,127.615,1753698417,c1f2fe77
1901083258352320512,好厉害的姐姐,153.737,1753717984,80000882
1901138676046841344,好想念松鼠啊,100.073,1753724590,be45fcd2
1901541018550427904,学霸,158.824,1753772553,92f8c01f
1901541640448327936,哈哈哈哈哈哈哈哈哈,233.0,1753772627,92f8c01f
1901557020667466240,口音重成这样吗hhhhhh,247.784,1753774461,28c7b5ab
1902390692148829184,杨迪，综艺没了你可怎么办啊,266.775,1753873842,d89f1503
1902390841935725312,这个家不能没有杨迪,269.141,1753873860,d89f1503
1903658867167214336,萨沙俄语有东北口音,222.721,1754025021,19790be1
1903884035399163392,弹幕确实很敏感（摊手）但本来每个人的敏感度确实都不太一样,210.495,1754051863,c29ddf0d
1904491649607379968,哈哈哈哈说不出来,179.099,1754124296,3e5e834
1904491705198666240,太真实了,185.705,1754124303,3e5e834
1904530408591864832,别说的是人均美女，俄罗斯人一到中年，你看什么样子,267.292,1754128916,45953387
1905824218038253568,一之濑脸咋了？？？,293.709,1754283151,7becfa2e
1906658172484245248,斯拉夫出美女,75.635,1754382566,1327ee61
1906659219936198400,俄罗斯男女比例失衡 现在男人可能更加少了,182.722,1754382691,1327ee61
1909373597710577920,杨迪真懂弹幕啊,277.498,1754706270,8dd2ba4e
1910460639663627264,陈老师在模仿一之濑,45.076,1754835855,922f6f0b
1913105683772238336,希尔顿借了这么久啊,64.327,1755151169,7c712eec
1918431810531300864,这集时长好评,75.498,1755786093,15362246
1918442564634446336,最好看的,148.186,1755787375,15362246
1933845929732174848,什么文化？能不能翻译成中文,304.009,1757623599,d7c947c1
1937313621231702528,丽莎非常漂亮又可爱，前几天在三亚看到本人，很惊艳,124.308,1758036980,ba02a15
1937929668699405312,卡尔波利,48.444,1758110419,32e2455b
1937963074376466688,好漂亮,134.143,1758114401,945a6cd2
1944416070370790912,？？？？？？,169.166,1758883658,ee18cbf2
1946034063152715520,漂亮,127.189,1759076538,eb269b47
1948170065589943552,这就是敏锐，情商和敏锐并不相关,311.502,1759331169,ffdfce2e
1953129821739839744,为啥一之濑是asuka明日香,324.492,1759922418,83b4cbbf
1954420562860454400,好喜欢她,134.846,1760076286,915cc525
1956594679777072128,别太敏感肌,205.333,1760335461,d35c8a9
1960344697746654976,萨沙爸爸是混血,212.087,1760782498,f8089327
1961200116493380096,？？？,189.014,1760884472,a187841b
1963248930037173504,故意的，节目就这样，多少年了还不懂这个套路吗,196.252,1761128710,65b78c7
1968970682843311616,哇俄罗斯美女姐姐,34.602,1761810796,269700bc
1977838097261843200,来了来了,8.955,1762867874,aedabb3d
1977839385668188416,好有才华！好漂亮！,162.561,1762868028,aedabb3d
1992655007401061120,让我们说中文,231.845,1764634187,b087944c
2002223379507534848,超今天的发型好看,289.421,1765774826,8d79c5f3
2004575798560393984,怀念以前长头发的四姐,174.74,1766055256,ffa3828d
2021928450646454528,确实不太好。。。这是啥敏感，之前男代表啥的也没问（从非正第三季开始追的）这本来就不尊重人，敏感也不是什么坏事,202.128,1768123854,6d4f31dd
,,0.0,1775683732.8000336,
lb.c,,0.0,1775683732.8000336,
,,0.0,1775683732.8000336,
1895737342925705472,严谨的德国人,476.148,1752986028,fe4eee91
1895737483040624896,大气,487.444,1752989145,193ffd61
1895737545401536768,怼脸拍，真的好看doge,689.139,1752990986,591a47e1
1895737746736517376,两位的瞳色都好好看,397.339,1752993592,2f3ca03c
1895737759118102784,梅丽莎小姐姐头发太美了，像洋娃娃,677.759,1752995462,13ee2db9
1895737805708431616,呆楞是真的  成熟了！！成熟的帅！！,611.617,1752994452,fbf64f60
1895737827443314944,那真的我们很难这样,466.779,1752995951,1091612d
1895737952785895680,花期短但是开得艳,585.749,1752998353,4eba2802
1895737970108371200,可以一个人买单，然后有空了拿小票算,428.926,1753005751,90af0186
1895737994720547072,split the bill是吗,414.975,1753003281,ea88348b
1895738146084589824,梅丽莎真的太好看了,642.72,1753009208,d93d12d4
1895738169790796032,哈哈哈哈,434.814,1753004847,2f987c3c
1895738187113271552,这个妹子好养眼啊！！,500.242,1753010552,85e3c44a
1895738250027831552,真的，我追过不少外国演员，白人很少有保养好的,603.652,1753012927,302e2cd4
1895738309293347072,男生应该说平权吧,410.11,1753014904,26cd4125
1895738312942391552,这蓝色眼睛真漂亮,701.403,1753012513,68efaa5c
1895738379505996032,小姐姐！10分好看！,681.33,1753013023,302e2cd4
1895738488926998784,听着还挺浪漫的,529.594,1753015004,26cd4125
1895738489832968448,哈哈哈哈哈,621.823,1753019961,ef8f951e
1895738508984160512,五官太美了,684.493,1753017972,8d117f15
1895738562780303616,四姐稳定发挥,422.981,1753022338,fbd7fd41
1895738589221196032,太好看了她,677.254,1753017957,8d117f15
1895738746054611200,陈铭看了一眼梅丽莎哈哈哈哈哈,590.106,1753024833,8d665d98
1895738822642602240,白人皮肤薄，再加上骨相起伏明显，没有胶原蛋白很快就垮了，黄种人只要保养得当一般四十多岁还是没问题的,615.648,1753034058,7a1afabc
1895738826291646720,严谨的德国人哈哈哈哈,462.399,1753024355,bde1c345
1895738886471520512,而且他们生很多孩子 生的女儿也多 我俄罗斯同学她有三个姐妹,706.277,1753041605,7021661
1895739008659984640,这种情况的话一般就是那个吃的多的全付了，关系好的话分别人一口吃的很正常,469.305,1753033834,7a1afabc
1895739055158038784,好问题,629.722,1753070638,bdcbba7
1895739211068707072,萨沙有几分像吉洪诺夫老爷子年轻的时候,649.648,1753071778,9e41d483
1895746442224785664,让我想到了鹊桥仙,527.913,1753081786,35861f7e
1895778905819131904,超超有点星期三的味道好喜欢,385.96,1753085656,73e93c18
1895840500003377408,哈哈哈哈哈哈哈哈哈哈哈,519.208,1753092999,ac1ed4e7
1895840530647078656,紫禁城风水养人,590.76,1753093002,c0d2264f
1895945062736117760,aa就是每个人付自己的，传到中国才变成均分,412.606,1753105463,84633020
1896015890890314496,新代表好可爱,639.956,1753113907,e871e898
1896039919974262784,哈哈哈哈,427.498,1753116771,415655f0
1896457049043406080,活泼可爱美丽，常驻！刷起来,688.508,1753166497,8cb4abb9
1896471204483626240,萨沙确实帅啊 是我喜欢的长相,657.64,1753168184,4ca66879
1896710320119313920,魂断蓝桥,514.263,1753196689,491addc9
1896934522319112192,哈哈哈，是我了,375.813,1753223416,a075ec79
1897173951436752640,一之濑这个妆造没之前的好显得臃肿突出,369.849,1753251958,6f99a845
1897176064527120128,这才是真正的AA AONE 各付各的,417.466,1753252210,6f99a845
1897249138144757248,哎呀超超好美呀这套,372.158,1753260921,d67a388
1897255003031584000,太可爱了,643.527,1753261621,290bcf14
1897330516752267008,四姐没变化，从以前就成熟,627.007,1753270622,7ea9d3d5
1897377323800974592,主要是德国比较严谨,427.117,1753276202,c76fd2
1897409726736857856,原来都是搜来的,571.539,1753280065,be125094
1897789980114699776,哈哈哈 不记得,540.606,1753325395,4227b274
1898072148510532864,高配版星悦,691.839,1753359032,2738fae5
1898073640089037312,我的男生同学也是，大学4年过去之后都不同程度发福了哈哈哈,603.928,1753359210,ba542c3c
1898583508701119488,最漂亮的不是五官吗，尤其眉眼,683.896,1753419991,ae954710
1898652758169973248,deepseek打钱,575.04,1753428246,2391701c
1898755732108109824,因为他们爱晒太阳 高油高甜 亚洲普遍相反,616.917,1753440521,636af638
1899233687024352256,法币还帅好可爱,403.744,1753497498,ad67615a
1899377441013676544,哈？,702.185,1753514635,2a7b6daf
1899524857746892032,我喜欢这种方式，不过最好点一些价位差不多或者好算的,476.688,1753532208,fbcf58ae
1899526800288205568,参考小李子,615.613,1753532440,fbcf58ae
1899527783693058816,好像俄罗斯婚礼和登记是同一天,703.421,1753532557,fbcf58ae
1899611392370790912,4,635.097,1753542524,82c776d
1899956477675331840,是晒伤妆啦,360.467,1753583661,9e6467db
1899975255272139008,这个好,400.959,1753585900,2c9403ee
1899976001933586944,那是因为西方吃饭（夹菜）的模式不一样 每个人分的很清楚,422.475,1753585989,2c9403ee
1899977800535069184,风大,542.187,1753586203,2c9403ee
1899980015152740352,测的好，就是真的好，测的不好，要相信科学,375.102,1753586467,3ad68769
1900241357915115264,怪浪漫,530.228,1753617622,5eebbb86
1900924116316678144,他也是混血吧,597.346,1753699013,c1f2fe77
1900991742497444096,老王好认真,506.845,1753707075,f6eb3d24
1900996645152891136,这个好！我喜欢这样,418.409,1753707659,59b380d7
1901491110711870976,引火烧身,657.108,1753766604,3465c430
1901544698834279680,哈哈哈哈哈哈哈,597.382,1753772992,92f8c01f
1901692904028990720,都一起吃饭的关系了感觉不用太计较吧，这是date诶,487.282,1753790660,71f360aa
1902424479079549184,是帅的啊，五官比例很好,657.34,1753877870,24d07282
1902473228065647616,我喜欢这样，感觉婚礼是给外人看的，不是给自己办的,717.867,1753883681,59b380d7
1903182158839680512,我和一位少年，漫步树林外,487.925,1753968193,a6894687
1903203390071653888,饮食问题,600.437,1753970723,5e85aa98
1903650610780700160,白人虽然不注重保养但没有容貌焦虑可以做自己就很好啊,633.202,1754024036,98decb5
1904495513727200768,这个小姐姐真的好漂亮啊 白白的,603.059,1754124757,3e5e834
1904532634147952640,堵桥来,511.379,1754129182,5bd65cde
1905080521651165952,喝酒喝的吧,597.515,1754194495,39d99fac
1905349996455302912,好喜欢去这样的，有人能懂吗,434.037,1754226619,6d90be6a
1906661267888835072,法币和一日代表眼睛一个色系,393.932,1754382935,1327ee61
1906662046133447168,这次总算到德国人震惊意大利人了,469.062,1754383027,1327ee61
1910284368769920256,因为花期短,698.558,1754814842,664d29dc
1912279399659960064,风在哪不都是一直在吹的么,542.249,1755052668,a8fe5ea9
1913210705083992832,萨沙确实帅，而且帅得很客观，这但没法否认,650.002,1755163688,d88d4d24
1913223966307712512,同事之间可以这样，朋友之间就没必要了,449.744,1755165269,96a9a0bf
1913292098959548672,萨沙确实是特别帅！,660.617,1755173391,7b914c00
1913346863013150208,这个真好,405.051,1755179920,fcf22efb
1916178758985921792,德国人哈哈哈哈,470.385,1755517508,41d23346
1921042340266008320,国外是各点各的套餐，适合aa，中国是一起吃同一盘菜，胃口不同，不适合粗暴的aa,412.351,1756097292,eea468e3
1921042881901795072,中国更难算，所以流行请客而不是aa,441.898,1756097357,eea468e3
1941566684721332736,这两个俄罗斯代表应该就是中国审美里最好看的那一类了,667.832,1758543985,e2e301a6
1944428565982548992,Dylan在写什么,388.052,1758885147,73aed9f3
1953188451575386624,确实帅,649.868,1759929407,194d9898
1960064942610599168,我29岁，孩子10岁。,709.896,1760749149,6a7c628d
1961074382902701824,啊啊啊这个音效好可爱,639.808,1760869483,c8711e27
1965454987081423872,我就这样，各算各的。跟朋友其实我也想这样，不然我感觉不太舒服,456.746,1761391692,d0b3063b
1969275411209221120,hhhhhh,585.68,1761847122,1e751c6e
1977842088578297088,严谨的德国人,480.692,1762868350,aedabb3d
1988648613126933248,妈呀，漂亮姐姐好可爱,643.948,1764156588,c847ffba
1996421042478379264,比aa更aa哈哈哈,415.493,1765083134,7177deef
2025581688474307072,亲兄弟明算账,428.978,1768559354,e5ebf93c
2066188182139764224,你也是 和前几季对比明显,589.72,1773400025,a16be46f
2068219040748953344,我喜欢这样,442.196,1773642122,f2fcfff8
,,0.0,1775683732.8000336,
lb.c,,0.0,1775683732.8000336,
,,0.0,1775683732.8000336,
1895737309572600064,哈哈比利时淡淡吐槽好搞笑啊,864.838,1752985668,47bbec08
1895737494264582400,2333333,743.492,1752989946,c76f245a
1895737546508833024,只能说世界之大无奇不有了233,828.615,1752990204,4944442d
1895737690583175424,？,788.371,1752992554,dbe23620
1895737828349284608,哈哈哈哈哈 就非要有证吗这,788.883,1752994668,fbf64f60
1895737890777305344,这么闭塞吗？,805.983,1752997401,ba65b856
1895738004753322240,比较严重的程度哈哈哈哈哈,1016.022,1753004556,94d50217
1895738144264261888,男：天王盖地虎 女：宝塔镇河妖,875.819,1753006816,47376c28
1895738162501095680,伊拉克也是什叶派国家,830.79,1753007084,43686648
1895738377685668096,对对对,886.688,1753016087,bc9fd41c
1895738640282652928,哈哈哈哈突然想起来戴卢可是不是对dating文化很懂,952.295,1753025347,fe4eee91
1895738693172826368,哈哈哈哈哈《这个华波波不一样》,729.19,1753024957,8d665d98
1895739065182425344,越压抑越开放,844.47,1753052006,65ec0af4
1895739149982863616,哈哈哈哈哈哈哈,907.322,1753065403,f7934ca3
1895769540794055680,前面俄罗斯遍地帅哥美女是真的,769.796,1753084540,4422ff62
1895824043836972544,弹幕突然收声了红红火火恍恍惚惚,734.198,1753091037,cc93cef3
1895828587920556800,这真的不是菠萝卖不出去的营销吗？,871.762,1753091579,1da0b061
1895947042497947392,第三次见面还是第三次嗯嗯？,1049.141,1753105699,c750ae38
1895949991009590528,宗教警察吗？,776.638,1753106051,9e41d483
1895971024152074240,中国人的经商天赋哈哈哈哈哈,917.26,1753108558,5a31e3ac
1896425506115668224,村？哈哈哈哈,953.332,1753162737,42570b8b
1896427127877063168,招展笑死我了,743.277,1753162930,9ec95bfa
1896494509345332736,开放啊,1029.735,1753170963,6a042d86
1896637560244685568,充话费式的结婚,813.804,1753188016,89807551
1896692754986387712,哈哈哈哈哈哈,983.273,1753194595,eac1fc5d
1896706299065560320,老王的眼神在冒星星,838.313,1753196210,d8e5f363
1896713955582526208,天逊尼派和什叶派，想到追风筝的人了,829.491,1753197123,491addc9
1896841388705377280,这跟我们这的警察查房有点像…哈哈,805.028,1753212314,88971e98
1896937991939779840,？？？？,786.906,1753223830,a075ec79
1897123754787030016,哈哈哈哈哈哈哈哈哈哈哈哈哈哈,1020.411,1753245974,45654410
1897176574395630080,来了，直接加长版,974.739,1753252271,d9749c34
1897380653918993152,哈哈哈哈～lady first～,753.071,1753276599,c76fd2
1897380942050808832,短期啦～长期啦～,765.871,1753276634,c76fd2
1897383124666121728,哈哈哈～A到Z～,976.347,1753276894,c76fd2
1897383569446710784,比较严重的程度～红红火火恍恍惚惚～,1015.942,1753276947,c76fd2
1897383907826628352,姐妹们～,1052.127,1753276987,c76fd2
1897551369599046400,可以鼓掌了,1016.475,1753296950,d14d0ec
1897727145607336704,搞对象笑死我了,941.281,1753317904,68db616f
1897898291362938112,YOYO,769.419,1753338306,3dc677eb
1898076736198329856,哈哈哈哈哈哈四姐,967.648,1753359579,ba542c3c
1898220515982619136,哈哈哈哈什么时候看到这个lady first才不会笑啊哈哈,749.918,1753376719,e8cc9494
1898515580160908800,真就体验卡,785.517,1753411893,a18ccce
1898531542490707712,太好笑了hhhhhh,995.742,1753413796,8020f1b7
1898584831534084096,感觉和苏格兰那种男女校联谊会挺像啊,958.956,1753420148,ae954710
1899333614798306816,哈哈哈哈哈哈哈哈,890.75,1753509410,48caf715
1899493708169050112,这是真的 ,810.963,1753528495,49612456
1899558765339352320,哈哈哈哈哈哈哈哈哈哈，有点太诚实了哈,1041.266,1753536250,37dfb466
1899559089802601216,雷妹妹～,1054.905,1753536289,37dfb466
1899632198056381952,华波波很可爱,860.822,1753545004,ddcb952e
1899690611263457024,这个是真的，我伊朗朋友们都证实了,809.166,1753551968,881ef171
1899980184409419520,我还记得诶,767.393,1753586487,2c9403ee
1899980554649404160,救命,801.518,1753586532,2c9403ee
1900176913918403840,老王。我喜欢的,836.184,1753609939,d7c68202
1900207702098475264,什叶派和逊尼派能坐到一起聊天也只有非正式会谈。,831.444,1753613610,253cfa97
1900855482026004736,挖坑了开始，准备回家跪搓衣板了卢可,963.641,1753690831,18259142
1900982139454146048,以前就说过啦,795.933,1753705930,1606bf27
1901030304811390976,真敢问啊大左,1041.459,1753711672,bba3e7b3
1901030501683674368,特殊类的hhhh,1063.512,1753711695,bba3e7b3
1902475393005930752,认真，不是严肃,1021.238,1753883939,59b380d7
1903582328761517312,讽刺的不是波波是国情,851.615,1754015897,1ddd0afb
1904394075097533952,哈尼克孜,728.514,1754112664,712639ae
1904496876288851456,哈哈哈,729.753,1754124919,3e5e834
1904516940261635328,哈哈 被说中p图了,897.961,1754127311,357dee8e
1905292868248203776,哈哈哈哈哈温州人也是站起来了,922.793,1754219809,94dc5d7b
1907465783345827584,大左池州人，差一个字,930.583,1754478840,e06a0bba
1909633575939544320,哈哈哈哈扬扬补刀,729.343,1754737261,d7fb52ee
1909637115907104000,哦～,1068.756,1754737683,d7fb52ee
1910217713125871872,不愧是北欧,991.337,1754806896,7419d9b6
1910285333971808000,开放式保守,800.19,1754814957,664d29dc
1916182003120834304,好神。。。,800.571,1755517895,41d23346
1918092995408932352,买菠萝是吧哈哈哈哈哈,841.599,1755745703,cae536f2
1919839034780907008,哈哈哈哈哈哈哈哈哈哈,1016.446,1755953847,b9f358ce
1920303224746295040,BGM怎么这么燃？,900.242,1756009183,99536495
1929266071559254528,比较严重哈哈哈哈哈哈哈哈,1020.019,1757077637,467053b4
1932278720392444672,严重哈哈哈哈哈哈哈哈,1008.878,1757436773,52ac390e
1933442446847667968,华波波像非正的逗号，哈哈哈,734.125,1757575500,df58247e
1939900940560154624,搞对象哈哈哈哈哈哈,944.041,1758345412,add21500
1941083294070661888,熟悉的音效又回来咯,760.233,1758486360,50b86bf5
1961012560908661760,肯定有,975.077,1760862114,bfa2ee3f
1969395654430585856,大家都知道的话还叫暗示嘛哈哈哈哈哈哈哈,861.564,1761861456,7ed3ebc
1969396057905913344,华波波每次发言都特别有梗 综艺里缺不了这样的角色,868.073,1761861504,7ed3ebc
1977846831144786688,哈哈哈哈哈哈哈哈哈哈,1044.084,1762868915,aedabb3d
2024171551549188864,！！！,787.638,1768391252,6151813e
2026922242222668544,米兰的男模大部分超级无敌穷,1070.323,1768719160,aef87158
2059722213967966208,啊？,1009.869,1772629221,75a3ab51
2059722648640373248,stop 哈哈哈,1044.827,1772629273,75a3ab51
2068224214867537408,感觉这样离婚率好高,1056.652,1773642739,f2fcfff8
,,0.0,1775683732.8000336,
lb.c,,0.0,1775683732.8000336,
,,0.0,1775683732.8000336,
1895737366690631936,被杨迪笑死，哈哈哈哈哈,1112.633,1752986394,eb069b0d
1895737511729664256,婆婆选好了，双方家长见面一次就订婚了？？这么快，和父母之命有啥区别,1166.095,1752990929,5866b398
1895737822007496960,保持神秘感么,1177.151,1752996054,13ee2db9
1895737846460289280,想起唐大哥开车尾随着送老婆哈哈哈哈哈,1216.937,1752995154,fbf64f60
1895737857038323968,陈老师还是会  doge,1334.87,1752995706,fbf64f60
1895737911757213952,哈哈哈哈他吓死我了,1277.525,1752996969,1091612d
1895737960989954304,哈哈哈哈哈哈,1249.715,1753005457,81e32263
1895738084084388096,那怪不得有些时候会吃西餐，因为这样不能玩手机，就会被迫了解对方哈哈哈哈哈哈哈哈哈哈哈,1364.499,1753010046,4e76690
1895738115080294656,说得我都心动了,1313.062,1753001868,755ab053
1895738130582442240,阿雷是真的在为姐妹们考虑啊！,1091.08,1753006285,2394c70f
1895738138786500864,打羽毛球！双打！,1265.968,1753011691,3820b86
1895738178909212928,四姐好喜欢陈老师感觉哈哈哈,1293.779,1753005068,34ea35bf
1895738260974964992,好像伦和四姐都没说？,1306.348,1753009512,e9983320
1895738350330417408,那岂不是完全不了解彼此,1188.238,1753015487,7e01a787
1895738449718644992,还是不一样，父母之命很多面都没见过,1191.878,1753016191,eabe6363
1895738783434248448,知道的不少,1094.625,1753026745,1952548b
1895738787083292928,《再见XX》那段时间的经历给陈老师整工伤了,1245.564,1753025428,8d665d98
1895739087068303616,难怪爱密室剧本杀呢,1281.948,1753071847,a05ec9c0
1895739136301043968,我喜欢看电影，因为不想交流,1267.296,1753063459,3e15afd5
1895739137215402240,赶鸭子上架,1347.576,1753073156,2b09e628
1895739334171529472,有点难评,1318.96,1753077674,6d52a3e9
1895842592684773632,老王好搞笑,1207.55,1753093248,a384683a
1895888808210444032,跟古代似的,1200.836,1753098757,80d76961
1895902850890865152,…男方视角吧，感觉作为女生并不喜欢,1329.906,1753100431,e1f0140c
1895907698449826816,唐小强好像也是这样认识老婆,1154.003,1753101009,7bf5ae5
1895953890084972544,得有个电灯泡,1201.966,1753106516,9e41d483
1895962814724877312,那大家性格都还没合得来咋办,1185.106,1753107580,70be7902
1895975507275771648,杨迪这个上热搜了哈哈哈,1108.05,1753109093,ab62fb5b
1895988325479763456,去逛宜家,1339.945,1753110621,24b0ce4c
1896001397800507136,真的，太套路了,1348.596,1753112179,b7453a45
1896033498947616256,我服了华波波了哈哈哈哈哈哈哈太搞了,1272.126,1753116006,11d561a5
1896422520862296576,陈老师说的前提是两人暧昧期只是临门一脚而已,1358.888,1753162381,2aa70d44
1896426994623953152,好古老的相亲模式hhh,1133.837,1753162914,42570b8b
1896548231191151360,爱情保安,1196.722,1753177367,445a39f6
1897115090000851712,经典来了,1111.63,1753244942,e0632c99
1897117071960705280,人家举例，只是解释吊桥效应,1318.362,1753245178,e0632c99
1897186435279557632,吃完再喝一点 酒壮怂人胆,1334.617,1753253447,6f99a845
1897384505070132992,红红火火恍恍惚惚,1112.117,1753277058,c76fd2
1897392014317188864,陈超好美好美！！！,1426.702,1753277954,dc39d7d8
1897729822839930624,世界的参差，有趣,1233.017,1753318223,68db616f
1897855084101036544,来自游牧的习俗,1150.008,1753333156,5e6db3f9
1898585785360270080,母单：别碰我的拼图！！,1322.878,1753420262,d5851018
1898586013228955136,非诚勿扰哈哈哈,1245.808,1753420289,ae954710
1898765709031333376,哈哈哈哈哈哈哈哈哈哈哈哈哈哈哈哈哈,1275.348,1753441711,da4a6923
1898851449120022784,真的好合适啊,1430.582,1753451932,85cd1b5c
1899312175110448384,伦儿呢,1370.097,1753506855,7b9475a0
1899329727408561920,\,1359.942,1753508947,4a475a07
1899340591771536128,对对对,1347.304,1753510242,48caf715
1899531646009486080,哈哈哈哈哈哈哈哈,1119.064,1753533017,fbcf58ae
1899651269212594688,做ai算不算呀,1266.478,1753547278,395ce43e
1899780832588526592,想到阿拉丁,1168.616,1753562723,fdcf0543
1899876594664020224,二十年前，唉，可怜的伊拉克人,1125.95,1753574139,51a708fa
1900212638299047936,在说什么？？？。？,1322.045,1753614198,75f02d2b
1900722697047418624,毫无违和感,1415.779,1753675002,29c7c55b
1901576106294143488,短期太奇葩了,1240.402,1753776736,92f8c01f
1902428555867433472,哈哈哈哈哈哈哈哈哈哈哈,1118.455,1753878356,24d07282
1902447002861027584,哇哦,1434.024,1753880555,623dd44
1906668414924016896,中东保守很多了,1144.039,1754383787,1327ee61
1907251422123737856,又到了羞耻小游戏环节哈哈哈哈哈,1398.192,1754453287,654346f5
1907263650541381888,小手段其实是感情蛮好的调剂，但不能没有真心，完全带着戏耍的心态去对待这段感情,1349.382,1754454744,952047f4
1910146676505643008,我要随时看华波波表现,1317.301,1754798428,738a73b
1910248152247194112,波波好可爱啊,1281.79,1754810525,edd6e64f
1911636225866354432,大左嘴替,1348.514,1754975996,954b058c
1911638478308513280,会长太懂女孩儿了哈哈哈,1347.81,1754976264,67c7bc24
1915402208338718720,卢可感觉又风流又老实,1084.624,1755424936,ef46f1d4
1916203344989683968,哈哈哈哈哈哈哈哈哈哈,1329.324,1755520439,d775399
1916742088792471552,牛蛙,1362.372,1755584662,613512da
1925311132990941184,逛宜家 看着那些温馨的家具 很容易构想两个人的未来,1337.444,1756606172,df324538
1929268457724077056,哈哈哈哈哈哈哈哈哈哈,1275.517,1757077922,467053b4
1937975455273985792,哈哈哈哈哈哈哈哈,1106.973,1758115877,945a6cd2
1943658342291830528,希尔顿环境真好,1399.929,1758793330,67fd89f
1953022555216956416,华波波哈哈哈哈哈哈哈哈哈哈哈哈哈哈哈哈,1282.728,1759909631,6e0df0f6
1958150579830921472,太功利性了,1332.809,1760520939,b2d06e53
1969280974567563776,梅丽莎真的好漂亮天哪,1208.194,1761847785,1e751c6e
1988656174098097408,小强也说过类似的，不敢多跟未婚妻见面，都是开车去接她然后远远停在家门口,1175.521,1764157489,c847ffba
1990319103688432128,妈妈结婚的时候？,1147.433,1764355726,d584df77
1995218600776512512,这眼罩好，能不能打包给酷滕送去,1420.12,1764939791,1dcdda72
2003692298001184000,我想要逛海洋公园的时候，他悄悄塞给我一个戒指,1341.086,1765949935,989ff3be
,,0.0,1775683732.8000336,
lb.c,,0.0,1775683732.8000336,
,,0.0,1775683732.8000336,
1895737232665841920,说了什么,1594.545,1752985968,8d60efce
1895737282477396224,哈哈哈哈哈哈哈老王搂住,1716.563,1752986236,f69ff094
1895737326240764160,老王：和我有什么关系,1743.272,1752986542,f69ff094
1895737564225573120,哈哈哈哈哈哈哈哈哈哈哈哈哈哈哈,1663.052,1752991877,a4557f7c
1895737579727720704,哈哈哈哈哈哈哈哈哈哈哈哈哈,1636.993,1752990432,534bf33e
1895737602217578752,吊桥效应,1656.035,1752993518,e967e3fc
1895737608274153728,这里为啥不放正片很好笑啊,1789.469,1752990046,1549437e
1895737615337361664,安全,1603.757,1752991580,6cf1571
1895737656718364928,哈哈哈哈哈哈哈哈这个眼罩哈哈哈哈哈哈,1749.409,1752991974,a4557f7c
1895737658731630848,哈哈哈哈哈哈哈哈哈哈,1497.584,1752991702,a4557f7c
1895737668823126272,哈哈哈哈哈哈哈哈哈哈,1545.58,1752991754,a4557f7c
1895737706764800256,看热闹不嫌事大哈哈哈哈,1701.323,1752994786,e868d6e6
1895737718181695744,笑不活了哈哈哈,1671.507,1752992796,4ae1ebd8
1895737814768128256,哈哈哈哈,1782.453,1752994589,b594b266
1895737824725405952,老王：我尽力了啊,1754.151,1752997563,1091612d
1895737939104076032,哈哈哈哈哈,1709.189,1752997498,1091612d
1895738000198308096,哈哈哈哈哈哈哈哈哈哈,1628.753,1753004360,71c28bd0
1895738021169828096,哈哈哈哈卧槽杨迪哈哈哈,1492.948,1753000323,6cdd056d
1895738075871940864,贴贴好可爱,1567.309,1753002223,2f1c4333
1895738098672177408,原来加长版加在这里,1699.212,1753003076,5465c709
1895738121464025344,哈哈哈哈哈哈哈哈哈哈,1656.539,1753006018,81e32263
1895738373122265344,波波刚刚说话好像老王的口音哈哈哈,1796.676,1753015888,5404f33
1895738395922501888,米可！！！！,1494.288,1753016707,d89d8cbd
1895738397742829824,米可，危，速回！,1492.03,1753013682,6ee65ea5
1895738456102375680,四姐说了啥！,1582.96,1753017881,f81c7508
1895738627515191552,牛,1558.58,1753021306,7d9f8a33
1895738699556557056,讲什么！哈哈哈哈哈哈,1774.953,1753027907,516113ea
1895738810789499136,非直男会谈,1748.073,1753027865,516113ea
1895738985868136704,怪不得没放到正片,1789.951,1753031556,b92fb27d
1895739133566357760,哈哈哈哈哈哈哈哈哈哈,1762.617,1753066553,f7934ca3
1895739144513491200,拦精灵,1581.015,1753073028,f48d5c83
1895739149068505344,拦精灵,1582.704,1753073049,f48d5c83
1895739154537877760,哇,1560.601,1753066056,f7934ca3
1895739172774711552,华波波哈哈哈哈哈哈哈哈哈哈或或或或或或或,1799.497,1753066590,f7934ca3
1895739264873238784,中东组合,1693.461,1753073158,f48d5c83
1895739308636606720,华波波啥都说啊哈哈哈哈哈哈,1775.347,1753078501,5b74304e
1895739310456934656,海带也不是植物,1531.538,1753076872,9cc5a9be
1895739313200009472,？！,1776.766,1753076889,3f6b3267
1895739330522484992,果然是加长版才能看的,1781.375,1753076921,3f6b3267
1895906831025530112,口水哈哈哈哈哈哈哈哈哈哈哈哈哈,1739.304,1753100906,e1f0140c
1895940225822895104,发币好可爱,1554.87,1753104887,9a5f75b6
1895974871134098176,梅丽莎真的好可爱好漂亮,1474.056,1753109017,5a31e3ac
1895977277180010240,这一期简直好笑到爆炸,1743.416,1753109304,5a31e3ac
1896089730320659968,好萌的两个人。。,1564.681,1753122709,7388c77a
1896307287158110464,俄罗斯小姐姐好有节目效果哈哈哈,1702.016,1753148644,13ab9171
1896334982533370624,给我笑岔气了,1755.375,1753151946,708e4a48
1896396461777172992,啊啊啊啊啊啊啊啊啊啊啊啊在干嘛,1496.598,1753159274,fe4eee91
1896555342020727040,直接笑喷哈哈哈哈,1562.963,1753178214,ff3287e5
1896610434808184320,伦想说毛肚吧 因为他那面是有颗粒的,1620.755,1753184782,c89ae7d7
1896662305044209920,每次会长都害怕的掉了,1527.119,1753190965,273d9554
1897190863994496256,这个太好猜了,1574.051,1753253975,6f99a845
1897283620088294144,美国内战,1568.439,1753265032,9c211b2d
1897402826846586880,这能播吗华波波,1775.465,1753279242,3c4a8341
1897475776413565696,我不行了哈哈哈哈哈哈,1768.852,1753287939,9cdf46e6
1897754977691536640,杨迪真的鬼点子一箩筐,1641.181,1753321222,ecd0b892
1897864109346135552,小姐姐气氛组的～,1695.088,1753334232,c76fd2
1898059525744480512,哈哈哈哈哈哈哈哈哈,1472.659,1753357527,60ea1822
1898060394963528192,为啥不让佛罗伦萨上啊,1576.261,1753357631,60ea1822
1898130261355317248,哈哈老王想说暴雨,1538.209,1753365959,a725bfc4
1898587923558453760,杨迪直接尝出来了哈哈哈哈,1542.474,1753420517,ae954710
1898588979633806848,哈哈哈哈哈这段Dylan小女生的感觉太好玩了,1656.928,1753420643,ae954710
1898633274117548032,西八 笑不活了 哈哈哈哈哈哈哈哈哈哈,1782.398,1753425923,60e24333
1898657403714124288,发币好厉害,1536.51,1753428800,470dd9de
1898864820091084288,涛涛,1594.511,1753453526,e3470321
1900014385343060224,弹幕呢，怎么没有弹幕？,1474.018,1753590565,3ad68769
1900014950055944192,我都没有看清是什么东西,1520.297,1753590632,3ad68769
1900015779680882944,猜得太大胆了,1611.896,1753590731,3ad68769
1900016341843597568,看起来好想笑,1648.607,1753590798,3ad68769
1900078932972598272,哈哈哈哈哈哈哈,1776.629,1753598259,ecc35430
1900293250909070848,老王稳如泰山,1723.35,1753623808,968d7bd9
1900353048833126144,味道应该有的,1618.131,1753630936,10c54e37
1901001124350363392,发币好可爱啊,1578.257,1753708193,2c9403ee
1901002382926510592,太可爱了,1672.273,1753708343,2c9403ee
1901764467755164416,哈哈哈哈哈哈哈哈哈哈哈哈,1750.736,1753799191,ddafd2e4
1902238942640826880,这个眼罩好适合老王,1731.008,1753855752,65067beb
1902284649590899712,华波波这么钢铁直男吗没想到哈哈哈,1769.312,1753861201,f5de49c4
1902909050661155072,弹幕呢 四姐说的啥,1582.34,1753935636,2e93938c
1902910756887219968,Dylan的破碎感哈哈哈,1644.472,1753935839,2e93938c
1904506363838182400,哈哈哈哈哈,1741.394,1754126050,3e5e834
1904506528892481536,好奇怪的画面,1761.072,1754126070,3e5e834
1905000656431964672,这个眼罩我不行了,1754.1,1754184974,f5f7f31f
1905339129458194176,再靠近一点点,1456.9,1754225323,ba077aef
1905766002156188416,我嘞个豆,1448.318,1754276211,cdc7bc83
1906135497672774400,哈哈哈哈 加长版果然不一样 我再敷面膜啊  哈哈哈哈 ,1748.007,1754320258,8a4bf8c9
1906673310826237952,中东族,1687.411,1754384370,1327ee61
1906748234274702336,哈哈哈哈哈哈哈哈哈哈哈哈哈哈哈哈,1762.638,1754393302,b145d3d2
1910390807304161024,我要笑疯了哈哈哈哈哈哈哈哈,1627.006,1754827530,8815c960
1915932755691390976,这也太。。。,1487.198,1755488182,51f2909e
1915934066629406464,哈哈哈哈哈哈哈哈哈哈哈哈哈,1643.477,1755488338,51f2909e
1915934230198990336,哈哈哈哈哈哈哈哈哈哈哈哈哈,1663.022,1755488358,51f2909e
1915934679484266240,哈哈哈哈哈哈哈哈哈哈,1716.53,1755488411,51f2909e
1915934832542999808,哈哈哈哈哈哈哈哈哈哈哈哈哈哈哈哈哈,1734.857,1755488430,51f2909e
1920310407324203776,两伊贴贴,1684.752,1756010039,99536495
1921056005467708160,可爱的发币,1554.389,1756098921,912b4cef
1921058110144466944,哈哈哈哈笑得肚子疼,1664.435,1756099172,912b4cef
1930616796109848576,哎呀,1498.221,1757238656,8f57e35c
1938813363061097472,一个奖励杨迪的游戏,1634.819,1758215763,c1c7a66
1942229667884861184,笑得我肚子疼,1783.88,1758623018,b85033c1
1952519966591265280,每次都没接住哈哈哈,1520.245,1759849718,3d553d69
1962432760279010816,我真不行了了太搞笑了哈哈哈哈,1734.276,1761031415,54f7b9d0
1967644616455633664,哈哈哈哈，这个女孩子好可爱，又害怕又好奇哈哈哈,1476.902,1761652716,eb09f285
1968988588058839552,hhhh小姐姐演员的诞生,1698.466,1761812930,269700bc
1970989897527898112,对吗？,1782.473,1762051505,9d717ee2
1981226523604447232,哈哈哈哈哈哈哈哈哈哈哈哈,1648.361,1763271806,1a09d87c
1988660542331797248,四姐说了“安全T”吗,1582.049,1764158010,c847ffba
2000956881128648192,笑得我肚子疼,1562.666,1765623848,e8b22811
2072032170285543936,大左这里为什么吓得抖了一下哈哈哈哈哈哈,1649.79,1774096682,f82fb2da
,,0.0,1775683732.8000336,
lb.c,,0.0,1775683732.8000336,
,,0.0,1775683732.8000336,
1895737421099143424,是隔壁陈鸣飞写的吧？,1945.554,1752987539,25b5c0fd
1895737422600704256,笑死哈哈哈哈哈哈哈,1861.726,1752987442,eb069b0d
1895737448110461184,不容易,1967.315,1752987565,25b5c0fd
1895737537650462976,笑死哈哈哈哈哈哈玩呢,1864.313,1752989866,adb42c8
1895737540972351744,玩儿呢,1860.902,1752989950,aaf3f032
1895737543203721472,哈哈哈,1815.18,1752989891,aaf3f032
1895737661759918336,哈哈哈哈哈哈,1802.631,1752992030,a4557f7c
1895737678914621696,但是体力劳动可以被机器替代，和ai有微妙区别,1970.153,1752991856,5866b398
1895737721998512384,哈哈哈哈哈,1864.31,1752993989,f3d0b903
1895737806614401280,AI能归纳总结现有信息，但无法创新,1995.774,1752997135,13ee2db9
1895737953691865344,工业创作可以，纯艺术不好说,1978.137,1753000003,8e57c960
1895738031194214656,20元手续费省下来了(ಡωಡ)hiahiahia,1903.052,1753004359,39499903
1895738391359099136,我家也有这个碗,1838.498,1753016417,c2e21b9d
1895738396828471552,妈呀陈超好厉害,1945.204,1753016803,cd8ee3cd
1895738416894021888,100块，哈哈哈,1895.824,1753017896,a9208369
1895738540927979776,超超好甜,1939.237,1753019045,8d117f15
1895738575547764992,有胡子应该感受不到吧,1808.657,1753017627,af72eec3
1895738673107276032,不是地铁卡了么,1892.499,1753022773,9c94b6bb
1895738779793592576,ai是用三推一，人脑是举一反三，本质区别,2024.616,1753029280,f9656259
1895738857295941888,玩儿呢，我一个广东人说不出的儿化音,1868.306,1753032504,9ef562ec
1895738900144951552,我觉得体现人情感的东西最不应该被取代，我是看小说的，如果我看的小说都是ai跑的我会死,1994.923,1753053765,5dbe0dac
1895738918381785344,不一样，至少现在的ai没有人脑会抽风（bushi）,2030.729,1753060518,d1e240cc
1895738950300438784,哈哈哈哈哈感情是在玩儿我们呢,1867.398,1753065521,91850ea9
1895738973092286720,聪明的人才看得到（,1851.057,1753066879,532bb614
1895739025076490496,上次还在说地铁卡扣费不好，立马就改转账了，真的听劝,1909.288,1753064244,3e15afd5
1895739121713254656,陈鸣飞的那个刚看完节目吧哈哈,1956.389,1753072388,df6e1fa7
1895739304081592576,哈哈哈哈太像了,1944.846,1753074038,f48d5c83
1895797243433331456,我去,1891.668,1753087842,35861f7e
1895797705813389056,当然不是,1970.665,1753087897,35861f7e
1895872207323318272,ai的数据库全是人给的,2052.858,1753096778,9f5269ce
1895957325815673088,口条真好,2151.186,1753106925,42cad9e5
1895973581704601344,老王好可爱,1844.968,1753108863,692c8ed6
1895992999780010752,华波波也算猜对了,1803.433,1753111178,24b0ce4c
1896092358488199936,我服了怎么这么好笑，老王真的穿了个香蕉牛奶。。,1821.385,1753123022,7388c77a
1896403149620117248,首彩回来打钱！！！,1815.544,1753160072,fe4eee91
1896658760060214528,老金主啊哈哈哈哈哈哈哈哈,1821.352,1753190543,abb3bea8
1896690759756227584,那是服务器和算力限制而已,2125.293,1753194357,b927edf8
1897017590325956608,刘慈欣的诗云,2043.276,1753233319,78c4204e
1897149153428556800,并不会被取代，就那ai原理来说，他是学习的技术，要是没有真人的作品投喂他，而是ai直接互相学习，最后肯定会失去人类所能体会的美感,2017.769,1753249002,af7c4445
1897160788939608064,AI取代不了大师，但能取代普通人，但我们大部分都是普通人,2028.594,1753250389,b0fb79b9
1897196044832664832,不会的 AI没有灵感只是个参考文献的价值,1999.815,1753254592,6f99a845
1897230944923557632,AI确实，一眼看得出AI,2056.543,1753258753,c05066cc
1897282352929849856,您,1876.848,1753264881,290bcf14
1897313971196141824,68+6+,2070.556,1753268650,676c84ca
1897315932888971776,只能模仿，不能取代,2003.459,1753268884,90b41f69
1897321705291076352,我觉得同意的人说的不是高端审美的艺术，他们说的是快时代创作,2090.686,1753269572,55d83f10
1897326315100134656,太厉害了哈哈哈哈哈,1950.759,1753270122,45654410
1897355364035362560,顶级的取代不了，中间底层会被取代,2092.654,1753273584,7ea9d3d5
1897404209155208704,自从知道地铁卡退费事件之后就换成转账了吗,1896.51,1753279407,3c4a8341
1897472786134957568,陈鸣飞投的吧,1948.859,1753287582,20c78ca8
1897763556578141440,这AI卡壳,1962.905,1753322245,28dcc9f6
1897865698693655296,《精彩葡萄酒》,1811.436,1753334421,c76fd2
1897865887454275072,能用的,1823.216,1753334444,c76fd2
1897975346582936832,画家的画有人买，AI的画呢？我觉得人类不会给AI的画赋予价值,2087.338,1753347492,ace2f97d
1898153206907890944,他俩节目效果已经出来了，拿到奖品不过分,1887.829,1753368695,44f44cf9
1898155156404016128,现在ai训练出的图基本都是侵权的，还不知吃了多少有商业版权的图,1990.896,1753368927,c4640bae
1898227304531014400,陈超超陈超超陈超超～,1935.987,1753377528,e8cc9494
1898497181946647040,华波波太搞笑了hhhhhh,1828.307,1753409700,6a79158e
1898589823536064768,那个脱口秀的哥们吗,1965.639,1753420744,ae954710
1898617694602120704,100元哈哈哈哈哈哈哈哈,1897.022,1753424066,25a98a6b
1898762572212570112,哇厉害了,1941.185,1753441337,eeae67ec
1898770444551886848,哈哈哈哈哈哈哈哈哈,1812.799,1753442275,da4a6923
1899295846349428736,深度学习型会成长,2061.503,1753504908,2233a413
1899311810357134336,陈超超超超哈哈哈哈,1937.372,1753506811,8020f1b7
1899619007338927616,可以的,2140.384,1753543432,f6a66d6c
1899619192483758592,辛苦阿雷了 这么一大段  我都要背半天,2145.64,1753543454,f6a66d6c
1900289831134223104,好丝滑,2143.5,1753623400,6908d584
1900727826387780608,直接转账了，不是地铁卡了,1890.432,1753675613,29c7c55b
1900864257726569216,奇马蓝,2054.335,1753691877,75f02d2b
1900992991485978112,好的画家并不会,1994.973,1753707223,1606bf27
1903906590856424448,对，所以对资本来说是好工具,2119.356,1754054552,c29ddf0d
1905365491481060352,首彩葡萄酒～味道不一样～,1814.065,1754228466,ba4142a8
1905383944120050688,ai i不会创造需求，只会解决人类的需求。,2031.372,1754230666,2ad516b
1906676777745390080,阿雷服装好潮哈,2100.595,1754384784,1327ee61
1907503470140018176,作家，和画家不会。但从事写作行业和设计行业的可能会受到影响，纯商业的会受影响,2014.591,1754483333,f5dd2f0d
1907711567622271232,一个画家的画上千或者上万我都觉得值得，但ai产的图最多一块钱,2110.855,1754508140,b59d3043
1909643331546811648,哈哈哈哈哈哈哈,1802.537,1754738424,d7fb52ee
1913366840508620800,有一只萨摩耶就叫陈超超哈哈哈哈哈,1930.9,1755182301,b30a9c4b
1915224874843617536,前面的萨摩耶的别走,1937.599,1755403796,32f67cc0
1915935882930912000,哈哈哈哈哈哈哈哈哈哈哈哈哈哈哈哈哈哈,1859.99,1755488555,51f2909e
1922480732891760896,陈鸣飞投稿,1994.089,1756268762,8dd2ba4e
1928560476044906752,ai会替代那些水平不高的人，真正的艺术家和作家是无法替代的,2055.3,1756993524,cfd3a899
1930620440054015744,现在AI技术还不成熟，以后就不知道了,2042.591,1757239091,8f57e35c
1950374312087470592,可以娱乐，但没有深度的东西,2005.631,1759593936,5ff286de
1953028710341331200,当然不会,1991.043,1759910365,6e0df0f6
1966172314316318464,好可爱啊这两个人，萌萌的,2019.752,1761477204,1ee5697
1970992051982448640,其实AI给创作圈子带来了很多好处，痛苦的是那些想不劳而获的人，AI反而将这些人筛选掉了。,1971.291,1762051762,9d717ee2
1970992805346750208,想要不被取代就得进步，人类是一直在进步的,2037.466,1762051852,9d717ee2
1980015234983286272,画手可能会，画家不会。写手可能会，作家不会。,2003.369,1763127409,916232ae
2004595551308142848,笔触这个东西AI永远做不到,2129.602,1766057611,ffa3828d
2027798215826511616,有道理哦,2053.34,1768823584,8f58d927
,,0.0,1775683732.8000336,
lb.c,,0.0,1775683732.8000336,
,,0.0,1775683732.8000336,
1895737322071625984,哇，倒过来的角度，不错,2320.614,1752985858,bc12bdcf
1895737389348262144,1000个人欸,2404.742,1752986739,1262b263
1895737464325640448,伦的观点每次都好深度,2429.52,1752988798,dd38837b
1895737568671535360,萨沙确实越来越厉害了,2188.029,1752990345,4bb6c894
1895737635520352512,AI学习能力强能模仿但是创新上暂时还做不到，给他看某个画家的画，他能模仿但是要他有自己的特殊风格还做不到,2307.016,1752992123,da8612fa
1895737675886334208,对对对,2518.778,1752992832,a4557f7c
1895737868891427072,来自四姐的认可哈哈哈哈,2383.869,1752995522,e868d6e6
1895738095023132928,其实就是说ai没有创新能力,2449.334,1753007080,fbf9b322
1895738186207301888,黄子宝宝！,2478.478,1753010860,d93d12d4
1895738219937894656,普通话越来越纯正了,2340.564,1753006552,2f987c3c
1895738308387377408,简单且周而复始的工作不会被AI取代，他们只会被机械化和自动化取代,2177.8,1753012446,da6fca28
1895738539074097408,可是这样的画家真的很少啊,2355.484,1753016161,cb47e4db
1895738633898922240,肯定是指定啊,2166.696,1753023213,691ef385
1895738659433844992,厉害,2461.836,1753022215,7d9f8a33
1895738860030628096,ai只能生产“产品”,2438.121,1753027530,9cc53f64
1895739034186518784,伦儿说的好有深度,2417.125,1753066030,91850ea9
1895739151803191552,老王说的对,2249.4,1753067040,f7934ca3
1895739188276859136,罗师杰在做捧哏,2338.921,1753070661,5268d633
1895779537472677120,很喜欢伦二这个比喻,2442.524,1753085731,3a31dcb7
1895880915561975552,说的确实好,2456.856,1753097817,db27ad6e
1895903241901117696,哈哈哈哈哈哈哈哈哈哈哈哈哈哈哈哈哈哈哈,2382.245,1753100478,4365b2b7
1895978595307183360,黄子！,2470.27,1753109461,692c8ed6
1896020644002007808,我真的我好多次都和萨沙一种选择，高度重合,2355.219,1753114473,683bd9b9
1896387667051097344,创作过程本身也很迷人的！,2197.312,1753158226,1195ac4c
1896391286534280448,我觉得最多AI的作品和人类的作品放到平等位置去欣赏，不会谁取代谁，就像人类不会只需要一个艺术家。,2329.047,1753158657,1195ac4c
1896433511490107392,伦真的每次都说的很好,2449.736,1753163691,dd1dd59f
1896446842347168256,对的。还很无厘头,2510.941,1753165280,9ec95bfa
1896478238348470528,AI没有人所具备的“灵性”，这个是根本区别。,2484.776,1753169023,130b1ee9
1896481816450316288,但那么多著名的画家，活着的时候都没见到自己画出名啊，现在这个行业，艺术还是单纯的艺术吗,2362.688,1753169449,21030a05
1896495205256114944,英专生落泪,2257.924,1753171046,272cb156
1896500684711484672,说白了AI都是把现成的 现有的知识告诉你 它无法创新 没有创造力 也不灵活,2475.575,1753171699,fc8a9b09
1897059227684406272,现在门铃还是用的那个，后面的杨紫琼没必要，前面的那个欢迎来到毛雪汪还行,2509.318,1753238282,35645b71
1897154550214244864,现在小说好多都是ai写的,2317.184,1753249646,d7cb2127
1897198418581828096,更像是Freestyle的,2163.42,1753254875,6f99a845
1897285342076082688,中东人好爱用具体的比喻 好玩,2241.494,1753265237,290bcf14
1897353535075926016,哇伦儿讲得很好,2457.048,1753273366,bbeae81b
1897433976919450368,AI可以帮你炒作 帮你买热搜 买水军 坏的也会变好,2340.159,1753282956,d844b0d7
1897838265261261568,ai创造现在最大的问题是版权，它的数据哪来的？,2329.257,1753331151,9cdf46e6
1898170337209376256,伦是有文化的,2407.645,1753370737,c4640bae
1898593071588396800,不指定的话会长和杨迪肯定会控场的，不然非正式会谈就变成非正式广告了,2170.649,1753421131,ae954710
1898594159171501824,这个点很对啊，其实观众也是作品的一部分,2314.377,1753421260,ae954710
1898594721166096128,是的，没法取代艺术先驱者，但是人类多久才会诞生一个艺术先驱者呢,2398.763,1753421327,ae954710
1898858478203265536,AI是能画出来的，但是目前AI还没有真正创新的能力,2354.986,1753452770,85cd1b5c
1899282247644146688,伦说的超好,2450.24,1753503287,c89ae7d7
1899389604638008064,这样就意味着只有大画家才能生存,2315.347,1753516085,422009b7
1899968866063992832,钟逸伦的观点好到我想记下来,2407.551,1753585138,85e961e3
1899971539840366080,是的，有时候ai出来的东西是不实际的，属于给你描述的天花乱坠但其实并不实用,2516.355,1753585457,85e961e3
1900045394068096512,萨沙是不是deepseek了,2365.82,1753594261,37dfb466
1900699314750768896,AI不抽象,2514.068,1753672214,10555ed6
1900775830246937344,完全同意伦儿的观点,2435.304,1753681336,a9930091
1900996813578880512,"很简单，好的创作,有灵感的创作不会被取代",2425.093,1753707679,1606bf27
1901031552633139456,这不兴叫哈哈哈哈,2498.047,1753711820,c35a3236
1901722114823131392,是抽象,2352.846,1753794142,5adbede8
1903867788553414144,这个议题可以看当下社会在机器大生产的时代我们总是追求手工工艺但是再看我们在什么东西上追求什么手工,2232.109,1754049926,8d3fe83f
1904376810779811584,翻译作品是再创造，当然属于文艺作品了,2280.086,1754110606,21f73640
1905336105902178560,1111,2456.232,1754224963,94dc5d7b
1905386536745115904,数据量都是过去的，像ai创造的一些画作都是基于历史风格，没有未来的风格。,2288.044,1754230975,2ad516b
1906081274615969024,制造业，，,2184.094,1754313794,6748a4fa
1907510299724980992,没错,2175.769,1754484147,f5dd2f0d
1909633496364914688,感觉好多代表还有别人不了解ai画画的原理。那真的就是裁缝大集合,2203.365,1754737252,142fcb13
1916012736815445248,有几个确实在搞艺术的，大部分只是在所谓的艺术行业里混口饭吃而已,2297.01,1755497717,272ec1ba
1919515972591515392,ai又不能原创，出来的东西都是人家已经有过的,2324.575,1755915335,d61f036d
1919765655767985408,确实,2390.9,1755945099,39b1306c
1920593694097511424,但是那么多人之中又有多少个大师呢？千里挑一。只能说大师难以被AI替代，但大多数普通人是很容易被AI替代的,2364.264,1756043809,288a6e7
1921471313504249600,哈哈哈哈哈哈哈哈哈哈哈哈哈哈哈哈哈哈哈哈哈哈哈哈哈哈哈哈,2384.908,1756148430,d0352b3
1924730497872245504,但是很多人其实也只是围着光圈内打转，只有少部分是能发出光的哇。ai无法完全取代，但是ai取代大部分工作应该是必然的,2449.995,1756536955,90bb401c
1937410966522432000,不愧是高材生,2428.936,1758048584,664fbc21
1944395634396738304,可是艺术的标准是很难说清的，尤其是超越时代审美的艺术,2372.895,1758881222,952047f4
1946596116557161472,同传不可能，比如自古以来，中国有句老话，你怎么翻译,2271.392,1759143540,24bc755
1953032408702466560,哈哈哈哈哈哈哈哈哈哈哈哈,2390.919,1759910805,6e0df0f6
1964145062028178176,哈哈哈哈哈哈哈哈，怎么我在非正还能听到黄子,2469.118,1761235537,f260f6db
1965470285503505664,但是现实中其实有一些需要创作的。工作他确实是会被AI取代，因为作为商业用途，AI的那个程度是完全够用的。这是我们一个从国内大厂离职的老师跟我们讲的。因为他们当时在做东西就已经套模板用AI。,2380.266,1761393516,d0b3063b
1965962475476472064,梅丽莎好好看,2271.709,1761452189,5c1cccf8
1968996492291897088,好啦ai取代不了伦儿,2435.324,1761813872,269700bc
1969411312866597120,如果人类不再进步 那AI还会是AI嘛,2414.221,1761863323,7ed3ebc
1985133228776545024,翻译读空气什么的感觉能训练,2278.757,1763737521,55203a50
1985134760192303360,可以训练,2518.973,1763737704,55203a50
1996728559007878656,ai应该是从1到60，而人是负责从0到1和从60到100的,2430.868,1765119792,74ba3500
2056102682372178688,ai模仿的只是形式,2363.539,1772197739,fa9ad547
2082958314446724096,AI只是提高效率的工具,2221.713,1775399180,a4d2be15
,,0.0,1775683732.8000336,
lb.c,,0.0,1775683732.8000336,
,,0.0,1775683732.8000336,
1895737410512720128,感觉这个有趣1,2795.193,1752988764,39108e46
1895738094108774656,意识,2662.0,1753003029,6653a374
1895738218117566720,我更喜欢作品独立于作者存在,2704.182,1753012025,729cd479
1895738283766812928,除非ai哪天学会了思考和不按常规，但是人类会允许这样的它们存在吗,2540.067,1753010137,10294f3d
1895738567352094976,主要是用得少了吧,2862.128,1753022489,61f1cb93
1895738632992952576,超超太美啦,2555.795,1753022069,1f0a24fa
1895738636633608448,真的很爱Dylan，每期必cue，哈哈哈,2649.068,1753021557,6e443ff5
1895738730552463616,deepseek是这样的！,2522.65,1753021395,6e443ff5
1895738777964876032,大左又困了,2711.853,1753025162,d6bfe3aa
1895738899238981888,阿雷一定很有语言天赋,2864.374,1753026188,3b5559de
1895738997712851200,加字游戏,2829.421,1753054603,5dbe0dac
1895739267607924992,西语里的人称变位和阴阳性很有意思，我，你，她，他，您，你们，我们，他们，她们，您们,2804.071,1753072834,293203a
1895850139940747008,工作报告AI的确是好帮手！,2543.657,1753094148,416bbb9a
1895921119618453248,作品和作者根本无法分割啊,2714.73,1753102609,e1f0140c
1896012893708357120,ai没有人生，但是ai有你们呐,2743.137,1753113550,698bab0d
1896065447497910528,语言环境很正常手能生巧,2876.525,1753119814,cc2734ec
1896479661995797760,Blade Runner,2645.459,1753169193,130b1ee9
1896654942690213632,中文是积木并且是榫卯结构,2830.122,1753190088,89807551
1896772345109555968,词根词缀 哈哈哈哈哈哈,2818.729,1753204083,1f9c8d2e
1897102321968798464,不知道为啥这个话题老是让我想起崩铁里的博士尊，我们强大的智识星神,2549.068,1753243419,f5a06ba5
1897196758887995392,AI代替不了艺术家，但AI能代替打工人，作为普通人的我是焦虑的,2757.811,1753254677,b0fb79b9
1897363087586601216,是的 英文是树形语言,2824.014,1753274505,84203b4
1897872503666875648,超超说得好～,2569.221,1753335232,c76fd2
1897944087584629760,来了看预告最感兴趣的话题,2788.137,1753343766,9cdf46e6
1898191646873602816,我靠，这个观点让我耳目一新,2536.947,1753373277,f0071fca
1898587064925435904,这个话题好！,2795.805,1753420415,a18ccce
1898596254410661632,ai如果把微醺状态也建模了之后可能就能复刻了，并且能随意还原,2581.86,1753421510,ae954710
1898596665712523776,确实，一个平庸的内核很精准,2640.395,1753421559,ae954710
1898861636539289344,而且目前可能觉得觉得AI的有些图或文字有灵性实际是观众自己的赋予这些东西的主观体验是观众自己的灵性不是AI的,2668.317,1753453146,85cd1b5c
1898899350840110848,是不是ai的记忆能力有上限的原因？,2636.01,1753457642,2ddb40c0
1898913616263543296,ganghood这个真的不是广东华侨带去的词吗江湖的粤语发音啊哈哈,2769.624,1753459343,e8831434
1899395980466646272,大左那个表情，哈哈哈哈哈哈,2727.784,1753516845,2a7b6daf
1899451219231916544,因为没有坚持每天都用ai跟它进行大量互动给它数据样本支撑，所以我认为每个人用的ai都不一样，我觉得我的ai还是挺像我的,2647.849,1753523430,cb8fc6d6
1899934260052788480,中华文化的包容性哈哈哈,2849.24,1753581013,ae954710
1900015569328667392,好喜欢这个话题,2795.283,1753590706,85e961e3
1900048826854286080,那人的灵魂是电子信号吗，如果是，那人有没有可能是超级精细的碳基“机器人”,2655.645,1753594670,37dfb466
1900281300003517184,西部世界的核心就类似这样的,2602.68,1753622383,cd73212b
1900285629850936576,确实起码目前的ai画作没有人画的灵气,2557.858,1753622899,21100105
1901048146860625152,这棵树的动画是ai生成的吧,2803.727,1753713798,bba3e7b3
1901659990159627264,对，写文也是太高大上了，不接地气,2520.306,1753786736,105f52db
1901679859307668992,前面的，你把ai想得太厉害了,2738.443,1753789104,8c5fa1a1
1901694474971820544,知人论世是解析作品的一个重要观点,2714.601,1753790847,bb1af361
1901807782567905536,小熊说法语的表情好可爱,2871.945,1753804354,6b233d5a
1902175987245469952,灵韵,2668.184,1753848248,3fc3c7dc
1903102126856042240,人的反应和情绪千变万化 ai需要基于data来学习复刻 但人心和思想复刻不了 因为你自己都不知道你到底会如何啊,2743.891,1753958652,95e70b5d
1903911544119548672,机械劳动（报告、PPT、标准化文案等等）确实适合AI,2552.306,1754055142,c29ddf0d
1905283396587498240,我也有这样的担心，毕竟大的发现是要在小的累积基础上的。如果这些小的方面都被ai包圆了，人类还会有大发现的灵感吗,2568.797,1754218680,1739167a
1905322044405448448,心理学本来就有灵魂,2690.41,1754223287,f73e1df3
1906144811317396224,我以前学英语的时候，也会想外国人学中文的体验是怎么样的,2818.823,1754321368,de5d2566
1906664836822229760,所以说语文考试里的阅读理解靠标准答案就很扯,2687.504,1754383360,16673124
1906696462252080384,感觉伦儿是语言限制了发言,2529.891,1754387130,64b0d079
1906886153408858112,好适合我英专生来听 ,2814.7,1754409743,937fdd57
1908206015506796288,ai不可能成为艺术家 这句话有问题吗？,2749.178,1754567083,d8a8f583
1910400646260643072,喜欢这个论题,2802.046,1754828703,8815c960
1912295074109538048,前面的也可能没有理解什么叫创作，ai可以实现艺术产出，但跟创作还是差远了的,2744.468,1755054537,a8fe5ea9
1912306335295954944,怪不得我学英语困难,2848.344,1755055879,cdc7bc83
1914618808048601600,说的好好,2678.049,1755331547,39959bed
1914619278565804800,大左看手机哈哈哈,2728.618,1755331603,39959bed
1915193156341953792,现在ai就是一个全领域博士只是专家。他只是没有真实世界的更多样样本数据,2569.108,1755400015,23dde82b
1915445346528739072,电脑病毒：我来看看怎么个事儿？,2576.487,1755430078,aa8cb2c6
1915986185612797696,“就没电了”哈哈哈哈哈哈哈哈,2591.443,1755494551,cd971f7f
1916852564402818816,江湖不是打打杀杀，江湖是人情世故wu～～～～～～,2764.246,1755597832,ebcfcea3
1919268751279502848,这只能证明如今的AI还不聪明，还不智能，难道AI技术不会变得更厉害吗？,2612.277,1755885864,8ff620f
1921321382714216960,信息熵大,2841.927,1756130557,c8faf44f
1922681235663422464,如果AI真达到这个高度，那AI就不是AI了，人类也危险了,2697.724,1756292664,bc17ebe1
1926387262783289344,人类作为个体，生命体验是有限的，而ai作为更高级的文明，或许会不会被我们想的太简单了。,2771.566,1756734456,d0244f28
1928566961126791424,他说的太绝对了，ai技术刚刚起步，未来的发展是不可预知的,2749.14,1756994297,cfd3a899
1928568074974780160,英文是孤立的好吧，中文是组合式的,2834.7,1756994430,cfd3a899
1952531056876225024,如果AI能够有自我意识和思想，AI就是人，人退为动物,2715.729,1759851040,3d553d69
1996732419327971328,中文很简单很适合其他民族学习 所以中国才会是一个多民族国家 并且从不排斥其他文化海纳百川,2835.006,1765120253,74ba3500
1999292041175421696,Ai man姐吗哈哈哈,2602.201,1765425383,e4630f95
2027802308762818304,这个观点好,2541.215,1768824072,8f58d927
2045095330529259520,这个想听很久了！,2795.731,1770885561,e6d149b0
2069023283827016448,AI可以创作，但是每个人有独属的成长经历，他创作的东西是独一无二的，所以替代不了个人,2739.673,1773737995,6b2b33d2
,,0.0,1775683732.8000336,
lb.c,,0.0,1775683732.8000336,
,,0.0,1775683732.8000336,
1895737617359016192,哈哈哈哈,3218.723,1752993544,a4557f7c
1895737713425355008,但是中文商务场合也会这样，中文也有客气和礼貌,2976.263,1752992710,5866b398
1895737727702765824,但是中文之前也这样，白话文运动时就有胡适“干不了，谢谢”“才学疏浅，恐难胜任，恕不从命”的案例,2975.656,1752993017,5866b398
1895737820195557632,哈哈哈 我第一遍也在疑问 你不是医生吗  结果发现卡在了中文上哈哈哈哈哈哈,3227.366,1752997558,fbf64f60
1895737998369591552,好喜欢伦儿讲故事,3143.561,1752999620,7b5f275c
1895738106876236032,伦的冷知识好多哈哈哈哈,3121.118,1753010691,450eca7a
1895738131496800512,英语四级准备,3180.027,1753009480,8fd891b1
1895738136966172928,德语出来说话,2889.523,1753008855,47376c28
1895738139700859136,日本文化有些过于客气了，反而成负担,2979.348,1753006769,13ee2db9
1895738374950981888,日文的语法结构太麻烦了,2947.238,1753012693,58c62de
1895738385889726720,语言环境真的非常重要,2880.638,1753014675,c0184399
1895738605637701888,哈哈哈，西语信息密度太低了,2887.48,1753021179,913778e0
1895738888291848448,和语言背后的语境文化有关的,3004.846,1753030941,5404f33
1895738956675780864,日语真的，可能是因为日本人很容易不安所以很喜欢叠甲,2968.764,1753036550,7a1afabc
1895739047859949824,伦儿个学霸知道的可真多啊,3138.994,1753066617,91850ea9
1895739281281356032,这解释也是费劲，中文六个字解决：有根源无系统。,3165.086,1753078062,1ea53aa5
1895813671943725312,说英文是因为没学过其他语言hhh,3058.228,1753089800,18de2fc4
1895885303986710784,七月八月是纪念凯撒和屋大维硬加进去的我记得,3103.283,1753098340,db27ad6e
1895963615233216000,月天~~~~,3088.264,1753107675,bb240a6
1895984463582683136,伦儿好棒！,3141.672,1753110160,692c8ed6
1896199650127027712,Medium well steak,3202.601,1753135813,74e59e26
1896307962851638528,Mayday！Mayday！,3084.608,1753148725,b748a01c
1896408715746876416,原来如此，怪不得烷烃的英文名是这样命的,3130.385,1753160735,30eb9777
1896433111504550144,月份的英文在西方文化中也算是历史文化的体现,3081.902,1753163643,a076c47d
1896450535448673792,杨迪太有意思了,2936.319,1753165720,9ec95bfa
1896482053151608320,文化语境不同,2926.889,1753169478,130b1ee9
1896482757568255488,看过日语邮件的结构 那是真含蓄啊 好像说“不”是天大的错,2948.052,1753169562,130b1ee9
1896753204394875904,店家不想给别人用，为什么还要设置自己的店名为WiFi名啊，这样每次都解释多麻烦,3049.958,1753201801,2677cf4c
1896946225677535744,是凯撒和奥古斯都加的7月和8月打乱的吧,3129.064,1753224811,a5fb62e5
1897250225970898176,而且13月 和 星期八这种说法 他们只能重新创造一个词,3115.972,1753261051,c5e94360
1897407157516052224,就像知道奶奶的礼物用俄语怎么说，真的那么长吗,2896.574,1753279759,d849b843
1898582067882162432,日本人说一个句子 一半都在委婉,2941.965,1753419819,76036370
1898588868694397440,敬语地狱,2954.96,1753420630,a18ccce
1898590585045603584,这个是历史上的语言融合因素吧,3060.517,1753420834,a18ccce
1898665512134126080,说普通话久了会忘记方言,2905.249,1753429766,b0850c04
1898850951616771840,为什么要留下殖民的痕迹,3157.268,1753451872,ef8bd67d
1898937681158312448,还有星期,3074.909,1753462211,b465622b
1899312426064304384,中文好比压缩包,2881.612,1753506884,714d1f13
1899359596045350144,哈哈哈哈京都人,2942.526,1753512508,48caf715
1899668818784674048,这是人为的，任何国家要是愿意这样，也能在表达一个简单含义时去延申自己的句子,2968.119,1753549370,395ce43e
1899936646569887488,还有星期。日语也要再背一次,3072.627,1753581297,ae954710
1900498638082942464,懂日语的可能会懂吧 真的巨长一段,2997.345,1753648292,8205cc06
1901004936989475584,其实赖赖的发言都挺有信息量挺好的,2962.898,1753708647,2c9403ee
1901005262887011072,好温柔啊,2994.395,1753708686,2c9403ee
1901007210696225280,日耳曼人,3145.006,1753708919,2c9403ee
1901007274919789824,棒棒,3148.423,1753708926,2c9403ee
1901007503156656384,原来如此,3165.412,1753708953,2c9403ee
1901007627769515776,很详尽诶 原来不知道,3169.51,1753708968,2c9403ee
1901036066467942912,唉确实会有些容易导致内耗,3036.179,1753712358,c35a3236
1901601973363943680,中文是象形文字发展来的,3076.554,1753779820,92f8c01f
1902328538762730496,反了,3049.595,1753866433,89ed58e
1902903884662556160,一个Wi-Fi都这么抠啊,3030.227,1753935020,96f86921
1903773304859711744,非常容易不安的日本人,2947.431,1754038663,5eebbb86
1904212771181454848,主谓宾主系表的顺序是一样的,3210.693,1754091051,4213efaf
1904516264131825920,正常吧,2882.476,1754127230,3e5e834
1904516761693761280,哈哈哈,2941.821,1754127290,3e5e834
1904516806791007488,晒伤妆,2947.196,1754127295,3e5e834
1904519028052442624,混了是吗,3179.667,1754127560,3e5e834
1904710780163548160,你习惯了，完全没问题,3083.008,1754150418,1606bf27
1906026731576451328,这个确实有点直接了，中式中也确实可能存在这样的,3018.666,1754307292,c8137052
1906684917807754240,英文比法文容易,3070.951,1754385754,1327ee61
1907637741270252032,呜呜呜英文里器官名词和病的名词和相应科室名词真的大部分完全不一样，太痛苦了真的完全不一样,3237.084,1754499339,ff8d4f0a
1907900244344148736,？我们大学老师都说英文天生自带逻辑……,3046.075,1754530632,21c98764
1907939231465567232,哈哈哈哈哈哈集合,3078.613,1754535280,27e7f95a
1908208058292258560,日本好累,3042.943,1754567326,d8a8f583
1908238397278553600,想委婉也可以委婉呀。只是大家觉得太装不那么说了,2986.636,1754570943,a4b37ddf
1910303699142508800,所以我总觉得他们说话烫嘴？,2905.236,1754817146,664d29dc
1910306040881807360,忍。哈哈哈哈哈哈哈哈哈哈哈,3034.062,1754817425,375127a9
1910306198109537280,濑濑刚来时候的梗,3034.062,1754817444,375127a9
1915449847520377088,动物名+肉表示某种动物的肉。这是几千年沉淀下来的智慧,3051.605,1755430615,aa8cb2c6
1915991236444326656,萨沙好搞笑哈哈哈哈哈哈哈,3217.489,1755495154,cd971f7f
1916226599335198464,donde donde,2931.706,1755523211,41d23346
1916228677268589568,wow,3173.682,1755523459,41d23346
1916315156007532032,前面的，除了没有小贝拉逻辑,3181.139,1755533768,299590f4
1916619295518292480,哈哈哈哈哈哈哈,2919.677,1755570024,51f2909e
1919962561386910208,不安,3011.16,1755968572,3bd57624
1920500537993289984,这个就是我想吐槽的，英语的日期真的好难记,3060.432,1756032704,7b3cb016
1923466522425711872,伦儿才是真正的博学学霸,3150.234,1756386277,a82a2ebb
1929348917360019200,其实中文更没有逻辑，就是你想怎么说都可以，主要就是看积累量了,3057.608,1757087513,467053b4
1932308120081196032,我第一次在国外吃牛排 说五分熟 five，服务员大问号,3201.353,1757440278,52ac390e
1938326182697830400,对对对，这个很麻烦,3032.573,1758157687,69dfa122
1944620545828698368,10个月 那年都要过错,3124.155,1758908033,1875fd96
1960152989767726848,词源太多，还要混着不统一,3101.673,1760759645,7bf5ae5
1960315171222860288,商务对话,2985.653,1760778978,99cb8cc6
1970391830956991744,英语学渣产生了一些不好的回忆……中文换个字就能表达清楚的事儿，在英语里面要挨个背单词,3201.922,1761980210,f517d2b4
1971032280625968128,这不叫逻辑，这叫历史渊源，如果英语本身有逻辑，他就该根据自己的语法规则来解释这些东西，而不是照搬别人的,3173.232,1762056557,9574db04
1986522542408234752,著名“星期八”哈哈哈哈,3064.179,1763903140,2a9d92f9
1988680519910594304,好可爱的语气啊,3211.732,1764160391,c847ffba
2015997122545654016,凯撒大帝修改了历法，十个月变成12个月,3118.741,1767416784,ae954710
2029776380103077120,都去店里吃饭了还不让用WiFi确实不厚道,3021.134,1769059400,361d239
,,0.0,1775683732.8000336,
lb.c,,0.0,1775683732.8000336,
,,0.0,1775683732.8000336,
1895737449360363776,哈哈哈这个音效,3434.307,1752989690,dd38837b
1895737554259906816,汉语自带超链接,3502.689,1752990382,7e894dc7
1895737698191642880,英文不是也有一些语气词吗,3463.7,1752993765,534bf33e
1895737702964760832,现在小孩学典故也是这样的,3515.271,1752993777,5866b398
1895737848280617216,所以他们上大学贵的要死,3301.863,1752995548,136254b6
1895737891691663616,如果目标是跟人勉强交流的话，很简单,3388.746,1752996103,7864b331
1895737902630408448,哈哈哈哈哈哈,3542.495,1752996835,e868d6e6
1895737928165331200,对啊对啊，本来就是啊，所以那些鼓吹国外如何教育平等的，本来就是扯别的，首先连语言就是不平等的门槛很高的,3270.78,1752996508,e868d6e6
1895738086819074304,感觉我和听英语一样,3398.682,1753007529,2f987c3c
1895738104141549824,我听英语听力也这样,3398.818,1753008039,fbf9b322
1895738124207100160,这里应该是well,3591.94,1753002948,90a344d5
1895738260068995328,语言浓缩ww,3415.286,1753013167,58c62de
1895738461571748096,亚洲语言普遍是这样的，主要还是大中华地区辐射,3581.0,1753014800,b345a1e6
1895738525392277760,我也发现了这个问题,3257.235,1753015917,6ee65ea5
1895738653964472576,此处BGM已经日本风格,3569.688,1753025562,226099f9
1895738823556960512,太where了哈哈哈哈哈哈,3558.444,1753026489,8ad6ba0b
1895738935712649472,我感觉老王就这几期非正下来汉语都有进步了,3428.469,1753027972,8d665d98
1895738962153541888,其实我现在在英国生活，无论是跟哪个国家的人说话，我经常回答嗯，他们都可以听懂，真的很方便很中文的表达,3471.945,1753054895,973da82
1895738991337509120,前面啊？的点在哪里？？,3505.733,1753067454,43cb6c93
1895739004096581888,我也才知道,3285.669,1753033782,d5c5e535
1895739009565954304,哈哈哈哈哈哈哈哈哈哈,3317.609,1753068397,f7934ca3
1895739326890217728,成语是超链接，所有熟语俚语和歇后语才是压缩包,3537.481,1753078668,1ea53aa5
1895809281815646464,最惨的是日本人，在这些基础上还要翻译成片假名背,3285.983,1753089277,d2fc1204
1895891365066548224,汉字自带压缩包超链接,3506.18,1753099062,1eeaccb8
1895906708459891456,哈哈哈哈哈哈哈哈哈哈哈哈,3542.014,1753100891,8223018c
1895917280982994176,弹幕呢？,3380.471,1753102152,4365b2b7
1895937886776867584,戴卢可是佛拉芒人,3461.641,1753104608,be52f108
1895945065151751424,1,3469.14,1753105464,83719079
1895974459136292096,老王这个手指的动物太萌了哈哈哈哈哈,3368.702,1753108968,c5fcbd94
1896736230398801920,迪伦想介绍哈哈哈哈哈哈,3285.135,1753199778,b9816bbd
1896738375130942976,哈哈哈哈哈哈哈哈哈哈杨迪太有梗,3552.143,1753200034,b9816bbd
1896773498131941888,不想听，不想了解医学法学这类太专业性的东西,3330.832,1753204221,b176604b
1897146857139167488,吧 吗 哦 ,3449.353,1753248729,35645b71
1897148948762767360,中文常用字2千～三千字，医学法律都能看懂（每个字）英文你得重学,3300.605,1753248978,729e3ab7
1897240958723524864,他是整形医生,3245.183,1753259946,c05066cc
1897344309032788992,HHHHH,3548.929,1753272267,e724095e
1897353674855129344,老王的汉语是靠“百家饭”成长的啊,3413.629,1753273383,d403eb94
1897959016110826496,我感觉日语表达比中文更模糊，但欧语系应该比中文清晰,3481.107,1753345545,9cdf46e6
1898037661450136320,没有语言是难的，融入当地都很容易学会,3360.179,1753354921,6ba6f998
1898147251440773632,学医的英文巨长一个单词,3249.832,1753367985,33c2f0de
1898595100549340416,yeahhh和“え？”的洗脑率也很高,3442.216,1753421373,a18ccce
1898595474438069760,好的，收到,3466.201,1753421417,a18ccce
1899889882369721088,然,3577.428,1753575723,3e3ca627
1899940569846165248,英文里的humm不就是这种意思吗,3483.17,1753581765,ae954710
1900248293867858176,看吧~,3476.886,1753618449,1bd801ae
1900268259098969856,大学学心理学法学，专外学的人想死，开卷我都累死，必须背一些，不然翻都翻不到,3309.209,1753620829,68efaa5c
1900386229888349440,害,3588.413,1753634892,33977ab
1900504034642194432,而且现在还在一直造新词 网络迭代也很快,3536.387,1753648935,8205cc06
1901038009001065984,确实，会有专业壁垒,3267.74,1753712590,c35a3236
1901043281199645696,整形医生不背专业医学词汇吧,3248.477,1753713218,ae954710
1901055028312566528,嗯 用英语的yeah 不行吗,3513.992,1753714619,bba3e7b3
1901699298253806080,哈哈哈哈哈哈哈哈哈,3555.241,1753791422,bb1af361
1902215296740708608,中文一个哦～～～能表达很多意思,3489.451,1753852934,167a1194
1902491000623422720,生物学全是拉丁语,3260.405,1753885800,59b380d7
1903115360002498048,汉文人点了,3530.814,1753960229,95e70b5d
1904402415873511680,哈哈哈哈哈哈,3438.59,1754113659,6327891d
1904520475078927360,我也想听伦儿讲历史,3336.829,1754127732,3e5e834
1904713978178131968,你会不会说重要的是环境问题，像我现在的应试教育，会看和阅读英文，写和说就很差,3417.528,1754150800,1606bf27
1904714897275852288,很多更复杂的，很多中国人也不知道,3523.445,1754150909,1606bf27
1904715420767052544,不就是看语气的吗,3577.83,1754150972,1606bf27
1906688697462662912,小姐姐英文很好好听 不是脖子右柠哈哈哈,3466.311,1754386205,1327ee61
1907359113126774016,粤语无障碍～喺！,3563.437,1754466124,d9a3acb1
1908669758451742720,还有古希腊语,3297.211,1754622365,f41917e3
1910307226334185216,让伦讲下历史,3294.697,1754817567,664d29dc
1915992112592547840,我想听伦说,3296.419,1755495258,cd971f7f
1915994372726802176,四姐reaction好棒,3542.21,1755495527,cd971f7f
1916230844314519808,语言还是要在环境中学,3421.751,1755523717,41d23346
1919282737379220480,匈牙利语也非常难,3351.111,1755887531,8ff620f
1920520378267664128,意群,3403.007,1756035069,99536495
1921097014738263808,陈铭老师说的吧,3438.683,1756103810,bc1232f7
1921950390136930304,就跟中国的好字一样，有时只是表示听到你话里的信息而已,3576.112,1756205540,91f228fb
1926835259497439744,经常看着看着觉得他们几个老外把中文说这么溜好厉害,3412.989,1756787862,b97e7a27
1938829039104673792,笑死我了，这句话谁说的？,3434.256,1758217632,c1c7a66
1996737031745336320,并非,3352.126,1765120802,74ba3500
2011293092187681536,哈哈哈和我对日语的感觉一样，，，呆了10年多 后面觉得是没有尽头的,3529.002,1766856020,1bdc989c
2012585087044033536,这个确实 日本的法律和医学基本是学习德国 舶来词也是基本用德文音译,3321.095,1767010038,83537bde
2018529617530469888,秦嗨汉诺,3562.248,1767718681,a29de8f8
2021310047682553600,是的,3262.826,1768050134,9ae24a60
2035768047671333888,法律也是一样的。中国法律也一样,3275.017,1769773662,f466f7d8
2038743529190839040,先学字，以字正音，阿拉伯人有这个意识，所以他才能学这么快，欧美人完全没有文字的概念，所以觉得中文最难,3384.196,1770128367,7966ad44
2038746329182394624,表情语言，本来也不用翻译,3590.184,1770128701,7966ad44
,,0.0,1775683732.8000336,
lb.c,,0.0,1775683732.8000336,
,,0.0,1775683732.8000336,
1895737386328363264,哈哈哈哈哈哈,3617.105,1752987469,882cd619
1895737509229859072,哈哈哈哈哈哈哈哈哈哈,3676.144,1752989498,59dfb4d2
1895737583057998080,天啊，67个字母组成,3637.073,1752989336,eb069b0d
1895737632492065024,来个短的,3853.378,1752993748,6cf1571
1895737693435302144,哈哈哈不许总结,3609.164,1752993497,6cf1571
1895737816580067584,这里字幕错了，表音文字,3890.122,1752995204,5579ad8f
1895737979226788096,这一季字幕太多错误了，怎么回事啊，中文外文都错,3896.211,1753006124,aab7b18b
1895738066770301184,日语和韩语是不是也是？只要会拼都会读，但是意思得再记,3906.105,1753001542,545954c8
1895738087733432576,哈哈哈哈哈哈哈哈哈,3845.99,1753000556,7b5f275c
1895738152468320512,哈哈哈哈哈哈哈好可爱,3651.946,1753012041,d93d12d4
1895738180737929472,巴别塔,3742.261,1753008044,a62ceb35
1895738275562754304,英文就有刚刚说的英法问题导致逻辑混乱,3943.0,1753015298,b345a1e6
1895738327530180864,日语是半拼音，保留部分中文,3886.0,1753015152,b345a1e6
1895738332093583616,象形文字就是比拼音文字要方便的,3886.0,1753015173,b345a1e6
1895738336648597760,所以传播效率很高，且没有文化断层问题，所以逻辑一直能保持,3943.0,1753015269,b345a1e6
1895738357620117760,想起之前看的用各国语言唱知否。到俄语就跟念咒一样,3849.285,1753016974,910793e9
1895738458845450496,啊啊啊最喜欢听大家聊各语言的特点！这是我当年看非正的初心,3614.056,1753016407,a354f0d2
1895738658519486720,愚者无畏也是一个压缩包呀，它不是常规的意思，俄语也可以生成一个压缩包,3826.746,1753025972,fe92a296
1895738785262964992,哈哈哈哈哈哈,3817.962,1753023551,ef8f951e
1895738933883932928,头晕了,3644.316,1753035085,13a0d4c4
1895738979476017408,确实，看小Q联合国的时候同传俄语的信息密度好低,3838.236,1753041245,cdfc31da
1895739066096783616,哈哈哈哈哈有意思,3612.271,1753067134,91850ea9
1895739104407556352,突然想起之前埃及代表穆小龙的名字也很长,3658.216,1753041498,4e76690
1895739162750324992,尼采：事情没有对错 只有视角不同,3726.186,1753073245,cb0b74b0
1895739177338114304,哈哈哈哈哈大家注意有位烫嘴的德国人要来啦,3629.774,1753067187,91850ea9
1895792428078861312,还真是,3941.511,1753087268,3a31dcb7
1895853082563739136,好漂亮啊,3705.421,1753094499,dc02669c
1895873710125642496,湖南话“搞”也有好多意思。,3601.591,1753096958,29a218df
1895907346799683328,翻译是代表自己翻译的,3697.145,1753100967,d0a706e0
1895978079743661568,decode（语言学人惊坐起,3717.032,1753109399,c5fcbd94
1896108421095192320,姐姐的专业和今天的话题好适配，语言差异,3706.185,1753124937,7388c77a
1896515341271146240,我喜欢这个话题，有意思,3616.444,1753173446,b99d4a1f
1896518162234223872,信息熵,3876.963,1753173782,b99d4a1f
1896543132645330432,这颜值，太好看啦！！！！,3695.311,1753176759,832cc876
1896780626377012736,不动产超级抵押,3636.607,1753205070,1f9c8d2e
1897154366721285632,我又要骄傲了，联合国文件里，就属中文那本最薄（叉会腰）,3813.058,1753249624,729e3ab7
1897941956827989760,都在酒里了,3865.043,1753343512,8b93c9d9
1898002374233537280,好像现在学校初学英语不给学音标了？,3917.24,1753350714,2a453a04
1898102017021935872,满分5,3789.416,1753362592,b29ebb7b
1898156268347363072,我记得我初中那会有学音标 但是不会重点去考,3923.454,1753369060,33c2f0de
1898512243499875328,大左表情笑死我了哈哈哈哈,3865.395,1753411495,4b7d9bf5
1899331643441710592,哈哈哈哈哈哈好可爱,3679.808,1753509175,1091612d
1900180799328848384,确实像吕一,3719.965,1753610403,115a0075
1900386773294106880,不对不对,3653.208,1753634957,33977ab
1901012436203785984,强行闭麦,3615.255,1753709541,2c9403ee
1901013060701833216,字幕乱回了,3657.418,1753709616,2c9403ee
1901170929900720384,还确认下对不对哈哈哈哈,3831.848,1753728435,aa15251e
1901171333829032960,给陈铭总结累了,3859.411,1753728484,aa15251e
1902159930518213632,六书,3947.484,1753846333,705b52ba
1902331185083402240,大学选修语言学讲过这个区别,3951.181,1753866749,92f8c01f
1902335700813538048,分析语,3890.528,1753867287,89ed58e
1903671238854313216,大学老师也一直强调要用外语的语境去理解外语不要纠结于对应中文是什么,3741.737,1754026495,b7a9b2eb
1904763067708153600,萨沙真一点口音没有啊,3759.038,1754156652,ddee2dcd
1905858903875679232,梅丽莎中文好好,3688.86,1754287285,7becfa2e
1906691517007991808,德语也是,3801.725,1754386541,1327ee61
1908906630024663808,俄语∶入门即入土，但不得不说俄语听起来是真的好听,3783.319,1754650603,43d421ca
1913917196015940096,法语也是,3808.423,1755247909,62e4d313
1915995900275556352,好喜欢梅丽莎,3713.265,1755495710,cd971f7f
1916030022574273280,语言的背后是思维逻辑,3695.995,1755499777,272ec1ba
1916079700078810368,忙啊，忙点好啊（doge）,3835.762,1755505699,746f4806
1916625392777953536,很有意思这趴,3621.459,1755570751,51f2909e
1920356151963837440,韩语就是,3912.685,1756015492,954b058c
1920523017751516672,专业的来了,3686.052,1756035384,99536495
1920524371614198784,对!!!!!!,3843.108,1756035545,99536495
1921484775709746688,又美又有学识，太厉害了姐姐,3711.137,1756150034,d0352b3
1921487725823974144,标注拉踩还是没必要哈哈,3945.676,1756150386,d0352b3
1924956553183220992,俄语语法确实难,3781.888,1756563903,e498a6f4
1928311481842799872,我怎么看到了autumn,3673.982,1756963841,272b951b
1929831823954261248,终于说到重点了，一维语言与二维语言,3932.368,1757145080,df7cc456
1937964820096246784,及格了,3795.295,1758114609,ea665755
1940204146955817728,这段话题讨论味道对了！！,3623.895,1758381557,add21500
1947129987367245056,萨沙有口音的，东北口音哈哈哈哈哈哈,3767.265,1759207182,ecb24fe1
1954999544181936896,我们是造字，其他语言是造词，我们是组词,3892.371,1760145306,fb6e727e
1960973806940170496,还有俄语的字感觉都一模一样233,3802.199,1760857494,8b1c7d51
1965271622538264320,字和词不一样啊，汉语的词能数清吗,3769.495,1761369833,b509e6de
1966180469729066752,对的，中国还有很多种方言呢，都是文化,3734.607,1761478176,33978299
1983664562083361280,老王的哇太可爱了,3664.275,1763562443,c53f17b0
1985149511878330880,陈铭没有总结的终究还是要来的,3681.241,1763739462,55203a50
2004619822436624640,上文言文,3868.638,1766060504,ffa3828d
2038747074585654784,这更像造了个固定搭配短语，而不是单词,3646.077,1770128790,7966ad44
2057933376119917312,好漂亮,3689.333,1772415975,dc69dd68
2072056217312398080,母语是汉语好骄傲啊,3882.558,1774099549,f82fb2da
,,0.0,1775683732.8000336,
lb.c,,0.0,1775683732.8000336,
,,0.0,1775683732.8000336,
1895737662774939904,再次安利陈老师的有聊，想了解陈老师对一些话题或者事物的看法的一定要看,4023.906,1752994396,534bf33e
1895737685701005568,俄罗斯女排功勋教练卡尔波利,4271.389,1752994558,7b2fe900
1895737697243730176,俄罗斯队那几年发挥起伏很大，拦防水平下滑了很多，换谁谁都得生气，卡尔波利老爷子不生气才怪了,4283.614,1752994661,7b2fe900
1895737894426349824,还真想听下去,4177.285,1752997978,c7bc6e63
1895737925430644992,不想听,4197.99,1752997336,ca646aae
1895737966459326720,哈哈哈哈哈 我开始逐字学习  doge,4196.912,1752998636,fbf64f60
1895738073137254656,中文是超链接语种,3984.747,1753006704,39499903
1895738140615217408,哈哈哈哈哈哈哈哈哈哈哈哈哈哈哈哈哈哈,4310.057,1753009910,259fe52
1895738233619714304,陈铭老师还想听！,4182.484,1753007774,53b79af0
1895738266444337408,的确，中文很感性,4124.538,1753015157,ef682fb2
1895738305652691200,这个好有意思哈哈哈,4208.39,1753014222,b1b00e21
1895738500780101888,man,3975.847,1753018973,f4eb18b5
1895738511718846720,音译在中文里很少见的，因为我们几乎啥都有对应的,4145.0,1753015534,b345a1e6
1895738631164236032,所以中文真的很美,4112.951,1753025099,a7349199
1895738649401069824,喜欢听陈铭老师说,4192.35,1753025462,105f8ab8
1895738683140051200,粤韵风华请你来学,4228.784,1753024098,99272c49
1895738787997651200,语言这个可以多出几期,4134.263,1753026762,d6bfe3aa
1895738869149044992,偏误,4027.411,1753027772,838e3436
1895738996798492928,哈哈哈哈哈,4203.489,1753035239,187c324
1895739035092488448,还想听,4147.312,1753067760,91850ea9
1895739036006846720,喜欢陈铭老师这期的总结,4148.159,1753035184,187c324
1895739102570451200,哈哈哈哈哈哈哈哈哈哈画,4154.529,1753069234,f7934ca3
1895739191011545344,Hahahaha ,4072.191,1753068882,8c10ef2b
1895793939530218240,嗷～都是……   太地道了萨沙哈哈哈哈哈,4258.574,1753087448,d8c0c6fa
1895917244123625472,希望陈老师说完，简直是精华部分哇,4200.455,1753102147,7d881d54
1895984355831034368,白帝圣剑，御剑跟着我,4280.148,1753110148,25b891ad
1896017901253990656,优先使用枝丫哦,3982.02,1753114146,487f1d6
1896022503672487424,这里也有佛（,4070.515,1753114695,698bab0d
1896322597734351360,中国诗真的作为一个中国人很骄傲，太美了，意境美，有的读起来也美,4105.965,1753150469,996c2fe2
1896460121219883008,好像是这样,3981.646,1753166863,9ec95bfa
1896520846001502976,但是这个总结我喜欢，涨知识,4086.27,1753174102,b99d4a1f
1896521961702968320,还想听，再说个五块钱的吧,4156.119,1753174235,b99d4a1f
1896676574695453952,普希金,4263.726,1753192666,54d3f224
1896725566901062400,哈哈哈哈哈哈哈哈哈哈哈哈哈哈哈,4310.07,1753198507,22445c1f
1896730106723395328,哈哈哈哈哈哈哈这期太有意思了,4209.816,1753199048,9cb4590f
1897010015916183808,对对对跟机关枪似的整个赛场都能听到,4272.545,1753232416,d539e6d1
1897077275255051776,哈哈哈哈哈哈哈哈哈,4190.698,1753240434,3c157400
1897174036765635072,陈老师的总结太棒了,4168.585,1753251969,edbe14cb
1897392318966345984,或许是“道”，但也确实不完全一样,4138.271,1753277990,bbeae81b
1897423909876315136,语言都基于一定逻辑啊，像一个公式往上套，怎么没逻辑了，汉子的构成组词都有逻辑思维啊,4200.979,1753281756,d849b843
1897862636431858688,没听够哈哈哈,4177.458,1753334056,c7d94c30
1897882039651485952,鸟语花香,4319.548,1753336369,5e6db3f9
1897898935013042688,可恶啊这次刚好是我感兴趣的话题,4161.582,1753338383,47a0e8bd
1898160146023362048,这点我作为留子真的深有体会 写英文论文的时候真的是一连二 二连三的感觉 不然会扣分的 但中文很少直接表达这么明确的,4143.613,1753369522,33c2f0de
1898164993313185792,其实古人造字也走过这条路，比如光马就有一百多种，骢骊骓骏骥骁，后来发现这样下去不是个事儿，太麻烦了,3975.043,1753370100,a725bfc4
1898638624019697408,我还没听够,4148.66,1753426561,71afd37d
1898787820446409728,反而英语会听就能拼写出来,3998.591,1753444347,636af638
1899369447870135552,涡轮苏卡！,4306.429,1753513682,3873c0bd
1899754244643268352,我也特喜欢听,4184.346,1753559553,a03bc12f
1899892586974535168,萨沙,4214.495,1753576045,3e3ca627
1900097116832440064,可恶，真的回味无穷啊，陈老师你再讲会儿吧,4169.039,1753600427,664e896
1900296271730859520,哈哈哈哈哈哈哈,4317.511,1753624168,cd73212b
1900392088978706688,笑鼠了,4276.249,1753635590,33977ab
1900392259451958016,太好笑了哈哈哈哈,4296.513,1753635611,33977ab
1901016738342964736,中文是体验,4037.216,1753710054,2c9403ee
1901019576444265728,过分了过分了,4306.717,1753710393,2c9403ee
1901803584791174912,一点也不短，(◐‿◑)﻿,4062.857,1753803854,f40bc1cc
1902041048625348864,不是道，更像理,4143.516,1753832162,18259142
1902331840049217792,感觉中文好美啊，艺术,3990.092,1753866827,92f8c01f
1902332906249409792,中文是瑰宝,4117.378,1753866954,92f8c01f
1902468908746143744,下次是什么时候,4190.613,1753883166,23568bd4
1902949917157764864,言有尽而意无穷,4173.006,1753940507,ca017a5
1903624783280088832,喜欢这个总结！,4097.385,1754020957,f0de91b3
1903829280824533504,我也喜欢看总结,4089.384,1754045335,5f529759
1904583630937199616,赞同，中文逻辑不严谨，甚至会出现颠倒黑白的情况,4118.207,1754135261,b6ee8bbd
1904685207156790528,西班牙拿铁,3995.688,1754147370,7bcfa025
1904719537870318848,中文里面的山有很多很多种,4043.343,1754151462,1606bf27
1904720340727399936,是的，我们中文文字逻辑不强,4117.347,1754151558,1606bf27
1905164537058565632,主持人就是控场的，时长要他负责控制的，没办法的,4223.159,1754204510,630e768b
1905314751845161728,元素周期表,3987.742,1754222417,2eb47862
1905861314233136128,陈铭懂得好多,3967.821,1754287573,7becfa2e
1905869100798891776,你们要聊这个我可就精神了,4216.222,1754288501,acf5d39a
1906539827319374592,哈哈哈哈,4241.001,1754368458,58d57e1c
1906540589273325824,哈哈哈哈哈,4310.782,1754368549,58d57e1c
1906688755184680448,桶装水瓶装水.v,4007.948,1754386211,819e3004
1907523442576883968,绝了,4169.636,1754485714,f5dd2f0d
1907644947604512512,等红灯是在等绿灯,4082.438,1754500198,ff8d4f0a
1907980387771732224,苏卡起手23333,4316.445,1754540186,e06c8437
1910170930404237824,圈粉le,4176.937,1754801319,738a73b
1910230441924162816,陈老师唱了一段跳一跳,3992.914,1754808413,f1feee36
1914555673774369536,山峦峰,4041.505,1755324021,c8be969c
1914633198378391552,白帝圣剑哈哈哈哈哈哈哈,4283.877,1755333263,39959bed
1914709549752189952,太好玩了哈哈哈哈,4297.298,1755342365,7dd1e666
1915999561113992960,哈哈哈哈哈哈哈哈哈,4246.601,1755496146,cd971f7f
1916629292717141760,不会这集都是滴滴滴滴滴吧,4207.55,1755571216,51f2909e
1916847819730828288,老王对中文的运用很通感,4059.05,1755597266,b575b51f
1919200580753647360,喜欢的话题总是听不够，不喜欢的好长，譬如什么信息信息，看到就头晕,4182.566,1755877737,ab909100
1920259340867743488,哈哈哈哈哈,4082.777,1756003951,6fe7767c
1920526322502341120,如如不动,4063.914,1756035778,99536495
1921992866163510272,哈哈哈哈哈,4082.943,1756210604,82b54504
1928582631055161600,我不同意，山我可以解释为突出地面很多的土或者石头,4048.353,1756996165,cfd3a899
1929016966887768832,喜欢语言期,4125.882,1757047942,bd775eca
1929832194772670464,这就叫降维打击,3960.908,1757145124,df7cc456
1932317703025618944,哈哈哈哈哈哈哈哈哈哈,4305.693,1757441420,52ac390e
1937429935681908224,好喜欢陈铭老师的总结 学到很多,4147.093,1758050846,664fbc21
1937697910745701120,其实还是有点口音,4237.83,1758082791,aeeff0bc
1938017766129012736,你不是外国朋友吗？,4224.433,1758120921,bd77f5f3
1943402323418697728,我认为中文是活字印刷术,4043.986,1758762810,fe599c6c
1952092445781283584,苏子开头列字结尾,4254.784,1759798753,b1e41dca
1960114288949624320,我也看了那个视频！！！！俄罗斯教练太凶残了！！！你们可以去网上搜,4271.027,1760755031,6a7c628d
1970983019397520896,听不懂俄语，主要看表情和神态啊哈哈哈,4293.443,1762050685,f517d2b4
1987896814821010944,记笔记。,4214.037,1764066966,a87e4250
1992810780202441728,哈哈哈哈哈哈哈哈哈,4311.986,1764652757,b087944c
1998380675866813952,四姐咋回事，怎么剪这个发型了，还是长发好看,4266.798,1765316740,ffa3828d
2005918499490857216,还得是秦始皇,4012.384,1766215319,11aba778
2027816003223746816,logic,4125.294,1768825705,8f58d927
2035829821229662976,不垢不净，不增不减,4079.032,1769781026,f9735bbb
,,0.0,1775683732.8000336,
lb.c,,0.0,1775683732.8000336,
,,0.0,1775683732.8000336,
1895737401436246272,怎么可能放出来,4342.782,1752987653,5aaa7626
1895737677907988736,啊？不是爷爷辈吗？,4418.736,1752994538,591a47e1
1895737751501246720,哈哈哈哈哈哈哈哈哈哈哈哈哈,4437.159,1752993639,c76f245a
1895737760066015488,爸爸的哥哥不是大伯吗？大爷不是爷爷的兄弟吗,4416.924,1752994737,5866b398
1895737777631760640,那应该听不了泰勒斯威夫特的这首歌吧哈哈哈哈哈哈,4668.85,1752994975,534bf33e
1895737803896492288,老王大好人啊,4585.286,1752995672,ce21b857
1895737832879132928,哈哈哈哈哈哈哈哈哈哈哈哈哈哈哈哈哈,4627.772,1752994815,534bf33e
1895738113259966720,不愧美食博主，这都能跟吃的联系上,4448.927,1753008271,13ee2db9
1895738151553962240,哈哈哈哈哈哈哈陈老师,4623.234,1753004086,e967e3fc
1895738287424246016,哈哈哈哈哈哈哈,4660.359,1753013919,fbf64f60
1895738324795494656,不像演的,4542.675,1753011315,47aef417
1895738367652892928,哈哈哈哈哈哈哈萨沙,4524.058,1753014007,5041b929
1895738494396371200,哈哈哈哈哈哈哈哈,4648.252,1753020067,eabe6363
1895738752438341888,大爷就是伯伯的方言啊,4420.588,1753027986,302e2cd4
1895738870055014656,哈哈哈哈哈哈哈哈哈哈哈哈哈哈,4627.886,1753030164,ea25d4d6
1895738921124860160,鸟语花香,4334.495,1753038594,23ddeab7
1895738943002349824,我笑的不行了,4567.735,1753035604,187c324
1895739028708757760,那确实不好，癌症很痛苦的,4375.493,1753037991,7a1afabc
1895739033272160512,北方大爷就是爸爸的哥哥，还有些地方会叫大爹,4422.924,1753038056,7a1afabc
1895739051508994304,比利时，荷兰，不由自主地dudududu,4370.072,1753045018,cdfc31da
1895739054243680512,这期太好看了哈哈哈哈,4582.978,1753035619,187c324
1895739071566156032,全世界的趋势哈哈哈哈哈哈哈,4405.411,1753069485,f7934ca3
1895739076129558784,看来还是妈妈重要哈哈哈哈哈,4448.138,1753069527,f7934ca3
1895739088888631552,靠北不算？,4416.782,1753068705,d4e31129
1895739092537676032,笑得我肚子疼,4397.34,1753062755,928dfa68
1895739105305137408,是红大爷,4418.911,1753072489,63882395
1895739118072598784,哈哈哈哈 老王太可爱了,4587.157,1753061525,67cfac19
1895739125362299136,哈哈哈,4564.19,1753070523,86ed341b
1895739337812185344,哈哈哈哈哈不愧是学霸,4661.75,1753080270,928ebf4c
1895833647970618624,哎 闽南话林北就是 可惜唐大哥不在了,4408.122,1753092182,717a589b
1895902750144143360,这个还……,4321.524,1753100419,738625c6
1895907869804003328,本来就听不懂，那听不听得到又有什么关系呢，在公共场合说脏话本身就是不文明的行为,4360.674,1753101030,b41d23bf
1895908179586673152,哈哈哈哈哈不行了笑哭了,4388.324,1753101067,8e85fd5f
1895927466716137216,哈哈哈哈哈哈哈哈哈哈哈哈哈哈哈哈哈哈哈,4394.076,1753103366,4365b2b7
1895928548712294912,哈哈哈哈哈哈哈哈哈哈哈哈哈哈哈哈哈哈哈,4520.928,1753103495,4365b2b7
1895982829658685952,我也是,4675.5,1753109966,42cad9e5
1896001296768195840,哈哈哈哈哈哈哈哈哈哈哈哈,4677.235,1753112167,ee1f6f9b
1896400773932488448,哈哈哈哈哈哈哈哈哈哈哈,4598.659,1753159788,e1f0140c
1896512698288793600,跟我们见外了不是,4365.396,1753173131,6a042d86
1896514385674094080,老王又拿吃饭举例哈哈哈哈哈哈哈,4454.776,1753173332,272cb156
1896608734999507456,满意满意特别满意,4371.008,1753184579,6958d185
1896642155020717056,苦肉计哈哈,4590.242,1753188563,445a39f6
1896642936713124608,对对对,4676.515,1753188657,445a39f6
1896696260124513024,自爆型劝架,4561.628,1753195013,fc5c5aac
1896763454762194688,他们不会哈哈哈哈哈哈哈哈,4569.196,1753203023,b9816bbd
1896765768927379200,哈哈哈哈哈哈哈哈哈哈哈哈公费报仇,4542.799,1753203299,e8be185e
1897011300463673856,有带大爷的,4411.438,1753232569,d539e6d1
1897013120430860032,老王好吃的没白吃还挺有劲,4613.994,1753232786,d539e6d1
1897218638458098176,讲的好可爱呀哈哈哈哈哈哈哈,4468.158,1753257286,d9749c34
1897324740884846080,我也是,4678.681,1753269934,8693b549
1897363774932184320,想了解的可以自己找找一些俄的生活vlog之类的,4361.289,1753274587,d403eb94
1897426030323611648,哈哈哈哈哈哈,4387.518,1753282009,d849b843
1897430303178371840,陈老师梦开始的地方,4635.859,1753282518,d849b843
1898107734009310976,有的，闽南话里面的靠北就是,4409.048,1753363274,b29ebb7b
1898140754749313024,拉开了已经,4552.403,1753367210,9a457285
1898604176352239360,风和日丽，鸟语花香,4320.185,1753422454,a18ccce
1898604469584211456,这么长一段吗救命怎么还没完啊哈哈哈哈哈哈哈哈哈,4334.886,1753422489,a18ccce
1898827115965592320,大爷，不是大爷爷啊,4423.334,1753449031,1ffa9383
1899264598080031232,果然是美食博主,4449.549,1753501183,d04c374a
1899496872319092736,凉菜哈哈哈哈这个比喻,4441.171,1753528872,3820b86
1900043563572775680,到底是啥？好想知道,4348.134,1753594043,3ad68769
1900320971148192768,被带歪了，哈哈哈,4644.234,1753627112,968d7bd9
1900998015238881792,0帧起手,4521.96,1753707822,478a57e2
1901003546199856128,北方不说大伯，都是说大爷,4429.826,1753708482,2216f793
1901074396593528576,坑爹只是调侃 上升不到骂人,4438.056,1753716928,bba3e7b3
1901091973570498560,放出来吧，反正听不懂,4334.352,1753719023,18259142
1902337660274969600,哈哈哈哈哈哈哈哈,4604.007,1753867520,92f8c01f
1903081973443330560,哈哈哈哈哈哈,4535.647,1753956250,623dd44
1903082273570880768,哈哈哈哈哈哈哈哈,4568.091,1753956285,623dd44
1903781401921761536,其实有用,4589.383,1754039628,1ddd0afb
1903806233291993600,老王那么有力吗,4603.096,1754042588,29c7c55b
1903952397949739520,这个情节 解放西 看过一样的，哈哈哈哈哈哈,4560.019,1754060012,e1245ea0
1904516717376838400,因为妈妈是孩子的第一位老师啊！,4403.275,1754127284,9e41d483
1904530899417644288,哈哈哈哈哈哈哈哈哈哈哈哈哈你个感冒,4385.563,1754128975,3e5e834
1904530978748724992,和哈哈哈哈哈哈哈哈哈哈哈哈哈哈哈哈哈哈哈哈哈哈哈哈哈哈哈哈哈哈哈哈哈哈哈哈哈哈哈哈哈,4384.499,1754128984,3e5e834
1904532923857065216,没有妹妹呢,4492.766,1754129216,3e5e834
1904538811812607744,哈哈哈哈哈哈哈哈哈哈哈哈哈哈哈哈哈哈哈哈哈,4645.546,1754129918,3e5e834
1904722568506592768,不是，这有什么可防的呢,4341.418,1754151824,1606bf27
1905449384062253056,新疆好像也是,4496.703,1754238467,a48719d1
1905497931360905728,伊朗和俄罗斯打起来啦,4529.621,1754244254,c0863c00
1906542784094295808,哈哈哈哈哈,4559.017,1754368810,58d57e1c
1907526196715882496,哈哈哈哈哈哈哈哈,4523.519,1754486042,f5dd2f0d
1908679452259804928,xx日记,4362.117,1754623521,f41917e3
1908744384842053120,你们听不懂，别人听得懂啊，我就是学俄语的，很多人学俄语日语,4357.8,1754631262,6ba6f998
1909668420170398720,四个层次,4433.428,1754741415,d7fb52ee
1911359300216006400,哈哈哈哈哈哈,4447.784,1754942984,984e8387
1911359604252789760,太逗了,4455.784,1754943020,984e8387
1913398067118770176,马月！受到严格保护,4495.758,1755186024,e540d7cc
1914634620675197952,爸爸好惨,4409.305,1755333432,39959bed
1914635448362681088,老王好有意思啊,4468.254,1755333531,39959bed
1914637087353891840,陈老师好帅好可爱,4628.134,1755333726,39959bed
1916001994548683520,萨沙现在好有效果啊,4525.363,1755496436,cd971f7f
1916630927698902784,哈哈哈哈哈哈哈哈哈哈哈哈哈哈,4395.624,1755571411,51f2909e
1916852277454065152,骄傲的小表情,4513.962,1755597798,b575b51f
1918109775393509888,加长版都听不到,4327.512,1755747703,e10ac76a
1919292270814105600,三句话不离老本行。老王就是老王,4441.278,1755888668,8ff620f
1920360764641292800,大爷（轻声）和大爷（二声）是不一样的辈分,4424.525,1756016042,954b058c
1920530535504589824,苦肉计,4559.312,1756036280,99536495
1924962263669318912,确实,4378.913,1756564583,e498a6f4
1928317987325752320,爸爸不重要和哈哈哈,4437.715,1756964617,272b951b
1928473381473163008,陈铭老师哈哈哈哈哈哈哈哈哈哈哈什么叫你个感冒啊哈哈哈哈哈,4387.472,1756983141,27acc97c
1930119365563671296,关键有个俄罗斯妹子全能听懂，哈哈哈,4350.281,1757179358,5f57ee63
1932318721125803008,哈哈哈哈哈哈哈哈哈哈哈,4386.414,1757441541,52ac390e
1937685851845080064,肺结核我们叫痨病,4387.045,1758081353,748c3342
1937711880739083008,现在有了,4411.543,1758084456,e8f1e80f
1937713293271636224,以身入局,4575.73,1758084625,e8f1e80f
1946610506567641600,哈哈哈哈哈哈哈什么鬼，好搞笑,4396.361,1759145255,3a0f6945
1946616695774839040,毕竟母亲是生你养你的人，是个人都不希望。除非你原生家庭环境不好,4477.17,1759145993,eb269b47
1954247216982614016,就好像放出来我们能听懂一样,4348.708,1760055622,99c7f039
1967670342588077312,阿阿阿啊啊，我要听,4342.408,1761655783,eb09f285
1977879332269668864,哈哈哈哈哈哈哈哈哈,4648.638,1762872790,aedabb3d
1986532170919592192,想听啊,4334.675,1763904288,2a9d92f9
1993856239851235072,哈哈哈哈哈多少是有点私人恩怨了哈哈哈哈哈哈哈哈哈哈哈萨沙,4520.851,1764777385,ed5612f4
1996746304319704576,有的 中西部地区很多,4410.686,1765121908,74ba3500
1999494019419440896,盲猜第四个祖先,4482.623,1765449461,29cd0eb
2004628390627918080,老王男友力爆棚啊，华波波都有150 6了,4609.39,1766061526,ffa3828d
,,0.0,1775683732.8000336,
lb.c,,0.0,1775683732.8000336,
,,0.0,1775683732.8000336,
1895737548723425536,哈哈哈哈哈什么是我们不能听的,4749.619,1752990264,1549437e
1895737557581795584,来啦来啦,5024.737,1752990286,a1639211
1895737558689091840,哈哈哈哈哈哈哈哈哈哈哈哈,4902.274,1752991699,eb069b0d
1895737576405831936,哈哈哈哈哈哈哈哈哈哈笑飞了,4980.356,1752990608,39108e46
1895737633507086592,免礼免礼,5039.074,1752990708,59dfb4d2
1895737685701005571,哈哈哈哈哈哈,5002.412,1752993137,98f16374
1895737800272613632,哈哈哈哈哈哈哈哈哈哈哈哈哈哈哈哈哈哈哈哈哈哈哈哈哈哈哈哈哈哈,4982.027,1752995330,a4557f7c
1895737802998911232,万一听不懂怎么办,4874.018,1752994933,81bc2129
1895737948222492928,什么梗？,4748.329,1752998164,d6922fe2
1895738125113069824,就这个湖北味正宗,4711.305,1753011041,7a763aee
1895738285595529472,双板确实可以倒着滑,5008.25,1753011373,43686648
1895738620225491200,哈哈哈哈哈哈哈哈哈,4984.609,1753022510,65fd9e50
1895738757907714304,太损了,4985.149,1753022518,65fd9e50
1895738832675377408,来来来来,5036.598,1753027077,8a513c81
1895738966708556032,太可爱了超超,4747.358,1753060176,4f7b0147
1895738992243478784,就是歇后语,4867.877,1753034556,c7bc6e63
1895739080684572928,哈哈哈哈哈哈哈哈哈哈,4918.722,1753069998,f7934ca3
1895739131746029824,哈哈哈哈哈哈哈哈哈哈哈哈哈哈哈哈,4994.089,1753062512,3bd1c757
1895739196480917760,这段发出杠铃般的笑声,5030.092,1753075104,28ad2a59
1895739201044320512,斑马斑马，你回到了你的家,4704.204,1753075169,c2cf2fbe
1895739208334020864,突然好凶的超超,4710.536,1753075185,c2cf2fbe
1895739269428252928,哈哈哈哈,4730.776,1753075210,df6e1fa7
1895739282195714304,个斑马 武汉读书学会的第一句武汉话,4704.434,1753073116,76b350d2
1895771221057041664,歇后语骂人是吧hhh,4865.028,1753084740,ea88348b
1895892382798022400,真的很像用歇后语骂人,4858.534,1753099184,1da0b061
1895904636515565824,四姐镜头太少了，感觉他的观点还没开始就没了,4765.842,1753100644,58b836f8
1896404829505373952,哈哈哈哈哈哈哈哈活学活用,4949.724,1753160272,f1957628
1896405288303884800,哈哈哈哈哈哈哈哈哈哈哈哈哈哈笑死我了,5003.653,1753160327,f1957628
1896468623779084032,哈哈哈哈哈哈,4981.223,1753167877,9ec95bfa
1896588932171657472,Dylan好帅,4935.291,1753182219,bd4e22b9
1896649488324662272,非正“倒着哥”,4978.032,1753189438,280fcb51
1896737496214828800,哈哈哈哈哈哈哈哈哈哈哈哈哈哈,4982.203,1753199929,9cb4590f
1897014030158811904,你瞅啥的意思吗,4715.633,1753232894,d539e6d1
1897014233171284992,想咋的,4732.518,1753232919,d539e6d1
1897019864125305344,胖跟秃顶？华波波？哈哈,4804.17,1753233590,88971e98
1897165318887847424,哈哈哈哈哈哈每次都要拿出来反复“鞭尸”,4994.106,1753250929,729e3ab7
1897254941232950272,哈哈哈 杨杨很合适,4903.28,1753261613,2a986023
1897344532589414144,又狠又能播哈哈哈哈，好绝,4852.883,1753272293,55d83f10
1897762938228495616,哈哈哈哈哈哈超超你咋这么可爱呀,4748.926,1753322171,3c4a8341
1898076422447444224,这个味太对了，喵莫斯喵,4713.793,1753359541,49e5e8b6
1898116838467539200,哈哈哈哈哈哈哈,4959.312,1753364359,8d117f15
1898162780163908608,笑晕了这个梗,4843.97,1753369836,b71cfd89
1898407579726848000,我也是！本来已经冷静下来了听到这句话又会死灰复燃,4680.153,1753399018,28dcc9f6
1898620921531941120,哈哈哈哈哈哈哈哈哈哈哈哈哈哈哈哈,4990.806,1753424451,a18ccce
1898621235324599808,萨沙：我这一生如履薄冰,4998.994,1753424488,a18ccce
1898621702788319488,这里就很适合配个bgm：长江黄河还有黑龙江~~~,5007.924,1753424544,a18ccce
1898674081130886656,auv真地儿道～,4950.016,1753430788,2738fae5
1898686192863140864,伦儿,5032.685,1753432232,b0850c04
1898718675599884544,喵喵喵  喵莫比,4716.685,1753436104,f83ddc9a
1898842469316472832,这是歇后语啊,4860.486,1753450861,17e2fe2c
1899339586950643712,喵帕斯,4719.067,1753510122,7ef1f30f
1899599321197446144,谎言不会伤人，真相才是快刀,4805.355,1753541085,bc31ead9
1900380122948168960,是LULU!,4784.341,1753634164,81aeaa1b
1900503618960948736,梅林的胡子,4886.484,1753648886,fcdaa08a
1901024484039726336,哈哈哈哈哈哈哈,4942.838,1753710978,2c9403ee
1901079414683921152,给你俩窝窝是“傻瓜你看什么，你走开”的意思,4779.862,1753717526,e67086c2
1901079829685023488,老王可以啊,4824.392,1753717575,e67086c2
1901079976536206080,盆景的伐木工赢了,4830.592,1753717593,e67086c2
1902231732707858432,啥意思没懂,4835.101,1753854893,c1f2fe77
1902338815436637184,动物吵架哈哈哈,4741.721,1753867658,92f8c01f
1902339230270251776,好可爱,4791.413,1753867708,92f8c01f
1902465103329566464,哈哈哈哈哈哈哈,4900.32,1753882713,24d07282
1902505877391889664,我懂！不仅是吵架，平时明明一件事已经在做了，非补一句你去做一下，我也会生气,4683.771,1753887574,29c4c024
1902512598906821376,翻旧账了,4925.858,1753888375,d89f1503
1902594920603297792,这一段巨好笑,4932.927,1753898188,26f5d348
1903085253296941312,哈哈哈哈哈哈哈哈哈,4913.221,1753956640,623dd44
1903422713532604160,完全沉浸在自己的艺术创作里了,4892.961,1753996869,bb961bc8
1903895399203318784,沉浸在自己的艺术,4885.319,1754053217,c51a6472
1905868802760226304,好有趣,4725.221,1754288465,7becfa2e
1905869663649455104,哈哈哈,4823.731,1754288568,7becfa2e
1906076866142587904,超超好美～～～～～～,5033.296,1754313269,ba077aef
1906843327282730752,不知道两个buff梗被萨沙听到了会怎么样哈哈哈哈,5018.175,1754404638,4ad5b7c7
1906853502798462464,笑飞了这期哈哈哈,4973.051,1754405851,de5d2566
1907283657380028416,个斑马是吧哈哈哈哈,4741.914,1754457129,654346f5
1907369347933021696,咩啊～,4736.208,1754467344,d9a3acb1
1907528459920721920,中文也是哈哈哈哈哈哈,4843.019,1754486312,f5dd2f0d
1907988977269993984,就跟吵架的时候对方说你冷静一点,4687.296,1754541210,952047f4
1909012552659049984,你看看！,4887.06,1754663230,a30a61d9
1914639175487860992,好艺术,4868.566,1755333975,39959bed
1914699145797749760,免礼免礼,5038.536,1755341124,6a35cdb9
1916331482058605056,去五常,4934.547,1755535714,299590f4
1920572473301738496,你别急哈哈哈哈,4680.084,1756041280,bc587f4c
1921150194511518720,无效消音,4767.931,1756110149,cc860fab
1921999990281070336,膝盖脑袋哈哈哈哈哈,4820.756,1756211453,82b54504
1922699810163473408,哈哈哈哈哈哈这个好玩膝盖脑袋哈哈哈哈哈哈哈,4821.902,1756294878,bc17ebe1
1922718678232065536,buludo在大力水手里面就是大块头,4769.819,1756297127,990a1ffc
1924745898970591232,吼吼吼吼吼吼吼吼吼吼吼吼吼吼吼吼,5002.511,1756538791,90bb401c
1924967089098646016,哈哈哈哈哈哈哈哈我懂了,4839.73,1756565159,e498a6f4
1928431833856027648,四川话 哈哈哈,4802.515,1756978188,272b951b
1930122968890291968,一般是表和马,4760.893,1757179787,5f57ee63
1932207309505761536,真不用客气，哈哈哈哈哈哈哈哈哈,5037.71,1757428260,5b4783e3
1932323510836293120,歇后语骂人 在中国能把我骂笑，没有杀伤力,4856.499,1757442112,52ac390e
1938651722562595840,这个环节好想看英国代表,4803.651,1758196494,7514575b
1941575577676902144,中国好像也是,4880.714,1758545045,7a001e02
1956604467680680960,哈哈哈哈哈哈哈哈哈哈哈哈哈哈哈哈哈哈哈哈哈哈哈哈哈哈倒哥,4987.29,1760336628,d35c8a9
1957521618251751424,有备而来,4898.296,1760445961,ae02b522
1963046567418170368,完全get不到哈哈哈，太艺术了,4878.238,1761104586,54f7b9d0
1963047484477570560,卧槽哈哈哈哈哈哈太搞笑了,4987.548,1761104695,54f7b9d0
1963047606246712832,太有梗了我的天啊,5002.101,1761104710,54f7b9d0
1988704206604970240,萨沙现在好大方,4966.483,1764163215,c847ffba
2005156528713694464,形成内部梗了 哈哈哈,5015.259,1766124485,32b92588
2018407658939996416,武汉话好好玩,4761.811,1767704143,964a8dca
2027838086511379968,哈哈哈哈哈哈哈哈哈哈哈哈哈哈,4860.422,1768828337,8f58d927
,,0.0,1775683732.8000336,
lb.c,,0.0,1775683732.8000336,
,,0.0,1775683732.8000336,
1895737252798501120,一个轴打起来了,5382.658,1752985054,7e19df34
1895737399926296832,老王居然赢了哈哈哈哈哈,5194.259,1752987261,f69ff094
1895737549830721792,众爱卿平身,5040.701,1752988640,1f930d45
1895737559796388096,买不完了,5324.051,1752990445,3f8c2705
1895737585272590592,这个除了买卖还能组什么？,5347.699,1752990663,1549437e
1895737629463777536,买了锅巴,5269.404,1752992283,7e894dc7
1895737792127275264,这也太难了除了脏话我一个也想不到,5250.819,1752994250,4374cf64
1895737809332310272,伤疤,5096.912,1752995497,a4557f7c
1895737812956188928,艾丽莎还比了个功夫出招动作，好可爱,5228.918,1752995826,5866b398
1895737818392006912,这下真的势均力敌王不见王了，战力很均衡,5221.14,1752995797,5866b398
1895737822913466624,怎么不把小贝喊回来哈哈哈哈哈 全国总冠军,5232.53,1752995811,ca18aa72
1895737839220920576,随便,5103.405,1752995510,a4557f7c
1895737861601726720,哈哈哈哈哈,5280.223,1752995737,a4557f7c
1895737870728532224,哈哈哈哈哈,5357.137,1752995819,a4557f7c
1895737878009843968,这个难度好高我一下没想出来,5250.43,1752995861,5866b398
1895737975577743616,太搞笑了这段，会长帮得也真是不明显哈哈哈,5309.076,1752998714,d5478533
1895738014786097408,我都想不出这么多orz,5177.407,1752998128,cda41c26
1895738146998948096,富贵使我们相遇,5054.133,1753003938,94179e93
1895738222680969472,上边其实可以的...至少广东话里可以这么讲哈哈哈哈哈,5132.578,1753012151,f11a2bc3
1895738259154637056,那我必须得发个弹幕,5045.758,1753013226,4c2d7347
1895738280117768448,哎哟喂排面是自己给的,5053.218,1753015344,2394c70f
1895738286535053568,我都想不出来,5361.944,1753014671,635d7cfe
1895738288321827072,大左感觉好疲惫呀,5089.831,1753010259,2275038b
1895738300183318784,买了个包,5277.18,1753014758,73e9b877
1895738319326122240,哈哈哈哈哈哈哈哈哈哈哈,5333.776,1753014745,fbf64f60
1895738331187613952,水表,5101.409,1753013084,8f071823
1895738358542864640,哈哈哈哈,5289.412,1753013835,fc1db046
1895738420534677760,厉害,5362.198,1753013915,fc1db046
1895738453367689472,手臂,5083.725,1753019015,c2db3739
1895738483457626368,散步,5110.21,1753018989,c2db3739
1895738492567654656,私奔,5156.474,1753019088,c2db3739
1895738497131057408,散步,5178.373,1753019110,c2db3739
1895738523571949824,伤悲,5147.874,1753019080,c2db3739
1895738528126963968,帅爆,5171.778,1753019103,c2db3739
1895738537287323904,松柏,5115.542,1753019154,c2db3739
1895738560959975680,那么棒,5397.279,1753020515,c2db3739
1895738573719048448,迷恋改编,5350.312,1753020373,c2db3739
1895738581931495680,美丽古堡,5344.655,1753020257,c2db3739
1895738616576446720,雷妃：嬗变的女人,5152.275,1753018117,6ee65ea5
1895738643931697408,上榜,5139.362,1753019071,c2db3739
1895738657605128448,塞北,5125.34,1753019163,c2db3739
1895738663988859136,三百,5114.292,1753022376,fd2dafbb
1895738781613920512,买了个包,5269.515,1753030952,ea25d4d6
1895738925679874304,会长喜欢俄罗斯人哈哈哈哈哈哈,5280.092,1753038953,7a1afabc
1895738932969574656,笑死我了,5378.09,1753029813,bde1c345
1895738939353305344,哈哈哈哈救命笑死我了,5309.07,1753045893,23ddeab7
1895739014146134272,散步,5114.314,1753068800,91850ea9
1895739130831671552,想不出来,5264.519,1753072461,9f25c571
1895739175509397760,会长明目张胆啊哈哈哈哈哈,5276.576,1753072003,9f04a8dc
1895739183721844992,？,5103.33,1753070183,f7934ca3
1895739216546468096,麻辣锅巴？,5317.463,1753073025,39c07fe7
1895739235689271552,思辨,5100.653,1753075567,bf28894c
1895739250285449472,这是真的强……,5354.932,1753072572,9f25c571
1895739315020337408,老王的食物词汇库太丰富了,5202.207,1753075106,cb0b74b0
1895806227742127872,不愧是全球总冠军哈哈哈,5355.453,1753088913,20dfe047
1895865772513874176,呵呵哈哈哈,5295.841,1753096011,f81c7508
1895865835151917056,笑死我了,5302.521,1753096019,f81c7508
1895905592497846784,波波超级不想输给老王啊哈哈,5168.56,1753100758,e1c79dc9
1895913210587020800,厉害也,5356.678,1753101666,738625c6
1895940028228628736,哈哈哈哈杨迪笑死我了,5331.187,1753104863,9a7995d3
1896001709957121536,这个游戏确定不是在考验旁边的观众吗哈哈哈哈哈哈哈,5169.79,1753112216,692c8ed6
1896005638208190720,哈哈哈哈哈哈哈哈哈哈哈哈哈哈哈哈哈哈,5309.536,1753112685,ee1f6f9b
1896037717519832320,我不行了,5303.486,1753116509,35861f7e
1896103813057326080,众爱卿平身,5055.166,1753124388,272d704
1896266853488527360,买了个包,5255.593,1753143824,136938f4
1896397577185262080,买了个表,5252.363,1753159407,8c816764
1896398972085054976,买了个布,5322.799,1753159574,8c816764
1896487745384687360,是全世界冠军强啊  这个怎么可能平衡？,5225.606,1753170156,3f43cf38
1896518030927038976,哈哈哈哈,5287.335,1753173767,6a042d86
1896647238626065664,散步,5186.384,1753189169,445a39f6
1896700332483297024,买了个表,5262.862,1753195499,fc5c5aac
1897110671595089408,买了个饼,5303.296,1753244415,42da3e49
1897164510704274176,会长，真的一点都不偏心,5318.682,1753250833,35645b71
1897465344239936512,这里为啥正片没有啊很好玩,5316.955,1753286695,9c3b5844
1897907599363012096,加长版不是没人吗？,5061.923,1753339416,47a0e8bd
1897994325766477824,应该的应该的哈哈,5048.248,1753349755,4abc64a0
1897996747196894720,哈哈哈哈哈哈哈哈逛超市,5307.543,1753350043,4abc64a0
1898119123121513216,波波太搞笑了,5193.237,1753364632,8d117f15
1898135047518137856,免礼免礼,5075.625,1753366530,eedeee86
1898384560598181888,平身,5075.322,1753396274,b2d05ef3
1898624478083756544,超市逛的差不多了哈哈哈哈哈哈哈,5326.782,1753424875,a18ccce
1898641201796753152,密林古堡,5368.404,1753426868,8d9a3176
1898884709665421312,哈哈哈,5068.504,1753455897,ef9aebaa
1898897792614057216,S 和sh不算一个声母吧,5137.151,1753457456,90af0186
1898916617254438656,平身吧,5045.044,1753459700,22a3160b
1899502490740164608,比芒果台的明星们厉害,5090.131,1753529542,3820b86
1899503928598076672,好难！,5256.872,1753529713,3820b86
1899529220980670720,美丽告别,5329.076,1753532728,3860f01a
1899556139150926336,买了个包,5262.774,1753535937,c8a83ae1
1899575159195537664,我就说梅丽莎眼熟哈哈哈哈，我看过她,5237.393,1753538205,fbcf58ae
1899948884919695104,字幕靠点谱啊,5152.318,1753582756,ae954710
1900027691504725760,随笔,5111.845,1753592151,2b2c365c
1901026696434365696,哈哈哈哈哈哈哈哈笑死我了,5177.66,1753711241,2c9403ee
1901048621018345216,来了,5068.436,1753713855,53f028f4
1902279610704792320,哈哈哈哈哈哈哈哈哈哈哈哈华波波提高笑了 这个节目不能没有他,5287.656,1753860600,c78fc6cd
1902280109591719680,哈哈哈哈哈哈哈哈哈哈杨迪太有梗了,5336.723,1753860660,c78fc6cd
1902422537695188480,哈哈哈哈哈哈哈快乐了,5041.893,1753877639,ddafd2e4
1902693614774649856,这就是冠军局吗,5308.838,1753909954,13f56837
1903910791510760448,果然是冠军,5323.393,1754055052,117508bc
1903911183124587264,冠军！！！,5370.074,1754055099,117508bc
1904583799472911360,那这样没完没了了 卖了个包也可以啊,5323.205,1754135281,3e5e834
1904731512910551296,买了钢笔,5296.383,1754152890,1606bf27
1905066977614457088,瀚笙给的,5216.827,1754192880,f13424e0
1905263256428680192,哈哈哈哈哈会长假装淡定,5280.272,1754216279,aa36fe3a
1907445196561016064,生病,5096.403,1754476386,aff6fc4
1907655909418110976,描了个边，密林古堡,5369.951,1754501505,ff8d4f0a
1907988948337628160,买了个饼,5269.577,1754541206,e06c8437
1907994271211606272,买了广告,5264.943,1754541841,952047f4
1908432339672427264,这都是我应得的,5050.366,1754594063,9342b3c4
1910180167972956160,买了个表,5278.063,1754802420,738a73b
1910181115902401024,这个好玩,5385.844,1754802533,738a73b
1913125294877852928,爱卿平身,5060.819,1755153507,54a9596e
1914074693993248256,华伯伯笑死我,5210.801,1755266684,9d8aa9dd
1919614221571346432,哈哈哈哈哈哈哈哈哈，买买买，都买,5296.307,1755927047,3ae4c2e2
1921022768267938048,我都想不到,5361.449,1756094959,bc587f4c
1924779962440228352,设备,5089.709,1756542851,e8f6d141
1925468671896090112,看似法国vs中东，实则两伊战争,5183.768,1756624952,24f302e9
1928594371599874304,不愧是世界冠军,5361.448,1756997564,cfd3a899
1932625767037357824,太有牌面了,5107.729,1757478144,f487febd
1932832749916950784,波波笑死我了,5190.952,1757502818,75a35b32
1932833280899017472,想念小贝和田田,5232.806,1757502882,75a35b32
1948196474001477888,哈哈哈哈哈哈哈,5316.907,1759334317,2edb9fb1
1949690376261184256,没了个饼 哈哈哈,5334.374,1759512404,c9c423cb
1952273205201067264,上边其实是，他们搅混了,5164.153,1759820301,5ff286de
1956607870947309056,哈哈哈哈哈哈哈哈哈哈哈笑飞了,5336.797,1760337034,d35c8a9
1957526017011285504,发币，顺发nb,5390.776,1760446485,ae02b522
1999460690884832000,哈哈哈哈哈哈哈哈好搞笑哈哈哈哈哈,5054.438,1765445488,14f3cf30
2002097945549358592,前面外国小学生一人一句汉语那个真的哈哈哈笑死我了,5392.207,1765759873,1bae6291
2031437688779518208,满意,5047.429,1769257443,ec44781a
2036248800440067584,手办,5123.573,1769830972,f9735bbb
2036249860122444544,似是故人来,5248.255,1769831099,f9735bbb
,,0.0,1775683732.8000336,
lb.c,,0.0,1775683732.8000336,
,,0.0,1775683732.8000336,
1895737395396448512,jhhhhhhhhhhh,5592.303,1752988526,a7ab481d
1895737412022669568,我都想不起来这么多,5460.772,1752987439,a1639211
1895737441869336832,因为想不起来哈哈哈哈,5481.576,1752987556,f69ff094
1895737443119239424,波波好可爱,5457.3,1752989533,e9b5076c
1895737485532041472,不够看哈哈哈哈哈哈想看轮番制回合,5670.743,1752987808,fcfebb41
1895737626443878656,]',5625.691,1752991166,967ceef9
1895737643598582016,为啥我的弹幕带框框,5614.122,1752990985,3f8c2705
1895737666809860352,文创书包,5664.861,1752992253,88230e29
1895737685701005569,笑死，好像那个两组外国人比中文的视频,5594.036,1752991870,6c6d890c
1895737696287428864,想看陈铭和陈超的,5515.841,1752993725,b594b266
1895737720085909760,我吃柿饼,5633.349,1752993925,4f3c338d
1895737730554892544,我才十八,5654.687,1752994895,f3d0b903
1895737779443699968,哈哈哈哈哈哈哈哈哈,5736.412,1752996216,a4557f7c
1895737794836795648,还好，我来看了加长版,5683.765,1752995605,6cf1571
1895737843750768896,无偿上班,5638.111,1752995528,8eb43737
1895737876189516032,他不会是在拿你重温日语吧233,5757.212,1752997386,4944442d
1895737884393574656,？哈哈哈哈哈,5656.724,1752996132,a4557f7c
1895737888042619136,拿眉笔,5442.43,1753001707,d7f8343a
1895737898075394304,用一之濑当外教是吧哈哈哈哈,5759.226,1752996601,5866b398
1895737912679960832,发币厉害哦,5491.201,1752998959,e868d6e6
1895737956426551552,哈哈哈哈哈哈哈哈哈哈哈哈哈哈哈哈,5736.542,1753005397,e549f4d8
1895738018435141888,我才上班,5615.672,1753004949,4c54570f
1895738042141348096,发币好厉害！,5451.412,1752998910,d5478533
1895738055814779136,游戏能多玩一点吗？来个车轮战了。,5682.602,1752999172,e868d6e6
1895738163407065344,朕心甚慰,5668.633,1753010633,ca2efdba
1895738188941988096,留学生可以打工，就是时间限制很严格,5745.238,1753013337,450eca7a
1895738207178821888,我吃烧饼,5569.522,1753014025,97afe170
1895738304738332928,笑疯了,5717.724,1753014888,c5fcca58
1895738349416059136,我查设备,5603.283,1753013524,20dffd1e
1895738529041322240,我吃柿饼,5549.573,1753019787,c2db3739
1895738564600631552,我曾上榜,5583.306,1753019726,c2db3739
1895738568249676032,我才上班,5578.215,1753019651,c2db3739
1895738618405163264,哇小熊好棒,5453.439,1753021183,6474f847
1895738628454715648,满意满意,5683.919,1753021786,d3e0ea9e
1895738771581145344,在燃什么啊,5467.292,1753022738,56239c78
1895738808969171200,无偿上班,5557.94,1753033292,8be21198
1895738855467225344,满意满意啊,5669.129,1753027481,8a513c81
1895738904708354304,无偿上班,5550.733,1753055909,a05c4e50
1895738919296143616,厉害,5458.113,1753029509,d0eeaf61
1895739073386483968,外出上班,5662.292,1753071341,86ed341b
1895739233868943616,跟武昌过不去了哈哈哈哈哈哈,5559.595,1753072312,9f04a8dc
1895739271248580864,前面那个五厂上班太痛苦了。,5650.181,1753072906,9f25c571
1895739280375386368,我吃烧饼,5528.493,1753076329,c2cf2fbe
1895739287665086720,哈哈哈哈,5585.042,1753076389,c2cf2fbe
1895739297697861888,666,5456.592,1753076238,c2cf2fbe
1895835379563980800,围城士兵,5651.483,1753092388,182693f5
1895851890223828736,我吃烧饼,5601.387,1753094356,cc93cef3
1895867141996042240,法币好可爱哈哈哈哈,5442.503,1753096175,f81c7508
1895941503516821504,想看华波波,5502.962,1753105039,3c5a3395
1895954531570156032,玩游戏没人能赢得了杨迪吧,5516.139,1753106592,be52f108
1895962419218839040,好可爱啊小熊,5481.88,1753107533,83719079
1896048714238634240,文创商标,5603.24,1753117820,24b0ce4c
1896048828952522752,发币比我厉害,5489.092,1753117833,e871e898
1896387736265527552,好可爱小熊,5433.348,1753158234,f608a6a7
1896401899398836992,我创商标,5627.201,1753159923,8c816764
1896523232526567168,四姐笑死我了,5461.734,1753174387,272cb156
1896696361970702080,真的好喜欢法币啊啊,5497.907,1753195025,ec077e8b
1896969714811750144,哈哈哈哈哈哈哈哈特别满意,5683.167,1753227611,cef95630
1897110463381035008,弄明白,5404.486,1753244390,2bf6365a
1897182469959562240,农民办（农业民生办公室）,5439.96,1753252974,af7c4445
1897184104504922112,无此设备,5617.079,1753253169,af7c4445
1897351985011783168,他发音不但好，调也对,5725.673,1753273182,55d83f10
1897377089222017024,How much?,5715.06,1753276174,7566605b
1897422756426506496,我常上班,5558.897,1753281618,fc5c5aac
1897422918418934784,我出书吧,5568.62,1753281638,fc5c5aac
1897458025171003136,满意满意,5677.512,1753285823,b5323672
1897465090669115648,武昌社保,5582.953,1753286665,d844b0d7
1897769479799142144,法币：let's 骄傲,5481.513,1753322951,3c4a8341
1897938668409864704,哈哈哈哈哈哈,5572.82,1753343120,87627e63
1898060457676681728,这反应怎么那么像外国小孩中文对决哈哈哈哈哈哈,5462.655,1753357638,9cdf46e6
1898138011901385472,怎么没有伦儿,5665.598,1753366883,a0901713
1898178762122903296,我超帅吧！,5632.839,1753371741,a725bfc4
1898423743408421376,这Part这么精彩居然没在正片,5650.83,1753400945,28dcc9f6
1898625744000134400,到底在燃什么哈哈哈哈哈哈哈哈,5464.166,1753425026,a18ccce
1898626550623448832,我测试吧,5559.064,1753425122,a18ccce
1898652728138751488,一之濑刚才输了可能情绪不稳定,5549.571,1753428242,915050e3
1898689587413796352,拿面包,5423.287,1753432636,b0850c04
1899319571606164480,全德国总冠军,5480.43,1753507736,f21b3ea5
1899535640992131840,晚餐随便,5520.474,1753533494,3860f01a
1899602976826559232,会长忍不了了,5665.041,1753541521,89699852
1899607193679394816,很满意，但是不够看啊哈哈哈哈哈,5681.754,1753542023,bc31ead9
1899951105459742976,我查书包啊,5602.221,1753583021,ae954710
1899999679023416320,无偿上班,5655.703,1753588811,87413e4e
1900766299857394432,我出师表,5622.888,1753680200,33977ab
1901031541963149056,无偿上班太有才了,5661.33,1753711819,2c9403ee
1901464422439217664,乃木坂,5411.02,1753763422,80000882
1901466327198751744,五彩水笔,5622.899,1753763649,80000882
1901505084160859136,卧床上班,5635.369,1753768270,a9930091
1901667443429404672,赖赖笑死我了哈哈哈哈哈,5462.246,1753787624,c475edd4
1901688907461504000,绝,5594.196,1753790183,6bdd20d4
1902191443406318080,我才十八,5536.747,1753850090,23b7cf3c
1902282980836447232,想看所有代表玩哈哈哈哈,5692.99,1753861002,c78fc6cd
1902972836168174592,好喜欢发币啊啊啊啊可爱小熊,5497.535,1753943239,94613f3a
1903814713050594560,我吃烧饼,5527.927,1754043599,29c7c55b
1904240408750914304,我吃烧饼,5520.633,1754094346,4213efaf
1904400734091486464,哈哈哈哈哈哈哈哈哈哈哈,5444.369,1754113458,21f73640
1904733937142578688,……,5572.108,1754153179,1606bf27
1907275934575481856,那么棒,5475.248,1754456209,818eee32
1907503311805048832,哈哈哈哈哈哈,5433.297,1754483314,6816ab2b
1907504852112736768,好搞笑,5670.051,1754483498,6816ab2b
1907628097827065088,华波波好搞笑,5413.673,1754498190,ea7aa49a
1907629029776458752,这个游戏好玩！！以后经常,5503.358,1754498301,ea7aa49a
1909211300433862656,文创手办,5641.868,1754686922,2ad516b
1910183692849001728,每期都来这个游戏,5693.155,1754802840,738a73b
1911661393863138816,我才十八,5635.78,1754978996,67c7bc24
1911940037441274368,我常说不,5577.471,1755012213,319d79a8
1916862547517593344,无偿上班这个太狠了哈哈哈哈哈哈,5640.532,1755599022,b575b51f
1916886203115027456,不满意太短了！,5691.918,1755601842,41d23346
1919615919593383936,法币好厉害,5491.366,1755927249,3ae4c2e2
1919874236307270400,太搞笑了,5709.81,1755958043,c4469e21
1924973871791438336,五彩水笔，无偿上班,5634.207,1756565967,e498a6f4
1928489303462333440,武昌酥饼啊,5649.501,1756985039,27acc97c
1931182947986193664,前面说文创的好厉害,5633.131,1757306147,d9c08631
1932631454336961792,满意满意,5684.543,1757478822,f487febd
1936645971006506240,你忙吧,5443.395,1757957390,cc3af606
1938432632782593280,完成设备,5697.579,1758170376,a3545458
1945259887495943936,龙颜大悦,5676.325,1758984249,deea00f
1957526892588923392,他俩这么强的吗？直接加时赛了,5475.556,1760446590,ae02b522
1977901549582004224,关税哈哈哈哈哈哈,5436.202,1762875438,aedabb3d
1977901725834636800,小熊好棒！,5457.17,1762875459,aedabb3d
1988742475853880320,哈哈哈哈这个是Dylan在后面说的,5609.534,1764167777,c847ffba
2002100048816625408,外国小孩中文对决真的，太形象了，这俩都笑死,5467.471,1765760124,1bae6291
2015436799140933120,高级词汇,5450.301,1767349988,a9603673
2018415095944305664,无偿上班(,5616.425,1767705029,964a8dca
2035137440129502976,弄明白,5418.548,1769698488,ca126b
2035137714621479936,你明白,5451.275,1769698521,ca126b
2068517489595502592,那么棒,5472.838,1773677700,471d6181
2077821577877208320,朕很满意,5679.263,1774786834,585cded5
,,0.0,1775683732.8000336,
lb.c,,0.0,1775683732.8000336,
,,0.0,1775683732.8000336,
1895737858867040512,哈哈哈哈哈哈哈哈哈哈哈,6096.333,1752996585,a4557f7c
1895737880752918784,沆瀣一气这词还是能用得到的233,5937.428,1752997598,4944442d
1895737919046914304,哈哈哈哈哈哈哈哈哈哈哈哈哈哈哈哈哈哈哈哈哈哈哈哈哈哈哈,5870.631,1752996356,a4557f7c
1895737949136851200,德国人太好笑了,5863.154,1752999715,8b34e573
1895737969194012928,阿雷真的动漫影视资深中毒哈哈哈哈哈哈,5838.142,1752997069,5866b398
1895738141521187072,犄角旮旯很少用吗？上海话里经常用到啊,6049.474,1753008868,39499903
1895738273742426368,除了呶字都认识,6060.585,1753013759,20dffd1e
1895738364003848448,踽踽独行这种基础词大左一个主持人不认识不应该吧,6002.5,1753015847,e69ebdef
1895738431481811200,圭臬感觉也很常见,6014.236,1753015872,e69ebdef
1895738444249272576,好厉害 卢可！,5923.251,1753018736,1c68567a
1895738555482214656,我觉得奉为圭臬还挺常用的,6019.476,1753019682,79d441b5
1895738669466620160,新梗出现了,5963.161,1753023686,65fd9e50
1895738727817777408,哈哈哈哈还拆啊哈,5877.108,1753023916,5ec74794
1895738740585238784,还得是总冠军！,5923.556,1753029089,d6bfe3aa
1895738798936396032,这期好搞笑,5880.071,1753023927,5ec74794
1895738800765112576,魔法小樱,5811.727,1753025778,ef8f951e
1895738804405768448,Latino American也是American哈哈哈,6088.033,1753033291,5404f33
1895738847263166720,哇好久不见的歌，我现在还全知道且会写呢,5922.622,1753029406,302e2cd4
1895738994978164992,戴卢可好会串场,5918.405,1753033135,5404f33
1895739036921204992,口语里很常见 但书面很少写 才叫生僻字,6084.412,1753069602,221a9f5
1895739067917111552,犄角旮旯哪个地区都用啊,6076.904,1753036132,37b64554
1895739303167234304,超超可能只是重影看成垚了哈哈哈,6025.872,1753080031,3f6b3267
1895803686740271360,德国人神奇的笑点出现了,5860.314,1753088610,677e1eff
1895940938636112896,哈哈哈哈哈哈哈哈哈哈哈哈哈哈哈哈哈哈哈,5956.417,1753104972,4365b2b7
1896006384517540608,哈哈哈哈哈哈哈 太好笑了,5877.08,1753112774,e10bb37e
1896394704246373888,往里玹,5888.848,1753159065,45f0e9c9
1896525961894243328,还记得穆小龙的也特别长,5863.237,1753174712,9c5bc011
1896526792475403776,突然感觉和一个母语者说对方的母语好刺激。,5849.288,1753174811,272cb156
1896528996767018496,伦反应好可爱,6093.046,1753175074,272cb156
1896694142336784640,我为什么这么黑,5850.046,1753194761,16f0b446
1896746298607480576,哈哈哈哈哈哈小魔女dorimi我的童年,5817.55,1753200978,9cb4590f
1896782108769874944,哈哈哈哈阿雷好棒,5823.344,1753205247,5856c37c
1896837444775896832,沆瀣一气，绵绵瓜瓞什么的其实也蛮常用的，都是会读，不一定会写,5963.667,1753211844,9450640
1897302336104199424,原来阿雷也是个二次元啊，圈粉,5807.807,1753267263,729e3ab7
1897408696875986688,bgm是星矢。。。,5826.178,1753279942,7ea9d3d5
1897539050743992576,是真的 喜欢看番剧随便都有N3了 日语听懂会说不算难,5774.395,1753295482,6f99a845
1897540654679205376,碗里选,5906.056,1753295673,6f99a845
1897941885038393856,哈哈哈哈哈德国人,5869.457,1753343503,4227b274
1898063552024567040,善逸！,5827.305,1753358007,9cdf46e6
1898064079399573504,xs我的笑点是发币笑,5864.169,1753358070,9cdf46e6
1898097346118832640,生僻字那个歌词的选择标准太不统一了所以体感好不好也是一阵儿一阵儿的hhh,5931.174,1753362036,45af011b
1898114145447495424,紧跟时事哈哈哈哈,5827.651,1753364038,ba542c3c
1898161274299396864,考试会用到吧，或者语文老师,6051.412,1753369656,9a457285
1898467852772804608,哪里常见？你平时都会说这些吗？我只能读一些，意思知道的就更少了,6031.791,1753406203,a725bfc4
1898468393661528832,确实是American,6081.24,1753406268,a725bfc4
1898544657131158528,会长日常开始挖坑了,5973.106,1753415359,e68aeabe
1898792509870598400,魔法少女小圆，魔法少女奈叶，魔卡少女樱，憧憬成为魔法少女,5789.357,1753444906,c1c112d8
1898950122260736256,我的天啊,5932.388,1753463694,eeae67ec
1899611716883880704,哈哈哈哈杨迪这个变声,5986.176,1753542563,5ebece69
1899953432166147328,怎么难的都会，简单的反而错了超超,6015.364,1753583298,ae954710
1900078198046300160,哈哈哈少女雷,5809.075,1753598172,1091612d
1901032821930525952,哈哈哈哈哈哈哈哈哈,5810.507,1753711972,2c9403ee
1901035550375286784,格局,6102.475,1753712297,2c9403ee
1901038084020175104,笑死,6081.102,1753712599,2c9403ee
1902445816619673088,可爱的四姐,6110.63,1753880414,c085033b
1902473656388011520,哈哈哈哈哈哈哈哈哈哈,5884.153,1753883732,24d07282
1902507918574530560,鬼灭！！,5827.326,1753887817,ecae7fb8
1903092981570356992,哈哈哈哈哈哈哈哈哈,5817.734,1753957562,623dd44
1904588337600721664,中二哈哈哈,5768.847,1754135822,3e5e834
1904588540294738176,和红红火火恍恍惚惚哈哈哈哈哈哈哈哈,5787.755,1754135846,3e5e834
1904607506802715648,xswl,5877.161,1754138107,2f77163b
1904738394345604608,不考生僻字没意思呀,6059.583,1754153710,1606bf27
1905360955819970304,先笑了,5858.11,1754227925,95e70b5d
1906556910518333184,哈哈哈哈哈,5871.662,1754370494,58d57e1c
1907415837069982464,不会是飞天小女警z吧,5820.521,1754472886,43d8243f
1908251049396513536,哈哈哈哈哈,5828.769,1754572451,d8a8f583
1913315501447857152,奉为圭臬不是很常见吗，，,6018.38,1755176181,9b40c598
1916341011081184256,这里阿雷莫名的像唐大哥,5760.723,1755536850,299590f4
1916656189127610112,哪里常见了，只有几个是常见的,6036.563,1755574422,51f2909e
1922655339275858176,犄角旮旯也会，只是不太会写,5941.477,1756289577,99536495
1923491622692854784,歌里的都会比较熟啊,6044.668,1756389269,a82a2ebb
1924750576206771968,哈哈哈哈哈哈哈哈哈哈哈哈哈哈哈哈哈,5819.439,1756539348,90bb401c
1924751062737679616,吼吼吼吼吼吼吼吼吼吼吼吼吼吼吼,5873.51,1756539406,90bb401c
1929398244665353728,初中的时候我们也学这个表演过,5947.352,1757093394,bd775eca
1954296916465043200,戴卢可的承上启下可太中国了哈哈哈哈,5910.649,1760061546,99c7f039
1957531727765723136,哈哈哈哈，陈超其他生僻的都知道奉为圭臬这么日常的居然不会,6007.196,1760447166,ae02b522
1963056219074066944,我的天啊，怎么会有这些这么多语言超能力者,5857.992,1761105737,54f7b9d0
1967686962006220544,笑死，反正我认不全哈哈哈,5978.628,1761657764,eb09f285
1977904572307833856,魔法少女哈哈哈哈哈,5795.978,1762875798,aedabb3d
1977905919635666176,哈哈哈哈哈哈哈哈哈,5956.683,1762875959,aedabb3d
1994610009833088768,超超好厉害,6041.25,1764867242,51701351
2010424270157225984,奉为圭臬这个，我感觉应该都知道啊，看古装剧什么的,6007.049,1766752448,a0b99804
2016016522979979008,超超怎么不认识圭臬，这是固定组合啊，垚涅是啥意思,6007.162,1767419097,ae954710
2026860148143955200,穆小龙？？？,5856.924,1768711758,c0ad9fc7
2036277408915183872,我只会醍醐灌顶和犄角旮旯,5991.627,1769834383,f9735bbb
2038025793061976064,德国人莫名其妙的笑点笑死我了,5864.035,1770042806,b8b5200d
2057973005103436544,高中语文考了你还能记得？反正我是感觉上大一就修为散尽了,6045.684,1772420699,dc69dd68
2058963017848770048,我可能知道他咋学的语言了,5843.198,1772538718,60c31dff
,,0.0,1775683732.8000336,
lb.c,,0.0,1775683732.8000336,
,,0.0,1775683732.8000336,
1895737596345553152,哈哈哈哈哈哈哈,6195.466,1752991046,a1639211
1895737605254254848,笑到捶床,6248.056,1752991132,a1639211
1895737756257587456,哈哈哈哈哈哈哈哈,6247.548,1752993724,46e1d41a
1895737873454829824,这表情包加的哈哈哈哈哈,6247.145,1752995808,591a47e1
1895737955520581888,哈哈哈哈晚上睡觉起来扇自己一巴掌。,6242.077,1752996766,a4557f7c
1895738234534072576,美国的刻板印象又增加了哈哈哈哈哈哈,6262.432,1753014661,d93d12d4
1895738291970871552,地大物博吗哈哈哈,6424.625,1753014057,450eca7a
1895738441514586368,美式英语跟英式的相比是真挺村儿的,6304.472,1753017646,6ed7a38b
1895738527220994304,这句话感觉很深刻,6342.095,1753018411,9cfc41f8
1895738529955680512,好惨,6240.329,1753015944,e967e3fc
1895738545457828096,洋脸在身我心依旧是中国心,6343.404,1753019165,b3e76332
1895738814438543616,伦儿好漂亮,6121.658,1753026098,ef8f951e
1895738827214393600,还好我们中文故意说别的口音腔调不会被说,6221.909,1753034289,9ef562ec
1895738931149246720,哈哈哈哈哈，绝,6261.929,1753027770,105f8ab8
1895738994063806720,以前好像聊过,6323.611,1753065947,c76f245a
1895739099835764992,感觉四姐马上就要入党了,6358.412,1753041164,f2cbd317
1895739164570652928,北京啊，都鼓楼钟楼和胡同了,6466.915,1753074268,cce57685
1895739223836168448,哈哈哈哈,6185.472,1753075358,b465a5f8
1895876772915284736,好红,6342.445,1753097323,f81c7508
1895891145075744000,完啦！漂亮国居然是我自己,6332.931,1753099036,720bb977
1895911263230715648,这一期可太好看了哈哈哈哈哈哈哈,6293.681,1753101434,cc998cf0
1895977013316171008,真的 我现在在英国 班上有美国同学老师都问为什么来英国哈哈哈因为感觉美国人很少来,6233.393,1753109272,7021661
1895996712578404608,哈哈哈哈,6191.243,1753111621,42cad9e5
1896011026604849152,哈哈哈哈哈哈哈哈哈哈,6248.296,1753113327,692c8ed6
1896053738805025792,笑死我了,6338.26,1753118419,35861f7e
1896348810541099264,盆栽伐木工,6185.449,1753153594,b7453a45
1896660913071964928,入党！马上入党！,6335.06,1753190799,280fcb51
1896752974823802112,萨沙真的长大了哈哈哈哈哈还劝架了,6286.28,1753201774,9cb4590f
1897031264495085056,英魂不散,6129.09,1753234949,88971e98
1897172399880213760,缘分,6350.275,1753251773,fe4eee91
1897191079833737984,伦儿好好看,6141.739,1753254000,edbe14cb
1897329347598687232,四年英伦行 一生英国情,6138.756,1753270483,cdc452f4
1897379646639815168,英美日常共轭嫌弃,6150.158,1753276479,d403eb94
1897470722797396480,就像有些人说着说着说英文感觉自己很能似的,6155.088,1753287336,9c3b5844
1897881482706794240,反复播放，笑发财了这段,6120.382,1753336303,a5babba0
1897980178177896192,哈哈哈哈哈哈哈哈,6134.889,1753348068,290bcf14
1897990451865073152,主要是大部分的美国人会对英音有滤镜,6302.454,1753349293,c5e94360
1898037108598766848,我觉得英音比美音好太多了，主要是美式英语有种不好好说话的感觉,6151.32,1753354855,e3a9f12d
1898068025727885056,也没有r音好像,6268.82,1753358540,9cdf46e6
1898469431701780736,四姐吐槽笑死我了,6195.492,1753406392,a725bfc4
1898638472119025920,B+可以了，我的二外只有及格，但我还是往简历上写我会,6389.578,1753426543,a18ccce
1899515964723618304,很多去台湾上大学的人也会有台湾腔,6237.288,1753531148,3820b86
1899583646470362112,哈哈哈哈哈哈哈哈,6195.813,1753539216,fbcf58ae
1899589769240256768,政审吗,6331.689,1753539946,80311199
1899903850559699712,英音好听啊,6271.685,1753577388,3e3ca627
1900743884129465600,东北腔,6156.205,1753677528,fc5824e9
1900962778974280704,“再给我上颚共鸣试试看呢”,6139.283,1753703622,7c263e9f
1901039338478048256,缘分,6410.357,1753712748,2c9403ee
1901092486005857536,这一趴杨迪和大左配合好默契好好玩,6240.882,1753719084,bba3e7b3
1901111475482086656,东北菜好吃不辣,6470.381,1753721348,18259142
1903696970439590656,我以为这个词是 可以,6419.591,1754029563,b7a9b2eb
1903909804733164032,哈哈哈哈哈哈哈哈哈这么严重吗,6142.532,1754054935,c51a6472
1903912608323439360,这个讲过，老师说他没天赋他吃激将法非要学哈哈哈哈,6350.203,1754055269,c51a6472
1904470534801020416,温文尔雅温润如玉钟逸伦,6222.688,1754121779,cc2734ec
1904581796449178880,没事萨沙会倒着说,6144.19,1754135042,5bd65cde
1904592053267419392,伦儿比较像英国的,6176.889,1754136265,3e5e834
1904592758221061888,哈哈哈哈哈哈哈哈哈,6240.501,1754136349,3e5e834
1904741835662920192,中国其它不说，论美食绝对世界第一,6444.448,1754154121,1606bf27
1907997071420911104,很明显是要伐木哈哈哈哈哈,6187.912,1754542175,e06c8437
1910189102486362880,大漂亮,6338.048,1754803485,738a73b
1910189214340135424,漂亮过,6351.282,1754803499,738a73b
1914652145542984448,这期好好看,6310.42,1755335521,39959bed
1916890106191840512,来了来了 入坑点,6131.6,1755602307,41d23346
1938459317036858368,4,6137.704,1758173558,7ce065f9
1942844325235513600,我真该死啊哈哈,6254.36,1758696291,1448c64
1967689487748992512,口音会混也正常，在外地待久了回家就会被说口音变了,6211.908,1761658065,eb09f285
1971860351436493056,真好,6405.79,1762155271,83beff44
1975472819102343680,我喜欢这期的所有！！,6331.166,1762585911,75855fc6
1988749246333072384,可怜的伦儿,6254.717,1764168584,c847ffba
1988750225619440640,支持Dylan，英音好听,6272.114,1764168701,c847ffba
2011318177330127616,好家伙哈哈哈,6456.191,1766859010,1bdc989c
2024979683494084864,这话题能客观的聊吗,6321.496,1768487589,4756a90
2069095069641645568,有没有可能美国人不说纯正的英语才是违背了自己的故乡,6150.449,1773746553,6b2b33d2
,,0.0,1775683732.8000336,
lb.c,,0.0,1775683732.8000336,
,,0.0,1775683732.8000336,
1895737660753285376,这一期真的很好看,6541.435,1752992583,a8f5ef7c
1895737685818446080,享受2025，好戳人的表达,6794.065,1752992554,dd38837b
1895737804802461952,哇哦，好想听一听,6713.441,1752995454,98f16374
1895737829255254272,老王算最有发言权了，毕竟经历过生死后来的,6760.292,1752998269,4944442d
1895737865259159808,但是这种速度也会有很多后遗症,6628.733,1753000515,8b34e573
1895737968288043264,那还是不一样的，中国贫富差距大，但基础建设都很好，欧美可不是,6678.52,1753002110,5e592343
1895738173439840512,应该是说医疗不便利，拖着拖着很多病人就错过最佳治疗时间,6709.748,1753010160,20af4969
1895738642102980864,哇，好会说,6794.595,1753022472,755ab053
1895738734201508096,和平,6749.651,1753027321,d89d8cbd
1895738795295740160,兼容并包,6823.86,1753032301,177de300
1895738872798089472,对自己深爱的国家有反思是很好的一件事,6721.795,1753038055,187c324
1895738902879637760,喜欢这样的真诚分享,6543.19,1753037588,187c324
1895738912006443264,希望都能变得更好,6721.795,1753038063,187c324
1895738932063604992,哈哈哈哈哈在一个伊朗人的房间里两个美国人吵起来了怎么这么好笑,6711.525,1753063546,f032f0af
1895739024153743616,其实这种对速度的适应能力也是一种温水煮青蛙。,6620.268,1753037869,187c324
1895739090717348096,不知苦所以不能言苦。,6622.315,1753037904,187c324
1895739095272362240,来郑州吧，郑州地铁是真的很有人文关怀,6736.904,1753040485,7a1afabc
1895739168219697408,五千年,6837.086,1753066340,e94d0ef6
1895739195574948096,都一样啊，大部分资源掌握在少数人手里，底层挣扎求生,6685.378,1753069042,3e15afd5
1895739298603831552,贫富差距...真的很难缩小,6671.593,1753077459,f04b19be
1895739300432548096,战乱国家的人要考虑的是生存，和平的国家才配谈生活,6772.315,1753073897,f8b0e6b0
1895739333257171200,唉...,6667.752,1753077438,f04b19be
1895916809107255552,来成都坐地铁吧,6741.512,1753102095,cc998cf0
1895922409224457984,幸存者偏差罢了。跟不上的会被毫不留情抛弃消失,6635.987,1753102763,9cc53f64
1895927999803579392,看了饼叔和老王的视频，很感慨,6763.186,1753103429,2f51f428
1895937469820941824,喜欢陈老师每次认真的聆听大家的发言,6547.615,1753104558,7d881d54
1895945543797188096,哈哈哈哈哈哈哈哈哈哈哈哈哈哈哈哈哈哈哈,6503.187,1753105521,4365b2b7
1895971705936303104,中国自己外宣也是重点在传统文化，对内也强化传统文化在中国文化中的代表性，青年文化一定程度上缺失，也有舆论环境的因素，外国人误解也很正常,6589.994,1753108640,108016b
1896042506861772032,这个我居然有点不信,6824.197,1753117080,698bab0d
1896055550030980352,中国也一样只是程度问题罢了,6658.388,1753118635,35861f7e
1896115798288929536,只缘生在此山中我没觉得变化很快但是回头看好像也变了蛮多,6649.705,1753125817,cc2734ec
1896346407598641152,说一样的去认真了解一下中美差异吧，本质是不同的，中国在努力缩小贫富，美国不是,6687.136,1753153307,996c2fe2
1896389793135554816,哎也不是每个中国人都过得很幸福，我就很累,6804.345,1753158479,671e7525
1896445143561997056,每个国家都需要伦这样的理性主义,6735.808,1753165078,2babe5d1
1896692445161556736,未知全貌 不予置评,6500.385,1753194558,d10e6859
1896713597632456448,前面那个为什么不信啊？就用大类来说，南北方的很多人了呀，更别说这么多省，每个省，每个城市，甚至每个村的文化都不一样。,6830.016,1753197080,c93b4313
1896713718285980672,很多元了,6834.261,1753197094,c93b4313
1896732865308570624,AUV,6591.584,1753199377,54d3f224
1896762050744070656,哈哈哈哈哈哈哈在一个伊朗人的房间里,6709.359,1753202856,9cb4590f
1897033430391823872,每个人都累换个地方你会连觉得累的功夫都没有还要担心能不能活到明天,6812.842,1753235207,d539e6d1
1897036751005286656,投共一念起，顿觉天地宽,6735.699,1753235603,c50570d0
1897124829325385984,国外一些媒体的刻意描绘,6600.162,1753246103,42da3e49
1897224976302927360,这俩私下可一定要还是好朋友啊,6713.528,1753258041,e6299164
1897398342565690112,真的，我们被保护得很好了^ω^,6774.265,1753278708,ca23a4
1897434692518111488,苏丹的游戏你是不是原型哈哈哈哈,6776.575,1753283041,b7b7e82b
1897549057816156160,鼓楼钟楼是西安,6483.967,1753296675,6f99a845
1897599146278760704,中国内部当然也有问题，但和国外的程度还是不一样的，多去了解一点再发言吧,6682.239,1753302646,68f3b35d
1897599835788886016,一个江苏各个市县方言文化都不一样,6838.453,1753302728,a12485dc
1898072217221687552,想起luigi,6699.647,1753359040,9cdf46e6
1898085967332604160,这后面的话题多来几期，说不完啊,6609.427,1753360679,d849b843
1898126853265714176,没办法拒绝变化/dog,6625.936,1753365553,ba542c3c
1898641050416426752,人民的愿望都相似。。,6675.15,1753426850,a18ccce
1898785992081696768,英国：勿cue，谢谢,6689.673,1753444129,cc3adea9
1899394054693909504,不接受也很好办，慢慢被淘汰咯,6624.492,1753516615,3873c0bd
1899524978576745984,可能是荒诞吧，比较合适,6523.504,1753532223,7cf865be
1899569833494887168,梦幻不好吗？,6573.202,1753537570,3860f01a
1899644931426164480,中国也不能避免,6661.822,1753546522,d5bc7b78
1899645448348985344,当然我们现在正在努力让中国不一样而且也有了成效,6689.47,1753546584,d5bc7b78
1900034195536137984,Dylan是一个真诚的好人 支持,6720.402,1753592926,2c9403ee
1900231076526713344,美国很多人相当爱国的，其实恰恰是我们。。。。。。,6649.902,1753616396,395ce43e
1900245252292511232,这里的荒谬应该是指外国宣传的中国和实际的中国不一样的意思吧,6582.739,1753618086,fc0b135a
1901033036209402880,“神奇”,6522.2,1753711997,1b6940fa
1901478076861790976,中国禁枪是最明智的选择，而且摄像头多也是为了保护好人，监视坏人,6802.453,1753765050,80000882
1901700931155311616,变差,6642.612,1753791616,105f52db
1901734966363358208,他是个理想主义者，社会需要理想主义者的存在,6719.916,1753795674,71f360aa
1901862417940697600,感谢国家，每有一个新技术出现都是先向全民普及的,6630.792,1753810867,4a4e6679
1902365496134297344,我们不要身在福中不知福了,6793.653,1753870839,92f8c01f
1903699234281745920,很多国家都这样,6658.438,1754029833,b7a9b2eb
1903827465546625536,每次波波玩这种政治梗我都好想笑,6715.322,1754045119,29c7c55b
1904592752574914304,中国不一样,6686.195,1754136348,357dee8e
1904596883444749312,。。。。。。。。。,6636.436,1754136841,3e5e834
1904597355127841024,哪里不都这样,6661.546,1754136897,3e5e834
1904599138847969024,没有说过的多幸福 要求就是没有战争就很幸福了,6809.822,1754137110,3e5e834
1904743391271399168,中国可使用短短30年走完了西方国家的很多路,6615.568,1754154306,1606bf27
1904746212788497664,确实多元化，不同地区不同民族,6820.44,1754154642,1606bf27
1905466819909765888,要哭了 老王,6796.692,1754240545,a48719d1
1905516364379104512,中国和美国还是很不一样的，美国可以说整个政府和社会就是一个企业,6688.725,1754246452,c0863c00
1905590443236882944,华波波接的好哈哈哈哈,6728.909,1754255282,55f41f2d
1905708190906021888,是的，明明有新兴的社群文化，小说影视在海外也有不少受众，但只拿传统文化宣传,6558.317,1754269319,92638f93
1905733248072848128,伦好可爱啊,6721.098,1754272306,f5b9996
1905886098668937984,伦儿很有国家情怀,6698.429,1754290527,7becfa2e
1905887294179910912,阿雷文艺人,6824.672,1754290670,7becfa2e
1906070010057587456,基建狂魔可不是贬义(而是汗颜),6743.759,1754312451,c8137052
1906621653182534144,国内也一样，只是国家投入民生的更多,6672.825,1754378212,da947e05
1909689848987148544,他想表达国家或者政府没有投入更多到基础设施建设或者卫生安全上面,6674.879,1754743970,d7fb52ee
1911377903472814592,真好,6720.915,1754945201,984e8387
1911378403299548928,伦的发言太棒了,6767.166,1754945261,984e8387
1913571332298825216,不予置评  但我家过得很好,6816.41,1755206679,a406af70
1915971349722081024,但是在武汉记得出门的时候手不要插在兜里,6731.172,1755492783,aa8cb2c6
1918412477759778560,对老王来说这里很有烟火气,6809.441,1755783788,dcc7e0e1
1921056285831728384,不接受就会被淘汰,6630.638,1756098955,954b058c
1921056623968288000,中国也差不多,6657.996,1756098995,954b058c
1929404679826503424,我们也是啊 程度没那么离谱就是了,6668.628,1757094161,bd775eca
1945264582373671936,每次听这个方面都想哭,6771.747,1758984808,e84d2ff
1967694729680788480,卢可的共情能力很强,6785.668,1761658690,eb09f285
1967694847532478464,老王好真诚,6789.668,1761658704,eb09f285
1975476124088230656,好棒老王,6795.251,1762586305,75855fc6
1977911950214243328,其实中国也是,6675.488,1762876678,aedabb3d
1986558931577298944,确实，只有一部分人在享受当代,6804.09,1763907478,2a9d92f9
1988754506963415040,Dylan反应好快,6661.622,1764169211,c847ffba
2011320470867702016,世界因你而美好 ,6720.212,1766859284,1bdc989c
2016952177930965504,广州都一直在开新的地铁线路！,6708.314,1767530636,8947ce87
2022025891484004352,什么叫老是说这个？经历过的最深感悟说不是很正常吗？,6786.513,1768135469,6d4f31dd
2027056310750973952,这是一个制度问题 美国的资本主义体制下永远不可能达到钟逸伦想要的这些平等和普惠,6727.425,1768735142,aef87158
2027056891695612928,老王一说话卢可就哭,6782.978,1768735211,aef87158
2029865597738983936,外宣确实做得不好,6562.312,1769070035,361d239
2056133097778429440,荒诞是离谱且可笑，也不好,6531.028,1772201365,fa9ad547
2066239338295500544,中国没美国那么夸张,6675.024,1773406123,a16be46f
2085131327899985664,荒诞,6523.597,1775658224,91e1ddec
,,0.0,1775683732.8000336,
lb.c,,0.0,1775683732.8000336,
,,0.0,1775683732.8000336,
1895737518549602560,中俄那说不清道不明的羁绊呐,6875.785,1752989565,9e8cd452
1895737942753120512,虽然但是这些基建应该都不是白给，还是要考虑利益的。,7087.97,1753004822,545954c8
1895737954606223616,萨沙已经不是老外啦，他是老内,6917.492,1753001311,e4ff31ac
1895737962810282240,给陈老师投币,7148.543,1753000815,e868d6e6
1895738337562956032,萨沙的面相都很中国了,6921.078,1753014984,73e9b877
1895738415065305344,非正不就是这样吗hhh正经起来很正经,6951.491,1753017172,638576ba
1895738442420556032,这已经是精中了自豪了,6856.334,1753017521,47376c28
1895738515367891200,现在的节目越做越大，主题也越来越大了,7111.306,1753019293,193ffd61
1895738546372186368,萨沙越来越老干部了,6860.051,1753019535,1c68567a
1895738560079171840,完全变成中国人了呀萨沙,6854.884,1753019690,b3e76332
1895738708666585344,但中国的利益都是双赢的，大多是经济上的，不能说有利益就是不好的,7102.081,1753028422,a7349199
1895738749695267072,基础在民间，未来在青年,6909.082,1753029610,b77da815
1895738798022037760,东北人来了,6857.033,1753029957,d0eeaf61
1895738808063201536,唐朝那会真挺多的，服饰饮食娱乐活动都交流的特别深，互相影响很大的,7030.588,1753023996,11c5072
1895738836324421888,偶尔有一些宏大深入的话题也挺好的呀,7125.054,1753034905,9ef562ec
1895738864585642240,灵笼,7118.112,1753027731,7bf03337
1895738874618417408,肯定是有利益的，但是我们追求共赢，而不是强取豪夺,7091.369,1753030554,516113ea
1895738916561457408,宏大叙事会让人感动，但也会让人迷失的，感觉没必要一直升华,6997.048,1753038389,187c324
1895738967622914304,这一年真的是舆论反转,6903.166,1753030294,516113ea
1895738974912614656,近代中国的版图就是清朝定下来的，相当部分依赖于乾隆的十全武功，感兴趣可以搜一搜乾隆朝名将,6979.544,1753040743,7a1afabc
1895739005916909824,没有宏大的背景下个人还会存在吗？,7125.643,1753036925,c7bc6e63
1895739146333819136,咋样了。。。挺好的啊人家,6949.86,1753073352,892b4073
1895854446332840192,相信老王说的是话是发自内心的，毕竟亲身经历过战火,7170.238,1753094661,3a31dcb7
1895859660172023808,据说他的老爸是中俄混血？,6880.681,1753095283,1df8460d
1895878303215493376,迷失是因为你自己内核不稳，如果你连听到一点赞美的话都觉得心虚、不适，那是因为你配得感太低了,7007.214,1753097505,68ab50d8
1895886991573313536,萨沙已经入党了，自豪感都有了哈哈哈哈哈哈哈哈哈哈,6853.737,1753098541,ac1ed4e7
1895914456186862592,确实，有过大唐的鼎盛，也有侵华的耻辱，太复杂了这几千年和近两百年,7072.87,1753101815,4f7b0147
1895939496005433088,我发现很多人很抗拒对个人的赞美哈，宏大就是由个人构成的,7124.197,1753104800,d0a706e0
1895962862170590464,是的,7064.0,1753107585,3c890e32
1896057229271011584,从先秦开始的华夏认同,6997.054,1753118835,35861f7e
1896057475954741760,让我想到了威斯特伐利亚和约,7027.006,1753118864,35861f7e
1896138358434982144,一点都不过，中国就是很好。,7190.899,1753128506,7388c77a
1896282581490515456,导播直接不敢切其他人的画面了 大左也管管 心里知道就行了,7189.779,1753145699,c585eb07
1896371636178174208,为什么过了 前面的是配得感太低了吗 陈述事实而已 为什么会觉得过呢,7195.88,1753156315,c0abd974
1896444073528258560,才注意到这个地图中国好大,6967.583,1753164950,a7969c95
1896444504300081408,超棒啊这期话题 很有意义和深度,7003.209,1753165002,a7969c95
1896487634579302400,这个地图也让我印象很深刻,6965.677,1753170143,9ec95bfa
1896489246634756864,说得好,7151.185,1753170335,9ec95bfa
1896515622197177856,他是真的入党了吧，发言太官方，哈哈哈,6917.303,1753173479,8a80d98c
1896527134873361920,萨沙太中国了,6883.176,1753174852,6a042d86
1896527607890110720,真的很震惊,6985.76,1753174908,6a042d86
1896528590154207232,不愧是在世界中心呼唤爱,7171.882,1753175025,6a042d86
1896549573058051072,求同存异,7081.105,1753177527,b99d4a1f
1896678634124171776,说的太好了,7089.925,1753192912,ef5b873
1896689226226035968,为什么要说过了，如果作为国人的我们都不够有自信，都不够乐观自豪的话，这个世界上还有谁愿意更相信我们可以做到这些呢？,7191.378,1753194175,4de79949
1896700212652189440,中国最牛逼的一点，就是同化,6948.592,1753195484,c3929b2
1896846755031494400,天下大同，世界人民大团结，万岁！,6951.603,1753212954,9450640
1897038302151448064,让我想到了高佑思…哈哈,6842.739,1753235788,88971e98
1897132711857199616,因为我们原本就是一个多民族的国家，每个民族存在各自的文化差异，每种文化相互包容,6938.97,1753247042,42da3e49
1897313694656990464,北京欢迎你，为你开天辟地（开放怀抱）你会爱上这里,6908.793,1753268617,729e3ab7
1897402914356966144,love ,7173.813,1753279253,ca23a4
1897552673700808704,执着 信任,6868.324,1753297106,6f99a845
1897601588529782528,现在人真是戾气重了，以前从来不会有人莫名其妙的打问,6997.266,1753302937,a12485dc
1897859954988690432,家国情怀大部分人有，有一部分人确实因为从小的狭隘，自然也看不惯这些,7191.085,1753333736,e0632c99
1897866933580394240,非正这一季带着任务了,7011.467,1753334568,8562c6e6
1897897775447236608,那外国人和自己国家对比就是觉得中国更好啊，看见中国更好的一面讲出来啊，代表们都说的那么真挚真诚,7021.288,1753338245,2aa70d44
1898088222609748480,可以倒着说中文,6878.916,1753360948,8f9aba91
1898092720329620224,带啥任务真好笑,7021.416,1753361484,d849b843
1898132201112459520,宏大背景就是我们每一个中国人的骨血，为啥不能谈,7130.926,1753366191,ba542c3c
1898580836409316096,守正创新 不忘初心,6939.247,1753419672,6126b659
1898666323538942976,用今人的生命还古人的债，这个真是精辟,7155.601,1753429863,915050e3
1898788297942440448,他不是混血儿，是老爸在他很小的时候就“巨星标配”了，但是很小就开始接触中国文化,6894.038,1753444403,cc3adea9
1898791671513404160,宏大和个人不是对立的，而是互相成就，这就是精致利己主义为什么要摒弃,7136.041,1753444806,cc3adea9
1898822681655529728,这太好了！,6843.84,1753448502,636af638
1898910387244854272,莎莎接近中国人了，完全中国化了,6921.603,1753458958,e3470321
1898911684559693568,陈老师真的满腹经纶啊,7076.15,1753459112,e3470321
1898957673719325184,有些弹幕是觉得说坏的才是真吗？坏的好的都是,6994.673,1753464595,6b40ebca
1899330667008161024,已经是东北人的模样了,6896.769,1753509059,8ed82815
1899443844664460800,中俄CP,6903.562,1753522551,e4d84d7d
1899524549423779584,太深了！,7053.949,1753532172,3820b86
1899609802536100352,萨沙太像中国人了,6868.96,1753542334,64c6b79c
1899623826770786560,一点都不过好吗，现在的时代背景下世界是否能和平确实要看中国,7192.147,1753544006,bc31ead9
1899647684927755520,前面的想说啥啊，陈超咋样了？不要引战可以吗,6952.723,1753546850,d5bc7b78
1900087323199353344,哪里过了？自己去了解一下我们在国际事务上做出的贡献，不要这么自卑,7189.371,1753599259,422009b7
1900214028308531712,古代也有疆域图吧 也是有地理分界线的,7038.06,1753614364,b927edf8
1900303293918964224,老王又动感情了,7179.652,1753625005,68efaa5c
1900974547218661632,中国真的格局太大了,7161.167,1753705025,62699b20
1901012750474195456,萨沙就是中国小伙啦 ,6871.084,1753709579,9265523d
1901040459380750080,天下大同！！！世界和平！！！,7183.616,1753712882,1b6940fa
1901066877699254528,近代史 是一个伤痛,7072.148,1753716031,539dfda8
1901118523019670016,互利互惠嘛，有何不可,7108.686,1753722188,18259142
1901639283426035968,我的弹幕呢,7003.772,1753784267,4d2041c5
1902755038712239872,萨沙说的已经得到了国人大会演讲的精华,7009.141,1753917276,3f3063c2
1903662376340233216,陈老师讲得太好了 ,7199.012,1754025439,2e93938c
1903701780291417856,夸得我都绷不住了,6921.694,1754030136,b7a9b2eb
1903776104272515072,中国自古并没有国境线的概念都是以势力范围划定大概的区域，真正接触到把国境化为一条线的应该是清朝的尼布楚条约,7040.655,1754038996,b9df69aa
1903804183300627712,中国是文明型国家,7009.325,1754042344,1ddd0afb
1904413756096572672,会长眼眶红了,7182.497,1754115010,21f73640
1904600175142915328,萨沙这段话 好,6931.724,1754137233,3e5e834
1904602111367773184,哈哈哈,7116.424,1754137464,3e5e834
1905340308922234368,speed不是来了吗？,6912.659,1754225464,2eb47862
1905890199146212096,天下大同！,7147.37,1754291016,7becfa2e
1906120801997426176,倒着说中文笑鼠我了,6883.518,1754318506,712b33d4
1906866720434670336,他爸爸混血,6884.042,1754407427,4ad5b7c7
1907440916215114752,必须得是陈铭,7057.295,1754475876,9adcf5e9
1907441055340190464,没有陈铭可咋整！！！,7062.323,1754475893,9adcf5e9
1907927474462215424,萨沙爸爸好像是中国人,6888.991,1754533878,edceba01
1908264231959804928,不然呢 你想听到什么？,6956.994,1754574023,d8a8f583
1909738694962297344,因为我们的认同不是建立在血缘，种族之上的，是文明,6947.309,1754749793,e06a0bba
1910516879710106368,天下大同,7156.667,1754842559,4cd26c1a
1911108155258463488,愿祖国永远繁荣昌盛，愿人民安居乐业，希望真的能有老吾老以及人之老，幼吾幼以及人之幼的天下大同,7199.845,1754913045,34be5d10
1911383357871574272,说得太好了,7156.072,1754945852,984e8387
1912644363784642048,这个bgm有点宏伟啊哈哈哈哈,6896.867,1755096175,aca1d8af
1912646653195192576,说得太好了！！！,7161.315,1755096448,aca1d8af
1913030470246605824,只有经历过才知道的,7176.765,1755142203,cdc7bc83
1913350480247959552,李白是吉尔吉斯斯坦那边的人,7021.62,1755180351,3302ae89
1914864527842332928,国破家亡，固定搭配，望周知。也不妨看看今天的加沙人民，里面也不乏战争前家境优渥的。,7145.64,1755360839,dfe2ddbf
1916898949210434048,萨沙太老干部。。。,6868.229,1755603361,41d23346
1916900671467390976,读人类简史就知道 国家是人类构造的概念罢了,7052.699,1755603567,41d23346
1921250021379576576,说硬夸的历史及格了吗,7002.11,1756122050,bc587f4c
1923930412557231360,但是听说意大利街上小偷特别多,6841.225,1756441577,99536495
1924986993839221504,陈铭老师口才好，说话才快，没有语言屏障,7130.674,1756567531,e498a6f4
1926357441114275328,投币了,7154.131,1756730901,9eb4a117
1939601543464800000,说的好好,6936.456,1758309722,19031c9a
1971050491086146048,感觉萨沙真的是完全融入中国了,6891.029,1762058728,9574db04
1977023081524779264,都是地球上的人类，没有哪个国家比其他高级,7161.416,1762770716,da85f3fd
1977913530325766400,萨沙已经入党了吗哈哈哈哈哈,6863.869,1762876866,aedabb3d
1985165235720048640,太纯了还是,6863.268,1763741337,55203a50
1992880039746138112,东北代表这一块,6856.653,1764661013,b087944c
2011869610512769024,看哭了,7140.057,1766924746,cc26b091
2011870073975098624,说的太好了,7150.2,1766924802,cc26b091
2026026976464848128,这一期太棒了,7064.553,1768612436,1ca31636
2027856872027209728,非常漂亮的总结,7094.328,1768830577,8f58d927
2035149943106573568,他真的说得好标准,6879.309,1769699978,ca126b
2036292303651953664,我突然意识到中国的中立也是一种和平,7197.221,1769836158,f9735bbb
2082391271548932096,包容  但是有一条你只可意会不可言传的高压红线    触碰即死亡,6946.344,1775331584,6d6f1ac6
2082391448967843072,包容  但是有一条你只可意会不可言传的高压红线  触碰即死无葬身之地,6950.611,1775331605,6d6f1ac6
,,0.0,1775683732.8000336,
lb.c,,0.0,1775683732.8000336,
,,0.0,1775683732.8000336,
1895737650661789952,下周见,7295.403,1752992285,a1639211
1895738054900420864,陈老师说的真好,7214.561,1753006171,255b01e
1895738988594434304,那挺羡慕那个厅结婚的新人了~,7250.967,1753048041,23ddeab7
1895990467888831488,哈哈哈哈哈哈,7243.15,1753110876,99272c49
1896502871931897088,精彩的节目,7207.788,1753171959,bda137c9
1896528826075226624,好看,7223.428,1753175053,6a042d86
1897388807511572224,很客观啊，这就是事实,7202.296,1753277571,d403eb94
1897967201404250624,好看好看,7214.407,1753346521,bdfa401c
1898090557780690176,哈哈哈哈哈哈哈,7364.777,1753361226,9cdf46e6
1898096271319938304,伦儿记词能力这么强啊,7425.896,1753361907,d849b843
1898122321471151616,战歌起泪目了,7222.706,1753365013,66a85677
1903097630284788992,真棒！,7232.354,1753958116,1e5860b0
1910196463095640064,可真正的世界还是弱肉强食,7214.027,1754804363,738a73b
1962554409448054016,旷野的规则是永不回头,7256.422,1761045916,9caedba
1977916378484578816,精彩！,7203.354,1762877206,aedabb3d
,,0.0,1775683732.8000336,
lb.c,,0.0,1775683732.8000336,
,,0.0,1775683732.8000336,
1895737229310398720,一日代表好漂亮！像玛丽莲梦露,36.018,1752985309,59dfb4d2
1895737236021285120,来了！,197.636,1752984891,781e03c0
1895737280388632832,来哔哩哔哩只为了非正,23.323,1752985268,882cd619
1895737340836942080,竟然没有弹幕,102.734,1752986130,7c88818c
1895737356095820032,太美了啊啊啊啊啊啊啊啊啊啊啊,129.037,1752986855,63882395
1895737381790126336,哈哈哈哈我也喜欢测试,330.419,1752986736,4f7b0147
1895737392368161024,再看一遍加长版,74.113,1752987164,6261fc3d
1895737440627822848,就等加长版了,15.67,1752988220,a8fd71fe
1895737488023458048,沉默是最好的回答,188.466,1752989859,5cde034e
1895737757213888768,濑濑晒伤妆？,296.894,1752994571,13ee2db9
1895737813862158592,天呐，杨迪好好，还帮会长解释一下,262.251,1752995588,ef576978
1895737852827242753,濑濑可爱,315.191,1752995616,1091612d
1895737914483511552,我怎么第一反应就知道他要说学历,139.779,1752996339,2775914b
1895737947308134656,果然还是斯拉夫人长在我们的审美上！,73.86,1753005031,2394c70f
1895738002018636032,哈哈哈哈哈哈哈哈哈,195.646,1753006609,bc56a2e1
1895738089553760512,加长版！终于 走起～,118.271,1753002959,ea88348b
1895738128770502912,哈哈哈 让我们说中文,233.897,1753003085,ea88348b
1895738201701060864,哈哈哈哈哈哈,178.352,1753005984,61f1cb93
1895738215382880512,来了,60.699,1753006389,bc56a2e1
1895738423277752576,怪不得,264.523,1753017327,ef8f951e
1895738450633003264,弹幕呢,94.954,1753017693,6474f847
1895738460665778432,来了,9.0,1753017972,d2eb3f6c
1895738543637500160,超超看起来很聪明的美女,286.398,1753016280,a9208369
1895738587400868096,我说会长怎么有种被夺舍的感觉呢,275.37,1753020529,fc5c5aac
1895738736936194304,罗世杰也是博士吧,170.656,1753024489,8d665d98
1895738941182021888,再听一遍哈哈哈哈哈,211.547,1753064144,91850ea9
1895739043304935680,大左你堕落了 居然问出这种问题,183.625,1753066311,c585eb07
1895739119892926720,直接看加长了,50.901,1753065450,532bb614
1895739159101280512,直奔完整版！,2.008,1753066177,df6e1fa7
1895739170954383616,高情商：还在研究中...低情商：懂得都懂,196.746,1753071998,2b09e628
1895739227485212928,想起大不溜，小不溜，哈哈哈,313.856,1753071380,42da3e49
1895739240252674304,本来就是这个议程,275.175,1753075611,9cc5a9be
1895739294963175680,让我们说中文,230.803,1753077391,7d0b1ed6
1895741767471711744,好漂亮我的吗,123.454,1753081229,35861f7e
1895878472815905536,我就说会长怎么突然那样哈哈哈哈哈哈,285.477,1753097525,e1f0140c
1895902343950621952,小姐姐有点用哈利波特的露娜,260.69,1753100371,7bf5ae5
1895913944380697088,全世界都在说中国话。,240.019,1753101754,83719079
1895923691389856000,这封面有点像火仔和托子啊,7.553,1753102916,f48e83fe
1895925654231755520,俄罗斯娜娜什么时候来,123.096,1753103150,9a5f75b6
1896126772140527360,soul说是,314.381,1753127125,757770bd
1896432713985696000,厉害了,157.364,1753163596,d844b0d7
1896548500188124672,头发好美,170.792,1753177399,7be9809b
1896549652783060480,杨迪火是有道理的 尊重人,272.254,1753177536,7be9809b
1896671118996624640,哈哈哈哈确实幸好解释了,273.442,1753192016,9cb4590f
1896702989247416832,超超很适合这个衣服的颜色哦,102.804,1753195815,3c4a8341
1896834873642632704,有俄罗斯美女啊…,35.454,1753211537,88971e98
1896836266168177664,让我们说中文,232.165,1753211703,88971e98
1897134881856050432,漂亮小姐姐～,64.387,1753247301,c76fd2
1897334937960030976,濑濑这个妆真好看,301.592,1753271149,bbeae81b
1897409888377011200,冒犯,196.202,1753280084,4dd44e23
1897435333340270848,约基奇,348.778,1753283118,182ab5fd
1897520115852190208,完蛋，没有提示我怎么看？,116.489,1753293224,28dcc9f6
1897545623813818880,这就冒犯了？弹幕真是敏感肌,201.287,1753296265,d14d0ec
1898012492027085824,赖赖的妆好可爱,336.596,1753351920,4fcac017
1898069933423117568,杨迪预判了弹幕哈哈哈哈哈,271.58,1753358768,ba542c3c
1898129671619960832,这个问题就跟 这是博士，你谈恋爱没？结婚没？一个意思,190.406,1753365889,c4640bae
1898480150421808896,来了,16.649,1753407669,6a79158e
1898575317955005440,超超好好看！,109.88,1753419014,69896d2c
1898577690152768512,花仙子从动画里跑出来了,128.022,1753419297,ae954710
1898649691060092160,西伯利亚可老大了,219.328,1753427880,2391701c
1898711585640666112,陈超这次妆发好可爱啊,102.634,1753435259,6bc89832
1898754234095442176,羌族小煞,92.976,1753440343,2c9219d7
1898798214510129920,你是菠萝的颜色,82.099,1753445586,3665527f
1898849081846541312,萨沙爸爸本身就是中国人，只是他自己从来不提,250.247,1753451650,b47738e
1898894497392836608,哈哈哈哈哈哈,177.674,1753457063,b7a9b2eb
1898943849687043840,一直是这样就得改呀，与时俱进哦,224.299,1753462947,b698ce63
1899364840469068288,这个发量绝了,134.718,1753513133,2a7b6daf
1899448788037526016,超超每期都好美呀,99.793,1753523140,d00654d8
1899516166050156032,不是第一次看 而是第一次意识到 以前太麻木了,216.063,1753531172,118b96e
1899527485797073152,笑死 中文是母语 俄语是二外,237.713,1753532522,568a8045
1899528308618886912,敏感是好事,303.526,1753532620,568a8045
1900192036414916352,一之濑这妆怎么回事,293.915,1753611742,29c7c55b
1900289648556262400,直接看加长版,0.154,1753623378,e67086c2
1900919121772592640,好漂亮,127.615,1753698417,c1f2fe77
1901083258352320512,好厉害的姐姐,153.737,1753717984,80000882
1901138676046841344,好想念松鼠啊,100.073,1753724590,be45fcd2
1901541018550427904,学霸,158.824,1753772553,92f8c01f
1901541640448327936,哈哈哈哈哈哈哈哈哈,233.0,1753772627,92f8c01f
1901557020667466240,口音重成这样吗hhhhhh,247.784,1753774461,28c7b5ab
1902390692148829184,杨迪，综艺没了你可怎么办啊,266.775,1753873842,d89f1503
1902390841935725312,这个家不能没有杨迪,269.141,1753873860,d89f1503
1903658867167214336,萨沙俄语有东北口音,222.721,1754025021,19790be1
1903884035399163392,弹幕确实很敏感（摊手）但本来每个人的敏感度确实都不太一样,210.495,1754051863,c29ddf0d
1904491649607379968,哈哈哈哈说不出来,179.099,1754124296,3e5e834
1904491705198666240,太真实了,185.705,1754124303,3e5e834
1904530408591864832,别说的是人均美女，俄罗斯人一到中年，你看什么样子,267.292,1754128916,45953387
1905824218038253568,一之濑脸咋了？？？,293.709,1754283151,7becfa2e
1906658172484245248,斯拉夫出美女,75.635,1754382566,1327ee61
1906659219936198400,俄罗斯男女比例失衡 现在男人可能更加少了,182.722,1754382691,1327ee61
1909373597710577920,杨迪真懂弹幕啊,277.498,1754706270,8dd2ba4e
1910460639663627264,陈老师在模仿一之濑,45.076,1754835855,922f6f0b
1913105683772238336,希尔顿借了这么久啊,64.327,1755151169,7c712eec
1918431810531300864,这集时长好评,75.498,1755786093,15362246
1918442564634446336,最好看的,148.186,1755787375,15362246
1933845929732174848,什么文化？能不能翻译成中文,304.009,1757623599,d7c947c1
1937313621231702528,丽莎非常漂亮又可爱，前几天在三亚看到本人，很惊艳,124.308,1758036980,ba02a15
1937929668699405312,卡尔波利,48.444,1758110419,32e2455b
1937963074376466688,好漂亮,134.143,1758114401,945a6cd2
1944416070370790912,？？？？？？,169.166,1758883658,ee18cbf2
1946034063152715520,漂亮,127.189,1759076538,eb269b47
1948170065589943552,这就是敏锐，情商和敏锐并不相关,311.502,1759331169,ffdfce2e
1953129821739839744,为啥一之濑是asuka明日香,324.492,1759922418,83b4cbbf
1954420562860454400,好喜欢她,134.846,1760076286,915cc525
1956594679777072128,别太敏感肌,205.333,1760335461,d35c8a9
1960344697746654976,萨沙爸爸是混血,212.087,1760782498,f8089327
1961200116493380096,？？？,189.014,1760884472,a187841b
1963248930037173504,故意的，节目就这样，多少年了还不懂这个套路吗,196.252,1761128710,65b78c7
1968970682843311616,哇俄罗斯美女姐姐,34.602,1761810796,269700bc
1977838097261843200,来了来了,8.955,1762867874,aedabb3d
1977839385668188416,好有才华！好漂亮！,162.561,1762868028,aedabb3d
1992655007401061120,让我们说中文,231.845,1764634187,b087944c
2002223379507534848,超今天的发型好看,289.421,1765774826,8d79c5f3
2004575798560393984,怀念以前长头发的四姐,174.74,1766055256,ffa3828d
2021928450646454528,确实不太好。。。这是啥敏感，之前男代表啥的也没问（从非正第三季开始追的）这本来就不尊重人，敏感也不是什么坏事,202.128,1768123854,6d4f31dd
,,0.0,1775683732.8000336,
lb.c,,0.0,1775683732.8000336,
,,0.0,1775683732.8000336,
1895737342925705472,严谨的德国人,476.148,1752986028,fe4eee91
1895737483040624896,大气,487.444,1752989145,193ffd61
1895737545401536768,怼脸拍，真的好看doge,689.139,1752990986,591a47e1
1895737746736517376,两位的瞳色都好好看,397.339,1752993592,2f3ca03c
1895737759118102784,梅丽莎小姐姐头发太美了，像洋娃娃,677.759,1752995462,13ee2db9
1895737805708431616,呆楞是真的  成熟了！！成熟的帅！！,611.617,1752994452,fbf64f60
1895737827443314944,那真的我们很难这样,466.779,1752995951,1091612d
1895737952785895680,花期短但是开得艳,585.749,1752998353,4eba2802
1895737970108371200,可以一个人买单，然后有空了拿小票算,428.926,1753005751,90af0186
1895737994720547072,split the bill是吗,414.975,1753003281,ea88348b
1895738146084589824,梅丽莎真的太好看了,642.72,1753009208,d93d12d4
1895738169790796032,哈哈哈哈,434.814,1753004847,2f987c3c
1895738187113271552,这个妹子好养眼啊！！,500.242,1753010552,85e3c44a
1895738250027831552,真的，我追过不少外国演员，白人很少有保养好的,603.652,1753012927,302e2cd4
1895738309293347072,男生应该说平权吧,410.11,1753014904,26cd4125
1895738312942391552,这蓝色眼睛真漂亮,701.403,1753012513,68efaa5c
1895738379505996032,小姐姐！10分好看！,681.33,1753013023,302e2cd4
1895738488926998784,听着还挺浪漫的,529.594,1753015004,26cd4125
1895738489832968448,哈哈哈哈哈,621.823,1753019961,ef8f951e
1895738508984160512,五官太美了,684.493,1753017972,8d117f15
1895738562780303616,四姐稳定发挥,422.981,1753022338,fbd7fd41
1895738589221196032,太好看了她,677.254,1753017957,8d117f15
1895738746054611200,陈铭看了一眼梅丽莎哈哈哈哈哈,590.106,1753024833,8d665d98
1895738822642602240,白人皮肤薄，再加上骨相起伏明显，没有胶原蛋白很快就垮了，黄种人只要保养得当一般四十多岁还是没问题的,615.648,1753034058,7a1afabc
1895738826291646720,严谨的德国人哈哈哈哈,462.399,1753024355,bde1c345
1895738886471520512,而且他们生很多孩子 生的女儿也多 我俄罗斯同学她有三个姐妹,706.277,1753041605,7021661
1895739008659984640,这种情况的话一般就是那个吃的多的全付了，关系好的话分别人一口吃的很正常,469.305,1753033834,7a1afabc
1895739055158038784,好问题,629.722,1753070638,bdcbba7
1895739211068707072,萨沙有几分像吉洪诺夫老爷子年轻的时候,649.648,1753071778,9e41d483
1895746442224785664,让我想到了鹊桥仙,527.913,1753081786,35861f7e
1895778905819131904,超超有点星期三的味道好喜欢,385.96,1753085656,73e93c18
1895840500003377408,哈哈哈哈哈哈哈哈哈哈哈,519.208,1753092999,ac1ed4e7
1895840530647078656,紫禁城风水养人,590.76,1753093002,c0d2264f
1895945062736117760,aa就是每个人付自己的，传到中国才变成均分,412.606,1753105463,84633020
1896015890890314496,新代表好可爱,639.956,1753113907,e871e898
1896039919974262784,哈哈哈哈,427.498,1753116771,415655f0
1896457049043406080,活泼可爱美丽，常驻！刷起来,688.508,1753166497,8cb4abb9
1896471204483626240,萨沙确实帅啊 是我喜欢的长相,657.64,1753168184,4ca66879
1896710320119313920,魂断蓝桥,514.263,1753196689,491addc9
1896934522319112192,哈哈哈，是我了,375.813,1753223416,a075ec79
1897173951436752640,一之濑这个妆造没之前的好显得臃肿突出,369.849,1753251958,6f99a845
1897176064527120128,这才是真正的AA AONE 各付各的,417.466,1753252210,6f99a845
1897249138144757248,哎呀超超好美呀这套,372.158,1753260921,d67a388
1897255003031584000,太可爱了,643.527,1753261621,290bcf14
1897330516752267008,四姐没变化，从以前就成熟,627.007,1753270622,7ea9d3d5
1897377323800974592,主要是德国比较严谨,427.117,1753276202,c76fd2
1897409726736857856,原来都是搜来的,571.539,1753280065,be125094
1897789980114699776,哈哈哈 不记得,540.606,1753325395,4227b274
1898072148510532864,高配版星悦,691.839,1753359032,2738fae5
1898073640089037312,我的男生同学也是，大学4年过去之后都不同程度发福了哈哈哈,603.928,1753359210,ba542c3c
1898583508701119488,最漂亮的不是五官吗，尤其眉眼,683.896,1753419991,ae954710
1898652758169973248,deepseek打钱,575.04,1753428246,2391701c
1898755732108109824,因为他们爱晒太阳 高油高甜 亚洲普遍相反,616.917,1753440521,636af638
1899233687024352256,法币还帅好可爱,403.744,1753497498,ad67615a
1899377441013676544,哈？,702.185,1753514635,2a7b6daf
1899524857746892032,我喜欢这种方式，不过最好点一些价位差不多或者好算的,476.688,1753532208,fbcf58ae
1899526800288205568,参考小李子,615.613,1753532440,fbcf58ae
1899527783693058816,好像俄罗斯婚礼和登记是同一天,703.421,1753532557,fbcf58ae
1899611392370790912,4,635.097,1753542524,82c776d
1899956477675331840,是晒伤妆啦,360.467,1753583661,9e6467db
1899975255272139008,这个好,400.959,1753585900,2c9403ee
1899976001933586944,那是因为西方吃饭（夹菜）的模式不一样 每个人分的很清楚,422.475,1753585989,2c9403ee
1899977800535069184,风大,542.187,1753586203,2c9403ee
1899980015152740352,测的好，就是真的好，测的不好，要相信科学,375.102,1753586467,3ad68769
1900241357915115264,怪浪漫,530.228,1753617622,5eebbb86
1900924116316678144,他也是混血吧,597.346,1753699013,c1f2fe77
1900991742497444096,老王好认真,506.845,1753707075,f6eb3d24
1900996645152891136,这个好！我喜欢这样,418.409,1753707659,59b380d7
1901491110711870976,引火烧身,657.108,1753766604,3465c430
1901544698834279680,哈哈哈哈哈哈哈,597.382,1753772992,92f8c01f
1901692904028990720,都一起吃饭的关系了感觉不用太计较吧，这是date诶,487.282,1753790660,71f360aa
1902424479079549184,是帅的啊，五官比例很好,657.34,1753877870,24d07282
1902473228065647616,我喜欢这样，感觉婚礼是给外人看的，不是给自己办的,717.867,1753883681,59b380d7
1903182158839680512,我和一位少年，漫步树林外,487.925,1753968193,a6894687
1903203390071653888,饮食问题,600.437,1753970723,5e85aa98
1903650610780700160,白人虽然不注重保养但没有容貌焦虑可以做自己就很好啊,633.202,1754024036,98decb5
1904495513727200768,这个小姐姐真的好漂亮啊 白白的,603.059,1754124757,3e5e834
1904532634147952640,堵桥来,511.379,1754129182,5bd65cde
1905080521651165952,喝酒喝的吧,597.515,1754194495,39d99fac
1905349996455302912,好喜欢去这样的，有人能懂吗,434.037,1754226619,6d90be6a
1906661267888835072,法币和一日代表眼睛一个色系,393.932,1754382935,1327ee61
1906662046133447168,这次总算到德国人震惊意大利人了,469.062,1754383027,1327ee61
1910284368769920256,因为花期短,698.558,1754814842,664d29dc
1912279399659960064,风在哪不都是一直在吹的么,542.249,1755052668,a8fe5ea9
1913210705083992832,萨沙确实帅，而且帅得很客观，这但没法否认,650.002,1755163688,d88d4d24
1913223966307712512,同事之间可以这样，朋友之间就没必要了,449.744,1755165269,96a9a0bf
1913292098959548672,萨沙确实是特别帅！,660.617,1755173391,7b914c00
1913346863013150208,这个真好,405.051,1755179920,fcf22efb
1916178758985921792,德国人哈哈哈哈,470.385,1755517508,41d23346
1921042340266008320,国外是各点各的套餐，适合aa，中国是一起吃同一盘菜，胃口不同，不适合粗暴的aa,412.351,1756097292,eea468e3
1921042881901795072,中国更难算，所以流行请客而不是aa,441.898,1756097357,eea468e3
1941566684721332736,这两个俄罗斯代表应该就是中国审美里最好看的那一类了,667.832,1758543985,e2e301a6
1944428565982548992,Dylan在写什么,388.052,1758885147,73aed9f3
1953188451575386624,确实帅,649.868,1759929407,194d9898
1960064942610599168,我29岁，孩子10岁。,709.896,1760749149,6a7c628d
1961074382902701824,啊啊啊这个音效好可爱,639.808,1760869483,c8711e27
1965454987081423872,我就这样，各算各的。跟朋友其实我也想这样，不然我感觉不太舒服,456.746,1761391692,d0b3063b
1969275411209221120,hhhhhh,585.68,1761847122,1e751c6e
1977842088578297088,严谨的德国人,480.692,1762868350,aedabb3d
1988648613126933248,妈呀，漂亮姐姐好可爱,643.948,1764156588,c847ffba
1996421042478379264,比aa更aa哈哈哈,415.493,1765083134,7177deef
2025581688474307072,亲兄弟明算账,428.978,1768559354,e5ebf93c
2066188182139764224,你也是 和前几季对比明显,589.72,1773400025,a16be46f
2068219040748953344,我喜欢这样,442.196,1773642122,f2fcfff8
,,0.0,1775683732.8000336,
lb.c,,0.0,1775683732.8000336,
,,0.0,1775683732.8000336,
1895737309572600064,哈哈比利时淡淡吐槽好搞笑啊,864.838,1752985668,47bbec08
1895737494264582400,2333333,743.492,1752989946,c76f245a
1895737546508833024,只能说世界之大无奇不有了233,828.615,1752990204,4944442d
1895737690583175424,？,788.371,1752992554,dbe23620
1895737828349284608,哈哈哈哈哈 就非要有证吗这,788.883,1752994668,fbf64f60
1895737890777305344,这么闭塞吗？,805.983,1752997401,ba65b856
1895738004753322240,比较严重的程度哈哈哈哈哈,1016.022,1753004556,94d50217
1895738144264261888,男：天王盖地虎 女：宝塔镇河妖,875.819,1753006816,47376c28
1895738162501095680,伊拉克也是什叶派国家,830.79,1753007084,43686648
1895738377685668096,对对对,886.688,1753016087,bc9fd41c
1895738640282652928,哈哈哈哈突然想起来戴卢可是不是对dating文化很懂,952.295,1753025347,fe4eee91
1895738693172826368,哈哈哈哈哈《这个华波波不一样》,729.19,1753024957,8d665d98
1895739065182425344,越压抑越开放,844.47,1753052006,65ec0af4
1895739149982863616,哈哈哈哈哈哈哈,907.322,1753065403,f7934ca3
1895769540794055680,前面俄罗斯遍地帅哥美女是真的,769.796,1753084540,4422ff62
1895824043836972544,弹幕突然收声了红红火火恍恍惚惚,734.198,1753091037,cc93cef3
1895828587920556800,这真的不是菠萝卖不出去的营销吗？,871.762,1753091579,1da0b061
1895947042497947392,第三次见面还是第三次嗯嗯？,1049.141,1753105699,c750ae38
1895949991009590528,宗教警察吗？,776.638,1753106051,9e41d483
1895971024152074240,中国人的经商天赋哈哈哈哈哈,917.26,1753108558,5a31e3ac
1896425506115668224,村？哈哈哈哈,953.332,1753162737,42570b8b
1896427127877063168,招展笑死我了,743.277,1753162930,9ec95bfa
1896494509345332736,开放啊,1029.735,1753170963,6a042d86
1896637560244685568,充话费式的结婚,813.804,1753188016,89807551
1896692754986387712,哈哈哈哈哈哈,983.273,1753194595,eac1fc5d
1896706299065560320,老王的眼神在冒星星,838.313,1753196210,d8e5f363
1896713955582526208,天逊尼派和什叶派，想到追风筝的人了,829.491,1753197123,491addc9
1896841388705377280,这跟我们这的警察查房有点像…哈哈,805.028,1753212314,88971e98
1896937991939779840,？？？？,786.906,1753223830,a075ec79
1897123754787030016,哈哈哈哈哈哈哈哈哈哈哈哈哈哈,1020.411,1753245974,45654410
1897176574395630080,来了，直接加长版,974.739,1753252271,d9749c34
1897380653918993152,哈哈哈哈～lady first～,753.071,1753276599,c76fd2
1897380942050808832,短期啦～长期啦～,765.871,1753276634,c76fd2
1897383124666121728,哈哈哈～A到Z～,976.347,1753276894,c76fd2
1897383569446710784,比较严重的程度～红红火火恍恍惚惚～,1015.942,1753276947,c76fd2
1897383907826628352,姐妹们～,1052.127,1753276987,c76fd2
1897551369599046400,可以鼓掌了,1016.475,1753296950,d14d0ec
1897727145607336704,搞对象笑死我了,941.281,1753317904,68db616f
1897898291362938112,YOYO,769.419,1753338306,3dc677eb
1898076736198329856,哈哈哈哈哈哈四姐,967.648,1753359579,ba542c3c
1898220515982619136,哈哈哈哈什么时候看到这个lady first才不会笑啊哈哈,749.918,1753376719,e8cc9494
1898515580160908800,真就体验卡,785.517,1753411893,a18ccce
1898531542490707712,太好笑了hhhhhh,995.742,1753413796,8020f1b7
1898584831534084096,感觉和苏格兰那种男女校联谊会挺像啊,958.956,1753420148,ae954710
1899333614798306816,哈哈哈哈哈哈哈哈,890.75,1753509410,48caf715
1899493708169050112,这是真的 ,810.963,1753528495,49612456
1899558765339352320,哈哈哈哈哈哈哈哈哈哈，有点太诚实了哈,1041.266,1753536250,37dfb466
1899559089802601216,雷妹妹～,1054.905,1753536289,37dfb466
1899632198056381952,华波波很可爱,860.822,1753545004,ddcb952e
1899690611263457024,这个是真的，我伊朗朋友们都证实了,809.166,1753551968,881ef171
1899980184409419520,我还记得诶,767.393,1753586487,2c9403ee
1899980554649404160,救命,801.518,1753586532,2c9403ee
1900176913918403840,老王。我喜欢的,836.184,1753609939,d7c68202
1900207702098475264,什叶派和逊尼派能坐到一起聊天也只有非正式会谈。,831.444,1753613610,253cfa97
1900855482026004736,挖坑了开始，准备回家跪搓衣板了卢可,963.641,1753690831,18259142
1900982139454146048,以前就说过啦,795.933,1753705930,1606bf27
1901030304811390976,真敢问啊大左,1041.459,1753711672,bba3e7b3
1901030501683674368,特殊类的hhhh,1063.512,1753711695,bba3e7b3
1902475393005930752,认真，不是严肃,1021.238,1753883939,59b380d7
1903582328761517312,讽刺的不是波波是国情,851.615,1754015897,1ddd0afb
1904394075097533952,哈尼克孜,728.514,1754112664,712639ae
1904496876288851456,哈哈哈,729.753,1754124919,3e5e834
1904516940261635328,哈哈 被说中p图了,897.961,1754127311,357dee8e
1905292868248203776,哈哈哈哈哈温州人也是站起来了,922.793,1754219809,94dc5d7b
1907465783345827584,大左池州人，差一个字,930.583,1754478840,e06a0bba
1909633575939544320,哈哈哈哈扬扬补刀,729.343,1754737261,d7fb52ee
1909637115907104000,哦～,1068.756,1754737683,d7fb52ee
1910217713125871872,不愧是北欧,991.337,1754806896,7419d9b6
1910285333971808000,开放式保守,800.19,1754814957,664d29dc
1916182003120834304,好神。。。,800.571,1755517895,41d23346
1918092995408932352,买菠萝是吧哈哈哈哈哈,841.599,1755745703,cae536f2
1919839034780907008,哈哈哈哈哈哈哈哈哈哈,1016.446,1755953847,b9f358ce
1920303224746295040,BGM怎么这么燃？,900.242,1756009183,99536495
1929266071559254528,比较严重哈哈哈哈哈哈哈哈,1020.019,1757077637,467053b4
1932278720392444672,严重哈哈哈哈哈哈哈哈,1008.878,1757436773,52ac390e
1933442446847667968,华波波像非正的逗号，哈哈哈,734.125,1757575500,df58247e
1939900940560154624,搞对象哈哈哈哈哈哈,944.041,1758345412,add21500
1941083294070661888,熟悉的音效又回来咯,760.233,1758486360,50b86bf5
1961012560908661760,肯定有,975.077,1760862114,bfa2ee3f
1969395654430585856,大家都知道的话还叫暗示嘛哈哈哈哈哈哈哈,861.564,1761861456,7ed3ebc
1969396057905913344,华波波每次发言都特别有梗 综艺里缺不了这样的角色,868.073,1761861504,7ed3ebc
1977846831144786688,哈哈哈哈哈哈哈哈哈哈,1044.084,1762868915,aedabb3d
2024171551549188864,！！！,787.638,1768391252,6151813e
2026922242222668544,米兰的男模大部分超级无敌穷,1070.323,1768719160,aef87158
2059722213967966208,啊？,1009.869,1772629221,75a3ab51
2059722648640373248,stop 哈哈哈,1044.827,1772629273,75a3ab51
2068224214867537408,感觉这样离婚率好高,1056.652,1773642739,f2fcfff8
,,0.0,1775683732.8000336,
lb.c,,0.0,1775683732.8000336,
,,0.0,1775683732.8000336,
1895737366690631936,被杨迪笑死，哈哈哈哈哈,1112.633,1752986394,eb069b0d
1895737511729664256,婆婆选好了，双方家长见面一次就订婚了？？这么快，和父母之命有啥区别,1166.095,1752990929,5866b398
1895737822007496960,保持神秘感么,1177.151,1752996054,13ee2db9
1895737846460289280,想起唐大哥开车尾随着送老婆哈哈哈哈哈,1216.937,1752995154,fbf64f60
1895737857038323968,陈老师还是会  doge,1334.87,1752995706,fbf64f60
1895737911757213952,哈哈哈哈他吓死我了,1277.525,1752996969,1091612d
1895737960989954304,哈哈哈哈哈哈,1249.715,1753005457,81e32263
1895738084084388096,那怪不得有些时候会吃西餐，因为这样不能玩手机，就会被迫了解对方哈哈哈哈哈哈哈哈哈哈哈,1364.499,1753010046,4e76690
1895738115080294656,说得我都心动了,1313.062,1753001868,755ab053
1895738130582442240,阿雷是真的在为姐妹们考虑啊！,1091.08,1753006285,2394c70f
1895738138786500864,打羽毛球！双打！,1265.968,1753011691,3820b86
1895738178909212928,四姐好喜欢陈老师感觉哈哈哈,1293.779,1753005068,34ea35bf
1895738260974964992,好像伦和四姐都没说？,1306.348,1753009512,e9983320
1895738350330417408,那岂不是完全不了解彼此,1188.238,1753015487,7e01a787
1895738449718644992,还是不一样，父母之命很多面都没见过,1191.878,1753016191,eabe6363
1895738783434248448,知道的不少,1094.625,1753026745,1952548b
1895738787083292928,《再见XX》那段时间的经历给陈老师整工伤了,1245.564,1753025428,8d665d98
1895739087068303616,难怪爱密室剧本杀呢,1281.948,1753071847,a05ec9c0
1895739136301043968,我喜欢看电影，因为不想交流,1267.296,1753063459,3e15afd5
1895739137215402240,赶鸭子上架,1347.576,1753073156,2b09e628
1895739334171529472,有点难评,1318.96,1753077674,6d52a3e9
1895842592684773632,老王好搞笑,1207.55,1753093248,a384683a
1895888808210444032,跟古代似的,1200.836,1753098757,80d76961
1895902850890865152,…男方视角吧，感觉作为女生并不喜欢,1329.906,1753100431,e1f0140c
1895907698449826816,唐小强好像也是这样认识老婆,1154.003,1753101009,7bf5ae5
1895953890084972544,得有个电灯泡,1201.966,1753106516,9e41d483
1895962814724877312,那大家性格都还没合得来咋办,1185.106,1753107580,70be7902
1895975507275771648,杨迪这个上热搜了哈哈哈,1108.05,1753109093,ab62fb5b
1895988325479763456,去逛宜家,1339.945,1753110621,24b0ce4c
1896001397800507136,真的，太套路了,1348.596,1753112179,b7453a45
1896033498947616256,我服了华波波了哈哈哈哈哈哈哈太搞了,1272.126,1753116006,11d561a5
1896422520862296576,陈老师说的前提是两人暧昧期只是临门一脚而已,1358.888,1753162381,2aa70d44
1896426994623953152,好古老的相亲模式hhh,1133.837,1753162914,42570b8b
1896548231191151360,爱情保安,1196.722,1753177367,445a39f6
1897115090000851712,经典来了,1111.63,1753244942,e0632c99
1897117071960705280,人家举例，只是解释吊桥效应,1318.362,1753245178,e0632c99
1897186435279557632,吃完再喝一点 酒壮怂人胆,1334.617,1753253447,6f99a845
1897384505070132992,红红火火恍恍惚惚,1112.117,1753277058,c76fd2
1897392014317188864,陈超好美好美！！！,1426.702,1753277954,dc39d7d8
1897729822839930624,世界的参差，有趣,1233.017,1753318223,68db616f
1897855084101036544,来自游牧的习俗,1150.008,1753333156,5e6db3f9
1898585785360270080,母单：别碰我的拼图！！,1322.878,1753420262,d5851018
1898586013228955136,非诚勿扰哈哈哈,1245.808,1753420289,ae954710
1898765709031333376,哈哈哈哈哈哈哈哈哈哈哈哈哈哈哈哈哈,1275.348,1753441711,da4a6923
1898851449120022784,真的好合适啊,1430.582,1753451932,85cd1b5c
1899312175110448384,伦儿呢,1370.097,1753506855,7b9475a0
1899329727408561920,\,1359.942,1753508947,4a475a07
1899340591771536128,对对对,1347.304,1753510242,48caf715
1899531646009486080,哈哈哈哈哈哈哈哈,1119.064,1753533017,fbcf58ae
1899651269212594688,做ai算不算呀,1266.478,1753547278,395ce43e
1899780832588526592,想到阿拉丁,1168.616,1753562723,fdcf0543
1899876594664020224,二十年前，唉，可怜的伊拉克人,1125.95,1753574139,51a708fa
1900212638299047936,在说什么？？？。？,1322.045,1753614198,75f02d2b
1900722697047418624,毫无违和感,1415.779,1753675002,29c7c55b
1901576106294143488,短期太奇葩了,1240.402,1753776736,92f8c01f
1902428555867433472,哈哈哈哈哈哈哈哈哈哈哈,1118.455,1753878356,24d07282
1902447002861027584,哇哦,1434.024,1753880555,623dd44
1906668414924016896,中东保守很多了,1144.039,1754383787,1327ee61
1907251422123737856,又到了羞耻小游戏环节哈哈哈哈哈,1398.192,1754453287,654346f5
1907263650541381888,小手段其实是感情蛮好的调剂，但不能没有真心，完全带着戏耍的心态去对待这段感情,1349.382,1754454744,952047f4
1910146676505643008,我要随时看华波波表现,1317.301,1754798428,738a73b
1910248152247194112,波波好可爱啊,1281.79,1754810525,edd6e64f
1911636225866354432,大左嘴替,1348.514,1754975996,954b058c
1911638478308513280,会长太懂女孩儿了哈哈哈,1347.81,1754976264,67c7bc24
1915402208338718720,卢可感觉又风流又老实,1084.624,1755424936,ef46f1d4
1916203344989683968,哈哈哈哈哈哈哈哈哈哈,1329.324,1755520439,d775399
1916742088792471552,牛蛙,1362.372,1755584662,613512da
1925311132990941184,逛宜家 看着那些温馨的家具 很容易构想两个人的未来,1337.444,1756606172,df324538
1929268457724077056,哈哈哈哈哈哈哈哈哈哈,1275.517,1757077922,467053b4
1937975455273985792,哈哈哈哈哈哈哈哈,1106.973,1758115877,945a6cd2
1943658342291830528,希尔顿环境真好,1399.929,1758793330,67fd89f
1953022555216956416,华波波哈哈哈哈哈哈哈哈哈哈哈哈哈哈哈哈,1282.728,1759909631,6e0df0f6
1958150579830921472,太功利性了,1332.809,1760520939,b2d06e53
1969280974567563776,梅丽莎真的好漂亮天哪,1208.194,1761847785,1e751c6e
1988656174098097408,小强也说过类似的，不敢多跟未婚妻见面，都是开车去接她然后远远停在家门口,1175.521,1764157489,c847ffba
1990319103688432128,妈妈结婚的时候？,1147.433,1764355726,d584df77
1995218600776512512,这眼罩好，能不能打包给酷滕送去,1420.12,1764939791,1dcdda72
2003692298001184000,我想要逛海洋公园的时候，他悄悄塞给我一个戒指,1341.086,1765949935,989ff3be
,,0.0,1775683732.8000336,
lb.c,,0.0,1775683732.8000336,
,,0.0,1775683732.8000336,
1895737232665841920,说了什么,1594.545,1752985968,8d60efce
1895737282477396224,哈哈哈哈哈哈哈老王搂住,1716.563,1752986236,f69ff094
1895737326240764160,老王：和我有什么关系,1743.272,1752986542,f69ff094
1895737564225573120,哈哈哈哈哈哈哈哈哈哈哈哈哈哈哈,1663.052,1752991877,a4557f7c
1895737579727720704,哈哈哈哈哈哈哈哈哈哈哈哈哈,1636.993,1752990432,534bf33e
1895737602217578752,吊桥效应,1656.035,1752993518,e967e3fc
1895737608274153728,这里为啥不放正片很好笑啊,1789.469,1752990046,1549437e
1895737615337361664,安全,1603.757,1752991580,6cf1571
1895737656718364928,哈哈哈哈哈哈哈哈这个眼罩哈哈哈哈哈哈,1749.409,1752991974,a4557f7c
1895737658731630848,哈哈哈哈哈哈哈哈哈哈,1497.584,1752991702,a4557f7c
1895737668823126272,哈哈哈哈哈哈哈哈哈哈,1545.58,1752991754,a4557f7c
1895737706764800256,看热闹不嫌事大哈哈哈哈,1701.323,1752994786,e868d6e6
1895737718181695744,笑不活了哈哈哈,1671.507,1752992796,4ae1ebd8
1895737814768128256,哈哈哈哈,1782.453,1752994589,b594b266
1895737824725405952,老王：我尽力了啊,1754.151,1752997563,1091612d
1895737939104076032,哈哈哈哈哈,1709.189,1752997498,1091612d
1895738000198308096,哈哈哈哈哈哈哈哈哈哈,1628.753,1753004360,71c28bd0
1895738021169828096,哈哈哈哈卧槽杨迪哈哈哈,1492.948,1753000323,6cdd056d
1895738075871940864,贴贴好可爱,1567.309,1753002223,2f1c4333
1895738098672177408,原来加长版加在这里,1699.212,1753003076,5465c709
1895738121464025344,哈哈哈哈哈哈哈哈哈哈,1656.539,1753006018,81e32263
1895738373122265344,波波刚刚说话好像老王的口音哈哈哈,1796.676,1753015888,5404f33
1895738395922501888,米可！！！！,1494.288,1753016707,d89d8cbd
1895738397742829824,米可，危，速回！,1492.03,1753013682,6ee65ea5
1895738456102375680,四姐说了啥！,1582.96,1753017881,f81c7508
1895738627515191552,牛,1558.58,1753021306,7d9f8a33
1895738699556557056,讲什么！哈哈哈哈哈哈,1774.953,1753027907,516113ea
1895738810789499136,非直男会谈,1748.073,1753027865,516113ea
1895738985868136704,怪不得没放到正片,1789.951,1753031556,b92fb27d
1895739133566357760,哈哈哈哈哈哈哈哈哈哈,1762.617,1753066553,f7934ca3
1895739144513491200,拦精灵,1581.015,1753073028,f48d5c83
1895739149068505344,拦精灵,1582.704,1753073049,f48d5c83
1895739154537877760,哇,1560.601,1753066056,f7934ca3
1895739172774711552,华波波哈哈哈哈哈哈哈哈哈哈或或或或或或或,1799.497,1753066590,f7934ca3
1895739264873238784,中东组合,1693.461,1753073158,f48d5c83
1895739308636606720,华波波啥都说啊哈哈哈哈哈哈,1775.347,1753078501,5b74304e
1895739310456934656,海带也不是植物,1531.538,1753076872,9cc5a9be
1895739313200009472,？！,1776.766,1753076889,3f6b3267
1895739330522484992,果然是加长版才能看的,1781.375,1753076921,3f6b3267
1895906831025530112,口水哈哈哈哈哈哈哈哈哈哈哈哈哈,1739.304,1753100906,e1f0140c
1895940225822895104,发币好可爱,1554.87,1753104887,9a5f75b6
1895974871134098176,梅丽莎真的好可爱好漂亮,1474.056,1753109017,5a31e3ac
1895977277180010240,这一期简直好笑到爆炸,1743.416,1753109304,5a31e3ac
1896089730320659968,好萌的两个人。。,1564.681,1753122709,7388c77a
1896307287158110464,俄罗斯小姐姐好有节目效果哈哈哈,1702.016,1753148644,13ab9171
1896334982533370624,给我笑岔气了,1755.375,1753151946,708e4a48
1896396461777172992,啊啊啊啊啊啊啊啊啊啊啊啊在干嘛,1496.598,1753159274,fe4eee91
1896555342020727040,直接笑喷哈哈哈哈,1562.963,1753178214,ff3287e5
1896610434808184320,伦想说毛肚吧 因为他那面是有颗粒的,1620.755,1753184782,c89ae7d7
1896662305044209920,每次会长都害怕的掉了,1527.119,1753190965,273d9554
1897190863994496256,这个太好猜了,1574.051,1753253975,6f99a845
1897283620088294144,美国内战,1568.439,1753265032,9c211b2d
1897402826846586880,这能播吗华波波,1775.465,1753279242,3c4a8341
1897475776413565696,我不行了哈哈哈哈哈哈,1768.852,1753287939,9cdf46e6
1897754977691536640,杨迪真的鬼点子一箩筐,1641.181,1753321222,ecd0b892
1897864109346135552,小姐姐气氛组的～,1695.088,1753334232,c76fd2
1898059525744480512,哈哈哈哈哈哈哈哈哈,1472.659,1753357527,60ea1822
1898060394963528192,为啥不让佛罗伦萨上啊,1576.261,1753357631,60ea1822
1898130261355317248,哈哈老王想说暴雨,1538.209,1753365959,a725bfc4
1898587923558453760,杨迪直接尝出来了哈哈哈哈,1542.474,1753420517,ae954710
1898588979633806848,哈哈哈哈哈这段Dylan小女生的感觉太好玩了,1656.928,1753420643,ae954710
1898633274117548032,西八 笑不活了 哈哈哈哈哈哈哈哈哈哈,1782.398,1753425923,60e24333
1898657403714124288,发币好厉害,1536.51,1753428800,470dd9de
1898864820091084288,涛涛,1594.511,1753453526,e3470321
1900014385343060224,弹幕呢，怎么没有弹幕？,1474.018,1753590565,3ad68769
1900014950055944192,我都没有看清是什么东西,1520.297,1753590632,3ad68769
1900015779680882944,猜得太大胆了,1611.896,1753590731,3ad68769
1900016341843597568,看起来好想笑,1648.607,1753590798,3ad68769
1900078932972598272,哈哈哈哈哈哈哈,1776.629,1753598259,ecc35430
1900293250909070848,老王稳如泰山,1723.35,1753623808,968d7bd9
1900353048833126144,味道应该有的,1618.131,1753630936,10c54e37
1901001124350363392,发币好可爱啊,1578.257,1753708193,2c9403ee
1901002382926510592,太可爱了,1672.273,1753708343,2c9403ee
1901764467755164416,哈哈哈哈哈哈哈哈哈哈哈哈,1750.736,1753799191,ddafd2e4
1902238942640826880,这个眼罩好适合老王,1731.008,1753855752,65067beb
1902284649590899712,华波波这么钢铁直男吗没想到哈哈哈,1769.312,1753861201,f5de49c4
1902909050661155072,弹幕呢 四姐说的啥,1582.34,1753935636,2e93938c
1902910756887219968,Dylan的破碎感哈哈哈,1644.472,1753935839,2e93938c
1904506363838182400,哈哈哈哈哈,1741.394,1754126050,3e5e834
1904506528892481536,好奇怪的画面,1761.072,1754126070,3e5e834
1905000656431964672,这个眼罩我不行了,1754.1,1754184974,f5f7f31f
1905339129458194176,再靠近一点点,1456.9,1754225323,ba077aef
1905766002156188416,我嘞个豆,1448.318,1754276211,cdc7bc83
1906135497672774400,哈哈哈哈 加长版果然不一样 我再敷面膜啊  哈哈哈哈 ,1748.007,1754320258,8a4bf8c9
1906673310826237952,中东族,1687.411,1754384370,1327ee61
1906748234274702336,哈哈哈哈哈哈哈哈哈哈哈哈哈哈哈哈,1762.638,1754393302,b145d3d2
1910390807304161024,我要笑疯了哈哈哈哈哈哈哈哈,1627.006,1754827530,8815c960
1915932755691390976,这也太。。。,1487.198,1755488182,51f2909e
1915934066629406464,哈哈哈哈哈哈哈哈哈哈哈哈哈,1643.477,1755488338,51f2909e
1915934230198990336,哈哈哈哈哈哈哈哈哈哈哈哈哈,1663.022,1755488358,51f2909e
1915934679484266240,哈哈哈哈哈哈哈哈哈哈,1716.53,1755488411,51f2909e
1915934832542999808,哈哈哈哈哈哈哈哈哈哈哈哈哈哈哈哈哈,1734.857,1755488430,51f2909e
1920310407324203776,两伊贴贴,1684.752,1756010039,99536495
1921056005467708160,可爱的发币,1554.389,1756098921,912b4cef
1921058110144466944,哈哈哈哈笑得肚子疼,1664.435,1756099172,912b4cef
1930616796109848576,哎呀,1498.221,1757238656,8f57e35c
1938813363061097472,一个奖励杨迪的游戏,1634.819,1758215763,c1c7a66
1942229667884861184,笑得我肚子疼,1783.88,1758623018,b85033c1
1952519966591265280,每次都没接住哈哈哈,1520.245,1759849718,3d553d69
1962432760279010816,我真不行了了太搞笑了哈哈哈哈,1734.276,1761031415,54f7b9d0
1967644616455633664,哈哈哈哈，这个女孩子好可爱，又害怕又好奇哈哈哈,1476.902,1761652716,eb09f285
1968988588058839552,hhhh小姐姐演员的诞生,1698.466,1761812930,269700bc
1970989897527898112,对吗？,1782.473,1762051505,9d717ee2
1981226523604447232,哈哈哈哈哈哈哈哈哈哈哈哈,1648.361,1763271806,1a09d87c
1988660542331797248,四姐说了“安全T”吗,1582.049,1764158010,c847ffba
2000956881128648192,笑得我肚子疼,1562.666,1765623848,e8b22811
2072032170285543936,大左这里为什么吓得抖了一下哈哈哈哈哈哈,1649.79,1774096682,f82fb2da
,,0.0,1775683732.8000336,
lb.c,,0.0,1775683732.8000336,
,,0.0,1775683732.8000336,
1895737421099143424,是隔壁陈鸣飞写的吧？,1945.554,1752987539,25b5c0fd
1895737422600704256,笑死哈哈哈哈哈哈哈,1861.726,1752987442,eb069b0d
1895737448110461184,不容易,1967.315,1752987565,25b5c0fd
1895737537650462976,笑死哈哈哈哈哈哈玩呢,1864.313,1752989866,adb42c8
1895737540972351744,玩儿呢,1860.902,1752989950,aaf3f032
1895737543203721472,哈哈哈,1815.18,1752989891,aaf3f032
1895737661759918336,哈哈哈哈哈哈,1802.631,1752992030,a4557f7c
1895737678914621696,但是体力劳动可以被机器替代，和ai有微妙区别,1970.153,1752991856,5866b398
1895737721998512384,哈哈哈哈哈,1864.31,1752993989,f3d0b903
1895737806614401280,AI能归纳总结现有信息，但无法创新,1995.774,1752997135,13ee2db9
1895737953691865344,工业创作可以，纯艺术不好说,1978.137,1753000003,8e57c960
1895738031194214656,20元手续费省下来了(ಡωಡ)hiahiahia,1903.052,1753004359,39499903
1895738391359099136,我家也有这个碗,1838.498,1753016417,c2e21b9d
1895738396828471552,妈呀陈超好厉害,1945.204,1753016803,cd8ee3cd
1895738416894021888,100块，哈哈哈,1895.824,1753017896,a9208369
1895738540927979776,超超好甜,1939.237,1753019045,8d117f15
1895738575547764992,有胡子应该感受不到吧,1808.657,1753017627,af72eec3
1895738673107276032,不是地铁卡了么,1892.499,1753022773,9c94b6bb
1895738779793592576,ai是用三推一，人脑是举一反三，本质区别,2024.616,1753029280,f9656259
1895738857295941888,玩儿呢，我一个广东人说不出的儿化音,1868.306,1753032504,9ef562ec
1895738900144951552,我觉得体现人情感的东西最不应该被取代，我是看小说的，如果我看的小说都是ai跑的我会死,1994.923,1753053765,5dbe0dac
1895738918381785344,不一样，至少现在的ai没有人脑会抽风（bushi）,2030.729,1753060518,d1e240cc
1895738950300438784,哈哈哈哈哈感情是在玩儿我们呢,1867.398,1753065521,91850ea9
1895738973092286720,聪明的人才看得到（,1851.057,1753066879,532bb614
1895739025076490496,上次还在说地铁卡扣费不好，立马就改转账了，真的听劝,1909.288,1753064244,3e15afd5
1895739121713254656,陈鸣飞的那个刚看完节目吧哈哈,1956.389,1753072388,df6e1fa7
1895739304081592576,哈哈哈哈太像了,1944.846,1753074038,f48d5c83
1895797243433331456,我去,1891.668,1753087842,35861f7e
1895797705813389056,当然不是,1970.665,1753087897,35861f7e
1895872207323318272,ai的数据库全是人给的,2052.858,1753096778,9f5269ce
1895957325815673088,口条真好,2151.186,1753106925,42cad9e5
1895973581704601344,老王好可爱,1844.968,1753108863,692c8ed6
1895992999780010752,华波波也算猜对了,1803.433,1753111178,24b0ce4c
1896092358488199936,我服了怎么这么好笑，老王真的穿了个香蕉牛奶。。,1821.385,1753123022,7388c77a
1896403149620117248,首彩回来打钱！！！,1815.544,1753160072,fe4eee91
1896658760060214528,老金主啊哈哈哈哈哈哈哈哈,1821.352,1753190543,abb3bea8
1896690759756227584,那是服务器和算力限制而已,2125.293,1753194357,b927edf8
1897017590325956608,刘慈欣的诗云,2043.276,1753233319,78c4204e
1897149153428556800,并不会被取代，就那ai原理来说，他是学习的技术，要是没有真人的作品投喂他，而是ai直接互相学习，最后肯定会失去人类所能体会的美感,2017.769,1753249002,af7c4445
1897160788939608064,AI取代不了大师，但能取代普通人，但我们大部分都是普通人,2028.594,1753250389,b0fb79b9
1897196044832664832,不会的 AI没有灵感只是个参考文献的价值,1999.815,1753254592,6f99a845
1897230944923557632,AI确实，一眼看得出AI,2056.543,1753258753,c05066cc
1897282352929849856,您,1876.848,1753264881,290bcf14
1897313971196141824,68+6+,2070.556,1753268650,676c84ca
1897315932888971776,只能模仿，不能取代,2003.459,1753268884,90b41f69
1897321705291076352,我觉得同意的人说的不是高端审美的艺术，他们说的是快时代创作,2090.686,1753269572,55d83f10
1897326315100134656,太厉害了哈哈哈哈哈,1950.759,1753270122,45654410
1897355364035362560,顶级的取代不了，中间底层会被取代,2092.654,1753273584,7ea9d3d5
1897404209155208704,自从知道地铁卡退费事件之后就换成转账了吗,1896.51,1753279407,3c4a8341
1897472786134957568,陈鸣飞投的吧,1948.859,1753287582,20c78ca8
1897763556578141440,这AI卡壳,1962.905,1753322245,28dcc9f6
1897865698693655296,《精彩葡萄酒》,1811.436,1753334421,c76fd2
1897865887454275072,能用的,1823.216,1753334444,c76fd2
1897975346582936832,画家的画有人买，AI的画呢？我觉得人类不会给AI的画赋予价值,2087.338,1753347492,ace2f97d
1898153206907890944,他俩节目效果已经出来了，拿到奖品不过分,1887.829,1753368695,44f44cf9
1898155156404016128,现在ai训练出的图基本都是侵权的，还不知吃了多少有商业版权的图,1990.896,1753368927,c4640bae
1898227304531014400,陈超超陈超超陈超超～,1935.987,1753377528,e8cc9494
1898497181946647040,华波波太搞笑了hhhhhh,1828.307,1753409700,6a79158e
1898589823536064768,那个脱口秀的哥们吗,1965.639,1753420744,ae954710
1898617694602120704,100元哈哈哈哈哈哈哈哈,1897.022,1753424066,25a98a6b
1898762572212570112,哇厉害了,1941.185,1753441337,eeae67ec
1898770444551886848,哈哈哈哈哈哈哈哈哈,1812.799,1753442275,da4a6923
1899295846349428736,深度学习型会成长,2061.503,1753504908,2233a413
1899311810357134336,陈超超超超哈哈哈哈,1937.372,1753506811,8020f1b7
1899619007338927616,可以的,2140.384,1753543432,f6a66d6c
1899619192483758592,辛苦阿雷了 这么一大段  我都要背半天,2145.64,1753543454,f6a66d6c
1900289831134223104,好丝滑,2143.5,1753623400,6908d584
1900727826387780608,直接转账了，不是地铁卡了,1890.432,1753675613,29c7c55b
1900864257726569216,奇马蓝,2054.335,1753691877,75f02d2b
1900992991485978112,好的画家并不会,1994.973,1753707223,1606bf27
1903906590856424448,对，所以对资本来说是好工具,2119.356,1754054552,c29ddf0d
1905365491481060352,首彩葡萄酒～味道不一样～,1814.065,1754228466,ba4142a8
1905383944120050688,ai i不会创造需求，只会解决人类的需求。,2031.372,1754230666,2ad516b
1906676777745390080,阿雷服装好潮哈,2100.595,1754384784,1327ee61
1907503470140018176,作家，和画家不会。但从事写作行业和设计行业的可能会受到影响，纯商业的会受影响,2014.591,1754483333,f5dd2f0d
1907711567622271232,一个画家的画上千或者上万我都觉得值得，但ai产的图最多一块钱,2110.855,1754508140,b59d3043
1909643331546811648,哈哈哈哈哈哈哈,1802.537,1754738424,d7fb52ee
1913366840508620800,有一只萨摩耶就叫陈超超哈哈哈哈哈,1930.9,1755182301,b30a9c4b
1915224874843617536,前面的萨摩耶的别走,1937.599,1755403796,32f67cc0
1915935882930912000,哈哈哈哈哈哈哈哈哈哈哈哈哈哈哈哈哈哈,1859.99,1755488555,51f2909e
1922480732891760896,陈鸣飞投稿,1994.089,1756268762,8dd2ba4e
1928560476044906752,ai会替代那些水平不高的人，真正的艺术家和作家是无法替代的,2055.3,1756993524,cfd3a899
1930620440054015744,现在AI技术还不成熟，以后就不知道了,2042.591,1757239091,8f57e35c
1950374312087470592,可以娱乐，但没有深度的东西,2005.631,1759593936,5ff286de
1953028710341331200,当然不会,1991.043,1759910365,6e0df0f6
1966172314316318464,好可爱啊这两个人，萌萌的,2019.752,1761477204,1ee5697
1970992051982448640,其实AI给创作圈子带来了很多好处，痛苦的是那些想不劳而获的人，AI反而将这些人筛选掉了。,1971.291,1762051762,9d717ee2
1970992805346750208,想要不被取代就得进步，人类是一直在进步的,2037.466,1762051852,9d717ee2
1980015234983286272,画手可能会，画家不会。写手可能会，作家不会。,2003.369,1763127409,916232ae
2004595551308142848,笔触这个东西AI永远做不到,2129.602,1766057611,ffa3828d
2027798215826511616,有道理哦,2053.34,1768823584,8f58d927
,,0.0,1775683732.8000336,
lb.c,,0.0,1775683732.8000336,
,,0.0,1775683732.8000336,
1895737322071625984,哇，倒过来的角度，不错,2320.614,1752985858,bc12bdcf
1895737389348262144,1000个人欸,2404.742,1752986739,1262b263
1895737464325640448,伦的观点每次都好深度,2429.52,1752988798,dd38837b
1895737568671535360,萨沙确实越来越厉害了,2188.029,1752990345,4bb6c894
1895737635520352512,AI学习能力强能模仿但是创新上暂时还做不到，给他看某个画家的画，他能模仿但是要他有自己的特殊风格还做不到,2307.016,1752992123,da8612fa
1895737675886334208,对对对,2518.778,1752992832,a4557f7c
1895737868891427072,来自四姐的认可哈哈哈哈,2383.869,1752995522,e868d6e6
1895738095023132928,其实就是说ai没有创新能力,2449.334,1753007080,fbf9b322
1895738186207301888,黄子宝宝！,2478.478,1753010860,d93d12d4
1895738219937894656,普通话越来越纯正了,2340.564,1753006552,2f987c3c
1895738308387377408,简单且周而复始的工作不会被AI取代，他们只会被机械化和自动化取代,2177.8,1753012446,da6fca28
1895738539074097408,可是这样的画家真的很少啊,2355.484,1753016161,cb47e4db
1895738633898922240,肯定是指定啊,2166.696,1753023213,691ef385
1895738659433844992,厉害,2461.836,1753022215,7d9f8a33
1895738860030628096,ai只能生产“产品”,2438.121,1753027530,9cc53f64
1895739034186518784,伦儿说的好有深度,2417.125,1753066030,91850ea9
1895739151803191552,老王说的对,2249.4,1753067040,f7934ca3
1895739188276859136,罗师杰在做捧哏,2338.921,1753070661,5268d633
1895779537472677120,很喜欢伦二这个比喻,2442.524,1753085731,3a31dcb7
1895880915561975552,说的确实好,2456.856,1753097817,db27ad6e
1895903241901117696,哈哈哈哈哈哈哈哈哈哈哈哈哈哈哈哈哈哈哈,2382.245,1753100478,4365b2b7
1895978595307183360,黄子！,2470.27,1753109461,692c8ed6
1896020644002007808,我真的我好多次都和萨沙一种选择，高度重合,2355.219,1753114473,683bd9b9
1896387667051097344,创作过程本身也很迷人的！,2197.312,1753158226,1195ac4c
1896391286534280448,我觉得最多AI的作品和人类的作品放到平等位置去欣赏，不会谁取代谁，就像人类不会只需要一个艺术家。,2329.047,1753158657,1195ac4c
1896433511490107392,伦真的每次都说的很好,2449.736,1753163691,dd1dd59f
1896446842347168256,对的。还很无厘头,2510.941,1753165280,9ec95bfa
1896478238348470528,AI没有人所具备的“灵性”，这个是根本区别。,2484.776,1753169023,130b1ee9
1896481816450316288,但那么多著名的画家，活着的时候都没见到自己画出名啊，现在这个行业，艺术还是单纯的艺术吗,2362.688,1753169449,21030a05
1896495205256114944,英专生落泪,2257.924,1753171046,272cb156
1896500684711484672,说白了AI都是把现成的 现有的知识告诉你 它无法创新 没有创造力 也不灵活,2475.575,1753171699,fc8a9b09
1897059227684406272,现在门铃还是用的那个，后面的杨紫琼没必要，前面的那个欢迎来到毛雪汪还行,2509.318,1753238282,35645b71
1897154550214244864,现在小说好多都是ai写的,2317.184,1753249646,d7cb2127
1897198418581828096,更像是Freestyle的,2163.42,1753254875,6f99a845
1897285342076082688,中东人好爱用具体的比喻 好玩,2241.494,1753265237,290bcf14
1897353535075926016,哇伦儿讲得很好,2457.048,1753273366,bbeae81b
1897433976919450368,AI可以帮你炒作 帮你买热搜 买水军 坏的也会变好,2340.159,1753282956,d844b0d7
1897838265261261568,ai创造现在最大的问题是版权，它的数据哪来的？,2329.257,1753331151,9cdf46e6
1898170337209376256,伦是有文化的,2407.645,1753370737,c4640bae
1898593071588396800,不指定的话会长和杨迪肯定会控场的，不然非正式会谈就变成非正式广告了,2170.649,1753421131,ae954710
1898594159171501824,这个点很对啊，其实观众也是作品的一部分,2314.377,1753421260,ae954710
1898594721166096128,是的，没法取代艺术先驱者，但是人类多久才会诞生一个艺术先驱者呢,2398.763,1753421327,ae954710
1898858478203265536,AI是能画出来的，但是目前AI还没有真正创新的能力,2354.986,1753452770,85cd1b5c
1899282247644146688,伦说的超好,2450.24,1753503287,c89ae7d7
1899389604638008064,这样就意味着只有大画家才能生存,2315.347,1753516085,422009b7
1899968866063992832,钟逸伦的观点好到我想记下来,2407.551,1753585138,85e961e3
1899971539840366080,是的，有时候ai出来的东西是不实际的，属于给你描述的天花乱坠但其实并不实用,2516.355,1753585457,85e961e3
1900045394068096512,萨沙是不是deepseek了,2365.82,1753594261,37dfb466
1900699314750768896,AI不抽象,2514.068,1753672214,10555ed6
1900775830246937344,完全同意伦儿的观点,2435.304,1753681336,a9930091
1900996813578880512,"很简单，好的创作,有灵感的创作不会被取代",2425.093,1753707679,1606bf27
1901031552633139456,这不兴叫哈哈哈哈,2498.047,1753711820,c35a3236
1901722114823131392,是抽象,2352.846,1753794142,5adbede8
1903867788553414144,这个议题可以看当下社会在机器大生产的时代我们总是追求手工工艺但是再看我们在什么东西上追求什么手工,2232.109,1754049926,8d3fe83f
1904376810779811584,翻译作品是再创造，当然属于文艺作品了,2280.086,1754110606,21f73640
1905336105902178560,1111,2456.232,1754224963,94dc5d7b
1905386536745115904,数据量都是过去的，像ai创造的一些画作都是基于历史风格，没有未来的风格。,2288.044,1754230975,2ad516b
1906081274615969024,制造业，，,2184.094,1754313794,6748a4fa
1907510299724980992,没错,2175.769,1754484147,f5dd2f0d
1909633496364914688,感觉好多代表还有别人不了解ai画画的原理。那真的就是裁缝大集合,2203.365,1754737252,142fcb13
1916012736815445248,有几个确实在搞艺术的，大部分只是在所谓的艺术行业里混口饭吃而已,2297.01,1755497717,272ec1ba
1919515972591515392,ai又不能原创，出来的东西都是人家已经有过的,2324.575,1755915335,d61f036d
1919765655767985408,确实,2390.9,1755945099,39b1306c
1920593694097511424,但是那么多人之中又有多少个大师呢？千里挑一。只能说大师难以被AI替代，但大多数普通人是很容易被AI替代的,2364.264,1756043809,288a6e7
1921471313504249600,哈哈哈哈哈哈哈哈哈哈哈哈哈哈哈哈哈哈哈哈哈哈哈哈哈哈哈哈,2384.908,1756148430,d0352b3
1924730497872245504,但是很多人其实也只是围着光圈内打转，只有少部分是能发出光的哇。ai无法完全取代，但是ai取代大部分工作应该是必然的,2449.995,1756536955,90bb401c
1937410966522432000,不愧是高材生,2428.936,1758048584,664fbc21
1944395634396738304,可是艺术的标准是很难说清的，尤其是超越时代审美的艺术,2372.895,1758881222,952047f4
1946596116557161472,同传不可能，比如自古以来，中国有句老话，你怎么翻译,2271.392,1759143540,24bc755
1953032408702466560,哈哈哈哈哈哈哈哈哈哈哈哈,2390.919,1759910805,6e0df0f6
1964145062028178176,哈哈哈哈哈哈哈哈，怎么我在非正还能听到黄子,2469.118,1761235537,f260f6db
1965470285503505664,但是现实中其实有一些需要创作的。工作他确实是会被AI取代，因为作为商业用途，AI的那个程度是完全够用的。这是我们一个从国内大厂离职的老师跟我们讲的。因为他们当时在做东西就已经套模板用AI。,2380.266,1761393516,d0b3063b
1965962475476472064,梅丽莎好好看,2271.709,1761452189,5c1cccf8
1968996492291897088,好啦ai取代不了伦儿,2435.324,1761813872,269700bc
1969411312866597120,如果人类不再进步 那AI还会是AI嘛,2414.221,1761863323,7ed3ebc
1985133228776545024,翻译读空气什么的感觉能训练,2278.757,1763737521,55203a50
1985134760192303360,可以训练,2518.973,1763737704,55203a50
1996728559007878656,ai应该是从1到60，而人是负责从0到1和从60到100的,2430.868,1765119792,74ba3500
2056102682372178688,ai模仿的只是形式,2363.539,1772197739,fa9ad547
2082958314446724096,AI只是提高效率的工具,2221.713,1775399180,a4d2be15
,,0.0,1775683732.8000336,
lb.c,,0.0,1775683732.8000336,
,,0.0,1775683732.8000336,
1895737410512720128,感觉这个有趣1,2795.193,1752988764,39108e46
1895738094108774656,意识,2662.0,1753003029,6653a374
1895738218117566720,我更喜欢作品独立于作者存在,2704.182,1753012025,729cd479
1895738283766812928,除非ai哪天学会了思考和不按常规，但是人类会允许这样的它们存在吗,2540.067,1753010137,10294f3d
1895738567352094976,主要是用得少了吧,2862.128,1753022489,61f1cb93
1895738632992952576,超超太美啦,2555.795,1753022069,1f0a24fa
1895738636633608448,真的很爱Dylan，每期必cue，哈哈哈,2649.068,1753021557,6e443ff5
1895738730552463616,deepseek是这样的！,2522.65,1753021395,6e443ff5
1895738777964876032,大左又困了,2711.853,1753025162,d6bfe3aa
1895738899238981888,阿雷一定很有语言天赋,2864.374,1753026188,3b5559de
1895738997712851200,加字游戏,2829.421,1753054603,5dbe0dac
1895739267607924992,西语里的人称变位和阴阳性很有意思，我，你，她，他，您，你们，我们，他们，她们，您们,2804.071,1753072834,293203a
1895850139940747008,工作报告AI的确是好帮手！,2543.657,1753094148,416bbb9a
1895921119618453248,作品和作者根本无法分割啊,2714.73,1753102609,e1f0140c
1896012893708357120,ai没有人生，但是ai有你们呐,2743.137,1753113550,698bab0d
1896065447497910528,语言环境很正常手能生巧,2876.525,1753119814,cc2734ec
1896479661995797760,Blade Runner,2645.459,1753169193,130b1ee9
1896654942690213632,中文是积木并且是榫卯结构,2830.122,1753190088,89807551
1896772345109555968,词根词缀 哈哈哈哈哈哈,2818.729,1753204083,1f9c8d2e
1897102321968798464,不知道为啥这个话题老是让我想起崩铁里的博士尊，我们强大的智识星神,2549.068,1753243419,f5a06ba5
1897196758887995392,AI代替不了艺术家，但AI能代替打工人，作为普通人的我是焦虑的,2757.811,1753254677,b0fb79b9
1897363087586601216,是的 英文是树形语言,2824.014,1753274505,84203b4
1897872503666875648,超超说得好～,2569.221,1753335232,c76fd2
1897944087584629760,来了看预告最感兴趣的话题,2788.137,1753343766,9cdf46e6
1898191646873602816,我靠，这个观点让我耳目一新,2536.947,1753373277,f0071fca
1898587064925435904,这个话题好！,2795.805,1753420415,a18ccce
1898596254410661632,ai如果把微醺状态也建模了之后可能就能复刻了，并且能随意还原,2581.86,1753421510,ae954710
1898596665712523776,确实，一个平庸的内核很精准,2640.395,1753421559,ae954710
1898861636539289344,而且目前可能觉得觉得AI的有些图或文字有灵性实际是观众自己的赋予这些东西的主观体验是观众自己的灵性不是AI的,2668.317,1753453146,85cd1b5c
1898899350840110848,是不是ai的记忆能力有上限的原因？,2636.01,1753457642,2ddb40c0
1898913616263543296,ganghood这个真的不是广东华侨带去的词吗江湖的粤语发音啊哈哈,2769.624,1753459343,e8831434
1899395980466646272,大左那个表情，哈哈哈哈哈哈,2727.784,1753516845,2a7b6daf
1899451219231916544,因为没有坚持每天都用ai跟它进行大量互动给它数据样本支撑，所以我认为每个人用的ai都不一样，我觉得我的ai还是挺像我的,2647.849,1753523430,cb8fc6d6
1899934260052788480,中华文化的包容性哈哈哈,2849.24,1753581013,ae954710
1900015569328667392,好喜欢这个话题,2795.283,1753590706,85e961e3
1900048826854286080,那人的灵魂是电子信号吗，如果是，那人有没有可能是超级精细的碳基“机器人”,2655.645,1753594670,37dfb466
1900281300003517184,西部世界的核心就类似这样的,2602.68,1753622383,cd73212b
1900285629850936576,确实起码目前的ai画作没有人画的灵气,2557.858,1753622899,21100105
1901048146860625152,这棵树的动画是ai生成的吧,2803.727,1753713798,bba3e7b3
1901659990159627264,对，写文也是太高大上了，不接地气,2520.306,1753786736,105f52db
1901679859307668992,前面的，你把ai想得太厉害了,2738.443,1753789104,8c5fa1a1
1901694474971820544,知人论世是解析作品的一个重要观点,2714.601,1753790847,bb1af361
1901807782567905536,小熊说法语的表情好可爱,2871.945,1753804354,6b233d5a
1902175987245469952,灵韵,2668.184,1753848248,3fc3c7dc
1903102126856042240,人的反应和情绪千变万化 ai需要基于data来学习复刻 但人心和思想复刻不了 因为你自己都不知道你到底会如何啊,2743.891,1753958652,95e70b5d
1903911544119548672,机械劳动（报告、PPT、标准化文案等等）确实适合AI,2552.306,1754055142,c29ddf0d
1905283396587498240,我也有这样的担心，毕竟大的发现是要在小的累积基础上的。如果这些小的方面都被ai包圆了，人类还会有大发现的灵感吗,2568.797,1754218680,1739167a
1905322044405448448,心理学本来就有灵魂,2690.41,1754223287,f73e1df3
1906144811317396224,我以前学英语的时候，也会想外国人学中文的体验是怎么样的,2818.823,1754321368,de5d2566
1906664836822229760,所以说语文考试里的阅读理解靠标准答案就很扯,2687.504,1754383360,16673124
1906696462252080384,感觉伦儿是语言限制了发言,2529.891,1754387130,64b0d079
1906886153408858112,好适合我英专生来听 ,2814.7,1754409743,937fdd57
1908206015506796288,ai不可能成为艺术家 这句话有问题吗？,2749.178,1754567083,d8a8f583
1910400646260643072,喜欢这个论题,2802.046,1754828703,8815c960
1912295074109538048,前面的也可能没有理解什么叫创作，ai可以实现艺术产出，但跟创作还是差远了的,2744.468,1755054537,a8fe5ea9
1912306335295954944,怪不得我学英语困难,2848.344,1755055879,cdc7bc83
1914618808048601600,说的好好,2678.049,1755331547,39959bed
1914619278565804800,大左看手机哈哈哈,2728.618,1755331603,39959bed
1915193156341953792,现在ai就是一个全领域博士只是专家。他只是没有真实世界的更多样样本数据,2569.108,1755400015,23dde82b
1915445346528739072,电脑病毒：我来看看怎么个事儿？,2576.487,1755430078,aa8cb2c6
1915986185612797696,“就没电了”哈哈哈哈哈哈哈哈,2591.443,1755494551,cd971f7f
1916852564402818816,江湖不是打打杀杀，江湖是人情世故wu～～～～～～,2764.246,1755597832,ebcfcea3
1919268751279502848,这只能证明如今的AI还不聪明，还不智能，难道AI技术不会变得更厉害吗？,2612.277,1755885864,8ff620f
1921321382714216960,信息熵大,2841.927,1756130557,c8faf44f
1922681235663422464,如果AI真达到这个高度，那AI就不是AI了，人类也危险了,2697.724,1756292664,bc17ebe1
1926387262783289344,人类作为个体，生命体验是有限的，而ai作为更高级的文明，或许会不会被我们想的太简单了。,2771.566,1756734456,d0244f28
1928566961126791424,他说的太绝对了，ai技术刚刚起步，未来的发展是不可预知的,2749.14,1756994297,cfd3a899
1928568074974780160,英文是孤立的好吧，中文是组合式的,2834.7,1756994430,cfd3a899
1952531056876225024,如果AI能够有自我意识和思想，AI就是人，人退为动物,2715.729,1759851040,3d553d69
1996732419327971328,中文很简单很适合其他民族学习 所以中国才会是一个多民族国家 并且从不排斥其他文化海纳百川,2835.006,1765120253,74ba3500
1999292041175421696,Ai man姐吗哈哈哈,2602.201,1765425383,e4630f95
2027802308762818304,这个观点好,2541.215,1768824072,8f58d927
2045095330529259520,这个想听很久了！,2795.731,1770885561,e6d149b0
2069023283827016448,AI可以创作，但是每个人有独属的成长经历，他创作的东西是独一无二的，所以替代不了个人,2739.673,1773737995,6b2b33d2
,,0.0,1775683732.8000336,
lb.c,,0.0,1775683732.8000336,
,,0.0,1775683732.8000336,
1895737617359016192,哈哈哈哈,3218.723,1752993544,a4557f7c
1895737713425355008,但是中文商务场合也会这样，中文也有客气和礼貌,2976.263,1752992710,5866b398
1895737727702765824,但是中文之前也这样，白话文运动时就有胡适“干不了，谢谢”“才学疏浅，恐难胜任，恕不从命”的案例,2975.656,1752993017,5866b398
1895737820195557632,哈哈哈 我第一遍也在疑问 你不是医生吗  结果发现卡在了中文上哈哈哈哈哈哈,3227.366,1752997558,fbf64f60
1895737998369591552,好喜欢伦儿讲故事,3143.561,1752999620,7b5f275c
1895738106876236032,伦的冷知识好多哈哈哈哈,3121.118,1753010691,450eca7a
1895738131496800512,英语四级准备,3180.027,1753009480,8fd891b1
1895738136966172928,德语出来说话,2889.523,1753008855,47376c28
1895738139700859136,日本文化有些过于客气了，反而成负担,2979.348,1753006769,13ee2db9
1895738374950981888,日文的语法结构太麻烦了,2947.238,1753012693,58c62de
1895738385889726720,语言环境真的非常重要,2880.638,1753014675,c0184399
1895738605637701888,哈哈哈，西语信息密度太低了,2887.48,1753021179,913778e0
1895738888291848448,和语言背后的语境文化有关的,3004.846,1753030941,5404f33
1895738956675780864,日语真的，可能是因为日本人很容易不安所以很喜欢叠甲,2968.764,1753036550,7a1afabc
1895739047859949824,伦儿个学霸知道的可真多啊,3138.994,1753066617,91850ea9
1895739281281356032,这解释也是费劲，中文六个字解决：有根源无系统。,3165.086,1753078062,1ea53aa5
1895813671943725312,说英文是因为没学过其他语言hhh,3058.228,1753089800,18de2fc4
1895885303986710784,七月八月是纪念凯撒和屋大维硬加进去的我记得,3103.283,1753098340,db27ad6e
1895963615233216000,月天~~~~,3088.264,1753107675,bb240a6
1895984463582683136,伦儿好棒！,3141.672,1753110160,692c8ed6
1896199650127027712,Medium well steak,3202.601,1753135813,74e59e26
1896307962851638528,Mayday！Mayday！,3084.608,1753148725,b748a01c
1896408715746876416,原来如此，怪不得烷烃的英文名是这样命的,3130.385,1753160735,30eb9777
1896433111504550144,月份的英文在西方文化中也算是历史文化的体现,3081.902,1753163643,a076c47d
1896450535448673792,杨迪太有意思了,2936.319,1753165720,9ec95bfa
1896482053151608320,文化语境不同,2926.889,1753169478,130b1ee9
1896482757568255488,看过日语邮件的结构 那是真含蓄啊 好像说“不”是天大的错,2948.052,1753169562,130b1ee9
1896753204394875904,店家不想给别人用，为什么还要设置自己的店名为WiFi名啊，这样每次都解释多麻烦,3049.958,1753201801,2677cf4c
1896946225677535744,是凯撒和奥古斯都加的7月和8月打乱的吧,3129.064,1753224811,a5fb62e5
1897250225970898176,而且13月 和 星期八这种说法 他们只能重新创造一个词,3115.972,1753261051,c5e94360
1897407157516052224,就像知道奶奶的礼物用俄语怎么说，真的那么长吗,2896.574,1753279759,d849b843
1898582067882162432,日本人说一个句子 一半都在委婉,2941.965,1753419819,76036370
1898588868694397440,敬语地狱,2954.96,1753420630,a18ccce
1898590585045603584,这个是历史上的语言融合因素吧,3060.517,1753420834,a18ccce
1898665512134126080,说普通话久了会忘记方言,2905.249,1753429766,b0850c04
1898850951616771840,为什么要留下殖民的痕迹,3157.268,1753451872,ef8bd67d
1898937681158312448,还有星期,3074.909,1753462211,b465622b
1899312426064304384,中文好比压缩包,2881.612,1753506884,714d1f13
1899359596045350144,哈哈哈哈京都人,2942.526,1753512508,48caf715
1899668818784674048,这是人为的，任何国家要是愿意这样，也能在表达一个简单含义时去延申自己的句子,2968.119,1753549370,395ce43e
1899936646569887488,还有星期。日语也要再背一次,3072.627,1753581297,ae954710
1900498638082942464,懂日语的可能会懂吧 真的巨长一段,2997.345,1753648292,8205cc06
1901004936989475584,其实赖赖的发言都挺有信息量挺好的,2962.898,1753708647,2c9403ee
1901005262887011072,好温柔啊,2994.395,1753708686,2c9403ee
1901007210696225280,日耳曼人,3145.006,1753708919,2c9403ee
1901007274919789824,棒棒,3148.423,1753708926,2c9403ee
1901007503156656384,原来如此,3165.412,1753708953,2c9403ee
1901007627769515776,很详尽诶 原来不知道,3169.51,1753708968,2c9403ee
1901036066467942912,唉确实会有些容易导致内耗,3036.179,1753712358,c35a3236
1901601973363943680,中文是象形文字发展来的,3076.554,1753779820,92f8c01f
1902328538762730496,反了,3049.595,1753866433,89ed58e
1902903884662556160,一个Wi-Fi都这么抠啊,3030.227,1753935020,96f86921
1903773304859711744,非常容易不安的日本人,2947.431,1754038663,5eebbb86
1904212771181454848,主谓宾主系表的顺序是一样的,3210.693,1754091051,4213efaf
1904516264131825920,正常吧,2882.476,1754127230,3e5e834
1904516761693761280,哈哈哈,2941.821,1754127290,3e5e834
1904516806791007488,晒伤妆,2947.196,1754127295,3e5e834
1904519028052442624,混了是吗,3179.667,1754127560,3e5e834
1904710780163548160,你习惯了，完全没问题,3083.008,1754150418,1606bf27
1906026731576451328,这个确实有点直接了，中式中也确实可能存在这样的,3018.666,1754307292,c8137052
1906684917807754240,英文比法文容易,3070.951,1754385754,1327ee61
1907637741270252032,呜呜呜英文里器官名词和病的名词和相应科室名词真的大部分完全不一样，太痛苦了真的完全不一样,3237.084,1754499339,ff8d4f0a
1907900244344148736,？我们大学老师都说英文天生自带逻辑……,3046.075,1754530632,21c98764
1907939231465567232,哈哈哈哈哈哈集合,3078.613,1754535280,27e7f95a
1908208058292258560,日本好累,3042.943,1754567326,d8a8f583
1908238397278553600,想委婉也可以委婉呀。只是大家觉得太装不那么说了,2986.636,1754570943,a4b37ddf
1910303699142508800,所以我总觉得他们说话烫嘴？,2905.236,1754817146,664d29dc
1910306040881807360,忍。哈哈哈哈哈哈哈哈哈哈哈,3034.062,1754817425,375127a9
1910306198109537280,濑濑刚来时候的梗,3034.062,1754817444,375127a9
1915449847520377088,动物名+肉表示某种动物的肉。这是几千年沉淀下来的智慧,3051.605,1755430615,aa8cb2c6
1915991236444326656,萨沙好搞笑哈哈哈哈哈哈哈,3217.489,1755495154,cd971f7f
1916226599335198464,donde donde,2931.706,1755523211,41d23346
1916228677268589568,wow,3173.682,1755523459,41d23346
1916315156007532032,前面的，除了没有小贝拉逻辑,3181.139,1755533768,299590f4
1916619295518292480,哈哈哈哈哈哈哈,2919.677,1755570024,51f2909e
1919962561386910208,不安,3011.16,1755968572,3bd57624
1920500537993289984,这个就是我想吐槽的，英语的日期真的好难记,3060.432,1756032704,7b3cb016
1923466522425711872,伦儿才是真正的博学学霸,3150.234,1756386277,a82a2ebb
1929348917360019200,其实中文更没有逻辑，就是你想怎么说都可以，主要就是看积累量了,3057.608,1757087513,467053b4
1932308120081196032,我第一次在国外吃牛排 说五分熟 five，服务员大问号,3201.353,1757440278,52ac390e
1938326182697830400,对对对，这个很麻烦,3032.573,1758157687,69dfa122
1944620545828698368,10个月 那年都要过错,3124.155,1758908033,1875fd96
1960152989767726848,词源太多，还要混着不统一,3101.673,1760759645,7bf5ae5
1960315171222860288,商务对话,2985.653,1760778978,99cb8cc6
1970391830956991744,英语学渣产生了一些不好的回忆……中文换个字就能表达清楚的事儿，在英语里面要挨个背单词,3201.922,1761980210,f517d2b4
1971032280625968128,这不叫逻辑，这叫历史渊源，如果英语本身有逻辑，他就该根据自己的语法规则来解释这些东西，而不是照搬别人的,3173.232,1762056557,9574db04
1986522542408234752,著名“星期八”哈哈哈哈,3064.179,1763903140,2a9d92f9
1988680519910594304,好可爱的语气啊,3211.732,1764160391,c847ffba
2015997122545654016,凯撒大帝修改了历法，十个月变成12个月,3118.741,1767416784,ae954710
2029776380103077120,都去店里吃饭了还不让用WiFi确实不厚道,3021.134,1769059400,361d239
,,0.0,1775683732.8000336,
lb.c,,0.0,1775683732.8000336,
,,0.0,1775683732.8000336,
1895737449360363776,哈哈哈这个音效,3434.307,1752989690,dd38837b
1895737554259906816,汉语自带超链接,3502.689,1752990382,7e894dc7
1895737698191642880,英文不是也有一些语气词吗,3463.7,1752993765,534bf33e
1895737702964760832,现在小孩学典故也是这样的,3515.271,1752993777,5866b398
1895737848280617216,所以他们上大学贵的要死,3301.863,1752995548,136254b6
1895737891691663616,如果目标是跟人勉强交流的话，很简单,3388.746,1752996103,7864b331
1895737902630408448,哈哈哈哈哈哈,3542.495,1752996835,e868d6e6
1895737928165331200,对啊对啊，本来就是啊，所以那些鼓吹国外如何教育平等的，本来就是扯别的，首先连语言就是不平等的门槛很高的,3270.78,1752996508,e868d6e6
1895738086819074304,感觉我和听英语一样,3398.682,1753007529,2f987c3c
1895738104141549824,我听英语听力也这样,3398.818,1753008039,fbf9b322
1895738124207100160,这里应该是well,3591.94,1753002948,90a344d5
1895738260068995328,语言浓缩ww,3415.286,1753013167,58c62de
1895738461571748096,亚洲语言普遍是这样的，主要还是大中华地区辐射,3581.0,1753014800,b345a1e6
1895738525392277760,我也发现了这个问题,3257.235,1753015917,6ee65ea5
1895738653964472576,此处BGM已经日本风格,3569.688,1753025562,226099f9
1895738823556960512,太where了哈哈哈哈哈哈,3558.444,1753026489,8ad6ba0b
1895738935712649472,我感觉老王就这几期非正下来汉语都有进步了,3428.469,1753027972,8d665d98
1895738962153541888,其实我现在在英国生活，无论是跟哪个国家的人说话，我经常回答嗯，他们都可以听懂，真的很方便很中文的表达,3471.945,1753054895,973da82
1895738991337509120,前面啊？的点在哪里？？,3505.733,1753067454,43cb6c93
1895739004096581888,我也才知道,3285.669,1753033782,d5c5e535
1895739009565954304,哈哈哈哈哈哈哈哈哈哈,3317.609,1753068397,f7934ca3
1895739326890217728,成语是超链接，所有熟语俚语和歇后语才是压缩包,3537.481,1753078668,1ea53aa5
1895809281815646464,最惨的是日本人，在这些基础上还要翻译成片假名背,3285.983,1753089277,d2fc1204
1895891365066548224,汉字自带压缩包超链接,3506.18,1753099062,1eeaccb8
1895906708459891456,哈哈哈哈哈哈哈哈哈哈哈哈,3542.014,1753100891,8223018c
1895917280982994176,弹幕呢？,3380.471,1753102152,4365b2b7
1895937886776867584,戴卢可是佛拉芒人,3461.641,1753104608,be52f108
1895945065151751424,1,3469.14,1753105464,83719079
1895974459136292096,老王这个手指的动物太萌了哈哈哈哈哈,3368.702,1753108968,c5fcbd94
1896736230398801920,迪伦想介绍哈哈哈哈哈哈,3285.135,1753199778,b9816bbd
1896738375130942976,哈哈哈哈哈哈哈哈哈哈杨迪太有梗,3552.143,1753200034,b9816bbd
1896773498131941888,不想听，不想了解医学法学这类太专业性的东西,3330.832,1753204221,b176604b
1897146857139167488,吧 吗 哦 ,3449.353,1753248729,35645b71
1897148948762767360,中文常用字2千～三千字，医学法律都能看懂（每个字）英文你得重学,3300.605,1753248978,729e3ab7
1897240958723524864,他是整形医生,3245.183,1753259946,c05066cc
1897344309032788992,HHHHH,3548.929,1753272267,e724095e
1897353674855129344,老王的汉语是靠“百家饭”成长的啊,3413.629,1753273383,d403eb94
1897959016110826496,我感觉日语表达比中文更模糊，但欧语系应该比中文清晰,3481.107,1753345545,9cdf46e6
1898037661450136320,没有语言是难的，融入当地都很容易学会,3360.179,1753354921,6ba6f998
1898147251440773632,学医的英文巨长一个单词,3249.832,1753367985,33c2f0de
1898595100549340416,yeahhh和“え？”的洗脑率也很高,3442.216,1753421373,a18ccce
1898595474438069760,好的，收到,3466.201,1753421417,a18ccce
1899889882369721088,然,3577.428,1753575723,3e3ca627
1899940569846165248,英文里的humm不就是这种意思吗,3483.17,1753581765,ae954710
1900248293867858176,看吧~,3476.886,1753618449,1bd801ae
1900268259098969856,大学学心理学法学，专外学的人想死，开卷我都累死，必须背一些，不然翻都翻不到,3309.209,1753620829,68efaa5c
1900386229888349440,害,3588.413,1753634892,33977ab
1900504034642194432,而且现在还在一直造新词 网络迭代也很快,3536.387,1753648935,8205cc06
1901038009001065984,确实，会有专业壁垒,3267.74,1753712590,c35a3236
1901043281199645696,整形医生不背专业医学词汇吧,3248.477,1753713218,ae954710
1901055028312566528,嗯 用英语的yeah 不行吗,3513.992,1753714619,bba3e7b3
1901699298253806080,哈哈哈哈哈哈哈哈哈,3555.241,1753791422,bb1af361
1902215296740708608,中文一个哦～～～能表达很多意思,3489.451,1753852934,167a1194
1902491000623422720,生物学全是拉丁语,3260.405,1753885800,59b380d7
1903115360002498048,汉文人点了,3530.814,1753960229,95e70b5d
1904402415873511680,哈哈哈哈哈哈,3438.59,1754113659,6327891d
1904520475078927360,我也想听伦儿讲历史,3336.829,1754127732,3e5e834
1904713978178131968,你会不会说重要的是环境问题，像我现在的应试教育，会看和阅读英文，写和说就很差,3417.528,1754150800,1606bf27
1904714897275852288,很多更复杂的，很多中国人也不知道,3523.445,1754150909,1606bf27
1904715420767052544,不就是看语气的吗,3577.83,1754150972,1606bf27
1906688697462662912,小姐姐英文很好好听 不是脖子右柠哈哈哈,3466.311,1754386205,1327ee61
1907359113126774016,粤语无障碍～喺！,3563.437,1754466124,d9a3acb1
1908669758451742720,还有古希腊语,3297.211,1754622365,f41917e3
1910307226334185216,让伦讲下历史,3294.697,1754817567,664d29dc
1915992112592547840,我想听伦说,3296.419,1755495258,cd971f7f
1915994372726802176,四姐reaction好棒,3542.21,1755495527,cd971f7f
1916230844314519808,语言还是要在环境中学,3421.751,1755523717,41d23346
1919282737379220480,匈牙利语也非常难,3351.111,1755887531,8ff620f
1920520378267664128,意群,3403.007,1756035069,99536495
1921097014738263808,陈铭老师说的吧,3438.683,1756103810,bc1232f7
1921950390136930304,就跟中国的好字一样，有时只是表示听到你话里的信息而已,3576.112,1756205540,91f228fb
1926835259497439744,经常看着看着觉得他们几个老外把中文说这么溜好厉害,3412.989,1756787862,b97e7a27
1938829039104673792,笑死我了，这句话谁说的？,3434.256,1758217632,c1c7a66
1996737031745336320,并非,3352.126,1765120802,74ba3500
2011293092187681536,哈哈哈和我对日语的感觉一样，，，呆了10年多 后面觉得是没有尽头的,3529.002,1766856020,1bdc989c
2012585087044033536,这个确实 日本的法律和医学基本是学习德国 舶来词也是基本用德文音译,3321.095,1767010038,83537bde
2018529617530469888,秦嗨汉诺,3562.248,1767718681,a29de8f8
2021310047682553600,是的,3262.826,1768050134,9ae24a60
2035768047671333888,法律也是一样的。中国法律也一样,3275.017,1769773662,f466f7d8
2038743529190839040,先学字，以字正音，阿拉伯人有这个意识，所以他才能学这么快，欧美人完全没有文字的概念，所以觉得中文最难,3384.196,1770128367,7966ad44
2038746329182394624,表情语言，本来也不用翻译,3590.184,1770128701,7966ad44
,,0.0,1775683732.8000336,
lb.c,,0.0,1775683732.8000336,
,,0.0,1775683732.8000336,
1895737386328363264,哈哈哈哈哈哈,3617.105,1752987469,882cd619
1895737509229859072,哈哈哈哈哈哈哈哈哈哈,3676.144,1752989498,59dfb4d2
1895737583057998080,天啊，67个字母组成,3637.073,1752989336,eb069b0d
1895737632492065024,来个短的,3853.378,1752993748,6cf1571
1895737693435302144,哈哈哈不许总结,3609.164,1752993497,6cf1571
1895737816580067584,这里字幕错了，表音文字,3890.122,1752995204,5579ad8f
1895737979226788096,这一季字幕太多错误了，怎么回事啊，中文外文都错,3896.211,1753006124,aab7b18b
1895738066770301184,日语和韩语是不是也是？只要会拼都会读，但是意思得再记,3906.105,1753001542,545954c8
1895738087733432576,哈哈哈哈哈哈哈哈哈,3845.99,1753000556,7b5f275c
1895738152468320512,哈哈哈哈哈哈哈好可爱,3651.946,1753012041,d93d12d4
1895738180737929472,巴别塔,3742.261,1753008044,a62ceb35
1895738275562754304,英文就有刚刚说的英法问题导致逻辑混乱,3943.0,1753015298,b345a1e6
1895738327530180864,日语是半拼音，保留部分中文,3886.0,1753015152,b345a1e6
1895738332093583616,象形文字就是比拼音文字要方便的,3886.0,1753015173,b345a1e6
1895738336648597760,所以传播效率很高，且没有文化断层问题，所以逻辑一直能保持,3943.0,1753015269,b345a1e6
1895738357620117760,想起之前看的用各国语言唱知否。到俄语就跟念咒一样,3849.285,1753016974,910793e9
1895738458845450496,啊啊啊最喜欢听大家聊各语言的特点！这是我当年看非正的初心,3614.056,1753016407,a354f0d2
1895738658519486720,愚者无畏也是一个压缩包呀，它不是常规的意思，俄语也可以生成一个压缩包,3826.746,1753025972,fe92a296
1895738785262964992,哈哈哈哈哈哈,3817.962,1753023551,ef8f951e
1895738933883932928,头晕了,3644.316,1753035085,13a0d4c4
1895738979476017408,确实，看小Q联合国的时候同传俄语的信息密度好低,3838.236,1753041245,cdfc31da
1895739066096783616,哈哈哈哈哈有意思,3612.271,1753067134,91850ea9
1895739104407556352,突然想起之前埃及代表穆小龙的名字也很长,3658.216,1753041498,4e76690
1895739162750324992,尼采：事情没有对错 只有视角不同,3726.186,1753073245,cb0b74b0
1895739177338114304,哈哈哈哈哈大家注意有位烫嘴的德国人要来啦,3629.774,1753067187,91850ea9
1895792428078861312,还真是,3941.511,1753087268,3a31dcb7
1895853082563739136,好漂亮啊,3705.421,1753094499,dc02669c
1895873710125642496,湖南话“搞”也有好多意思。,3601.591,1753096958,29a218df
1895907346799683328,翻译是代表自己翻译的,3697.145,1753100967,d0a706e0
1895978079743661568,decode（语言学人惊坐起,3717.032,1753109399,c5fcbd94
1896108421095192320,姐姐的专业和今天的话题好适配，语言差异,3706.185,1753124937,7388c77a
1896515341271146240,我喜欢这个话题，有意思,3616.444,1753173446,b99d4a1f
1896518162234223872,信息熵,3876.963,1753173782,b99d4a1f
1896543132645330432,这颜值，太好看啦！！！！,3695.311,1753176759,832cc876
1896780626377012736,不动产超级抵押,3636.607,1753205070,1f9c8d2e
1897154366721285632,我又要骄傲了，联合国文件里，就属中文那本最薄（叉会腰）,3813.058,1753249624,729e3ab7
1897941956827989760,都在酒里了,3865.043,1753343512,8b93c9d9
1898002374233537280,好像现在学校初学英语不给学音标了？,3917.24,1753350714,2a453a04
1898102017021935872,满分5,3789.416,1753362592,b29ebb7b
1898156268347363072,我记得我初中那会有学音标 但是不会重点去考,3923.454,1753369060,33c2f0de
1898512243499875328,大左表情笑死我了哈哈哈哈,3865.395,1753411495,4b7d9bf5
1899331643441710592,哈哈哈哈哈哈好可爱,3679.808,1753509175,1091612d
1900180799328848384,确实像吕一,3719.965,1753610403,115a0075
1900386773294106880,不对不对,3653.208,1753634957,33977ab
1901012436203785984,强行闭麦,3615.255,1753709541,2c9403ee
1901013060701833216,字幕乱回了,3657.418,1753709616,2c9403ee
1901170929900720384,还确认下对不对哈哈哈哈,3831.848,1753728435,aa15251e
1901171333829032960,给陈铭总结累了,3859.411,1753728484,aa15251e
1902159930518213632,六书,3947.484,1753846333,705b52ba
1902331185083402240,大学选修语言学讲过这个区别,3951.181,1753866749,92f8c01f
1902335700813538048,分析语,3890.528,1753867287,89ed58e
1903671238854313216,大学老师也一直强调要用外语的语境去理解外语不要纠结于对应中文是什么,3741.737,1754026495,b7a9b2eb
1904763067708153600,萨沙真一点口音没有啊,3759.038,1754156652,ddee2dcd
1905858903875679232,梅丽莎中文好好,3688.86,1754287285,7becfa2e
1906691517007991808,德语也是,3801.725,1754386541,1327ee61
1908906630024663808,俄语∶入门即入土，但不得不说俄语听起来是真的好听,3783.319,1754650603,43d421ca
1913917196015940096,法语也是,3808.423,1755247909,62e4d313
1915995900275556352,好喜欢梅丽莎,3713.265,1755495710,cd971f7f
1916030022574273280,语言的背后是思维逻辑,3695.995,1755499777,272ec1ba
1916079700078810368,忙啊，忙点好啊（doge）,3835.762,1755505699,746f4806
1916625392777953536,很有意思这趴,3621.459,1755570751,51f2909e
1920356151963837440,韩语就是,3912.685,1756015492,954b058c
1920523017751516672,专业的来了,3686.052,1756035384,99536495
1920524371614198784,对!!!!!!,3843.108,1756035545,99536495
1921484775709746688,又美又有学识，太厉害了姐姐,3711.137,1756150034,d0352b3
1921487725823974144,标注拉踩还是没必要哈哈,3945.676,1756150386,d0352b3
1924956553183220992,俄语语法确实难,3781.888,1756563903,e498a6f4
1928311481842799872,我怎么看到了autumn,3673.982,1756963841,272b951b
1929831823954261248,终于说到重点了，一维语言与二维语言,3932.368,1757145080,df7cc456
1937964820096246784,及格了,3795.295,1758114609,ea665755
1940204146955817728,这段话题讨论味道对了！！,3623.895,1758381557,add21500
1947129987367245056,萨沙有口音的，东北口音哈哈哈哈哈哈,3767.265,1759207182,ecb24fe1
1954999544181936896,我们是造字，其他语言是造词，我们是组词,3892.371,1760145306,fb6e727e
1960973806940170496,还有俄语的字感觉都一模一样233,3802.199,1760857494,8b1c7d51
1965271622538264320,字和词不一样啊，汉语的词能数清吗,3769.495,1761369833,b509e6de
1966180469729066752,对的，中国还有很多种方言呢，都是文化,3734.607,1761478176,33978299
1983664562083361280,老王的哇太可爱了,3664.275,1763562443,c53f17b0
1985149511878330880,陈铭没有总结的终究还是要来的,3681.241,1763739462,55203a50
2004619822436624640,上文言文,3868.638,1766060504,ffa3828d
2038747074585654784,这更像造了个固定搭配短语，而不是单词,3646.077,1770128790,7966ad44
2057933376119917312,好漂亮,3689.333,1772415975,dc69dd68
2072056217312398080,母语是汉语好骄傲啊,3882.558,1774099549,f82fb2da
,,0.0,1775683732.8000336,
lb.c,,0.0,1775683732.8000336,
,,0.0,1775683732.8000336,
1895737662774939904,再次安利陈老师的有聊，想了解陈老师对一些话题或者事物的看法的一定要看,4023.906,1752994396,534bf33e
1895737685701005568,俄罗斯女排功勋教练卡尔波利,4271.389,1752994558,7b2fe900
1895737697243730176,俄罗斯队那几年发挥起伏很大，拦防水平下滑了很多，换谁谁都得生气，卡尔波利老爷子不生气才怪了,4283.614,1752994661,7b2fe900
1895737894426349824,还真想听下去,4177.285,1752997978,c7bc6e63
1895737925430644992,不想听,4197.99,1752997336,ca646aae
1895737966459326720,哈哈哈哈哈 我开始逐字学习  doge,4196.912,1752998636,fbf64f60
1895738073137254656,中文是超链接语种,3984.747,1753006704,39499903
1895738140615217408,哈哈哈哈哈哈哈哈哈哈哈哈哈哈哈哈哈哈,4310.057,1753009910,259fe52
1895738233619714304,陈铭老师还想听！,4182.484,1753007774,53b79af0
1895738266444337408,的确，中文很感性,4124.538,1753015157,ef682fb2
1895738305652691200,这个好有意思哈哈哈,4208.39,1753014222,b1b00e21
1895738500780101888,man,3975.847,1753018973,f4eb18b5
1895738511718846720,音译在中文里很少见的，因为我们几乎啥都有对应的,4145.0,1753015534,b345a1e6
1895738631164236032,所以中文真的很美,4112.951,1753025099,a7349199
1895738649401069824,喜欢听陈铭老师说,4192.35,1753025462,105f8ab8
1895738683140051200,粤韵风华请你来学,4228.784,1753024098,99272c49
1895738787997651200,语言这个可以多出几期,4134.263,1753026762,d6bfe3aa
1895738869149044992,偏误,4027.411,1753027772,838e3436
1895738996798492928,哈哈哈哈哈,4203.489,1753035239,187c324
1895739035092488448,还想听,4147.312,1753067760,91850ea9
1895739036006846720,喜欢陈铭老师这期的总结,4148.159,1753035184,187c324
1895739102570451200,哈哈哈哈哈哈哈哈哈哈画,4154.529,1753069234,f7934ca3
1895739191011545344,Hahahaha ,4072.191,1753068882,8c10ef2b
1895793939530218240,嗷～都是……   太地道了萨沙哈哈哈哈哈,4258.574,1753087448,d8c0c6fa
1895917244123625472,希望陈老师说完，简直是精华部分哇,4200.455,1753102147,7d881d54
1895984355831034368,白帝圣剑，御剑跟着我,4280.148,1753110148,25b891ad
1896017901253990656,优先使用枝丫哦,3982.02,1753114146,487f1d6
1896022503672487424,这里也有佛（,4070.515,1753114695,698bab0d
1896322597734351360,中国诗真的作为一个中国人很骄傲，太美了，意境美，有的读起来也美,4105.965,1753150469,996c2fe2
1896460121219883008,好像是这样,3981.646,1753166863,9ec95bfa
1896520846001502976,但是这个总结我喜欢，涨知识,4086.27,1753174102,b99d4a1f
1896521961702968320,还想听，再说个五块钱的吧,4156.119,1753174235,b99d4a1f
1896676574695453952,普希金,4263.726,1753192666,54d3f224
1896725566901062400,哈哈哈哈哈哈哈哈哈哈哈哈哈哈哈,4310.07,1753198507,22445c1f
1896730106723395328,哈哈哈哈哈哈哈这期太有意思了,4209.816,1753199048,9cb4590f
1897010015916183808,对对对跟机关枪似的整个赛场都能听到,4272.545,1753232416,d539e6d1
1897077275255051776,哈哈哈哈哈哈哈哈哈,4190.698,1753240434,3c157400
1897174036765635072,陈老师的总结太棒了,4168.585,1753251969,edbe14cb
1897392318966345984,或许是“道”，但也确实不完全一样,4138.271,1753277990,bbeae81b
1897423909876315136,语言都基于一定逻辑啊，像一个公式往上套，怎么没逻辑了，汉子的构成组词都有逻辑思维啊,4200.979,1753281756,d849b843
1897862636431858688,没听够哈哈哈,4177.458,1753334056,c7d94c30
1897882039651485952,鸟语花香,4319.548,1753336369,5e6db3f9
1897898935013042688,可恶啊这次刚好是我感兴趣的话题,4161.582,1753338383,47a0e8bd
1898160146023362048,这点我作为留子真的深有体会 写英文论文的时候真的是一连二 二连三的感觉 不然会扣分的 但中文很少直接表达这么明确的,4143.613,1753369522,33c2f0de
1898164993313185792,其实古人造字也走过这条路，比如光马就有一百多种，骢骊骓骏骥骁，后来发现这样下去不是个事儿，太麻烦了,3975.043,1753370100,a725bfc4
1898638624019697408,我还没听够,4148.66,1753426561,71afd37d
1898787820446409728,反而英语会听就能拼写出来,3998.591,1753444347,636af638
1899369447870135552,涡轮苏卡！,4306.429,1753513682,3873c0bd
1899754244643268352,我也特喜欢听,4184.346,1753559553,a03bc12f
1899892586974535168,萨沙,4214.495,1753576045,3e3ca627
1900097116832440064,可恶，真的回味无穷啊，陈老师你再讲会儿吧,4169.039,1753600427,664e896
1900296271730859520,哈哈哈哈哈哈哈,4317.511,1753624168,cd73212b
1900392088978706688,笑鼠了,4276.249,1753635590,33977ab
1900392259451958016,太好笑了哈哈哈哈,4296.513,1753635611,33977ab
1901016738342964736,中文是体验,4037.216,1753710054,2c9403ee
1901019576444265728,过分了过分了,4306.717,1753710393,2c9403ee
1901803584791174912,一点也不短，(◐‿◑)﻿,4062.857,1753803854,f40bc1cc
1902041048625348864,不是道，更像理,4143.516,1753832162,18259142
1902331840049217792,感觉中文好美啊，艺术,3990.092,1753866827,92f8c01f
1902332906249409792,中文是瑰宝,4117.378,1753866954,92f8c01f
1902468908746143744,下次是什么时候,4190.613,1753883166,23568bd4
1902949917157764864,言有尽而意无穷,4173.006,1753940507,ca017a5
1903624783280088832,喜欢这个总结！,4097.385,1754020957,f0de91b3
1903829280824533504,我也喜欢看总结,4089.384,1754045335,5f529759
1904583630937199616,赞同，中文逻辑不严谨，甚至会出现颠倒黑白的情况,4118.207,1754135261,b6ee8bbd
1904685207156790528,西班牙拿铁,3995.688,1754147370,7bcfa025
1904719537870318848,中文里面的山有很多很多种,4043.343,1754151462,1606bf27
1904720340727399936,是的，我们中文文字逻辑不强,4117.347,1754151558,1606bf27
1905164537058565632,主持人就是控场的，时长要他负责控制的，没办法的,4223.159,1754204510,630e768b
1905314751845161728,元素周期表,3987.742,1754222417,2eb47862
1905861314233136128,陈铭懂得好多,3967.821,1754287573,7becfa2e
1905869100798891776,你们要聊这个我可就精神了,4216.222,1754288501,acf5d39a
1906539827319374592,哈哈哈哈,4241.001,1754368458,58d57e1c
1906540589273325824,哈哈哈哈哈,4310.782,1754368549,58d57e1c
1906688755184680448,桶装水瓶装水.v,4007.948,1754386211,819e3004
1907523442576883968,绝了,4169.636,1754485714,f5dd2f0d
1907644947604512512,等红灯是在等绿灯,4082.438,1754500198,ff8d4f0a
1907980387771732224,苏卡起手23333,4316.445,1754540186,e06c8437
1910170930404237824,圈粉le,4176.937,1754801319,738a73b
1910230441924162816,陈老师唱了一段跳一跳,3992.914,1754808413,f1feee36
1914555673774369536,山峦峰,4041.505,1755324021,c8be969c
1914633198378391552,白帝圣剑哈哈哈哈哈哈哈,4283.877,1755333263,39959bed
1914709549752189952,太好玩了哈哈哈哈,4297.298,1755342365,7dd1e666
1915999561113992960,哈哈哈哈哈哈哈哈哈,4246.601,1755496146,cd971f7f
1916629292717141760,不会这集都是滴滴滴滴滴吧,4207.55,1755571216,51f2909e
1916847819730828288,老王对中文的运用很通感,4059.05,1755597266,b575b51f
1919200580753647360,喜欢的话题总是听不够，不喜欢的好长，譬如什么信息信息，看到就头晕,4182.566,1755877737,ab909100
1920259340867743488,哈哈哈哈哈,4082.777,1756003951,6fe7767c
1920526322502341120,如如不动,4063.914,1756035778,99536495
1921992866163510272,哈哈哈哈哈,4082.943,1756210604,82b54504
1928582631055161600,我不同意，山我可以解释为突出地面很多的土或者石头,4048.353,1756996165,cfd3a899
1929016966887768832,喜欢语言期,4125.882,1757047942,bd775eca
1929832194772670464,这就叫降维打击,3960.908,1757145124,df7cc456
1932317703025618944,哈哈哈哈哈哈哈哈哈哈,4305.693,1757441420,52ac390e
1937429935681908224,好喜欢陈铭老师的总结 学到很多,4147.093,1758050846,664fbc21
1937697910745701120,其实还是有点口音,4237.83,1758082791,aeeff0bc
1938017766129012736,你不是外国朋友吗？,4224.433,1758120921,bd77f5f3
1943402323418697728,我认为中文是活字印刷术,4043.986,1758762810,fe599c6c
1952092445781283584,苏子开头列字结尾,4254.784,1759798753,b1e41dca
1960114288949624320,我也看了那个视频！！！！俄罗斯教练太凶残了！！！你们可以去网上搜,4271.027,1760755031,6a7c628d
1970983019397520896,听不懂俄语，主要看表情和神态啊哈哈哈,4293.443,1762050685,f517d2b4
1987896814821010944,记笔记。,4214.037,1764066966,a87e4250
1992810780202441728,哈哈哈哈哈哈哈哈哈,4311.986,1764652757,b087944c
1998380675866813952,四姐咋回事，怎么剪这个发型了，还是长发好看,4266.798,1765316740,ffa3828d
2005918499490857216,还得是秦始皇,4012.384,1766215319,11aba778
2027816003223746816,logic,4125.294,1768825705,8f58d927
2035829821229662976,不垢不净，不增不减,4079.032,1769781026,f9735bbb
,,0.0,1775683732.8000336,
lb.c,,0.0,1775683732.8000336,
,,0.0,1775683732.8000336,
1895737401436246272,怎么可能放出来,4342.782,1752987653,5aaa7626
1895737677907988736,啊？不是爷爷辈吗？,4418.736,1752994538,591a47e1
1895737751501246720,哈哈哈哈哈哈哈哈哈哈哈哈哈,4437.159,1752993639,c76f245a
1895737760066015488,爸爸的哥哥不是大伯吗？大爷不是爷爷的兄弟吗,4416.924,1752994737,5866b398
1895737777631760640,那应该听不了泰勒斯威夫特的这首歌吧哈哈哈哈哈哈,4668.85,1752994975,534bf33e
1895737803896492288,老王大好人啊,4585.286,1752995672,ce21b857
1895737832879132928,哈哈哈哈哈哈哈哈哈哈哈哈哈哈哈哈哈,4627.772,1752994815,534bf33e
1895738113259966720,不愧美食博主，这都能跟吃的联系上,4448.927,1753008271,13ee2db9
1895738151553962240,哈哈哈哈哈哈哈陈老师,4623.234,1753004086,e967e3fc
1895738287424246016,哈哈哈哈哈哈哈,4660.359,1753013919,fbf64f60
1895738324795494656,不像演的,4542.675,1753011315,47aef417
1895738367652892928,哈哈哈哈哈哈哈萨沙,4524.058,1753014007,5041b929
1895738494396371200,哈哈哈哈哈哈哈哈,4648.252,1753020067,eabe6363
1895738752438341888,大爷就是伯伯的方言啊,4420.588,1753027986,302e2cd4
1895738870055014656,哈哈哈哈哈哈哈哈哈哈哈哈哈哈,4627.886,1753030164,ea25d4d6
1895738921124860160,鸟语花香,4334.495,1753038594,23ddeab7
1895738943002349824,我笑的不行了,4567.735,1753035604,187c324
1895739028708757760,那确实不好，癌症很痛苦的,4375.493,1753037991,7a1afabc
1895739033272160512,北方大爷就是爸爸的哥哥，还有些地方会叫大爹,4422.924,1753038056,7a1afabc
1895739051508994304,比利时，荷兰，不由自主地dudududu,4370.072,1753045018,cdfc31da
1895739054243680512,这期太好看了哈哈哈哈,4582.978,1753035619,187c324
1895739071566156032,全世界的趋势哈哈哈哈哈哈哈,4405.411,1753069485,f7934ca3
1895739076129558784,看来还是妈妈重要哈哈哈哈哈,4448.138,1753069527,f7934ca3
1895739088888631552,靠北不算？,4416.782,1753068705,d4e31129
1895739092537676032,笑得我肚子疼,4397.34,1753062755,928dfa68
1895739105305137408,是红大爷,4418.911,1753072489,63882395
1895739118072598784,哈哈哈哈 老王太可爱了,4587.157,1753061525,67cfac19
1895739125362299136,哈哈哈,4564.19,1753070523,86ed341b
1895739337812185344,哈哈哈哈哈不愧是学霸,4661.75,1753080270,928ebf4c
1895833647970618624,哎 闽南话林北就是 可惜唐大哥不在了,4408.122,1753092182,717a589b
1895902750144143360,这个还……,4321.524,1753100419,738625c6
1895907869804003328,本来就听不懂，那听不听得到又有什么关系呢，在公共场合说脏话本身就是不文明的行为,4360.674,1753101030,b41d23bf
1895908179586673152,哈哈哈哈哈不行了笑哭了,4388.324,1753101067,8e85fd5f
1895927466716137216,哈哈哈哈哈哈哈哈哈哈哈哈哈哈哈哈哈哈哈,4394.076,1753103366,4365b2b7
1895928548712294912,哈哈哈哈哈哈哈哈哈哈哈哈哈哈哈哈哈哈哈,4520.928,1753103495,4365b2b7
1895982829658685952,我也是,4675.5,1753109966,42cad9e5
1896001296768195840,哈哈哈哈哈哈哈哈哈哈哈哈,4677.235,1753112167,ee1f6f9b
1896400773932488448,哈哈哈哈哈哈哈哈哈哈哈,4598.659,1753159788,e1f0140c
1896512698288793600,跟我们见外了不是,4365.396,1753173131,6a042d86
1896514385674094080,老王又拿吃饭举例哈哈哈哈哈哈哈,4454.776,1753173332,272cb156
1896608734999507456,满意满意特别满意,4371.008,1753184579,6958d185
1896642155020717056,苦肉计哈哈,4590.242,1753188563,445a39f6
1896642936713124608,对对对,4676.515,1753188657,445a39f6
1896696260124513024,自爆型劝架,4561.628,1753195013,fc5c5aac
1896763454762194688,他们不会哈哈哈哈哈哈哈哈,4569.196,1753203023,b9816bbd
1896765768927379200,哈哈哈哈哈哈哈哈哈哈哈哈公费报仇,4542.799,1753203299,e8be185e
1897011300463673856,有带大爷的,4411.438,1753232569,d539e6d1
1897013120430860032,老王好吃的没白吃还挺有劲,4613.994,1753232786,d539e6d1
1897218638458098176,讲的好可爱呀哈哈哈哈哈哈哈,4468.158,1753257286,d9749c34
1897324740884846080,我也是,4678.681,1753269934,8693b549
1897363774932184320,想了解的可以自己找找一些俄的生活vlog之类的,4361.289,1753274587,d403eb94
1897426030323611648,哈哈哈哈哈哈,4387.518,1753282009,d849b843
1897430303178371840,陈老师梦开始的地方,4635.859,1753282518,d849b843
1898107734009310976,有的，闽南话里面的靠北就是,4409.048,1753363274,b29ebb7b
1898140754749313024,拉开了已经,4552.403,1753367210,9a457285
1898604176352239360,风和日丽，鸟语花香,4320.185,1753422454,a18ccce
1898604469584211456,这么长一段吗救命怎么还没完啊哈哈哈哈哈哈哈哈哈,4334.886,1753422489,a18ccce
1898827115965592320,大爷，不是大爷爷啊,4423.334,1753449031,1ffa9383
1899264598080031232,果然是美食博主,4449.549,1753501183,d04c374a
1899496872319092736,凉菜哈哈哈哈这个比喻,4441.171,1753528872,3820b86
1900043563572775680,到底是啥？好想知道,4348.134,1753594043,3ad68769
1900320971148192768,被带歪了，哈哈哈,4644.234,1753627112,968d7bd9
1900998015238881792,0帧起手,4521.96,1753707822,478a57e2
1901003546199856128,北方不说大伯，都是说大爷,4429.826,1753708482,2216f793
1901074396593528576,坑爹只是调侃 上升不到骂人,4438.056,1753716928,bba3e7b3
1901091973570498560,放出来吧，反正听不懂,4334.352,1753719023,18259142
1902337660274969600,哈哈哈哈哈哈哈哈,4604.007,1753867520,92f8c01f
1903081973443330560,哈哈哈哈哈哈,4535.647,1753956250,623dd44
1903082273570880768,哈哈哈哈哈哈哈哈,4568.091,1753956285,623dd44
1903781401921761536,其实有用,4589.383,1754039628,1ddd0afb
1903806233291993600,老王那么有力吗,4603.096,1754042588,29c7c55b
1903952397949739520,这个情节 解放西 看过一样的，哈哈哈哈哈哈,4560.019,1754060012,e1245ea0
1904516717376838400,因为妈妈是孩子的第一位老师啊！,4403.275,1754127284,9e41d483
1904530899417644288,哈哈哈哈哈哈哈哈哈哈哈哈哈你个感冒,4385.563,1754128975,3e5e834
1904530978748724992,和哈哈哈哈哈哈哈哈哈哈哈哈哈哈哈哈哈哈哈哈哈哈哈哈哈哈哈哈哈哈哈哈哈哈哈哈哈哈哈哈哈,4384.499,1754128984,3e5e834
1904532923857065216,没有妹妹呢,4492.766,1754129216,3e5e834
1904538811812607744,哈哈哈哈哈哈哈哈哈哈哈哈哈哈哈哈哈哈哈哈哈,4645.546,1754129918,3e5e834
1904722568506592768,不是，这有什么可防的呢,4341.418,1754151824,1606bf27
1905449384062253056,新疆好像也是,4496.703,1754238467,a48719d1
1905497931360905728,伊朗和俄罗斯打起来啦,4529.621,1754244254,c0863c00
1906542784094295808,哈哈哈哈哈,4559.017,1754368810,58d57e1c
1907526196715882496,哈哈哈哈哈哈哈哈,4523.519,1754486042,f5dd2f0d
1908679452259804928,xx日记,4362.117,1754623521,f41917e3
1908744384842053120,你们听不懂，别人听得懂啊，我就是学俄语的，很多人学俄语日语,4357.8,1754631262,6ba6f998
1909668420170398720,四个层次,4433.428,1754741415,d7fb52ee
1911359300216006400,哈哈哈哈哈哈,4447.784,1754942984,984e8387
1911359604252789760,太逗了,4455.784,1754943020,984e8387
1913398067118770176,马月！受到严格保护,4495.758,1755186024,e540d7cc
1914634620675197952,爸爸好惨,4409.305,1755333432,39959bed
1914635448362681088,老王好有意思啊,4468.254,1755333531,39959bed
1914637087353891840,陈老师好帅好可爱,4628.134,1755333726,39959bed
1916001994548683520,萨沙现在好有效果啊,4525.363,1755496436,cd971f7f
1916630927698902784,哈哈哈哈哈哈哈哈哈哈哈哈哈哈,4395.624,1755571411,51f2909e
1916852277454065152,骄傲的小表情,4513.962,1755597798,b575b51f
1918109775393509888,加长版都听不到,4327.512,1755747703,e10ac76a
1919292270814105600,三句话不离老本行。老王就是老王,4441.278,1755888668,8ff620f
1920360764641292800,大爷（轻声）和大爷（二声）是不一样的辈分,4424.525,1756016042,954b058c
1920530535504589824,苦肉计,4559.312,1756036280,99536495
1924962263669318912,确实,4378.913,1756564583,e498a6f4
1928317987325752320,爸爸不重要和哈哈哈,4437.715,1756964617,272b951b
1928473381473163008,陈铭老师哈哈哈哈哈哈哈哈哈哈哈什么叫你个感冒啊哈哈哈哈哈,4387.472,1756983141,27acc97c
1930119365563671296,关键有个俄罗斯妹子全能听懂，哈哈哈,4350.281,1757179358,5f57ee63
1932318721125803008,哈哈哈哈哈哈哈哈哈哈哈,4386.414,1757441541,52ac390e
1937685851845080064,肺结核我们叫痨病,4387.045,1758081353,748c3342
1937711880739083008,现在有了,4411.543,1758084456,e8f1e80f
1937713293271636224,以身入局,4575.73,1758084625,e8f1e80f
1946610506567641600,哈哈哈哈哈哈哈什么鬼，好搞笑,4396.361,1759145255,3a0f6945
1946616695774839040,毕竟母亲是生你养你的人，是个人都不希望。除非你原生家庭环境不好,4477.17,1759145993,eb269b47
1954247216982614016,就好像放出来我们能听懂一样,4348.708,1760055622,99c7f039
1967670342588077312,阿阿阿啊啊，我要听,4342.408,1761655783,eb09f285
1977879332269668864,哈哈哈哈哈哈哈哈哈,4648.638,1762872790,aedabb3d
1986532170919592192,想听啊,4334.675,1763904288,2a9d92f9
1993856239851235072,哈哈哈哈哈多少是有点私人恩怨了哈哈哈哈哈哈哈哈哈哈哈萨沙,4520.851,1764777385,ed5612f4
1996746304319704576,有的 中西部地区很多,4410.686,1765121908,74ba3500
1999494019419440896,盲猜第四个祖先,4482.623,1765449461,29cd0eb
2004628390627918080,老王男友力爆棚啊，华波波都有150 6了,4609.39,1766061526,ffa3828d
,,0.0,1775683732.8000336,
lb.c,,0.0,1775683732.8000336,
,,0.0,1775683732.8000336,
1895737548723425536,哈哈哈哈哈什么是我们不能听的,4749.619,1752990264,1549437e
1895737557581795584,来啦来啦,5024.737,1752990286,a1639211
1895737558689091840,哈哈哈哈哈哈哈哈哈哈哈哈,4902.274,1752991699,eb069b0d
1895737576405831936,哈哈哈哈哈哈哈哈哈哈笑飞了,4980.356,1752990608,39108e46
1895737633507086592,免礼免礼,5039.074,1752990708,59dfb4d2
1895737685701005571,哈哈哈哈哈哈,5002.412,1752993137,98f16374
1895737800272613632,哈哈哈哈哈哈哈哈哈哈哈哈哈哈哈哈哈哈哈哈哈哈哈哈哈哈哈哈哈哈,4982.027,1752995330,a4557f7c
1895737802998911232,万一听不懂怎么办,4874.018,1752994933,81bc2129
1895737948222492928,什么梗？,4748.329,1752998164,d6922fe2
1895738125113069824,就这个湖北味正宗,4711.305,1753011041,7a763aee
1895738285595529472,双板确实可以倒着滑,5008.25,1753011373,43686648
1895738620225491200,哈哈哈哈哈哈哈哈哈,4984.609,1753022510,65fd9e50
1895738757907714304,太损了,4985.149,1753022518,65fd9e50
1895738832675377408,来来来来,5036.598,1753027077,8a513c81
1895738966708556032,太可爱了超超,4747.358,1753060176,4f7b0147
1895738992243478784,就是歇后语,4867.877,1753034556,c7bc6e63
1895739080684572928,哈哈哈哈哈哈哈哈哈哈,4918.722,1753069998,f7934ca3
1895739131746029824,哈哈哈哈哈哈哈哈哈哈哈哈哈哈哈哈,4994.089,1753062512,3bd1c757
1895739196480917760,这段发出杠铃般的笑声,5030.092,1753075104,28ad2a59
1895739201044320512,斑马斑马，你回到了你的家,4704.204,1753075169,c2cf2fbe
1895739208334020864,突然好凶的超超,4710.536,1753075185,c2cf2fbe
1895739269428252928,哈哈哈哈,4730.776,1753075210,df6e1fa7
1895739282195714304,个斑马 武汉读书学会的第一句武汉话,4704.434,1753073116,76b350d2
1895771221057041664,歇后语骂人是吧hhh,4865.028,1753084740,ea88348b
1895892382798022400,真的很像用歇后语骂人,4858.534,1753099184,1da0b061
1895904636515565824,四姐镜头太少了，感觉他的观点还没开始就没了,4765.842,1753100644,58b836f8
1896404829505373952,哈哈哈哈哈哈哈哈活学活用,4949.724,1753160272,f1957628
1896405288303884800,哈哈哈哈哈哈哈哈哈哈哈哈哈哈笑死我了,5003.653,1753160327,f1957628
1896468623779084032,哈哈哈哈哈哈,4981.223,1753167877,9ec95bfa
1896588932171657472,Dylan好帅,4935.291,1753182219,bd4e22b9
1896649488324662272,非正“倒着哥”,4978.032,1753189438,280fcb51
1896737496214828800,哈哈哈哈哈哈哈哈哈哈哈哈哈哈,4982.203,1753199929,9cb4590f
1897014030158811904,你瞅啥的意思吗,4715.633,1753232894,d539e6d1
1897014233171284992,想咋的,4732.518,1753232919,d539e6d1
1897019864125305344,胖跟秃顶？华波波？哈哈,4804.17,1753233590,88971e98
1897165318887847424,哈哈哈哈哈哈每次都要拿出来反复“鞭尸”,4994.106,1753250929,729e3ab7
1897254941232950272,哈哈哈 杨杨很合适,4903.28,1753261613,2a986023
1897344532589414144,又狠又能播哈哈哈哈，好绝,4852.883,1753272293,55d83f10
1897762938228495616,哈哈哈哈哈哈超超你咋这么可爱呀,4748.926,1753322171,3c4a8341
1898076422447444224,这个味太对了，喵莫斯喵,4713.793,1753359541,49e5e8b6
1898116838467539200,哈哈哈哈哈哈哈,4959.312,1753364359,8d117f15
1898162780163908608,笑晕了这个梗,4843.97,1753369836,b71cfd89
1898407579726848000,我也是！本来已经冷静下来了听到这句话又会死灰复燃,4680.153,1753399018,28dcc9f6
1898620921531941120,哈哈哈哈哈哈哈哈哈哈哈哈哈哈哈哈,4990.806,1753424451,a18ccce
1898621235324599808,萨沙：我这一生如履薄冰,4998.994,1753424488,a18ccce
1898621702788319488,这里就很适合配个bgm：长江黄河还有黑龙江~~~,5007.924,1753424544,a18ccce
1898674081130886656,auv真地儿道～,4950.016,1753430788,2738fae5
1898686192863140864,伦儿,5032.685,1753432232,b0850c04
1898718675599884544,喵喵喵  喵莫比,4716.685,1753436104,f83ddc9a
1898842469316472832,这是歇后语啊,4860.486,1753450861,17e2fe2c
1899339586950643712,喵帕斯,4719.067,1753510122,7ef1f30f
1899599321197446144,谎言不会伤人，真相才是快刀,4805.355,1753541085,bc31ead9
1900380122948168960,是LULU!,4784.341,1753634164,81aeaa1b
1900503618960948736,梅林的胡子,4886.484,1753648886,fcdaa08a
1901024484039726336,哈哈哈哈哈哈哈,4942.838,1753710978,2c9403ee
1901079414683921152,给你俩窝窝是“傻瓜你看什么，你走开”的意思,4779.862,1753717526,e67086c2
1901079829685023488,老王可以啊,4824.392,1753717575,e67086c2
1901079976536206080,盆景的伐木工赢了,4830.592,1753717593,e67086c2
1902231732707858432,啥意思没懂,4835.101,1753854893,c1f2fe77
1902338815436637184,动物吵架哈哈哈,4741.721,1753867658,92f8c01f
1902339230270251776,好可爱,4791.413,1753867708,92f8c01f
1902465103329566464,哈哈哈哈哈哈哈,4900.32,1753882713,24d07282
1902505877391889664,我懂！不仅是吵架，平时明明一件事已经在做了，非补一句你去做一下，我也会生气,4683.771,1753887574,29c4c024
1902512598906821376,翻旧账了,4925.858,1753888375,d89f1503
1902594920603297792,这一段巨好笑,4932.927,1753898188,26f5d348
1903085253296941312,哈哈哈哈哈哈哈哈哈,4913.221,1753956640,623dd44
1903422713532604160,完全沉浸在自己的艺术创作里了,4892.961,1753996869,bb961bc8
1903895399203318784,沉浸在自己的艺术,4885.319,1754053217,c51a6472
1905868802760226304,好有趣,4725.221,1754288465,7becfa2e
1905869663649455104,哈哈哈,4823.731,1754288568,7becfa2e
1906076866142587904,超超好美～～～～～～,5033.296,1754313269,ba077aef
1906843327282730752,不知道两个buff梗被萨沙听到了会怎么样哈哈哈哈,5018.175,1754404638,4ad5b7c7
1906853502798462464,笑飞了这期哈哈哈,4973.051,1754405851,de5d2566
1907283657380028416,个斑马是吧哈哈哈哈,4741.914,1754457129,654346f5
1907369347933021696,咩啊～,4736.208,1754467344,d9a3acb1
1907528459920721920,中文也是哈哈哈哈哈哈,4843.019,1754486312,f5dd2f0d
1907988977269993984,就跟吵架的时候对方说你冷静一点,4687.296,1754541210,952047f4
1909012552659049984,你看看！,4887.06,1754663230,a30a61d9
1914639175487860992,好艺术,4868.566,1755333975,39959bed
1914699145797749760,免礼免礼,5038.536,1755341124,6a35cdb9
1916331482058605056,去五常,4934.547,1755535714,299590f4
1920572473301738496,你别急哈哈哈哈,4680.084,1756041280,bc587f4c
1921150194511518720,无效消音,4767.931,1756110149,cc860fab
1921999990281070336,膝盖脑袋哈哈哈哈哈,4820.756,1756211453,82b54504
1922699810163473408,哈哈哈哈哈哈这个好玩膝盖脑袋哈哈哈哈哈哈哈,4821.902,1756294878,bc17ebe1
1922718678232065536,buludo在大力水手里面就是大块头,4769.819,1756297127,990a1ffc
1924745898970591232,吼吼吼吼吼吼吼吼吼吼吼吼吼吼吼吼,5002.511,1756538791,90bb401c
1924967089098646016,哈哈哈哈哈哈哈哈我懂了,4839.73,1756565159,e498a6f4
1928431833856027648,四川话 哈哈哈,4802.515,1756978188,272b951b
1930122968890291968,一般是表和马,4760.893,1757179787,5f57ee63
1932207309505761536,真不用客气，哈哈哈哈哈哈哈哈哈,5037.71,1757428260,5b4783e3
1932323510836293120,歇后语骂人 在中国能把我骂笑，没有杀伤力,4856.499,1757442112,52ac390e
1938651722562595840,这个环节好想看英国代表,4803.651,1758196494,7514575b
1941575577676902144,中国好像也是,4880.714,1758545045,7a001e02
1956604467680680960,哈哈哈哈哈哈哈哈哈哈哈哈哈哈哈哈哈哈哈哈哈哈哈哈哈哈倒哥,4987.29,1760336628,d35c8a9
1957521618251751424,有备而来,4898.296,1760445961,ae02b522
1963046567418170368,完全get不到哈哈哈，太艺术了,4878.238,1761104586,54f7b9d0
1963047484477570560,卧槽哈哈哈哈哈哈太搞笑了,4987.548,1761104695,54f7b9d0
1963047606246712832,太有梗了我的天啊,5002.101,1761104710,54f7b9d0
1988704206604970240,萨沙现在好大方,4966.483,1764163215,c847ffba
2005156528713694464,形成内部梗了 哈哈哈,5015.259,1766124485,32b92588
2018407658939996416,武汉话好好玩,4761.811,1767704143,964a8dca
2027838086511379968,哈哈哈哈哈哈哈哈哈哈哈哈哈哈,4860.422,1768828337,8f58d927
,,0.0,1775683732.8000336,
lb.c,,0.0,1775683732.8000336,
,,0.0,1775683732.8000336,
1895737252798501120,一个轴打起来了,5382.658,1752985054,7e19df34
1895737399926296832,老王居然赢了哈哈哈哈哈,5194.259,1752987261,f69ff094
1895737549830721792,众爱卿平身,5040.701,1752988640,1f930d45
1895737559796388096,买不完了,5324.051,1752990445,3f8c2705
1895737585272590592,这个除了买卖还能组什么？,5347.699,1752990663,1549437e
1895737629463777536,买了锅巴,5269.404,1752992283,7e894dc7
1895737792127275264,这也太难了除了脏话我一个也想不到,5250.819,1752994250,4374cf64
1895737809332310272,伤疤,5096.912,1752995497,a4557f7c
1895737812956188928,艾丽莎还比了个功夫出招动作，好可爱,5228.918,1752995826,5866b398
1895737818392006912,这下真的势均力敌王不见王了，战力很均衡,5221.14,1752995797,5866b398
1895737822913466624,怎么不把小贝喊回来哈哈哈哈哈 全国总冠军,5232.53,1752995811,ca18aa72
1895737839220920576,随便,5103.405,1752995510,a4557f7c
1895737861601726720,哈哈哈哈哈,5280.223,1752995737,a4557f7c
1895737870728532224,哈哈哈哈哈,5357.137,1752995819,a4557f7c
1895737878009843968,这个难度好高我一下没想出来,5250.43,1752995861,5866b398
1895737975577743616,太搞笑了这段，会长帮得也真是不明显哈哈哈,5309.076,1752998714,d5478533
1895738014786097408,我都想不出这么多orz,5177.407,1752998128,cda41c26
1895738146998948096,富贵使我们相遇,5054.133,1753003938,94179e93
1895738222680969472,上边其实可以的...至少广东话里可以这么讲哈哈哈哈哈,5132.578,1753012151,f11a2bc3
1895738259154637056,那我必须得发个弹幕,5045.758,1753013226,4c2d7347
1895738280117768448,哎哟喂排面是自己给的,5053.218,1753015344,2394c70f
1895738286535053568,我都想不出来,5361.944,1753014671,635d7cfe
1895738288321827072,大左感觉好疲惫呀,5089.831,1753010259,2275038b
1895738300183318784,买了个包,5277.18,1753014758,73e9b877
1895738319326122240,哈哈哈哈哈哈哈哈哈哈哈,5333.776,1753014745,fbf64f60
1895738331187613952,水表,5101.409,1753013084,8f071823
1895738358542864640,哈哈哈哈,5289.412,1753013835,fc1db046
1895738420534677760,厉害,5362.198,1753013915,fc1db046
1895738453367689472,手臂,5083.725,1753019015,c2db3739
1895738483457626368,散步,5110.21,1753018989,c2db3739
1895738492567654656,私奔,5156.474,1753019088,c2db3739
1895738497131057408,散步,5178.373,1753019110,c2db3739
1895738523571949824,伤悲,5147.874,1753019080,c2db3739
1895738528126963968,帅爆,5171.778,1753019103,c2db3739
1895738537287323904,松柏,5115.542,1753019154,c2db3739
1895738560959975680,那么棒,5397.279,1753020515,c2db3739
1895738573719048448,迷恋改编,5350.312,1753020373,c2db3739
1895738581931495680,美丽古堡,5344.655,1753020257,c2db3739
1895738616576446720,雷妃：嬗变的女人,5152.275,1753018117,6ee65ea5
1895738643931697408,上榜,5139.362,1753019071,c2db3739
1895738657605128448,塞北,5125.34,1753019163,c2db3739
1895738663988859136,三百,5114.292,1753022376,fd2dafbb
1895738781613920512,买了个包,5269.515,1753030952,ea25d4d6
1895738925679874304,会长喜欢俄罗斯人哈哈哈哈哈哈,5280.092,1753038953,7a1afabc
1895738932969574656,笑死我了,5378.09,1753029813,bde1c345
1895738939353305344,哈哈哈哈救命笑死我了,5309.07,1753045893,23ddeab7
1895739014146134272,散步,5114.314,1753068800,91850ea9
1895739130831671552,想不出来,5264.519,1753072461,9f25c571
1895739175509397760,会长明目张胆啊哈哈哈哈哈,5276.576,1753072003,9f04a8dc
1895739183721844992,？,5103.33,1753070183,f7934ca3
1895739216546468096,麻辣锅巴？,5317.463,1753073025,39c07fe7
1895739235689271552,思辨,5100.653,1753075567,bf28894c
1895739250285449472,这是真的强……,5354.932,1753072572,9f25c571
1895739315020337408,老王的食物词汇库太丰富了,5202.207,1753075106,cb0b74b0
1895806227742127872,不愧是全球总冠军哈哈哈,5355.453,1753088913,20dfe047
1895865772513874176,呵呵哈哈哈,5295.841,1753096011,f81c7508
1895865835151917056,笑死我了,5302.521,1753096019,f81c7508
1895905592497846784,波波超级不想输给老王啊哈哈,5168.56,1753100758,e1c79dc9
1895913210587020800,厉害也,5356.678,1753101666,738625c6
1895940028228628736,哈哈哈哈杨迪笑死我了,5331.187,1753104863,9a7995d3
1896001709957121536,这个游戏确定不是在考验旁边的观众吗哈哈哈哈哈哈哈,5169.79,1753112216,692c8ed6
1896005638208190720,哈哈哈哈哈哈哈哈哈哈哈哈哈哈哈哈哈哈,5309.536,1753112685,ee1f6f9b
1896037717519832320,我不行了,5303.486,1753116509,35861f7e
1896103813057326080,众爱卿平身,5055.166,1753124388,272d704
1896266853488527360,买了个包,5255.593,1753143824,136938f4
1896397577185262080,买了个表,5252.363,1753159407,8c816764
1896398972085054976,买了个布,5322.799,1753159574,8c816764
1896487745384687360,是全世界冠军强啊  这个怎么可能平衡？,5225.606,1753170156,3f43cf38
1896518030927038976,哈哈哈哈,5287.335,1753173767,6a042d86
1896647238626065664,散步,5186.384,1753189169,445a39f6
1896700332483297024,买了个表,5262.862,1753195499,fc5c5aac
1897110671595089408,买了个饼,5303.296,1753244415,42da3e49
1897164510704274176,会长，真的一点都不偏心,5318.682,1753250833,35645b71
1897465344239936512,这里为啥正片没有啊很好玩,5316.955,1753286695,9c3b5844
1897907599363012096,加长版不是没人吗？,5061.923,1753339416,47a0e8bd
1897994325766477824,应该的应该的哈哈,5048.248,1753349755,4abc64a0
1897996747196894720,哈哈哈哈哈哈哈哈逛超市,5307.543,1753350043,4abc64a0
1898119123121513216,波波太搞笑了,5193.237,1753364632,8d117f15
1898135047518137856,免礼免礼,5075.625,1753366530,eedeee86
1898384560598181888,平身,5075.322,1753396274,b2d05ef3
1898624478083756544,超市逛的差不多了哈哈哈哈哈哈哈,5326.782,1753424875,a18ccce
1898641201796753152,密林古堡,5368.404,1753426868,8d9a3176
1898884709665421312,哈哈哈,5068.504,1753455897,ef9aebaa
1898897792614057216,S 和sh不算一个声母吧,5137.151,1753457456,90af0186
1898916617254438656,平身吧,5045.044,1753459700,22a3160b
1899502490740164608,比芒果台的明星们厉害,5090.131,1753529542,3820b86
1899503928598076672,好难！,5256.872,1753529713,3820b86
1899529220980670720,美丽告别,5329.076,1753532728,3860f01a
1899556139150926336,买了个包,5262.774,1753535937,c8a83ae1
1899575159195537664,我就说梅丽莎眼熟哈哈哈哈，我看过她,5237.393,1753538205,fbcf58ae
1899948884919695104,字幕靠点谱啊,5152.318,1753582756,ae954710
1900027691504725760,随笔,5111.845,1753592151,2b2c365c
1901026696434365696,哈哈哈哈哈哈哈哈笑死我了,5177.66,1753711241,2c9403ee
1901048621018345216,来了,5068.436,1753713855,53f028f4
1902279610704792320,哈哈哈哈哈哈哈哈哈哈哈哈华波波提高笑了 这个节目不能没有他,5287.656,1753860600,c78fc6cd
1902280109591719680,哈哈哈哈哈哈哈哈哈哈杨迪太有梗了,5336.723,1753860660,c78fc6cd
1902422537695188480,哈哈哈哈哈哈哈快乐了,5041.893,1753877639,ddafd2e4
1902693614774649856,这就是冠军局吗,5308.838,1753909954,13f56837
1903910791510760448,果然是冠军,5323.393,1754055052,117508bc
1903911183124587264,冠军！！！,5370.074,1754055099,117508bc
1904583799472911360,那这样没完没了了 卖了个包也可以啊,5323.205,1754135281,3e5e834
1904731512910551296,买了钢笔,5296.383,1754152890,1606bf27
1905066977614457088,瀚笙给的,5216.827,1754192880,f13424e0
1905263256428680192,哈哈哈哈哈会长假装淡定,5280.272,1754216279,aa36fe3a
1907445196561016064,生病,5096.403,1754476386,aff6fc4
1907655909418110976,描了个边，密林古堡,5369.951,1754501505,ff8d4f0a
1907988948337628160,买了个饼,5269.577,1754541206,e06c8437
1907994271211606272,买了广告,5264.943,1754541841,952047f4
1908432339672427264,这都是我应得的,5050.366,1754594063,9342b3c4
1910180167972956160,买了个表,5278.063,1754802420,738a73b
1910181115902401024,这个好玩,5385.844,1754802533,738a73b
1913125294877852928,爱卿平身,5060.819,1755153507,54a9596e
1914074693993248256,华伯伯笑死我,5210.801,1755266684,9d8aa9dd
1919614221571346432,哈哈哈哈哈哈哈哈哈，买买买，都买,5296.307,1755927047,3ae4c2e2
1921022768267938048,我都想不到,5361.449,1756094959,bc587f4c
1924779962440228352,设备,5089.709,1756542851,e8f6d141
1925468671896090112,看似法国vs中东，实则两伊战争,5183.768,1756624952,24f302e9
1928594371599874304,不愧是世界冠军,5361.448,1756997564,cfd3a899
1932625767037357824,太有牌面了,5107.729,1757478144,f487febd
1932832749916950784,波波笑死我了,5190.952,1757502818,75a35b32
1932833280899017472,想念小贝和田田,5232.806,1757502882,75a35b32
1948196474001477888,哈哈哈哈哈哈哈,5316.907,1759334317,2edb9fb1
1949690376261184256,没了个饼 哈哈哈,5334.374,1759512404,c9c423cb
1952273205201067264,上边其实是，他们搅混了,5164.153,1759820301,5ff286de
1956607870947309056,哈哈哈哈哈哈哈哈哈哈哈笑飞了,5336.797,1760337034,d35c8a9
1957526017011285504,发币，顺发nb,5390.776,1760446485,ae02b522
1999460690884832000,哈哈哈哈哈哈哈哈好搞笑哈哈哈哈哈,5054.438,1765445488,14f3cf30
2002097945549358592,前面外国小学生一人一句汉语那个真的哈哈哈笑死我了,5392.207,1765759873,1bae6291
2031437688779518208,满意,5047.429,1769257443,ec44781a
2036248800440067584,手办,5123.573,1769830972,f9735bbb
2036249860122444544,似是故人来,5248.255,1769831099,f9735bbb
,,0.0,1775683732.8000336,
lb.c,,0.0,1775683732.8000336,
,,0.0,1775683732.8000336,
1895737395396448512,jhhhhhhhhhhh,5592.303,1752988526,a7ab481d
1895737412022669568,我都想不起来这么多,5460.772,1752987439,a1639211
1895737441869336832,因为想不起来哈哈哈哈,5481.576,1752987556,f69ff094
1895737443119239424,波波好可爱,5457.3,1752989533,e9b5076c
1895737485532041472,不够看哈哈哈哈哈哈想看轮番制回合,5670.743,1752987808,fcfebb41
1895737626443878656,]',5625.691,1752991166,967ceef9
1895737643598582016,为啥我的弹幕带框框,5614.122,1752990985,3f8c2705
1895737666809860352,文创书包,5664.861,1752992253,88230e29
1895737685701005569,笑死，好像那个两组外国人比中文的视频,5594.036,1752991870,6c6d890c
1895737696287428864,想看陈铭和陈超的,5515.841,1752993725,b594b266
1895737720085909760,我吃柿饼,5633.349,1752993925,4f3c338d
1895737730554892544,我才十八,5654.687,1752994895,f3d0b903
1895737779443699968,哈哈哈哈哈哈哈哈哈,5736.412,1752996216,a4557f7c
1895737794836795648,还好，我来看了加长版,5683.765,1752995605,6cf1571
1895737843750768896,无偿上班,5638.111,1752995528,8eb43737
1895737876189516032,他不会是在拿你重温日语吧233,5757.212,1752997386,4944442d
1895737884393574656,？哈哈哈哈哈,5656.724,1752996132,a4557f7c
1895737888042619136,拿眉笔,5442.43,1753001707,d7f8343a
1895737898075394304,用一之濑当外教是吧哈哈哈哈,5759.226,1752996601,5866b398
1895737912679960832,发币厉害哦,5491.201,1752998959,e868d6e6
1895737956426551552,哈哈哈哈哈哈哈哈哈哈哈哈哈哈哈哈,5736.542,1753005397,e549f4d8
1895738018435141888,我才上班,5615.672,1753004949,4c54570f
1895738042141348096,发币好厉害！,5451.412,1752998910,d5478533
1895738055814779136,游戏能多玩一点吗？来个车轮战了。,5682.602,1752999172,e868d6e6
1895738163407065344,朕心甚慰,5668.633,1753010633,ca2efdba
1895738188941988096,留学生可以打工，就是时间限制很严格,5745.238,1753013337,450eca7a
1895738207178821888,我吃烧饼,5569.522,1753014025,97afe170
1895738304738332928,笑疯了,5717.724,1753014888,c5fcca58
1895738349416059136,我查设备,5603.283,1753013524,20dffd1e
1895738529041322240,我吃柿饼,5549.573,1753019787,c2db3739
1895738564600631552,我曾上榜,5583.306,1753019726,c2db3739
1895738568249676032,我才上班,5578.215,1753019651,c2db3739
1895738618405163264,哇小熊好棒,5453.439,1753021183,6474f847
1895738628454715648,满意满意,5683.919,1753021786,d3e0ea9e
1895738771581145344,在燃什么啊,5467.292,1753022738,56239c78
1895738808969171200,无偿上班,5557.94,1753033292,8be21198
1895738855467225344,满意满意啊,5669.129,1753027481,8a513c81
1895738904708354304,无偿上班,5550.733,1753055909,a05c4e50
1895738919296143616,厉害,5458.113,1753029509,d0eeaf61
1895739073386483968,外出上班,5662.292,1753071341,86ed341b
1895739233868943616,跟武昌过不去了哈哈哈哈哈哈,5559.595,1753072312,9f04a8dc
1895739271248580864,前面那个五厂上班太痛苦了。,5650.181,1753072906,9f25c571
1895739280375386368,我吃烧饼,5528.493,1753076329,c2cf2fbe
1895739287665086720,哈哈哈哈,5585.042,1753076389,c2cf2fbe
1895739297697861888,666,5456.592,1753076238,c2cf2fbe
1895835379563980800,围城士兵,5651.483,1753092388,182693f5
1895851890223828736,我吃烧饼,5601.387,1753094356,cc93cef3
1895867141996042240,法币好可爱哈哈哈哈,5442.503,1753096175,f81c7508
1895941503516821504,想看华波波,5502.962,1753105039,3c5a3395
1895954531570156032,玩游戏没人能赢得了杨迪吧,5516.139,1753106592,be52f108
1895962419218839040,好可爱啊小熊,5481.88,1753107533,83719079
1896048714238634240,文创商标,5603.24,1753117820,24b0ce4c
1896048828952522752,发币比我厉害,5489.092,1753117833,e871e898
1896387736265527552,好可爱小熊,5433.348,1753158234,f608a6a7
1896401899398836992,我创商标,5627.201,1753159923,8c816764
1896523232526567168,四姐笑死我了,5461.734,1753174387,272cb156
1896696361970702080,真的好喜欢法币啊啊,5497.907,1753195025,ec077e8b
1896969714811750144,哈哈哈哈哈哈哈哈特别满意,5683.167,1753227611,cef95630
1897110463381035008,弄明白,5404.486,1753244390,2bf6365a
1897182469959562240,农民办（农业民生办公室）,5439.96,1753252974,af7c4445
1897184104504922112,无此设备,5617.079,1753253169,af7c4445
1897351985011783168,他发音不但好，调也对,5725.673,1753273182,55d83f10
1897377089222017024,How much?,5715.06,1753276174,7566605b
1897422756426506496,我常上班,5558.897,1753281618,fc5c5aac
1897422918418934784,我出书吧,5568.62,1753281638,fc5c5aac
1897458025171003136,满意满意,5677.512,1753285823,b5323672
1897465090669115648,武昌社保,5582.953,1753286665,d844b0d7
1897769479799142144,法币：let's 骄傲,5481.513,1753322951,3c4a8341
1897938668409864704,哈哈哈哈哈哈,5572.82,1753343120,87627e63
1898060457676681728,这反应怎么那么像外国小孩中文对决哈哈哈哈哈哈,5462.655,1753357638,9cdf46e6
1898138011901385472,怎么没有伦儿,5665.598,1753366883,a0901713
1898178762122903296,我超帅吧！,5632.839,1753371741,a725bfc4
1898423743408421376,这Part这么精彩居然没在正片,5650.83,1753400945,28dcc9f6
1898625744000134400,到底在燃什么哈哈哈哈哈哈哈哈,5464.166,1753425026,a18ccce
1898626550623448832,我测试吧,5559.064,1753425122,a18ccce
1898652728138751488,一之濑刚才输了可能情绪不稳定,5549.571,1753428242,915050e3
1898689587413796352,拿面包,5423.287,1753432636,b0850c04
1899319571606164480,全德国总冠军,5480.43,1753507736,f21b3ea5
1899535640992131840,晚餐随便,5520.474,1753533494,3860f01a
1899602976826559232,会长忍不了了,5665.041,1753541521,89699852
1899607193679394816,很满意，但是不够看啊哈哈哈哈哈,5681.754,1753542023,bc31ead9
1899951105459742976,我查书包啊,5602.221,1753583021,ae954710
1899999679023416320,无偿上班,5655.703,1753588811,87413e4e
1900766299857394432,我出师表,5622.888,1753680200,33977ab
1901031541963149056,无偿上班太有才了,5661.33,1753711819,2c9403ee
1901464422439217664,乃木坂,5411.02,1753763422,80000882
1901466327198751744,五彩水笔,5622.899,1753763649,80000882
1901505084160859136,卧床上班,5635.369,1753768270,a9930091
1901667443429404672,赖赖笑死我了哈哈哈哈哈,5462.246,1753787624,c475edd4
1901688907461504000,绝,5594.196,1753790183,6bdd20d4
1902191443406318080,我才十八,5536.747,1753850090,23b7cf3c
1902282980836447232,想看所有代表玩哈哈哈哈,5692.99,1753861002,c78fc6cd
1902972836168174592,好喜欢发币啊啊啊啊可爱小熊,5497.535,1753943239,94613f3a
1903814713050594560,我吃烧饼,5527.927,1754043599,29c7c55b
1904240408750914304,我吃烧饼,5520.633,1754094346,4213efaf
1904400734091486464,哈哈哈哈哈哈哈哈哈哈哈,5444.369,1754113458,21f73640
1904733937142578688,……,5572.108,1754153179,1606bf27
1907275934575481856,那么棒,5475.248,1754456209,818eee32
1907503311805048832,哈哈哈哈哈哈,5433.297,1754483314,6816ab2b
1907504852112736768,好搞笑,5670.051,1754483498,6816ab2b
1907628097827065088,华波波好搞笑,5413.673,1754498190,ea7aa49a
1907629029776458752,这个游戏好玩！！以后经常,5503.358,1754498301,ea7aa49a
1909211300433862656,文创手办,5641.868,1754686922,2ad516b
1910183692849001728,每期都来这个游戏,5693.155,1754802840,738a73b
1911661393863138816,我才十八,5635.78,1754978996,67c7bc24
1911940037441274368,我常说不,5577.471,1755012213,319d79a8
1916862547517593344,无偿上班这个太狠了哈哈哈哈哈哈,5640.532,1755599022,b575b51f
1916886203115027456,不满意太短了！,5691.918,1755601842,41d23346
1919615919593383936,法币好厉害,5491.366,1755927249,3ae4c2e2
1919874236307270400,太搞笑了,5709.81,1755958043,c4469e21
1924973871791438336,五彩水笔，无偿上班,5634.207,1756565967,e498a6f4
1928489303462333440,武昌酥饼啊,5649.501,1756985039,27acc97c
1931182947986193664,前面说文创的好厉害,5633.131,1757306147,d9c08631
1932631454336961792,满意满意,5684.543,1757478822,f487febd
1936645971006506240,你忙吧,5443.395,1757957390,cc3af606
1938432632782593280,完成设备,5697.579,1758170376,a3545458
1945259887495943936,龙颜大悦,5676.325,1758984249,deea00f
1957526892588923392,他俩这么强的吗？直接加时赛了,5475.556,1760446590,ae02b522
1977901549582004224,关税哈哈哈哈哈哈,5436.202,1762875438,aedabb3d
1977901725834636800,小熊好棒！,5457.17,1762875459,aedabb3d
1988742475853880320,哈哈哈哈这个是Dylan在后面说的,5609.534,1764167777,c847ffba
2002100048816625408,外国小孩中文对决真的，太形象了，这俩都笑死,5467.471,1765760124,1bae6291
2015436799140933120,高级词汇,5450.301,1767349988,a9603673
2018415095944305664,无偿上班(,5616.425,1767705029,964a8dca
2035137440129502976,弄明白,5418.548,1769698488,ca126b
2035137714621479936,你明白,5451.275,1769698521,ca126b
2068517489595502592,那么棒,5472.838,1773677700,471d6181
2077821577877208320,朕很满意,5679.263,1774786834,585cded5
,,0.0,1775683732.8000336,
lb.c,,0.0,1775683732.8000336,
,,0.0,1775683732.8000336,
1895737858867040512,哈哈哈哈哈哈哈哈哈哈哈,6096.333,1752996585,a4557f7c
1895737880752918784,沆瀣一气这词还是能用得到的233,5937.428,1752997598,4944442d
1895737919046914304,哈哈哈哈哈哈哈哈哈哈哈哈哈哈哈哈哈哈哈哈哈哈哈哈哈哈哈,5870.631,1752996356,a4557f7c
1895737949136851200,德国人太好笑了,5863.154,1752999715,8b34e573
1895737969194012928,阿雷真的动漫影视资深中毒哈哈哈哈哈哈,5838.142,1752997069,5866b398
1895738141521187072,犄角旮旯很少用吗？上海话里经常用到啊,6049.474,1753008868,39499903
1895738273742426368,除了呶字都认识,6060.585,1753013759,20dffd1e
1895738364003848448,踽踽独行这种基础词大左一个主持人不认识不应该吧,6002.5,1753015847,e69ebdef
1895738431481811200,圭臬感觉也很常见,6014.236,1753015872,e69ebdef
1895738444249272576,好厉害 卢可！,5923.251,1753018736,1c68567a
1895738555482214656,我觉得奉为圭臬还挺常用的,6019.476,1753019682,79d441b5
1895738669466620160,新梗出现了,5963.161,1753023686,65fd9e50
1895738727817777408,哈哈哈哈还拆啊哈,5877.108,1753023916,5ec74794
1895738740585238784,还得是总冠军！,5923.556,1753029089,d6bfe3aa
1895738798936396032,这期好搞笑,5880.071,1753023927,5ec74794
1895738800765112576,魔法小樱,5811.727,1753025778,ef8f951e
1895738804405768448,Latino American也是American哈哈哈,6088.033,1753033291,5404f33
1895738847263166720,哇好久不见的歌，我现在还全知道且会写呢,5922.622,1753029406,302e2cd4
1895738994978164992,戴卢可好会串场,5918.405,1753033135,5404f33
1895739036921204992,口语里很常见 但书面很少写 才叫生僻字,6084.412,1753069602,221a9f5
1895739067917111552,犄角旮旯哪个地区都用啊,6076.904,1753036132,37b64554
1895739303167234304,超超可能只是重影看成垚了哈哈哈,6025.872,1753080031,3f6b3267
1895803686740271360,德国人神奇的笑点出现了,5860.314,1753088610,677e1eff
1895940938636112896,哈哈哈哈哈哈哈哈哈哈哈哈哈哈哈哈哈哈哈,5956.417,1753104972,4365b2b7
1896006384517540608,哈哈哈哈哈哈哈 太好笑了,5877.08,1753112774,e10bb37e
1896394704246373888,往里玹,5888.848,1753159065,45f0e9c9
1896525961894243328,还记得穆小龙的也特别长,5863.237,1753174712,9c5bc011
1896526792475403776,突然感觉和一个母语者说对方的母语好刺激。,5849.288,1753174811,272cb156
1896528996767018496,伦反应好可爱,6093.046,1753175074,272cb156
1896694142336784640,我为什么这么黑,5850.046,1753194761,16f0b446
1896746298607480576,哈哈哈哈哈哈小魔女dorimi我的童年,5817.55,1753200978,9cb4590f
1896782108769874944,哈哈哈哈阿雷好棒,5823.344,1753205247,5856c37c
1896837444775896832,沆瀣一气，绵绵瓜瓞什么的其实也蛮常用的，都是会读，不一定会写,5963.667,1753211844,9450640
1897302336104199424,原来阿雷也是个二次元啊，圈粉,5807.807,1753267263,729e3ab7
1897408696875986688,bgm是星矢。。。,5826.178,1753279942,7ea9d3d5
1897539050743992576,是真的 喜欢看番剧随便都有N3了 日语听懂会说不算难,5774.395,1753295482,6f99a845
1897540654679205376,碗里选,5906.056,1753295673,6f99a845
1897941885038393856,哈哈哈哈哈德国人,5869.457,1753343503,4227b274
1898063552024567040,善逸！,5827.305,1753358007,9cdf46e6
1898064079399573504,xs我的笑点是发币笑,5864.169,1753358070,9cdf46e6
1898097346118832640,生僻字那个歌词的选择标准太不统一了所以体感好不好也是一阵儿一阵儿的hhh,5931.174,1753362036,45af011b
1898114145447495424,紧跟时事哈哈哈哈,5827.651,1753364038,ba542c3c
1898161274299396864,考试会用到吧，或者语文老师,6051.412,1753369656,9a457285
1898467852772804608,哪里常见？你平时都会说这些吗？我只能读一些，意思知道的就更少了,6031.791,1753406203,a725bfc4
1898468393661528832,确实是American,6081.24,1753406268,a725bfc4
1898544657131158528,会长日常开始挖坑了,5973.106,1753415359,e68aeabe
1898792509870598400,魔法少女小圆，魔法少女奈叶，魔卡少女樱，憧憬成为魔法少女,5789.357,1753444906,c1c112d8
1898950122260736256,我的天啊,5932.388,1753463694,eeae67ec
1899611716883880704,哈哈哈哈杨迪这个变声,5986.176,1753542563,5ebece69
1899953432166147328,怎么难的都会，简单的反而错了超超,6015.364,1753583298,ae954710
1900078198046300160,哈哈哈少女雷,5809.075,1753598172,1091612d
1901032821930525952,哈哈哈哈哈哈哈哈哈,5810.507,1753711972,2c9403ee
1901035550375286784,格局,6102.475,1753712297,2c9403ee
1901038084020175104,笑死,6081.102,1753712599,2c9403ee
1902445816619673088,可爱的四姐,6110.63,1753880414,c085033b
1902473656388011520,哈哈哈哈哈哈哈哈哈哈,5884.153,1753883732,24d07282
1902507918574530560,鬼灭！！,5827.326,1753887817,ecae7fb8
1903092981570356992,哈哈哈哈哈哈哈哈哈,5817.734,1753957562,623dd44
1904588337600721664,中二哈哈哈,5768.847,1754135822,3e5e834
1904588540294738176,和红红火火恍恍惚惚哈哈哈哈哈哈哈哈,5787.755,1754135846,3e5e834
1904607506802715648,xswl,5877.161,1754138107,2f77163b
1904738394345604608,不考生僻字没意思呀,6059.583,1754153710,1606bf27
1905360955819970304,先笑了,5858.11,1754227925,95e70b5d
1906556910518333184,哈哈哈哈哈,5871.662,1754370494,58d57e1c
1907415837069982464,不会是飞天小女警z吧,5820.521,1754472886,43d8243f
1908251049396513536,哈哈哈哈哈,5828.769,1754572451,d8a8f583
1913315501447857152,奉为圭臬不是很常见吗，，,6018.38,1755176181,9b40c598
1916341011081184256,这里阿雷莫名的像唐大哥,5760.723,1755536850,299590f4
1916656189127610112,哪里常见了，只有几个是常见的,6036.563,1755574422,51f2909e
1922655339275858176,犄角旮旯也会，只是不太会写,5941.477,1756289577,99536495
1923491622692854784,歌里的都会比较熟啊,6044.668,1756389269,a82a2ebb
1924750576206771968,哈哈哈哈哈哈哈哈哈哈哈哈哈哈哈哈哈,5819.439,1756539348,90bb401c
1924751062737679616,吼吼吼吼吼吼吼吼吼吼吼吼吼吼吼,5873.51,1756539406,90bb401c
1929398244665353728,初中的时候我们也学这个表演过,5947.352,1757093394,bd775eca
1954296916465043200,戴卢可的承上启下可太中国了哈哈哈哈,5910.649,1760061546,99c7f039
1957531727765723136,哈哈哈哈，陈超其他生僻的都知道奉为圭臬这么日常的居然不会,6007.196,1760447166,ae02b522
1963056219074066944,我的天啊，怎么会有这些这么多语言超能力者,5857.992,1761105737,54f7b9d0
1967686962006220544,笑死，反正我认不全哈哈哈,5978.628,1761657764,eb09f285
1977904572307833856,魔法少女哈哈哈哈哈,5795.978,1762875798,aedabb3d
1977905919635666176,哈哈哈哈哈哈哈哈哈,5956.683,1762875959,aedabb3d
1994610009833088768,超超好厉害,6041.25,1764867242,51701351
2010424270157225984,奉为圭臬这个，我感觉应该都知道啊，看古装剧什么的,6007.049,1766752448,a0b99804
2016016522979979008,超超怎么不认识圭臬，这是固定组合啊，垚涅是啥意思,6007.162,1767419097,ae954710
2026860148143955200,穆小龙？？？,5856.924,1768711758,c0ad9fc7
2036277408915183872,我只会醍醐灌顶和犄角旮旯,5991.627,1769834383,f9735bbb
2038025793061976064,德国人莫名其妙的笑点笑死我了,5864.035,1770042806,b8b5200d
2057973005103436544,高中语文考了你还能记得？反正我是感觉上大一就修为散尽了,6045.684,1772420699,dc69dd68
2058963017848770048,我可能知道他咋学的语言了,5843.198,1772538718,60c31dff
,,0.0,1775683732.8000336,
lb.c,,0.0,1775683732.8000336,
,,0.0,1775683732.8000336,
1895737596345553152,哈哈哈哈哈哈哈,6195.466,1752991046,a1639211
1895737605254254848,笑到捶床,6248.056,1752991132,a1639211
1895737756257587456,哈哈哈哈哈哈哈哈,6247.548,1752993724,46e1d41a
1895737873454829824,这表情包加的哈哈哈哈哈,6247.145,1752995808,591a47e1
1895737955520581888,哈哈哈哈晚上睡觉起来扇自己一巴掌。,6242.077,1752996766,a4557f7c
1895738234534072576,美国的刻板印象又增加了哈哈哈哈哈哈,6262.432,1753014661,d93d12d4
1895738291970871552,地大物博吗哈哈哈,6424.625,1753014057,450eca7a
1895738441514586368,美式英语跟英式的相比是真挺村儿的,6304.472,1753017646,6ed7a38b
1895738527220994304,这句话感觉很深刻,6342.095,1753018411,9cfc41f8
1895738529955680512,好惨,6240.329,1753015944,e967e3fc
1895738545457828096,洋脸在身我心依旧是中国心,6343.404,1753019165,b3e76332
1895738814438543616,伦儿好漂亮,6121.658,1753026098,ef8f951e
1895738827214393600,还好我们中文故意说别的口音腔调不会被说,6221.909,1753034289,9ef562ec
1895738931149246720,哈哈哈哈哈，绝,6261.929,1753027770,105f8ab8
1895738994063806720,以前好像聊过,6323.611,1753065947,c76f245a
1895739099835764992,感觉四姐马上就要入党了,6358.412,1753041164,f2cbd317
1895739164570652928,北京啊，都鼓楼钟楼和胡同了,6466.915,1753074268,cce57685
1895739223836168448,哈哈哈哈,6185.472,1753075358,b465a5f8
1895876772915284736,好红,6342.445,1753097323,f81c7508
1895891145075744000,完啦！漂亮国居然是我自己,6332.931,1753099036,720bb977
1895911263230715648,这一期可太好看了哈哈哈哈哈哈哈,6293.681,1753101434,cc998cf0
1895977013316171008,真的 我现在在英国 班上有美国同学老师都问为什么来英国哈哈哈因为感觉美国人很少来,6233.393,1753109272,7021661
1895996712578404608,哈哈哈哈,6191.243,1753111621,42cad9e5
1896011026604849152,哈哈哈哈哈哈哈哈哈哈,6248.296,1753113327,692c8ed6
1896053738805025792,笑死我了,6338.26,1753118419,35861f7e
1896348810541099264,盆栽伐木工,6185.449,1753153594,b7453a45
1896660913071964928,入党！马上入党！,6335.06,1753190799,280fcb51
1896752974823802112,萨沙真的长大了哈哈哈哈哈还劝架了,6286.28,1753201774,9cb4590f
1897031264495085056,英魂不散,6129.09,1753234949,88971e98
1897172399880213760,缘分,6350.275,1753251773,fe4eee91
1897191079833737984,伦儿好好看,6141.739,1753254000,edbe14cb
1897329347598687232,四年英伦行 一生英国情,6138.756,1753270483,cdc452f4
1897379646639815168,英美日常共轭嫌弃,6150.158,1753276479,d403eb94
1897470722797396480,就像有些人说着说着说英文感觉自己很能似的,6155.088,1753287336,9c3b5844
1897881482706794240,反复播放，笑发财了这段,6120.382,1753336303,a5babba0
1897980178177896192,哈哈哈哈哈哈哈哈,6134.889,1753348068,290bcf14
1897990451865073152,主要是大部分的美国人会对英音有滤镜,6302.454,1753349293,c5e94360
1898037108598766848,我觉得英音比美音好太多了，主要是美式英语有种不好好说话的感觉,6151.32,1753354855,e3a9f12d
1898068025727885056,也没有r音好像,6268.82,1753358540,9cdf46e6
1898469431701780736,四姐吐槽笑死我了,6195.492,1753406392,a725bfc4
1898638472119025920,B+可以了，我的二外只有及格，但我还是往简历上写我会,6389.578,1753426543,a18ccce
1899515964723618304,很多去台湾上大学的人也会有台湾腔,6237.288,1753531148,3820b86
1899583646470362112,哈哈哈哈哈哈哈哈,6195.813,1753539216,fbcf58ae
1899589769240256768,政审吗,6331.689,1753539946,80311199
1899903850559699712,英音好听啊,6271.685,1753577388,3e3ca627
1900743884129465600,东北腔,6156.205,1753677528,fc5824e9
1900962778974280704,“再给我上颚共鸣试试看呢”,6139.283,1753703622,7c263e9f
1901039338478048256,缘分,6410.357,1753712748,2c9403ee
1901092486005857536,这一趴杨迪和大左配合好默契好好玩,6240.882,1753719084,bba3e7b3
1901111475482086656,东北菜好吃不辣,6470.381,1753721348,18259142
1903696970439590656,我以为这个词是 可以,6419.591,1754029563,b7a9b2eb
1903909804733164032,哈哈哈哈哈哈哈哈哈这么严重吗,6142.532,1754054935,c51a6472
1903912608323439360,这个讲过，老师说他没天赋他吃激将法非要学哈哈哈哈,6350.203,1754055269,c51a6472
1904470534801020416,温文尔雅温润如玉钟逸伦,6222.688,1754121779,cc2734ec
1904581796449178880,没事萨沙会倒着说,6144.19,1754135042,5bd65cde
1904592053267419392,伦儿比较像英国的,6176.889,1754136265,3e5e834
1904592758221061888,哈哈哈哈哈哈哈哈哈,6240.501,1754136349,3e5e834
1904741835662920192,中国其它不说，论美食绝对世界第一,6444.448,1754154121,1606bf27
1907997071420911104,很明显是要伐木哈哈哈哈哈,6187.912,1754542175,e06c8437
1910189102486362880,大漂亮,6338.048,1754803485,738a73b
1910189214340135424,漂亮过,6351.282,1754803499,738a73b
1914652145542984448,这期好好看,6310.42,1755335521,39959bed
1916890106191840512,来了来了 入坑点,6131.6,1755602307,41d23346
1938459317036858368,4,6137.704,1758173558,7ce065f9
1942844325235513600,我真该死啊哈哈,6254.36,1758696291,1448c64
1967689487748992512,口音会混也正常，在外地待久了回家就会被说口音变了,6211.908,1761658065,eb09f285
1971860351436493056,真好,6405.79,1762155271,83beff44
1975472819102343680,我喜欢这期的所有！！,6331.166,1762585911,75855fc6
1988749246333072384,可怜的伦儿,6254.717,1764168584,c847ffba
1988750225619440640,支持Dylan，英音好听,6272.114,1764168701,c847ffba
2011318177330127616,好家伙哈哈哈,6456.191,1766859010,1bdc989c
2024979683494084864,这话题能客观的聊吗,6321.496,1768487589,4756a90
2069095069641645568,有没有可能美国人不说纯正的英语才是违背了自己的故乡,6150.449,1773746553,6b2b33d2
,,0.0,1775683732.8000336,
lb.c,,0.0,1775683732.8000336,
,,0.0,1775683732.8000336,
1895737660753285376,这一期真的很好看,6541.435,1752992583,a8f5ef7c
1895737685818446080,享受2025，好戳人的表达,6794.065,1752992554,dd38837b
1895737804802461952,哇哦，好想听一听,6713.441,1752995454,98f16374
1895737829255254272,老王算最有发言权了，毕竟经历过生死后来的,6760.292,1752998269,4944442d
1895737865259159808,但是这种速度也会有很多后遗症,6628.733,1753000515,8b34e573
1895737968288043264,那还是不一样的，中国贫富差距大，但基础建设都很好，欧美可不是,6678.52,1753002110,5e592343
1895738173439840512,应该是说医疗不便利，拖着拖着很多病人就错过最佳治疗时间,6709.748,1753010160,20af4969
1895738642102980864,哇，好会说,6794.595,1753022472,755ab053
1895738734201508096,和平,6749.651,1753027321,d89d8cbd
1895738795295740160,兼容并包,6823.86,1753032301,177de300
1895738872798089472,对自己深爱的国家有反思是很好的一件事,6721.795,1753038055,187c324
1895738902879637760,喜欢这样的真诚分享,6543.19,1753037588,187c324
1895738912006443264,希望都能变得更好,6721.795,1753038063,187c324
1895738932063604992,哈哈哈哈哈在一个伊朗人的房间里两个美国人吵起来了怎么这么好笑,6711.525,1753063546,f032f0af
1895739024153743616,其实这种对速度的适应能力也是一种温水煮青蛙。,6620.268,1753037869,187c324
1895739090717348096,不知苦所以不能言苦。,6622.315,1753037904,187c324
1895739095272362240,来郑州吧，郑州地铁是真的很有人文关怀,6736.904,1753040485,7a1afabc
1895739168219697408,五千年,6837.086,1753066340,e94d0ef6
1895739195574948096,都一样啊，大部分资源掌握在少数人手里，底层挣扎求生,6685.378,1753069042,3e15afd5
1895739298603831552,贫富差距...真的很难缩小,6671.593,1753077459,f04b19be
1895739300432548096,战乱国家的人要考虑的是生存，和平的国家才配谈生活,6772.315,1753073897,f8b0e6b0
1895739333257171200,唉...,6667.752,1753077438,f04b19be
1895916809107255552,来成都坐地铁吧,6741.512,1753102095,cc998cf0
1895922409224457984,幸存者偏差罢了。跟不上的会被毫不留情抛弃消失,6635.987,1753102763,9cc53f64
1895927999803579392,看了饼叔和老王的视频，很感慨,6763.186,1753103429,2f51f428
1895937469820941824,喜欢陈老师每次认真的聆听大家的发言,6547.615,1753104558,7d881d54
1895945543797188096,哈哈哈哈哈哈哈哈哈哈哈哈哈哈哈哈哈哈哈,6503.187,1753105521,4365b2b7
1895971705936303104,中国自己外宣也是重点在传统文化，对内也强化传统文化在中国文化中的代表性，青年文化一定程度上缺失，也有舆论环境的因素，外国人误解也很正常,6589.994,1753108640,108016b
1896042506861772032,这个我居然有点不信,6824.197,1753117080,698bab0d
1896055550030980352,中国也一样只是程度问题罢了,6658.388,1753118635,35861f7e
1896115798288929536,只缘生在此山中我没觉得变化很快但是回头看好像也变了蛮多,6649.705,1753125817,cc2734ec
1896346407598641152,说一样的去认真了解一下中美差异吧，本质是不同的，中国在努力缩小贫富，美国不是,6687.136,1753153307,996c2fe2
1896389793135554816,哎也不是每个中国人都过得很幸福，我就很累,6804.345,1753158479,671e7525
1896445143561997056,每个国家都需要伦这样的理性主义,6735.808,1753165078,2babe5d1
1896692445161556736,未知全貌 不予置评,6500.385,1753194558,d10e6859
1896713597632456448,前面那个为什么不信啊？就用大类来说，南北方的很多人了呀，更别说这么多省，每个省，每个城市，甚至每个村的文化都不一样。,6830.016,1753197080,c93b4313
1896713718285980672,很多元了,6834.261,1753197094,c93b4313
1896732865308570624,AUV,6591.584,1753199377,54d3f224
1896762050744070656,哈哈哈哈哈哈哈在一个伊朗人的房间里,6709.359,1753202856,9cb4590f
1897033430391823872,每个人都累换个地方你会连觉得累的功夫都没有还要担心能不能活到明天,6812.842,1753235207,d539e6d1
1897036751005286656,投共一念起，顿觉天地宽,6735.699,1753235603,c50570d0
1897124829325385984,国外一些媒体的刻意描绘,6600.162,1753246103,42da3e49
1897224976302927360,这俩私下可一定要还是好朋友啊,6713.528,1753258041,e6299164
1897398342565690112,真的，我们被保护得很好了^ω^,6774.265,1753278708,ca23a4
1897434692518111488,苏丹的游戏你是不是原型哈哈哈哈,6776.575,1753283041,b7b7e82b
1897549057816156160,鼓楼钟楼是西安,6483.967,1753296675,6f99a845
1897599146278760704,中国内部当然也有问题，但和国外的程度还是不一样的，多去了解一点再发言吧,6682.239,1753302646,68f3b35d
1897599835788886016,一个江苏各个市县方言文化都不一样,6838.453,1753302728,a12485dc
1898072217221687552,想起luigi,6699.647,1753359040,9cdf46e6
1898085967332604160,这后面的话题多来几期，说不完啊,6609.427,1753360679,d849b843
1898126853265714176,没办法拒绝变化/dog,6625.936,1753365553,ba542c3c
1898641050416426752,人民的愿望都相似。。,6675.15,1753426850,a18ccce
1898785992081696768,英国：勿cue，谢谢,6689.673,1753444129,cc3adea9
1899394054693909504,不接受也很好办，慢慢被淘汰咯,6624.492,1753516615,3873c0bd
1899524978576745984,可能是荒诞吧，比较合适,6523.504,1753532223,7cf865be
1899569833494887168,梦幻不好吗？,6573.202,1753537570,3860f01a
1899644931426164480,中国也不能避免,6661.822,1753546522,d5bc7b78
1899645448348985344,当然我们现在正在努力让中国不一样而且也有了成效,6689.47,1753546584,d5bc7b78
1900034195536137984,Dylan是一个真诚的好人 支持,6720.402,1753592926,2c9403ee
1900231076526713344,美国很多人相当爱国的，其实恰恰是我们。。。。。。,6649.902,1753616396,395ce43e
1900245252292511232,这里的荒谬应该是指外国宣传的中国和实际的中国不一样的意思吧,6582.739,1753618086,fc0b135a
1901033036209402880,“神奇”,6522.2,1753711997,1b6940fa
1901478076861790976,中国禁枪是最明智的选择，而且摄像头多也是为了保护好人，监视坏人,6802.453,1753765050,80000882
1901700931155311616,变差,6642.612,1753791616,105f52db
1901734966363358208,他是个理想主义者，社会需要理想主义者的存在,6719.916,1753795674,71f360aa
1901862417940697600,感谢国家，每有一个新技术出现都是先向全民普及的,6630.792,1753810867,4a4e6679
1902365496134297344,我们不要身在福中不知福了,6793.653,1753870839,92f8c01f
1903699234281745920,很多国家都这样,6658.438,1754029833,b7a9b2eb
1903827465546625536,每次波波玩这种政治梗我都好想笑,6715.322,1754045119,29c7c55b
1904592752574914304,中国不一样,6686.195,1754136348,357dee8e
1904596883444749312,。。。。。。。。。,6636.436,1754136841,3e5e834
1904597355127841024,哪里不都这样,6661.546,1754136897,3e5e834
1904599138847969024,没有说过的多幸福 要求就是没有战争就很幸福了,6809.822,1754137110,3e5e834
1904743391271399168,中国可使用短短30年走完了西方国家的很多路,6615.568,1754154306,1606bf27
1904746212788497664,确实多元化，不同地区不同民族,6820.44,1754154642,1606bf27
1905466819909765888,要哭了 老王,6796.692,1754240545,a48719d1
1905516364379104512,中国和美国还是很不一样的，美国可以说整个政府和社会就是一个企业,6688.725,1754246452,c0863c00
1905590443236882944,华波波接的好哈哈哈哈,6728.909,1754255282,55f41f2d
1905708190906021888,是的，明明有新兴的社群文化，小说影视在海外也有不少受众，但只拿传统文化宣传,6558.317,1754269319,92638f93
1905733248072848128,伦好可爱啊,6721.098,1754272306,f5b9996
1905886098668937984,伦儿很有国家情怀,6698.429,1754290527,7becfa2e
1905887294179910912,阿雷文艺人,6824.672,1754290670,7becfa2e
1906070010057587456,基建狂魔可不是贬义(而是汗颜),6743.759,1754312451,c8137052
1906621653182534144,国内也一样，只是国家投入民生的更多,6672.825,1754378212,da947e05
1909689848987148544,他想表达国家或者政府没有投入更多到基础设施建设或者卫生安全上面,6674.879,1754743970,d7fb52ee
1911377903472814592,真好,6720.915,1754945201,984e8387
1911378403299548928,伦的发言太棒了,6767.166,1754945261,984e8387
1913571332298825216,不予置评  但我家过得很好,6816.41,1755206679,a406af70
1915971349722081024,但是在武汉记得出门的时候手不要插在兜里,6731.172,1755492783,aa8cb2c6
1918412477759778560,对老王来说这里很有烟火气,6809.441,1755783788,dcc7e0e1
1921056285831728384,不接受就会被淘汰,6630.638,1756098955,954b058c
1921056623968288000,中国也差不多,6657.996,1756098995,954b058c
1929404679826503424,我们也是啊 程度没那么离谱就是了,6668.628,1757094161,bd775eca
1945264582373671936,每次听这个方面都想哭,6771.747,1758984808,e84d2ff
1967694729680788480,卢可的共情能力很强,6785.668,1761658690,eb09f285
1967694847532478464,老王好真诚,6789.668,1761658704,eb09f285
1975476124088230656,好棒老王,6795.251,1762586305,75855fc6
1977911950214243328,其实中国也是,6675.488,1762876678,aedabb3d
1986558931577298944,确实，只有一部分人在享受当代,6804.09,1763907478,2a9d92f9
1988754506963415040,Dylan反应好快,6661.622,1764169211,c847ffba
2011320470867702016,世界因你而美好 ,6720.212,1766859284,1bdc989c
2016952177930965504,广州都一直在开新的地铁线路！,6708.314,1767530636,8947ce87
2022025891484004352,什么叫老是说这个？经历过的最深感悟说不是很正常吗？,6786.513,1768135469,6d4f31dd
2027056310750973952,这是一个制度问题 美国的资本主义体制下永远不可能达到钟逸伦想要的这些平等和普惠,6727.425,1768735142,aef87158
2027056891695612928,老王一说话卢可就哭,6782.978,1768735211,aef87158
2029865597738983936,外宣确实做得不好,6562.312,1769070035,361d239
2056133097778429440,荒诞是离谱且可笑，也不好,6531.028,1772201365,fa9ad547
2066239338295500544,中国没美国那么夸张,6675.024,1773406123,a16be46f
2085131327899985664,荒诞,6523.597,1775658224,91e1ddec
,,0.0,1775683732.8000336,
lb.c,,0.0,1775683732.8000336,
,,0.0,1775683732.8000336,
1895737518549602560,中俄那说不清道不明的羁绊呐,6875.785,1752989565,9e8cd452
1895737942753120512,虽然但是这些基建应该都不是白给，还是要考虑利益的。,7087.97,1753004822,545954c8
1895737954606223616,萨沙已经不是老外啦，他是老内,6917.492,1753001311,e4ff31ac
1895737962810282240,给陈老师投币,7148.543,1753000815,e868d6e6
1895738337562956032,萨沙的面相都很中国了,6921.078,1753014984,73e9b877
1895738415065305344,非正不就是这样吗hhh正经起来很正经,6951.491,1753017172,638576ba
1895738442420556032,这已经是精中了自豪了,6856.334,1753017521,47376c28
1895738515367891200,现在的节目越做越大，主题也越来越大了,7111.306,1753019293,193ffd61
1895738546372186368,萨沙越来越老干部了,6860.051,1753019535,1c68567a
1895738560079171840,完全变成中国人了呀萨沙,6854.884,1753019690,b3e76332
1895738708666585344,但中国的利益都是双赢的，大多是经济上的，不能说有利益就是不好的,7102.081,1753028422,a7349199
1895738749695267072,基础在民间，未来在青年,6909.082,1753029610,b77da815
1895738798022037760,东北人来了,6857.033,1753029957,d0eeaf61
1895738808063201536,唐朝那会真挺多的，服饰饮食娱乐活动都交流的特别深，互相影响很大的,7030.588,1753023996,11c5072
1895738836324421888,偶尔有一些宏大深入的话题也挺好的呀,7125.054,1753034905,9ef562ec
1895738864585642240,灵笼,7118.112,1753027731,7bf03337
1895738874618417408,肯定是有利益的，但是我们追求共赢，而不是强取豪夺,7091.369,1753030554,516113ea
1895738916561457408,宏大叙事会让人感动，但也会让人迷失的，感觉没必要一直升华,6997.048,1753038389,187c324
1895738967622914304,这一年真的是舆论反转,6903.166,1753030294,516113ea
1895738974912614656,近代中国的版图就是清朝定下来的，相当部分依赖于乾隆的十全武功，感兴趣可以搜一搜乾隆朝名将,6979.544,1753040743,7a1afabc
1895739005916909824,没有宏大的背景下个人还会存在吗？,7125.643,1753036925,c7bc6e63
1895739146333819136,咋样了。。。挺好的啊人家,6949.86,1753073352,892b4073
1895854446332840192,相信老王说的是话是发自内心的，毕竟亲身经历过战火,7170.238,1753094661,3a31dcb7
1895859660172023808,据说他的老爸是中俄混血？,6880.681,1753095283,1df8460d
1895878303215493376,迷失是因为你自己内核不稳，如果你连听到一点赞美的话都觉得心虚、不适，那是因为你配得感太低了,7007.214,1753097505,68ab50d8
1895886991573313536,萨沙已经入党了，自豪感都有了哈哈哈哈哈哈哈哈哈哈,6853.737,1753098541,ac1ed4e7
1895914456186862592,确实，有过大唐的鼎盛，也有侵华的耻辱，太复杂了这几千年和近两百年,7072.87,1753101815,4f7b0147
1895939496005433088,我发现很多人很抗拒对个人的赞美哈，宏大就是由个人构成的,7124.197,1753104800,d0a706e0
1895962862170590464,是的,7064.0,1753107585,3c890e32
1896057229271011584,从先秦开始的华夏认同,6997.054,1753118835,35861f7e
1896057475954741760,让我想到了威斯特伐利亚和约,7027.006,1753118864,35861f7e
1896138358434982144,一点都不过，中国就是很好。,7190.899,1753128506,7388c77a
1896282581490515456,导播直接不敢切其他人的画面了 大左也管管 心里知道就行了,7189.779,1753145699,c585eb07
1896371636178174208,为什么过了 前面的是配得感太低了吗 陈述事实而已 为什么会觉得过呢,7195.88,1753156315,c0abd974
1896444073528258560,才注意到这个地图中国好大,6967.583,1753164950,a7969c95
1896444504300081408,超棒啊这期话题 很有意义和深度,7003.209,1753165002,a7969c95
1896487634579302400,这个地图也让我印象很深刻,6965.677,1753170143,9ec95bfa
1896489246634756864,说得好,7151.185,1753170335,9ec95bfa
1896515622197177856,他是真的入党了吧，发言太官方，哈哈哈,6917.303,1753173479,8a80d98c
1896527134873361920,萨沙太中国了,6883.176,1753174852,6a042d86
1896527607890110720,真的很震惊,6985.76,1753174908,6a042d86
1896528590154207232,不愧是在世界中心呼唤爱,7171.882,1753175025,6a042d86
1896549573058051072,求同存异,7081.105,1753177527,b99d4a1f
1896678634124171776,说的太好了,7089.925,1753192912,ef5b873
1896689226226035968,为什么要说过了，如果作为国人的我们都不够有自信，都不够乐观自豪的话，这个世界上还有谁愿意更相信我们可以做到这些呢？,7191.378,1753194175,4de79949
1896700212652189440,中国最牛逼的一点，就是同化,6948.592,1753195484,c3929b2
1896846755031494400,天下大同，世界人民大团结，万岁！,6951.603,1753212954,9450640
1897038302151448064,让我想到了高佑思…哈哈,6842.739,1753235788,88971e98
1897132711857199616,因为我们原本就是一个多民族的国家，每个民族存在各自的文化差异，每种文化相互包容,6938.97,1753247042,42da3e49
1897313694656990464,北京欢迎你，为你开天辟地（开放怀抱）你会爱上这里,6908.793,1753268617,729e3ab7
1897402914356966144,love ,7173.813,1753279253,ca23a4
1897552673700808704,执着 信任,6868.324,1753297106,6f99a845
1897601588529782528,现在人真是戾气重了，以前从来不会有人莫名其妙的打问,6997.266,1753302937,a12485dc
1897859954988690432,家国情怀大部分人有，有一部分人确实因为从小的狭隘，自然也看不惯这些,7191.085,1753333736,e0632c99
1897866933580394240,非正这一季带着任务了,7011.467,1753334568,8562c6e6
1897897775447236608,那外国人和自己国家对比就是觉得中国更好啊，看见中国更好的一面讲出来啊，代表们都说的那么真挚真诚,7021.288,1753338245,2aa70d44
1898088222609748480,可以倒着说中文,6878.916,1753360948,8f9aba91
1898092720329620224,带啥任务真好笑,7021.416,1753361484,d849b843
1898132201112459520,宏大背景就是我们每一个中国人的骨血，为啥不能谈,7130.926,1753366191,ba542c3c
1898580836409316096,守正创新 不忘初心,6939.247,1753419672,6126b659
1898666323538942976,用今人的生命还古人的债，这个真是精辟,7155.601,1753429863,915050e3
1898788297942440448,他不是混血儿，是老爸在他很小的时候就“巨星标配”了，但是很小就开始接触中国文化,6894.038,1753444403,cc3adea9
1898791671513404160,宏大和个人不是对立的，而是互相成就，这就是精致利己主义为什么要摒弃,7136.041,1753444806,cc3adea9
1898822681655529728,这太好了！,6843.84,1753448502,636af638
1898910387244854272,莎莎接近中国人了，完全中国化了,6921.603,1753458958,e3470321
1898911684559693568,陈老师真的满腹经纶啊,7076.15,1753459112,e3470321
1898957673719325184,有些弹幕是觉得说坏的才是真吗？坏的好的都是,6994.673,1753464595,6b40ebca
1899330667008161024,已经是东北人的模样了,6896.769,1753509059,8ed82815
1899443844664460800,中俄CP,6903.562,1753522551,e4d84d7d
1899524549423779584,太深了！,7053.949,1753532172,3820b86
1899609802536100352,萨沙太像中国人了,6868.96,1753542334,64c6b79c
1899623826770786560,一点都不过好吗，现在的时代背景下世界是否能和平确实要看中国,7192.147,1753544006,bc31ead9
1899647684927755520,前面的想说啥啊，陈超咋样了？不要引战可以吗,6952.723,1753546850,d5bc7b78
1900087323199353344,哪里过了？自己去了解一下我们在国际事务上做出的贡献，不要这么自卑,7189.371,1753599259,422009b7
1900214028308531712,古代也有疆域图吧 也是有地理分界线的,7038.06,1753614364,b927edf8
1900303293918964224,老王又动感情了,7179.652,1753625005,68efaa5c
1900974547218661632,中国真的格局太大了,7161.167,1753705025,62699b20
1901012750474195456,萨沙就是中国小伙啦 ,6871.084,1753709579,9265523d
1901040459380750080,天下大同！！！世界和平！！！,7183.616,1753712882,1b6940fa
1901066877699254528,近代史 是一个伤痛,7072.148,1753716031,539dfda8
1901118523019670016,互利互惠嘛，有何不可,7108.686,1753722188,18259142
1901639283426035968,我的弹幕呢,7003.772,1753784267,4d2041c5
1902755038712239872,萨沙说的已经得到了国人大会演讲的精华,7009.141,1753917276,3f3063c2
1903662376340233216,陈老师讲得太好了 ,7199.012,1754025439,2e93938c
1903701780291417856,夸得我都绷不住了,6921.694,1754030136,b7a9b2eb
1903776104272515072,中国自古并没有国境线的概念都是以势力范围划定大概的区域，真正接触到把国境化为一条线的应该是清朝的尼布楚条约,7040.655,1754038996,b9df69aa
1903804183300627712,中国是文明型国家,7009.325,1754042344,1ddd0afb
1904413756096572672,会长眼眶红了,7182.497,1754115010,21f73640
1904600175142915328,萨沙这段话 好,6931.724,1754137233,3e5e834
1904602111367773184,哈哈哈,7116.424,1754137464,3e5e834
1905340308922234368,speed不是来了吗？,6912.659,1754225464,2eb47862
1905890199146212096,天下大同！,7147.37,1754291016,7becfa2e
1906120801997426176,倒着说中文笑鼠我了,6883.518,1754318506,712b33d4
1906866720434670336,他爸爸混血,6884.042,1754407427,4ad5b7c7
1907440916215114752,必须得是陈铭,7057.295,1754475876,9adcf5e9
1907441055340190464,没有陈铭可咋整！！！,7062.323,1754475893,9adcf5e9
1907927474462215424,萨沙爸爸好像是中国人,6888.991,1754533878,edceba01
1908264231959804928,不然呢 你想听到什么？,6956.994,1754574023,d8a8f583
1909738694962297344,因为我们的认同不是建立在血缘，种族之上的，是文明,6947.309,1754749793,e06a0bba
1910516879710106368,天下大同,7156.667,1754842559,4cd26c1a
1911108155258463488,愿祖国永远繁荣昌盛，愿人民安居乐业，希望真的能有老吾老以及人之老，幼吾幼以及人之幼的天下大同,7199.845,1754913045,34be5d10
1911383357871574272,说得太好了,7156.072,1754945852,984e8387
1912644363784642048,这个bgm有点宏伟啊哈哈哈哈,6896.867,1755096175,aca1d8af
1912646653195192576,说得太好了！！！,7161.315,1755096448,aca1d8af
1913030470246605824,只有经历过才知道的,7176.765,1755142203,cdc7bc83
1913350480247959552,李白是吉尔吉斯斯坦那边的人,7021.62,1755180351,3302ae89
1914864527842332928,国破家亡，固定搭配，望周知。也不妨看看今天的加沙人民，里面也不乏战争前家境优渥的。,7145.64,1755360839,dfe2ddbf
1916898949210434048,萨沙太老干部。。。,6868.229,1755603361,41d23346
1916900671467390976,读人类简史就知道 国家是人类构造的概念罢了,7052.699,1755603567,41d23346
1921250021379576576,说硬夸的历史及格了吗,7002.11,1756122050,bc587f4c
1923930412557231360,但是听说意大利街上小偷特别多,6841.225,1756441577,99536495
1924986993839221504,陈铭老师口才好，说话才快，没有语言屏障,7130.674,1756567531,e498a6f4
1926357441114275328,投币了,7154.131,1756730901,9eb4a117
1939601543464800000,说的好好,6936.456,1758309722,19031c9a
1971050491086146048,感觉萨沙真的是完全融入中国了,6891.029,1762058728,9574db04
1977023081524779264,都是地球上的人类，没有哪个国家比其他高级,7161.416,1762770716,da85f3fd
1977913530325766400,萨沙已经入党了吗哈哈哈哈哈,6863.869,1762876866,aedabb3d
1985165235720048640,太纯了还是,6863.268,1763741337,55203a50
1992880039746138112,东北代表这一块,6856.653,1764661013,b087944c
2011869610512769024,看哭了,7140.057,1766924746,cc26b091
2011870073975098624,说的太好了,7150.2,1766924802,cc26b091
2026026976464848128,这一期太棒了,7064.553,1768612436,1ca31636
2027856872027209728,非常漂亮的总结,7094.328,1768830577,8f58d927
2035149943106573568,他真的说得好标准,6879.309,1769699978,ca126b
2036292303651953664,我突然意识到中国的中立也是一种和平,7197.221,1769836158,f9735bbb
2082391271548932096,包容  但是有一条你只可意会不可言传的高压红线    触碰即死亡,6946.344,1775331584,6d6f1ac6
2082391448967843072,包容  但是有一条你只可意会不可言传的高压红线  触碰即死无葬身之地,6950.611,1775331605,6d6f1ac6
,,0.0,1775683732.8000336,
lb.c,,0.0,1775683732.8000336,
,,0.0,1775683732.8000336,
1895737650661789952,下周见,7295.403,1752992285,a1639211
1895738054900420864,陈老师说的真好,7214.561,1753006171,255b01e
1895738988594434304,那挺羡慕那个厅结婚的新人了~,7250.967,1753048041,23ddeab7
1895990467888831488,哈哈哈哈哈哈,7243.15,1753110876,99272c49
1896502871931897088,精彩的节目,7207.788,1753171959,bda137c9
1896528826075226624,好看,7223.428,1753175053,6a042d86
1897388807511572224,很客观啊，这就是事实,7202.296,1753277571,d403eb94
1897967201404250624,好看好看,7214.407,1753346521,bdfa401c
1898090557780690176,哈哈哈哈哈哈哈,7364.777,1753361226,9cdf46e6
1898096271319938304,伦儿记词能力这么强啊,7425.896,1753361907,d849b843
1898122321471151616,战歌起泪目了,7222.706,1753365013,66a85677
1903097630284788992,真棒！,7232.354,1753958116,1e5860b0
1910196463095640064,可真正的世界还是弱肉强食,7214.027,1754804363,738a73b
1962554409448054016,旷野的规则是永不回头,7256.422,1761045916,9caedba
1977916378484578816,精彩！,7203.354,1762877206,aedabb3d
,,0.0,1775683732.8000336,
lb.c,,0.0,1775683732.8000336,
,,0.0,1775683732.8000336,
1895737229310398720,一日代表好漂亮！像玛丽莲梦露,36.018,1752985309,59dfb4d2
1895737236021285120,来了！,197.636,1752984891,781e03c0
1895737280388632832,来哔哩哔哩只为了非正,23.323,1752985268,882cd619
1895737340836942080,竟然没有弹幕,102.734,1752986130,7c88818c
1895737356095820032,太美了啊啊啊啊啊啊啊啊啊啊啊,129.037,1752986855,63882395
1895737381790126336,哈哈哈哈我也喜欢测试,330.419,1752986736,4f7b0147
1895737392368161024,再看一遍加长版,74.113,1752987164,6261fc3d
1895737440627822848,就等加长版了,15.67,1752988220,a8fd71fe
1895737488023458048,沉默是最好的回答,188.466,1752989859,5cde034e
1895737757213888768,濑濑晒伤妆？,296.894,1752994571,13ee2db9
1895737813862158592,天呐，杨迪好好，还帮会长解释一下,262.251,1752995588,ef576978
1895737852827242753,濑濑可爱,315.191,1752995616,1091612d
1895737914483511552,我怎么第一反应就知道他要说学历,139.779,1752996339,2775914b
1895737947308134656,果然还是斯拉夫人长在我们的审美上！,73.86,1753005031,2394c70f
1895738002018636032,哈哈哈哈哈哈哈哈哈,195.646,1753006609,bc56a2e1
1895738089553760512,加长版！终于 走起～,118.271,1753002959,ea88348b
1895738128770502912,哈哈哈 让我们说中文,233.897,1753003085,ea88348b
1895738201701060864,哈哈哈哈哈哈,178.352,1753005984,61f1cb93
1895738215382880512,来了,60.699,1753006389,bc56a2e1
1895738423277752576,怪不得,264.523,1753017327,ef8f951e
1895738450633003264,弹幕呢,94.954,1753017693,6474f847
1895738460665778432,来了,9.0,1753017972,d2eb3f6c
1895738543637500160,超超看起来很聪明的美女,286.398,1753016280,a9208369
1895738587400868096,我说会长怎么有种被夺舍的感觉呢,275.37,1753020529,fc5c5aac
1895738736936194304,罗世杰也是博士吧,170.656,1753024489,8d665d98
1895738941182021888,再听一遍哈哈哈哈哈,211.547,1753064144,91850ea9
1895739043304935680,大左你堕落了 居然问出这种问题,183.625,1753066311,c585eb07
1895739119892926720,直接看加长了,50.901,1753065450,532bb614
1895739159101280512,直奔完整版！,2.008,1753066177,df6e1fa7
1895739170954383616,高情商：还在研究中...低情商：懂得都懂,196.746,1753071998,2b09e628
1895739227485212928,想起大不溜，小不溜，哈哈哈,313.856,1753071380,42da3e49
1895739240252674304,本来就是这个议程,275.175,1753075611,9cc5a9be
1895739294963175680,让我们说中文,230.803,1753077391,7d0b1ed6
1895741767471711744,好漂亮我的吗,123.454,1753081229,35861f7e
1895878472815905536,我就说会长怎么突然那样哈哈哈哈哈哈,285.477,1753097525,e1f0140c
1895902343950621952,小姐姐有点用哈利波特的露娜,260.69,1753100371,7bf5ae5
1895913944380697088,全世界都在说中国话。,240.019,1753101754,83719079
1895923691389856000,这封面有点像火仔和托子啊,7.553,1753102916,f48e83fe
1895925654231755520,俄罗斯娜娜什么时候来,123.096,1753103150,9a5f75b6
1896126772140527360,soul说是,314.381,1753127125,757770bd
1896432713985696000,厉害了,157.364,1753163596,d844b0d7
1896548500188124672,头发好美,170.792,1753177399,7be9809b
1896549652783060480,杨迪火是有道理的 尊重人,272.254,1753177536,7be9809b
1896671118996624640,哈哈哈哈确实幸好解释了,273.442,1753192016,9cb4590f
1896702989247416832,超超很适合这个衣服的颜色哦,102.804,1753195815,3c4a8341
1896834873642632704,有俄罗斯美女啊…,35.454,1753211537,88971e98
1896836266168177664,让我们说中文,232.165,1753211703,88971e98
1897134881856050432,漂亮小姐姐～,64.387,1753247301,c76fd2
1897334937960030976,濑濑这个妆真好看,301.592,1753271149,bbeae81b
1897409888377011200,冒犯,196.202,1753280084,4dd44e23
1897435333340270848,约基奇,348.778,1753283118,182ab5fd
1897520115852190208,完蛋，没有提示我怎么看？,116.489,1753293224,28dcc9f6
1897545623813818880,这就冒犯了？弹幕真是敏感肌,201.287,1753296265,d14d0ec
1898012492027085824,赖赖的妆好可爱,336.596,1753351920,4fcac017
1898069933423117568,杨迪预判了弹幕哈哈哈哈哈,271.58,1753358768,ba542c3c
1898129671619960832,这个问题就跟 这是博士，你谈恋爱没？结婚没？一个意思,190.406,1753365889,c4640bae
1898480150421808896,来了,16.649,1753407669,6a79158e
1898575317955005440,超超好好看！,109.88,1753419014,69896d2c
1898577690152768512,花仙子从动画里跑出来了,128.022,1753419297,ae954710
1898649691060092160,西伯利亚可老大了,219.328,1753427880,2391701c
1898711585640666112,陈超这次妆发好可爱啊,102.634,1753435259,6bc89832
1898754234095442176,羌族小煞,92.976,1753440343,2c9219d7
1898798214510129920,你是菠萝的颜色,82.099,1753445586,3665527f
1898849081846541312,萨沙爸爸本身就是中国人，只是他自己从来不提,250.247,1753451650,b47738e
1898894497392836608,哈哈哈哈哈哈,177.674,1753457063,b7a9b2eb
1898943849687043840,一直是这样就得改呀，与时俱进哦,224.299,1753462947,b698ce63
1899364840469068288,这个发量绝了,134.718,1753513133,2a7b6daf
1899448788037526016,超超每期都好美呀,99.793,1753523140,d00654d8
1899516166050156032,不是第一次看 而是第一次意识到 以前太麻木了,216.063,1753531172,118b96e
1899527485797073152,笑死 中文是母语 俄语是二外,237.713,1753532522,568a8045
1899528308618886912,敏感是好事,303.526,1753532620,568a8045
1900192036414916352,一之濑这妆怎么回事,293.915,1753611742,29c7c55b
1900289648556262400,直接看加长版,0.154,1753623378,e67086c2
1900919121772592640,好漂亮,127.615,1753698417,c1f2fe77
1901083258352320512,好厉害的姐姐,153.737,1753717984,80000882
1901138676046841344,好想念松鼠啊,100.073,1753724590,be45fcd2
1901541018550427904,学霸,158.824,1753772553,92f8c01f
1901541640448327936,哈哈哈哈哈哈哈哈哈,233.0,1753772627,92f8c01f
1901557020667466240,口音重成这样吗hhhhhh,247.784,1753774461,28c7b5ab
1902390692148829184,杨迪，综艺没了你可怎么办啊,266.775,1753873842,d89f1503
1902390841935725312,这个家不能没有杨迪,269.141,1753873860,d89f1503
1903658867167214336,萨沙俄语有东北口音,222.721,1754025021,19790be1
1903884035399163392,弹幕确实很敏感（摊手）但本来每个人的敏感度确实都不太一样,210.495,1754051863,c29ddf0d
1904491649607379968,哈哈哈哈说不出来,179.099,1754124296,3e5e834
1904491705198666240,太真实了,185.705,1754124303,3e5e834
1904530408591864832,别说的是人均美女，俄罗斯人一到中年，你看什么样子,267.292,1754128916,45953387
1905824218038253568,一之濑脸咋了？？？,293.709,1754283151,7becfa2e
1906658172484245248,斯拉夫出美女,75.635,1754382566,1327ee61
1906659219936198400,俄罗斯男女比例失衡 现在男人可能更加少了,182.722,1754382691,1327ee61
1909373597710577920,杨迪真懂弹幕啊,277.498,1754706270,8dd2ba4e
1910460639663627264,陈老师在模仿一之濑,45.076,1754835855,922f6f0b
1913105683772238336,希尔顿借了这么久啊,64.327,1755151169,7c712eec
1918431810531300864,这集时长好评,75.498,1755786093,15362246
1918442564634446336,最好看的,148.186,1755787375,15362246
1933845929732174848,什么文化？能不能翻译成中文,304.009,1757623599,d7c947c1
1937313621231702528,丽莎非常漂亮又可爱，前几天在三亚看到本人，很惊艳,124.308,1758036980,ba02a15
1937929668699405312,卡尔波利,48.444,1758110419,32e2455b
1937963074376466688,好漂亮,134.143,1758114401,945a6cd2
1944416070370790912,？？？？？？,169.166,1758883658,ee18cbf2
1946034063152715520,漂亮,127.189,1759076538,eb269b47
1948170065589943552,这就是敏锐，情商和敏锐并不相关,311.502,1759331169,ffdfce2e
1953129821739839744,为啥一之濑是asuka明日香,324.492,1759922418,83b4cbbf
1954420562860454400,好喜欢她,134.846,1760076286,915cc525
1956594679777072128,别太敏感肌,205.333,1760335461,d35c8a9
1960344697746654976,萨沙爸爸是混血,212.087,1760782498,f8089327
1961200116493380096,？？？,189.014,1760884472,a187841b
1963248930037173504,故意的，节目就这样，多少年了还不懂这个套路吗,196.252,1761128710,65b78c7
1968970682843311616,哇俄罗斯美女姐姐,34.602,1761810796,269700bc
1977838097261843200,来了来了,8.955,1762867874,aedabb3d
1977839385668188416,好有才华！好漂亮！,162.561,1762868028,aedabb3d
1992655007401061120,让我们说中文,231.845,1764634187,b087944c
2002223379507534848,超今天的发型好看,289.421,1765774826,8d79c5f3
2004575798560393984,怀念以前长头发的四姐,174.74,1766055256,ffa3828d
2021928450646454528,确实不太好。。。这是啥敏感，之前男代表啥的也没问（从非正第三季开始追的）这本来就不尊重人，敏感也不是什么坏事,202.128,1768123854,6d4f31dd
,,0.0,1775683732.8000336,
lb.c,,0.0,1775683732.8000336,
,,0.0,1775683732.8000336,
1895737342925705472,严谨的德国人,476.148,1752986028,fe4eee91
1895737483040624896,大气,487.444,1752989145,193ffd61
1895737545401536768,怼脸拍，真的好看doge,689.139,1752990986,591a47e1
1895737746736517376,两位的瞳色都好好看,397.339,1752993592,2f3ca03c
1895737759118102784,梅丽莎小姐姐头发太美了，像洋娃娃,677.759,1752995462,13ee2db9
1895737805708431616,呆楞是真的  成熟了！！成熟的帅！！,611.617,1752994452,fbf64f60
1895737827443314944,那真的我们很难这样,466.779,1752995951,1091612d
1895737952785895680,花期短但是开得艳,585.749,1752998353,4eba2802
1895737970108371200,可以一个人买单，然后有空了拿小票算,428.926,1753005751,90af0186
1895737994720547072,split the bill是吗,414.975,1753003281,ea88348b
1895738146084589824,梅丽莎真的太好看了,642.72,1753009208,d93d12d4
1895738169790796032,哈哈哈哈,434.814,1753004847,2f987c3c
1895738187113271552,这个妹子好养眼啊！！,500.242,1753010552,85e3c44a
1895738250027831552,真的，我追过不少外国演员，白人很少有保养好的,603.652,1753012927,302e2cd4
1895738309293347072,男生应该说平权吧,410.11,1753014904,26cd4125
1895738312942391552,这蓝色眼睛真漂亮,701.403,1753012513,68efaa5c
1895738379505996032,小姐姐！10分好看！,681.33,1753013023,302e2cd4
1895738488926998784,听着还挺浪漫的,529.594,1753015004,26cd4125
1895738489832968448,哈哈哈哈哈,621.823,1753019961,ef8f951e
1895738508984160512,五官太美了,684.493,1753017972,8d117f15
1895738562780303616,四姐稳定发挥,422.981,1753022338,fbd7fd41
1895738589221196032,太好看了她,677.254,1753017957,8d117f15
1895738746054611200,陈铭看了一眼梅丽莎哈哈哈哈哈,590.106,1753024833,8d665d98
1895738822642602240,白人皮肤薄，再加上骨相起伏明显，没有胶原蛋白很快就垮了，黄种人只要保养得当一般四十多岁还是没问题的,615.648,1753034058,7a1afabc
1895738826291646720,严谨的德国人哈哈哈哈,462.399,1753024355,bde1c345
1895738886471520512,而且他们生很多孩子 生的女儿也多 我俄罗斯同学她有三个姐妹,706.277,1753041605,7021661
1895739008659984640,这种情况的话一般就是那个吃的多的全付了，关系好的话分别人一口吃的很正常,469.305,1753033834,7a1afabc
1895739055158038784,好问题,629.722,1753070638,bdcbba7
1895739211068707072,萨沙有几分像吉洪诺夫老爷子年轻的时候,649.648,1753071778,9e41d483
1895746442224785664,让我想到了鹊桥仙,527.913,1753081786,35861f7e
1895778905819131904,超超有点星期三的味道好喜欢,385.96,1753085656,73e93c18
1895840500003377408,哈哈哈哈哈哈哈哈哈哈哈,519.208,1753092999,ac1ed4e7
1895840530647078656,紫禁城风水养人,590.76,1753093002,c0d2264f
1895945062736117760,aa就是每个人付自己的，传到中国才变成均分,412.606,1753105463,84633020
1896015890890314496,新代表好可爱,639.956,1753113907,e871e898
1896039919974262784,哈哈哈哈,427.498,1753116771,415655f0
1896457049043406080,活泼可爱美丽，常驻！刷起来,688.508,1753166497,8cb4abb9
1896471204483626240,萨沙确实帅啊 是我喜欢的长相,657.64,1753168184,4ca66879
1896710320119313920,魂断蓝桥,514.263,1753196689,491addc9
1896934522319112192,哈哈哈，是我了,375.813,1753223416,a075ec79
1897173951436752640,一之濑这个妆造没之前的好显得臃肿突出,369.849,1753251958,6f99a845
1897176064527120128,这才是真正的AA AONE 各付各的,417.466,1753252210,6f99a845
1897249138144757248,哎呀超超好美呀这套,372.158,1753260921,d67a388
1897255003031584000,太可爱了,643.527,1753261621,290bcf14
1897330516752267008,四姐没变化，从以前就成熟,627.007,1753270622,7ea9d3d5
1897377323800974592,主要是德国比较严谨,427.117,1753276202,c76fd2
1897409726736857856,原来都是搜来的,571.539,1753280065,be125094
1897789980114699776,哈哈哈 不记得,540.606,1753325395,4227b274
1898072148510532864,高配版星悦,691.839,1753359032,2738fae5
1898073640089037312,我的男生同学也是，大学4年过去之后都不同程度发福了哈哈哈,603.928,1753359210,ba542c3c
1898583508701119488,最漂亮的不是五官吗，尤其眉眼,683.896,1753419991,ae954710
1898652758169973248,deepseek打钱,575.04,1753428246,2391701c
1898755732108109824,因为他们爱晒太阳 高油高甜 亚洲普遍相反,616.917,1753440521,636af638
1899233687024352256,法币还帅好可爱,403.744,1753497498,ad67615a
1899377441013676544,哈？,702.185,1753514635,2a7b6daf
1899524857746892032,我喜欢这种方式，不过最好点一些价位差不多或者好算的,476.688,1753532208,fbcf58ae
1899526800288205568,参考小李子,615.613,1753532440,fbcf58ae
1899527783693058816,好像俄罗斯婚礼和登记是同一天,703.421,1753532557,fbcf58ae
1899611392370790912,4,635.097,1753542524,82c776d
1899956477675331840,是晒伤妆啦,360.467,1753583661,9e6467db
1899975255272139008,这个好,400.959,1753585900,2c9403ee
1899976001933586944,那是因为西方吃饭（夹菜）的模式不一样 每个人分的很清楚,422.475,1753585989,2c9403ee
1899977800535069184,风大,542.187,1753586203,2c9403ee
1899980015152740352,测的好，就是真的好，测的不好，要相信科学,375.102,1753586467,3ad68769
1900241357915115264,怪浪漫,530.228,1753617622,5eebbb86
1900924116316678144,他也是混血吧,597.346,1753699013,c1f2fe77
1900991742497444096,老王好认真,506.845,1753707075,f6eb3d24
1900996645152891136,这个好！我喜欢这样,418.409,1753707659,59b380d7
1901491110711870976,引火烧身,657.108,1753766604,3465c430
1901544698834279680,哈哈哈哈哈哈哈,597.382,1753772992,92f8c01f
1901692904028990720,都一起吃饭的关系了感觉不用太计较吧，这是date诶,487.282,1753790660,71f360aa
1902424479079549184,是帅的啊，五官比例很好,657.34,1753877870,24d07282
1902473228065647616,我喜欢这样，感觉婚礼是给外人看的，不是给自己办的,717.867,1753883681,59b380d7
1903182158839680512,我和一位少年，漫步树林外,487.925,1753968193,a6894687
1903203390071653888,饮食问题,600.437,1753970723,5e85aa98
1903650610780700160,白人虽然不注重保养但没有容貌焦虑可以做自己就很好啊,633.202,1754024036,98decb5
1904495513727200768,这个小姐姐真的好漂亮啊 白白的,603.059,1754124757,3e5e834
1904532634147952640,堵桥来,511.379,1754129182,5bd65cde
1905080521651165952,喝酒喝的吧,597.515,1754194495,39d99fac
1905349996455302912,好喜欢去这样的，有人能懂吗,434.037,1754226619,6d90be6a
1906661267888835072,法币和一日代表眼睛一个色系,393.932,1754382935,1327ee61
1906662046133447168,这次总算到德国人震惊意大利人了,469.062,1754383027,1327ee61
1910284368769920256,因为花期短,698.558,1754814842,664d29dc
1912279399659960064,风在哪不都是一直在吹的么,542.249,1755052668,a8fe5ea9
1913210705083992832,萨沙确实帅，而且帅得很客观，这但没法否认,650.002,1755163688,d88d4d24
1913223966307712512,同事之间可以这样，朋友之间就没必要了,449.744,1755165269,96a9a0bf
1913292098959548672,萨沙确实是特别帅！,660.617,1755173391,7b914c00
1913346863013150208,这个真好,405.051,1755179920,fcf22efb
1916178758985921792,德国人哈哈哈哈,470.385,1755517508,41d23346
1921042340266008320,国外是各点各的套餐，适合aa，中国是一起吃同一盘菜，胃口不同，不适合粗暴的aa,412.351,1756097292,eea468e3
1921042881901795072,中国更难算，所以流行请客而不是aa,441.898,1756097357,eea468e3
1941566684721332736,这两个俄罗斯代表应该就是中国审美里最好看的那一类了,667.832,1758543985,e2e301a6
1944428565982548992,Dylan在写什么,388.052,1758885147,73aed9f3
1953188451575386624,确实帅,649.868,1759929407,194d9898
1960064942610599168,我29岁，孩子10岁。,709.896,1760749149,6a7c628d
1961074382902701824,啊啊啊这个音效好可爱,639.808,1760869483,c8711e27
1965454987081423872,我就这样，各算各的。跟朋友其实我也想这样，不然我感觉不太舒服,456.746,1761391692,d0b3063b
1969275411209221120,hhhhhh,585.68,1761847122,1e751c6e
1977842088578297088,严谨的德国人,480.692,1762868350,aedabb3d
1988648613126933248,妈呀，漂亮姐姐好可爱,643.948,1764156588,c847ffba
1996421042478379264,比aa更aa哈哈哈,415.493,1765083134,7177deef
2025581688474307072,亲兄弟明算账,428.978,1768559354,e5ebf93c
2066188182139764224,你也是 和前几季对比明显,589.72,1773400025,a16be46f
2068219040748953344,我喜欢这样,442.196,1773642122,f2fcfff8
,,0.0,1775683732.8000336,
lb.c,,0.0,1775683732.8000336,
,,0.0,1775683732.8000336,
1895737309572600064,哈哈比利时淡淡吐槽好搞笑啊,864.838,1752985668,47bbec08
1895737494264582400,2333333,743.492,1752989946,c76f245a
1895737546508833024,只能说世界之大无奇不有了233,828.615,1752990204,4944442d
1895737690583175424,？,788.371,1752992554,dbe23620
1895737828349284608,哈哈哈哈哈 就非要有证吗这,788.883,1752994668,fbf64f60
1895737890777305344,这么闭塞吗？,805.983,1752997401,ba65b856
1895738004753322240,比较严重的程度哈哈哈哈哈,1016.022,1753004556,94d50217
1895738144264261888,男：天王盖地虎 女：宝塔镇河妖,875.819,1753006816,47376c28
1895738162501095680,伊拉克也是什叶派国家,830.79,1753007084,43686648
1895738377685668096,对对对,886.688,1753016087,bc9fd41c
1895738640282652928,哈哈哈哈突然想起来戴卢可是不是对dating文化很懂,952.295,1753025347,fe4eee91
1895738693172826368,哈哈哈哈哈《这个华波波不一样》,729.19,1753024957,8d665d98
1895739065182425344,越压抑越开放,844.47,1753052006,65ec0af4
1895739149982863616,哈哈哈哈哈哈哈,907.322,1753065403,f7934ca3
1895769540794055680,前面俄罗斯遍地帅哥美女是真的,769.796,1753084540,4422ff62
1895824043836972544,弹幕突然收声了红红火火恍恍惚惚,734.198,1753091037,cc93cef3
1895828587920556800,这真的不是菠萝卖不出去的营销吗？,871.762,1753091579,1da0b061
1895947042497947392,第三次见面还是第三次嗯嗯？,1049.141,1753105699,c750ae38
1895949991009590528,宗教警察吗？,776.638,1753106051,9e41d483
1895971024152074240,中国人的经商天赋哈哈哈哈哈,917.26,1753108558,5a31e3ac
1896425506115668224,村？哈哈哈哈,953.332,1753162737,42570b8b
1896427127877063168,招展笑死我了,743.277,1753162930,9ec95bfa
1896494509345332736,开放啊,1029.735,1753170963,6a042d86
1896637560244685568,充话费式的结婚,813.804,1753188016,89807551
1896692754986387712,哈哈哈哈哈哈,983.273,1753194595,eac1fc5d
1896706299065560320,老王的眼神在冒星星,838.313,1753196210,d8e5f363
1896713955582526208,天逊尼派和什叶派，想到追风筝的人了,829.491,1753197123,491addc9
1896841388705377280,这跟我们这的警察查房有点像…哈哈,805.028,1753212314,88971e98
1896937991939779840,？？？？,786.906,1753223830,a075ec79
1897123754787030016,哈哈哈哈哈哈哈哈哈哈哈哈哈哈,1020.411,1753245974,45654410
1897176574395630080,来了，直接加长版,974.739,1753252271,d9749c34
1897380653918993152,哈哈哈哈～lady first～,753.071,1753276599,c76fd2
1897380942050808832,短期啦～长期啦～,765.871,1753276634,c76fd2
1897383124666121728,哈哈哈～A到Z～,976.347,1753276894,c76fd2
1897383569446710784,比较严重的程度～红红火火恍恍惚惚～,1015.942,1753276947,c76fd2
1897383907826628352,姐妹们～,1052.127,1753276987,c76fd2
1897551369599046400,可以鼓掌了,1016.475,1753296950,d14d0ec
1897727145607336704,搞对象笑死我了,941.281,1753317904,68db616f
1897898291362938112,YOYO,769.419,1753338306,3dc677eb
1898076736198329856,哈哈哈哈哈哈四姐,967.648,1753359579,ba542c3c
1898220515982619136,哈哈哈哈什么时候看到这个lady first才不会笑啊哈哈,749.918,1753376719,e8cc9494
1898515580160908800,真就体验卡,785.517,1753411893,a18ccce
1898531542490707712,太好笑了hhhhhh,995.742,1753413796,8020f1b7
1898584831534084096,感觉和苏格兰那种男女校联谊会挺像啊,958.956,1753420148,ae954710
1899333614798306816,哈哈哈哈哈哈哈哈,890.75,1753509410,48caf715
1899493708169050112,这是真的 ,810.963,1753528495,49612456
1899558765339352320,哈哈哈哈哈哈哈哈哈哈，有点太诚实了哈,1041.266,1753536250,37dfb466
1899559089802601216,雷妹妹～,1054.905,1753536289,37dfb466
1899632198056381952,华波波很可爱,860.822,1753545004,ddcb952e
1899690611263457024,这个是真的，我伊朗朋友们都证实了,809.166,1753551968,881ef171
1899980184409419520,我还记得诶,767.393,1753586487,2c9403ee
1899980554649404160,救命,801.518,1753586532,2c9403ee
1900176913918403840,老王。我喜欢的,836.184,1753609939,d7c68202
1900207702098475264,什叶派和逊尼派能坐到一起聊天也只有非正式会谈。,831.444,1753613610,253cfa97
1900855482026004736,挖坑了开始，准备回家跪搓衣板了卢可,963.641,1753690831,18259142
1900982139454146048,以前就说过啦,795.933,1753705930,1606bf27
1901030304811390976,真敢问啊大左,1041.459,1753711672,bba3e7b3
1901030501683674368,特殊类的hhhh,1063.512,1753711695,bba3e7b3
1902475393005930752,认真，不是严肃,1021.238,1753883939,59b380d7
1903582328761517312,讽刺的不是波波是国情,851.615,1754015897,1ddd0afb
1904394075097533952,哈尼克孜,728.514,1754112664,712639ae
1904496876288851456,哈哈哈,729.753,1754124919,3e5e834
1904516940261635328,哈哈 被说中p图了,897.961,1754127311,357dee8e
1905292868248203776,哈哈哈哈哈温州人也是站起来了,922.793,1754219809,94dc5d7b
1907465783345827584,大左池州人，差一个字,930.583,1754478840,e06a0bba
1909633575939544320,哈哈哈哈扬扬补刀,729.343,1754737261,d7fb52ee
1909637115907104000,哦～,1068.756,1754737683,d7fb52ee
1910217713125871872,不愧是北欧,991.337,1754806896,7419d9b6
1910285333971808000,开放式保守,800.19,1754814957,664d29dc
1916182003120834304,好神。。。,800.571,1755517895,41d23346
1918092995408932352,买菠萝是吧哈哈哈哈哈,841.599,1755745703,cae536f2
1919839034780907008,哈哈哈哈哈哈哈哈哈哈,1016.446,1755953847,b9f358ce
1920303224746295040,BGM怎么这么燃？,900.242,1756009183,99536495
1929266071559254528,比较严重哈哈哈哈哈哈哈哈,1020.019,1757077637,467053b4
1932278720392444672,严重哈哈哈哈哈哈哈哈,1008.878,1757436773,52ac390e
1933442446847667968,华波波像非正的逗号，哈哈哈,734.125,1757575500,df58247e
1939900940560154624,搞对象哈哈哈哈哈哈,944.041,1758345412,add21500
1941083294070661888,熟悉的音效又回来咯,760.233,1758486360,50b86bf5
1961012560908661760,肯定有,975.077,1760862114,bfa2ee3f
1969395654430585856,大家都知道的话还叫暗示嘛哈哈哈哈哈哈哈,861.564,1761861456,7ed3ebc
1969396057905913344,华波波每次发言都特别有梗 综艺里缺不了这样的角色,868.073,1761861504,7ed3ebc
1977846831144786688,哈哈哈哈哈哈哈哈哈哈,1044.084,1762868915,aedabb3d
2024171551549188864,！！！,787.638,1768391252,6151813e
2026922242222668544,米兰的男模大部分超级无敌穷,1070.323,1768719160,aef87158
2059722213967966208,啊？,1009.869,1772629221,75a3ab51
2059722648640373248,stop 哈哈哈,1044.827,1772629273,75a3ab51
2068224214867537408,感觉这样离婚率好高,1056.652,1773642739,f2fcfff8
,,0.0,1775683732.8000336,
lb.c,,0.0,1775683732.8000336,
,,0.0,1775683732.8000336,
1895737366690631936,被杨迪笑死，哈哈哈哈哈,1112.633,1752986394,eb069b0d
1895737511729664256,婆婆选好了，双方家长见面一次就订婚了？？这么快，和父母之命有啥区别,1166.095,1752990929,5866b398
1895737822007496960,保持神秘感么,1177.151,1752996054,13ee2db9
1895737846460289280,想起唐大哥开车尾随着送老婆哈哈哈哈哈,1216.937,1752995154,fbf64f60
1895737857038323968,陈老师还是会  doge,1334.87,1752995706,fbf64f60
1895737911757213952,哈哈哈哈他吓死我了,1277.525,1752996969,1091612d
1895737960989954304,哈哈哈哈哈哈,1249.715,1753005457,81e32263
1895738084084388096,那怪不得有些时候会吃西餐，因为这样不能玩手机，就会被迫了解对方哈哈哈哈哈哈哈哈哈哈哈,1364.499,1753010046,4e76690
1895738115080294656,说得我都心动了,1313.062,1753001868,755ab053
1895738130582442240,阿雷是真的在为姐妹们考虑啊！,1091.08,1753006285,2394c70f
1895738138786500864,打羽毛球！双打！,1265.968,1753011691,3820b86
1895738178909212928,四姐好喜欢陈老师感觉哈哈哈,1293.779,1753005068,34ea35bf
1895738260974964992,好像伦和四姐都没说？,1306.348,1753009512,e9983320
1895738350330417408,那岂不是完全不了解彼此,1188.238,1753015487,7e01a787
1895738449718644992,还是不一样，父母之命很多面都没见过,1191.878,1753016191,eabe6363
1895738783434248448,知道的不少,1094.625,1753026745,1952548b
1895738787083292928,《再见XX》那段时间的经历给陈老师整工伤了,1245.564,1753025428,8d665d98
1895739087068303616,难怪爱密室剧本杀呢,1281.948,1753071847,a05ec9c0
1895739136301043968,我喜欢看电影，因为不想交流,1267.296,1753063459,3e15afd5
1895739137215402240,赶鸭子上架,1347.576,1753073156,2b09e628
1895739334171529472,有点难评,1318.96,1753077674,6d52a3e9
1895842592684773632,老王好搞笑,1207.55,1753093248,a384683a
1895888808210444032,跟古代似的,1200.836,1753098757,80d76961
1895902850890865152,…男方视角吧，感觉作为女生并不喜欢,1329.906,1753100431,e1f0140c
1895907698449826816,唐小强好像也是这样认识老婆,1154.003,1753101009,7bf5ae5
1895953890084972544,得有个电灯泡,1201.966,1753106516,9e41d483
1895962814724877312,那大家性格都还没合得来咋办,1185.106,1753107580,70be7902
1895975507275771648,杨迪这个上热搜了哈哈哈,1108.05,1753109093,ab62fb5b
1895988325479763456,去逛宜家,1339.945,1753110621,24b0ce4c
1896001397800507136,真的，太套路了,1348.596,1753112179,b7453a45
1896033498947616256,我服了华波波了哈哈哈哈哈哈哈太搞了,1272.126,1753116006,11d561a5
1896422520862296576,陈老师说的前提是两人暧昧期只是临门一脚而已,1358.888,1753162381,2aa70d44
1896426994623953152,好古老的相亲模式hhh,1133.837,1753162914,42570b8b
1896548231191151360,爱情保安,1196.722,1753177367,445a39f6
1897115090000851712,经典来了,1111.63,1753244942,e0632c99
1897117071960705280,人家举例，只是解释吊桥效应,1318.362,1753245178,e0632c99
1897186435279557632,吃完再喝一点 酒壮怂人胆,1334.617,1753253447,6f99a845
1897384505070132992,红红火火恍恍惚惚,1112.117,1753277058,c76fd2
1897392014317188864,陈超好美好美！！！,1426.702,1753277954,dc39d7d8
1897729822839930624,世界的参差，有趣,1233.017,1753318223,68db616f
1897855084101036544,来自游牧的习俗,1150.008,1753333156,5e6db3f9
1898585785360270080,母单：别碰我的拼图！！,1322.878,1753420262,d5851018
1898586013228955136,非诚勿扰哈哈哈,1245.808,1753420289,ae954710
1898765709031333376,哈哈哈哈哈哈哈哈哈哈哈哈哈哈哈哈哈,1275.348,1753441711,da4a6923
1898851449120022784,真的好合适啊,1430.582,1753451932,85cd1b5c
1899312175110448384,伦儿呢,1370.097,1753506855,7b9475a0
1899329727408561920,\,1359.942,1753508947,4a475a07
1899340591771536128,对对对,1347.304,1753510242,48caf715
1899531646009486080,哈哈哈哈哈哈哈哈,1119.064,1753533017,fbcf58ae
1899651269212594688,做ai算不算呀,1266.478,1753547278,395ce43e
1899780832588526592,想到阿拉丁,1168.616,1753562723,fdcf0543
1899876594664020224,二十年前，唉，可怜的伊拉克人,1125.95,1753574139,51a708fa
1900212638299047936,在说什么？？？。？,1322.045,1753614198,75f02d2b
1900722697047418624,毫无违和感,1415.779,1753675002,29c7c55b
1901576106294143488,短期太奇葩了,1240.402,1753776736,92f8c01f
1902428555867433472,哈哈哈哈哈哈哈哈哈哈哈,1118.455,1753878356,24d07282
1902447002861027584,哇哦,1434.024,1753880555,623dd44
1906668414924016896,中东保守很多了,1144.039,1754383787,1327ee61
1907251422123737856,又到了羞耻小游戏环节哈哈哈哈哈,1398.192,1754453287,654346f5
1907263650541381888,小手段其实是感情蛮好的调剂，但不能没有真心，完全带着戏耍的心态去对待这段感情,1349.382,1754454744,952047f4
1910146676505643008,我要随时看华波波表现,1317.301,1754798428,738a73b
1910248152247194112,波波好可爱啊,1281.79,1754810525,edd6e64f
1911636225866354432,大左嘴替,1348.514,1754975996,954b058c
1911638478308513280,会长太懂女孩儿了哈哈哈,1347.81,1754976264,67c7bc24
1915402208338718720,卢可感觉又风流又老实,1084.624,1755424936,ef46f1d4
1916203344989683968,哈哈哈哈哈哈哈哈哈哈,1329.324,1755520439,d775399
1916742088792471552,牛蛙,1362.372,1755584662,613512da
1925311132990941184,逛宜家 看着那些温馨的家具 很容易构想两个人的未来,1337.444,1756606172,df324538
1929268457724077056,哈哈哈哈哈哈哈哈哈哈,1275.517,1757077922,467053b4
1937975455273985792,哈哈哈哈哈哈哈哈,1106.973,1758115877,945a6cd2
1943658342291830528,希尔顿环境真好,1399.929,1758793330,67fd89f
1953022555216956416,华波波哈哈哈哈哈哈哈哈哈哈哈哈哈哈哈哈,1282.728,1759909631,6e0df0f6
1958150579830921472,太功利性了,1332.809,1760520939,b2d06e53
1969280974567563776,梅丽莎真的好漂亮天哪,1208.194,1761847785,1e751c6e
1988656174098097408,小强也说过类似的，不敢多跟未婚妻见面，都是开车去接她然后远远停在家门口,1175.521,1764157489,c847ffba
1990319103688432128,妈妈结婚的时候？,1147.433,1764355726,d584df77
1995218600776512512,这眼罩好，能不能打包给酷滕送去,1420.12,1764939791,1dcdda72
2003692298001184000,我想要逛海洋公园的时候，他悄悄塞给我一个戒指,1341.086,1765949935,989ff3be
,,0.0,1775683732.8000336,
lb.c,,0.0,1775683732.8000336,
,,0.0,1775683732.8000336,
1895737232665841920,说了什么,1594.545,1752985968,8d60efce
1895737282477396224,哈哈哈哈哈哈哈老王搂住,1716.563,1752986236,f69ff094
1895737326240764160,老王：和我有什么关系,1743.272,1752986542,f69ff094
1895737564225573120,哈哈哈哈哈哈哈哈哈哈哈哈哈哈哈,1663.052,1752991877,a4557f7c
1895737579727720704,哈哈哈哈哈哈哈哈哈哈哈哈哈,1636.993,1752990432,534bf33e
1895737602217578752,吊桥效应,1656.035,1752993518,e967e3fc
1895737608274153728,这里为啥不放正片很好笑啊,1789.469,1752990046,1549437e
1895737615337361664,安全,1603.757,1752991580,6cf1571
1895737656718364928,哈哈哈哈哈哈哈哈这个眼罩哈哈哈哈哈哈,1749.409,1752991974,a4557f7c
1895737658731630848,哈哈哈哈哈哈哈哈哈哈,1497.584,1752991702,a4557f7c
1895737668823126272,哈哈哈哈哈哈哈哈哈哈,1545.58,1752991754,a4557f7c
1895737706764800256,看热闹不嫌事大哈哈哈哈,1701.323,1752994786,e868d6e6
1895737718181695744,笑不活了哈哈哈,1671.507,1752992796,4ae1ebd8
1895737814768128256,哈哈哈哈,1782.453,1752994589,b594b266
1895737824725405952,老王：我尽力了啊,1754.151,1752997563,1091612d
1895737939104076032,哈哈哈哈哈,1709.189,1752997498,1091612d
1895738000198308096,哈哈哈哈哈哈哈哈哈哈,1628.753,1753004360,71c28bd0
1895738021169828096,哈哈哈哈卧槽杨迪哈哈哈,1492.948,1753000323,6cdd056d
1895738075871940864,贴贴好可爱,1567.309,1753002223,2f1c4333
1895738098672177408,原来加长版加在这里,1699.212,1753003076,5465c709
1895738121464025344,哈哈哈哈哈哈哈哈哈哈,1656.539,1753006018,81e32263
1895738373122265344,波波刚刚说话好像老王的口音哈哈哈,1796.676,1753015888,5404f33
1895738395922501888,米可！！！！,1494.288,1753016707,d89d8cbd
1895738397742829824,米可，危，速回！,1492.03,1753013682,6ee65ea5
1895738456102375680,四姐说了啥！,1582.96,1753017881,f81c7508
1895738627515191552,牛,1558.58,1753021306,7d9f8a33
1895738699556557056,讲什么！哈哈哈哈哈哈,1774.953,1753027907,516113ea
1895738810789499136,非直男会谈,1748.073,1753027865,516113ea
1895738985868136704,怪不得没放到正片,1789.951,1753031556,b92fb27d
1895739133566357760,哈哈哈哈哈哈哈哈哈哈,1762.617,1753066553,f7934ca3
1895739144513491200,拦精灵,1581.015,1753073028,f48d5c83
1895739149068505344,拦精灵,1582.704,1753073049,f48d5c83
1895739154537877760,哇,1560.601,1753066056,f7934ca3
1895739172774711552,华波波哈哈哈哈哈哈哈哈哈哈或或或或或或或,1799.497,1753066590,f7934ca3
1895739264873238784,中东组合,1693.461,1753073158,f48d5c83
1895739308636606720,华波波啥都说啊哈哈哈哈哈哈,1775.347,1753078501,5b74304e
1895739310456934656,海带也不是植物,1531.538,1753076872,9cc5a9be
1895739313200009472,？！,1776.766,1753076889,3f6b3267
1895739330522484992,果然是加长版才能看的,1781.375,1753076921,3f6b3267
1895906831025530112,口水哈哈哈哈哈哈哈哈哈哈哈哈哈,1739.304,1753100906,e1f0140c
1895940225822895104,发币好可爱,1554.87,1753104887,9a5f75b6
1895974871134098176,梅丽莎真的好可爱好漂亮,1474.056,1753109017,5a31e3ac
1895977277180010240,这一期简直好笑到爆炸,1743.416,1753109304,5a31e3ac
1896089730320659968,好萌的两个人。。,1564.681,1753122709,7388c77a
1896307287158110464,俄罗斯小姐姐好有节目效果哈哈哈,1702.016,1753148644,13ab9171
1896334982533370624,给我笑岔气了,1755.375,1753151946,708e4a48
1896396461777172992,啊啊啊啊啊啊啊啊啊啊啊啊在干嘛,1496.598,1753159274,fe4eee91
1896555342020727040,直接笑喷哈哈哈哈,1562.963,1753178214,ff3287e5
1896610434808184320,伦想说毛肚吧 因为他那面是有颗粒的,1620.755,1753184782,c89ae7d7
1896662305044209920,每次会长都害怕的掉了,1527.119,1753190965,273d9554
1897190863994496256,这个太好猜了,1574.051,1753253975,6f99a845
1897283620088294144,美国内战,1568.439,1753265032,9c211b2d
1897402826846586880,这能播吗华波波,1775.465,1753279242,3c4a8341
1897475776413565696,我不行了哈哈哈哈哈哈,1768.852,1753287939,9cdf46e6
1897754977691536640,杨迪真的鬼点子一箩筐,1641.181,1753321222,ecd0b892
1897864109346135552,小姐姐气氛组的～,1695.088,1753334232,c76fd2
1898059525744480512,哈哈哈哈哈哈哈哈哈,1472.659,1753357527,60ea1822
1898060394963528192,为啥不让佛罗伦萨上啊,1576.261,1753357631,60ea1822
1898130261355317248,哈哈老王想说暴雨,1538.209,1753365959,a725bfc4
1898587923558453760,杨迪直接尝出来了哈哈哈哈,1542.474,1753420517,ae954710
1898588979633806848,哈哈哈哈哈这段Dylan小女生的感觉太好玩了,1656.928,1753420643,ae954710
1898633274117548032,西八 笑不活了 哈哈哈哈哈哈哈哈哈哈,1782.398,1753425923,60e24333
1898657403714124288,发币好厉害,1536.51,1753428800,470dd9de
1898864820091084288,涛涛,1594.511,1753453526,e3470321
1900014385343060224,弹幕呢，怎么没有弹幕？,1474.018,1753590565,3ad68769
1900014950055944192,我都没有看清是什么东西,1520.297,1753590632,3ad68769
1900015779680882944,猜得太大胆了,1611.896,1753590731,3ad68769
1900016341843597568,看起来好想笑,1648.607,1753590798,3ad68769
1900078932972598272,哈哈哈哈哈哈哈,1776.629,1753598259,ecc35430
1900293250909070848,老王稳如泰山,1723.35,1753623808,968d7bd9
1900353048833126144,味道应该有的,1618.131,1753630936,10c54e37
1901001124350363392,发币好可爱啊,1578.257,1753708193,2c9403ee
1901002382926510592,太可爱了,1672.273,1753708343,2c9403ee
1901764467755164416,哈哈哈哈哈哈哈哈哈哈哈哈,1750.736,1753799191,ddafd2e4
1902238942640826880,这个眼罩好适合老王,1731.008,1753855752,65067beb
1902284649590899712,华波波这么钢铁直男吗没想到哈哈哈,1769.312,1753861201,f5de49c4
1902909050661155072,弹幕呢 四姐说的啥,1582.34,1753935636,2e93938c
1902910756887219968,Dylan的破碎感哈哈哈,1644.472,1753935839,2e93938c
1904506363838182400,哈哈哈哈哈,1741.394,1754126050,3e5e834
1904506528892481536,好奇怪的画面,1761.072,1754126070,3e5e834
1905000656431964672,这个眼罩我不行了,1754.1,1754184974,f5f7f31f
1905339129458194176,再靠近一点点,1456.9,1754225323,ba077aef
1905766002156188416,我嘞个豆,1448.318,1754276211,cdc7bc83
1906135497672774400,哈哈哈哈 加长版果然不一样 我再敷面膜啊  哈哈哈哈 ,1748.007,1754320258,8a4bf8c9
1906673310826237952,中东族,1687.411,1754384370,1327ee61
1906748234274702336,哈哈哈哈哈哈哈哈哈哈哈哈哈哈哈哈,1762.638,1754393302,b145d3d2
1910390807304161024,我要笑疯了哈哈哈哈哈哈哈哈,1627.006,1754827530,8815c960
1915932755691390976,这也太。。。,1487.198,1755488182,51f2909e
1915934066629406464,哈哈哈哈哈哈哈哈哈哈哈哈哈,1643.477,1755488338,51f2909e
1915934230198990336,哈哈哈哈哈哈哈哈哈哈哈哈哈,1663.022,1755488358,51f2909e
1915934679484266240,哈哈哈哈哈哈哈哈哈哈,1716.53,1755488411,51f2909e
1915934832542999808,哈哈哈哈哈哈哈哈哈哈哈哈哈哈哈哈哈,1734.857,1755488430,51f2909e
1920310407324203776,两伊贴贴,1684.752,1756010039,99536495
1921056005467708160,可爱的发币,1554.389,1756098921,912b4cef
1921058110144466944,哈哈哈哈笑得肚子疼,1664.435,1756099172,912b4cef
1930616796109848576,哎呀,1498.221,1757238656,8f57e35c
1938813363061097472,一个奖励杨迪的游戏,1634.819,1758215763,c1c7a66
1942229667884861184,笑得我肚子疼,1783.88,1758623018,b85033c1
1952519966591265280,每次都没接住哈哈哈,1520.245,1759849718,3d553d69
1962432760279010816,我真不行了了太搞笑了哈哈哈哈,1734.276,1761031415,54f7b9d0
1967644616455633664,哈哈哈哈，这个女孩子好可爱，又害怕又好奇哈哈哈,1476.902,1761652716,eb09f285
1968988588058839552,hhhh小姐姐演员的诞生,1698.466,1761812930,269700bc
1970989897527898112,对吗？,1782.473,1762051505,9d717ee2
1981226523604447232,哈哈哈哈哈哈哈哈哈哈哈哈,1648.361,1763271806,1a09d87c
1988660542331797248,四姐说了“安全T”吗,1582.049,1764158010,c847ffba
2000956881128648192,笑得我肚子疼,1562.666,1765623848,e8b22811
2072032170285543936,大左这里为什么吓得抖了一下哈哈哈哈哈哈,1649.79,1774096682,f82fb2da
,,0.0,1775683732.8000336,
lb.c,,0.0,1775683732.8000336,
,,0.0,1775683732.8000336,
1895737421099143424,是隔壁陈鸣飞写的吧？,1945.554,1752987539,25b5c0fd
1895737422600704256,笑死哈哈哈哈哈哈哈,1861.726,1752987442,eb069b0d
1895737448110461184,不容易,1967.315,1752987565,25b5c0fd
1895737537650462976,笑死哈哈哈哈哈哈玩呢,1864.313,1752989866,adb42c8
1895737540972351744,玩儿呢,1860.902,1752989950,aaf3f032
1895737543203721472,哈哈哈,1815.18,1752989891,aaf3f032
1895737661759918336,哈哈哈哈哈哈,1802.631,1752992030,a4557f7c
1895737678914621696,但是体力劳动可以被机器替代，和ai有微妙区别,1970.153,1752991856,5866b398
1895737721998512384,哈哈哈哈哈,1864.31,1752993989,f3d0b903
1895737806614401280,AI能归纳总结现有信息，但无法创新,1995.774,1752997135,13ee2db9
1895737953691865344,工业创作可以，纯艺术不好说,1978.137,1753000003,8e57c960
1895738031194214656,20元手续费省下来了(ಡωಡ)hiahiahia,1903.052,1753004359,39499903
1895738391359099136,我家也有这个碗,1838.498,1753016417,c2e21b9d
1895738396828471552,妈呀陈超好厉害,1945.204,1753016803,cd8ee3cd
1895738416894021888,100块，哈哈哈,1895.824,1753017896,a9208369
1895738540927979776,超超好甜,1939.237,1753019045,8d117f15
1895738575547764992,有胡子应该感受不到吧,1808.657,1753017627,af72eec3
1895738673107276032,不是地铁卡了么,1892.499,1753022773,9c94b6bb
1895738779793592576,ai是用三推一，人脑是举一反三，本质区别,2024.616,1753029280,f9656259
1895738857295941888,玩儿呢，我一个广东人说不出的儿化音,1868.306,1753032504,9ef562ec
1895738900144951552,我觉得体现人情感的东西最不应该被取代，我是看小说的，如果我看的小说都是ai跑的我会死,1994.923,1753053765,5dbe0dac
1895738918381785344,不一样，至少现在的ai没有人脑会抽风（bushi）,2030.729,1753060518,d1e240cc
1895738950300438784,哈哈哈哈哈感情是在玩儿我们呢,1867.398,1753065521,91850ea9
1895738973092286720,聪明的人才看得到（,1851.057,1753066879,532bb614
1895739025076490496,上次还在说地铁卡扣费不好，立马就改转账了，真的听劝,1909.288,1753064244,3e15afd5
1895739121713254656,陈鸣飞的那个刚看完节目吧哈哈,1956.389,1753072388,df6e1fa7
1895739304081592576,哈哈哈哈太像了,1944.846,1753074038,f48d5c83
1895797243433331456,我去,1891.668,1753087842,35861f7e
1895797705813389056,当然不是,1970.665,1753087897,35861f7e
1895872207323318272,ai的数据库全是人给的,2052.858,1753096778,9f5269ce
1895957325815673088,口条真好,2151.186,1753106925,42cad9e5
1895973581704601344,老王好可爱,1844.968,1753108863,692c8ed6
1895992999780010752,华波波也算猜对了,1803.433,1753111178,24b0ce4c
1896092358488199936,我服了怎么这么好笑，老王真的穿了个香蕉牛奶。。,1821.385,1753123022,7388c77a
1896403149620117248,首彩回来打钱！！！,1815.544,1753160072,fe4eee91
1896658760060214528,老金主啊哈哈哈哈哈哈哈哈,1821.352,1753190543,abb3bea8
1896690759756227584,那是服务器和算力限制而已,2125.293,1753194357,b927edf8
1897017590325956608,刘慈欣的诗云,2043.276,1753233319,78c4204e
1897149153428556800,并不会被取代，就那ai原理来说，他是学习的技术，要是没有真人的作品投喂他，而是ai直接互相学习，最后肯定会失去人类所能体会的美感,2017.769,1753249002,af7c4445
1897160788939608064,AI取代不了大师，但能取代普通人，但我们大部分都是普通人,2028.594,1753250389,b0fb79b9
1897196044832664832,不会的 AI没有灵感只是个参考文献的价值,1999.815,1753254592,6f99a845
1897230944923557632,AI确实，一眼看得出AI,2056.543,1753258753,c05066cc
1897282352929849856,您,1876.848,1753264881,290bcf14
1897313971196141824,68+6+,2070.556,1753268650,676c84ca
1897315932888971776,只能模仿，不能取代,2003.459,1753268884,90b41f69
1897321705291076352,我觉得同意的人说的不是高端审美的艺术，他们说的是快时代创作,2090.686,1753269572,55d83f10
1897326315100134656,太厉害了哈哈哈哈哈,1950.759,1753270122,45654410
1897355364035362560,顶级的取代不了，中间底层会被取代,2092.654,1753273584,7ea9d3d5
1897404209155208704,自从知道地铁卡退费事件之后就换成转账了吗,1896.51,1753279407,3c4a8341
1897472786134957568,陈鸣飞投的吧,1948.859,1753287582,20c78ca8
1897763556578141440,这AI卡壳,1962.905,1753322245,28dcc9f6
1897865698693655296,《精彩葡萄酒》,1811.436,1753334421,c76fd2
1897865887454275072,能用的,1823.216,1753334444,c76fd2
1897975346582936832,画家的画有人买，AI的画呢？我觉得人类不会给AI的画赋予价值,2087.338,1753347492,ace2f97d
1898153206907890944,他俩节目效果已经出来了，拿到奖品不过分,1887.829,1753368695,44f44cf9
1898155156404016128,现在ai训练出的图基本都是侵权的，还不知吃了多少有商业版权的图,1990.896,1753368927,c4640bae
1898227304531014400,陈超超陈超超陈超超～,1935.987,1753377528,e8cc9494
1898497181946647040,华波波太搞笑了hhhhhh,1828.307,1753409700,6a79158e
1898589823536064768,那个脱口秀的哥们吗,1965.639,1753420744,ae954710
1898617694602120704,100元哈哈哈哈哈哈哈哈,1897.022,1753424066,25a98a6b
1898762572212570112,哇厉害了,1941.185,1753441337,eeae67ec
1898770444551886848,哈哈哈哈哈哈哈哈哈,1812.799,1753442275,da4a6923
1899295846349428736,深度学习型会成长,2061.503,1753504908,2233a413
1899311810357134336,陈超超超超哈哈哈哈,1937.372,1753506811,8020f1b7
1899619007338927616,可以的,2140.384,1753543432,f6a66d6c
1899619192483758592,辛苦阿雷了 这么一大段  我都要背半天,2145.64,1753543454,f6a66d6c
1900289831134223104,好丝滑,2143.5,1753623400,6908d584
1900727826387780608,直接转账了，不是地铁卡了,1890.432,1753675613,29c7c55b
1900864257726569216,奇马蓝,2054.335,1753691877,75f02d2b
1900992991485978112,好的画家并不会,1994.973,1753707223,1606bf27
1903906590856424448,对，所以对资本来说是好工具,2119.356,1754054552,c29ddf0d
1905365491481060352,首彩葡萄酒～味道不一样～,1814.065,1754228466,ba4142a8
1905383944120050688,ai i不会创造需求，只会解决人类的需求。,2031.372,1754230666,2ad516b
1906676777745390080,阿雷服装好潮哈,2100.595,1754384784,1327ee61
1907503470140018176,作家，和画家不会。但从事写作行业和设计行业的可能会受到影响，纯商业的会受影响,2014.591,1754483333,f5dd2f0d
1907711567622271232,一个画家的画上千或者上万我都觉得值得，但ai产的图最多一块钱,2110.855,1754508140,b59d3043
1909643331546811648,哈哈哈哈哈哈哈,1802.537,1754738424,d7fb52ee
1913366840508620800,有一只萨摩耶就叫陈超超哈哈哈哈哈,1930.9,1755182301,b30a9c4b
1915224874843617536,前面的萨摩耶的别走,1937.599,1755403796,32f67cc0
1915935882930912000,哈哈哈哈哈哈哈哈哈哈哈哈哈哈哈哈哈哈,1859.99,1755488555,51f2909e
1922480732891760896,陈鸣飞投稿,1994.089,1756268762,8dd2ba4e
1928560476044906752,ai会替代那些水平不高的人，真正的艺术家和作家是无法替代的,2055.3,1756993524,cfd3a899
1930620440054015744,现在AI技术还不成熟，以后就不知道了,2042.591,1757239091,8f57e35c
1950374312087470592,可以娱乐，但没有深度的东西,2005.631,1759593936,5ff286de
1953028710341331200,当然不会,1991.043,1759910365,6e0df0f6
1966172314316318464,好可爱啊这两个人，萌萌的,2019.752,1761477204,1ee5697
1970992051982448640,其实AI给创作圈子带来了很多好处，痛苦的是那些想不劳而获的人，AI反而将这些人筛选掉了。,1971.291,1762051762,9d717ee2
1970992805346750208,想要不被取代就得进步，人类是一直在进步的,2037.466,1762051852,9d717ee2
1980015234983286272,画手可能会，画家不会。写手可能会，作家不会。,2003.369,1763127409,916232ae
2004595551308142848,笔触这个东西AI永远做不到,2129.602,1766057611,ffa3828d
2027798215826511616,有道理哦,2053.34,1768823584,8f58d927
,,0.0,1775683732.8000336,
lb.c,,0.0,1775683732.8000336,
,,0.0,1775683732.8000336,
1895737322071625984,哇，倒过来的角度，不错,2320.614,1752985858,bc12bdcf
1895737389348262144,1000个人欸,2404.742,1752986739,1262b263
1895737464325640448,伦的观点每次都好深度,2429.52,1752988798,dd38837b
1895737568671535360,萨沙确实越来越厉害了,2188.029,1752990345,4bb6c894
1895737635520352512,AI学习能力强能模仿但是创新上暂时还做不到，给他看某个画家的画，他能模仿但是要他有自己的特殊风格还做不到,2307.016,1752992123,da8612fa
1895737675886334208,对对对,2518.778,1752992832,a4557f7c
1895737868891427072,来自四姐的认可哈哈哈哈,2383.869,1752995522,e868d6e6
1895738095023132928,其实就是说ai没有创新能力,2449.334,1753007080,fbf9b322
1895738186207301888,黄子宝宝！,2478.478,1753010860,d93d12d4
1895738219937894656,普通话越来越纯正了,2340.564,1753006552,2f987c3c
1895738308387377408,简单且周而复始的工作不会被AI取代，他们只会被机械化和自动化取代,2177.8,1753012446,da6fca28
1895738539074097408,可是这样的画家真的很少啊,2355.484,1753016161,cb47e4db
1895738633898922240,肯定是指定啊,2166.696,1753023213,691ef385
1895738659433844992,厉害,2461.836,1753022215,7d9f8a33
1895738860030628096,ai只能生产“产品”,2438.121,1753027530,9cc53f64
1895739034186518784,伦儿说的好有深度,2417.125,1753066030,91850ea9
1895739151803191552,老王说的对,2249.4,1753067040,f7934ca3
1895739188276859136,罗师杰在做捧哏,2338.921,1753070661,5268d633
1895779537472677120,很喜欢伦二这个比喻,2442.524,1753085731,3a31dcb7
1895880915561975552,说的确实好,2456.856,1753097817,db27ad6e
1895903241901117696,哈哈哈哈哈哈哈哈哈哈哈哈哈哈哈哈哈哈哈,2382.245,1753100478,4365b2b7
1895978595307183360,黄子！,2470.27,1753109461,692c8ed6
1896020644002007808,我真的我好多次都和萨沙一种选择，高度重合,2355.219,1753114473,683bd9b9
1896387667051097344,创作过程本身也很迷人的！,2197.312,1753158226,1195ac4c
1896391286534280448,我觉得最多AI的作品和人类的作品放到平等位置去欣赏，不会谁取代谁，就像人类不会只需要一个艺术家。,2329.047,1753158657,1195ac4c
1896433511490107392,伦真的每次都说的很好,2449.736,1753163691,dd1dd59f
1896446842347168256,对的。还很无厘头,2510.941,1753165280,9ec95bfa
1896478238348470528,AI没有人所具备的“灵性”，这个是根本区别。,2484.776,1753169023,130b1ee9
1896481816450316288,但那么多著名的画家，活着的时候都没见到自己画出名啊，现在这个行业，艺术还是单纯的艺术吗,2362.688,1753169449,21030a05
1896495205256114944,英专生落泪,2257.924,1753171046,272cb156
1896500684711484672,说白了AI都是把现成的 现有的知识告诉你 它无法创新 没有创造力 也不灵活,2475.575,1753171699,fc8a9b09
1897059227684406272,现在门铃还是用的那个，后面的杨紫琼没必要，前面的那个欢迎来到毛雪汪还行,2509.318,1753238282,35645b71
1897154550214244864,现在小说好多都是ai写的,2317.184,1753249646,d7cb2127
1897198418581828096,更像是Freestyle的,2163.42,1753254875,6f99a845
1897285342076082688,中东人好爱用具体的比喻 好玩,2241.494,1753265237,290bcf14
1897353535075926016,哇伦儿讲得很好,2457.048,1753273366,bbeae81b
1897433976919450368,AI可以帮你炒作 帮你买热搜 买水军 坏的也会变好,2340.159,1753282956,d844b0d7
1897838265261261568,ai创造现在最大的问题是版权，它的数据哪来的？,2329.257,1753331151,9cdf46e6
1898170337209376256,伦是有文化的,2407.645,1753370737,c4640bae
1898593071588396800,不指定的话会长和杨迪肯定会控场的，不然非正式会谈就变成非正式广告了,2170.649,1753421131,ae954710
1898594159171501824,这个点很对啊，其实观众也是作品的一部分,2314.377,1753421260,ae954710
1898594721166096128,是的，没法取代艺术先驱者，但是人类多久才会诞生一个艺术先驱者呢,2398.763,1753421327,ae954710
1898858478203265536,AI是能画出来的，但是目前AI还没有真正创新的能力,2354.986,1753452770,85cd1b5c
1899282247644146688,伦说的超好,2450.24,1753503287,c89ae7d7
1899389604638008064,这样就意味着只有大画家才能生存,2315.347,1753516085,422009b7
1899968866063992832,钟逸伦的观点好到我想记下来,2407.551,1753585138,85e961e3
1899971539840366080,是的，有时候ai出来的东西是不实际的，属于给你描述的天花乱坠但其实并不实用,2516.355,1753585457,85e961e3
1900045394068096512,萨沙是不是deepseek了,2365.82,1753594261,37dfb466
1900699314750768896,AI不抽象,2514.068,1753672214,10555ed6
1900775830246937344,完全同意伦儿的观点,2435.304,1753681336,a9930091
1900996813578880512,"很简单，好的创作,有灵感的创作不会被取代",2425.093,1753707679,1606bf27
1901031552633139456,这不兴叫哈哈哈哈,2498.047,1753711820,c35a3236
1901722114823131392,是抽象,2352.846,1753794142,5adbede8
1903867788553414144,这个议题可以看当下社会在机器大生产的时代我们总是追求手工工艺但是再看我们在什么东西上追求什么手工,2232.109,1754049926,8d3fe83f
1904376810779811584,翻译作品是再创造，当然属于文艺作品了,2280.086,1754110606,21f73640
1905336105902178560,1111,2456.232,1754224963,94dc5d7b
1905386536745115904,数据量都是过去的，像ai创造的一些画作都是基于历史风格，没有未来的风格。,2288.044,1754230975,2ad516b
1906081274615969024,制造业，，,2184.094,1754313794,6748a4fa
1907510299724980992,没错,2175.769,1754484147,f5dd2f0d
1909633496364914688,感觉好多代表还有别人不了解ai画画的原理。那真的就是裁缝大集合,2203.365,1754737252,142fcb13
1916012736815445248,有几个确实在搞艺术的，大部分只是在所谓的艺术行业里混口饭吃而已,2297.01,1755497717,272ec1ba
1919515972591515392,ai又不能原创，出来的东西都是人家已经有过的,2324.575,1755915335,d61f036d
1919765655767985408,确实,2390.9,1755945099,39b1306c
1920593694097511424,但是那么多人之中又有多少个大师呢？千里挑一。只能说大师难以被AI替代，但大多数普通人是很容易被AI替代的,2364.264,1756043809,288a6e7
1921471313504249600,哈哈哈哈哈哈哈哈哈哈哈哈哈哈哈哈哈哈哈哈哈哈哈哈哈哈哈哈,2384.908,1756148430,d0352b3
1924730497872245504,但是很多人其实也只是围着光圈内打转，只有少部分是能发出光的哇。ai无法完全取代，但是ai取代大部分工作应该是必然的,2449.995,1756536955,90bb401c
1937410966522432000,不愧是高材生,2428.936,1758048584,664fbc21
1944395634396738304,可是艺术的标准是很难说清的，尤其是超越时代审美的艺术,2372.895,1758881222,952047f4
1946596116557161472,同传不可能，比如自古以来，中国有句老话，你怎么翻译,2271.392,1759143540,24bc755
1953032408702466560,哈哈哈哈哈哈哈哈哈哈哈哈,2390.919,1759910805,6e0df0f6
1964145062028178176,哈哈哈哈哈哈哈哈，怎么我在非正还能听到黄子,2469.118,1761235537,f260f6db
1965470285503505664,但是现实中其实有一些需要创作的。工作他确实是会被AI取代，因为作为商业用途，AI的那个程度是完全够用的。这是我们一个从国内大厂离职的老师跟我们讲的。因为他们当时在做东西就已经套模板用AI。,2380.266,1761393516,d0b3063b
1965962475476472064,梅丽莎好好看,2271.709,1761452189,5c1cccf8
1968996492291897088,好啦ai取代不了伦儿,2435.324,1761813872,269700bc
1969411312866597120,如果人类不再进步 那AI还会是AI嘛,2414.221,1761863323,7ed3ebc
1985133228776545024,翻译读空气什么的感觉能训练,2278.757,1763737521,55203a50
1985134760192303360,可以训练,2518.973,1763737704,55203a50
1996728559007878656,ai应该是从1到60，而人是负责从0到1和从60到100的,2430.868,1765119792,74ba3500
2056102682372178688,ai模仿的只是形式,2363.539,1772197739,fa9ad547
2082958314446724096,AI只是提高效率的工具,2221.713,1775399180,a4d2be15
,,0.0,1775683732.8000336,
lb.c,,0.0,1775683732.8000336,
,,0.0,1775683732.8000336,
1895737410512720128,感觉这个有趣1,2795.193,1752988764,39108e46
1895738094108774656,意识,2662.0,1753003029,6653a374
1895738218117566720,我更喜欢作品独立于作者存在,2704.182,1753012025,729cd479
1895738283766812928,除非ai哪天学会了思考和不按常规，但是人类会允许这样的它们存在吗,2540.067,1753010137,10294f3d
1895738567352094976,主要是用得少了吧,2862.128,1753022489,61f1cb93
1895738632992952576,超超太美啦,2555.795,1753022069,1f0a24fa
1895738636633608448,真的很爱Dylan，每期必cue，哈哈哈,2649.068,1753021557,6e443ff5
1895738730552463616,deepseek是这样的！,2522.65,1753021395,6e443ff5
1895738777964876032,大左又困了,2711.853,1753025162,d6bfe3aa
1895738899238981888,阿雷一定很有语言天赋,2864.374,1753026188,3b5559de
1895738997712851200,加字游戏,2829.421,1753054603,5dbe0dac
1895739267607924992,西语里的人称变位和阴阳性很有意思，我，你，她，他，您，你们，我们，他们，她们，您们,2804.071,1753072834,293203a
1895850139940747008,工作报告AI的确是好帮手！,2543.657,1753094148,416bbb9a
1895921119618453248,作品和作者根本无法分割啊,2714.73,1753102609,e1f0140c
1896012893708357120,ai没有人生，但是ai有你们呐,2743.137,1753113550,698bab0d
1896065447497910528,语言环境很正常手能生巧,2876.525,1753119814,cc2734ec
1896479661995797760,Blade Runner,2645.459,1753169193,130b1ee9
1896654942690213632,中文是积木并且是榫卯结构,2830.122,1753190088,89807551
1896772345109555968,词根词缀 哈哈哈哈哈哈,2818.729,1753204083,1f9c8d2e
1897102321968798464,不知道为啥这个话题老是让我想起崩铁里的博士尊，我们强大的智识星神,2549.068,1753243419,f5a06ba5
1897196758887995392,AI代替不了艺术家，但AI能代替打工人，作为普通人的我是焦虑的,2757.811,1753254677,b0fb79b9
1897363087586601216,是的 英文是树形语言,2824.014,1753274505,84203b4
1897872503666875648,超超说得好～,2569.221,1753335232,c76fd2
1897944087584629760,来了看预告最感兴趣的话题,2788.137,1753343766,9cdf46e6
1898191646873602816,我靠，这个观点让我耳目一新,2536.947,1753373277,f0071fca
1898587064925435904,这个话题好！,2795.805,1753420415,a18ccce
1898596254410661632,ai如果把微醺状态也建模了之后可能就能复刻了，并且能随意还原,2581.86,1753421510,ae954710
1898596665712523776,确实，一个平庸的内核很精准,2640.395,1753421559,ae954710
1898861636539289344,而且目前可能觉得觉得AI的有些图或文字有灵性实际是观众自己的赋予这些东西的主观体验是观众自己的灵性不是AI的,2668.317,1753453146,85cd1b5c
1898899350840110848,是不是ai的记忆能力有上限的原因？,2636.01,1753457642,2ddb40c0
1898913616263543296,ganghood这个真的不是广东华侨带去的词吗江湖的粤语发音啊哈哈,2769.624,1753459343,e8831434
1899395980466646272,大左那个表情，哈哈哈哈哈哈,2727.784,1753516845,2a7b6daf
1899451219231916544,因为没有坚持每天都用ai跟它进行大量互动给它数据样本支撑，所以我认为每个人用的ai都不一样，我觉得我的ai还是挺像我的,2647.849,1753523430,cb8fc6d6
1899934260052788480,中华文化的包容性哈哈哈,2849.24,1753581013,ae954710
1900015569328667392,好喜欢这个话题,2795.283,1753590706,85e961e3
1900048826854286080,那人的灵魂是电子信号吗，如果是，那人有没有可能是超级精细的碳基“机器人”,2655.645,1753594670,37dfb466
1900281300003517184,西部世界的核心就类似这样的,2602.68,1753622383,cd73212b
1900285629850936576,确实起码目前的ai画作没有人画的灵气,2557.858,1753622899,21100105
1901048146860625152,这棵树的动画是ai生成的吧,2803.727,1753713798,bba3e7b3
1901659990159627264,对，写文也是太高大上了，不接地气,2520.306,1753786736,105f52db
1901679859307668992,前面的，你把ai想得太厉害了,2738.443,1753789104,8c5fa1a1
1901694474971820544,知人论世是解析作品的一个重要观点,2714.601,1753790847,bb1af361
1901807782567905536,小熊说法语的表情好可爱,2871.945,1753804354,6b233d5a
1902175987245469952,灵韵,2668.184,1753848248,3fc3c7dc
1903102126856042240,人的反应和情绪千变万化 ai需要基于data来学习复刻 但人心和思想复刻不了 因为你自己都不知道你到底会如何啊,2743.891,1753958652,95e70b5d
1903911544119548672,机械劳动（报告、PPT、标准化文案等等）确实适合AI,2552.306,1754055142,c29ddf0d
1905283396587498240,我也有这样的担心，毕竟大的发现是要在小的累积基础上的。如果这些小的方面都被ai包圆了，人类还会有大发现的灵感吗,2568.797,1754218680,1739167a
1905322044405448448,心理学本来就有灵魂,2690.41,1754223287,f73e1df3
1906144811317396224,我以前学英语的时候，也会想外国人学中文的体验是怎么样的,2818.823,1754321368,de5d2566
1906664836822229760,所以说语文考试里的阅读理解靠标准答案就很扯,2687.504,1754383360,16673124
1906696462252080384,感觉伦儿是语言限制了发言,2529.891,1754387130,64b0d079
1906886153408858112,好适合我英专生来听 ,2814.7,1754409743,937fdd57
1908206015506796288,ai不可能成为艺术家 这句话有问题吗？,2749.178,1754567083,d8a8f583
1910400646260643072,喜欢这个论题,2802.046,1754828703,8815c960
1912295074109538048,前面的也可能没有理解什么叫创作，ai可以实现艺术产出，但跟创作还是差远了的,2744.468,1755054537,a8fe5ea9
1912306335295954944,怪不得我学英语困难,2848.344,1755055879,cdc7bc83
1914618808048601600,说的好好,2678.049,1755331547,39959bed
1914619278565804800,大左看手机哈哈哈,2728.618,1755331603,39959bed
1915193156341953792,现在ai就是一个全领域博士只是专家。他只是没有真实世界的更多样样本数据,2569.108,1755400015,23dde82b
1915445346528739072,电脑病毒：我来看看怎么个事儿？,2576.487,1755430078,aa8cb2c6
1915986185612797696,“就没电了”哈哈哈哈哈哈哈哈,2591.443,1755494551,cd971f7f
1916852564402818816,江湖不是打打杀杀，江湖是人情世故wu～～～～～～,2764.246,1755597832,ebcfcea3
1919268751279502848,这只能证明如今的AI还不聪明，还不智能，难道AI技术不会变得更厉害吗？,2612.277,1755885864,8ff620f
1921321382714216960,信息熵大,2841.927,1756130557,c8faf44f
1922681235663422464,如果AI真达到这个高度，那AI就不是AI了，人类也危险了,2697.724,1756292664,bc17ebe1
1926387262783289344,人类作为个体，生命体验是有限的，而ai作为更高级的文明，或许会不会被我们想的太简单了。,2771.566,1756734456,d0244f28
1928566961126791424,他说的太绝对了，ai技术刚刚起步，未来的发展是不可预知的,2749.14,1756994297,cfd3a899
1928568074974780160,英文是孤立的好吧，中文是组合式的,2834.7,1756994430,cfd3a899
1952531056876225024,如果AI能够有自我意识和思想，AI就是人，人退为动物,2715.729,1759851040,3d553d69
1996732419327971328,中文很简单很适合其他民族学习 所以中国才会是一个多民族国家 并且从不排斥其他文化海纳百川,2835.006,1765120253,74ba3500
1999292041175421696,Ai man姐吗哈哈哈,2602.201,1765425383,e4630f95
2027802308762818304,这个观点好,2541.215,1768824072,8f58d927
2045095330529259520,这个想听很久了！,2795.731,1770885561,e6d149b0
2069023283827016448,AI可以创作，但是每个人有独属的成长经历，他创作的东西是独一无二的，所以替代不了个人,2739.673,1773737995,6b2b33d2
,,0.0,1775683732.8000336,
lb.c,,0.0,1775683732.8000336,
,,0.0,1775683732.8000336,
1895737617359016192,哈哈哈哈,3218.723,1752993544,a4557f7c
1895737713425355008,但是中文商务场合也会这样，中文也有客气和礼貌,2976.263,1752992710,5866b398
1895737727702765824,但是中文之前也这样，白话文运动时就有胡适“干不了，谢谢”“才学疏浅，恐难胜任，恕不从命”的案例,2975.656,1752993017,5866b398
1895737820195557632,哈哈哈 我第一遍也在疑问 你不是医生吗  结果发现卡在了中文上哈哈哈哈哈哈,3227.366,1752997558,fbf64f60
1895737998369591552,好喜欢伦儿讲故事,3143.561,1752999620,7b5f275c
1895738106876236032,伦的冷知识好多哈哈哈哈,3121.118,1753010691,450eca7a
1895738131496800512,英语四级准备,3180.027,1753009480,8fd891b1
1895738136966172928,德语出来说话,2889.523,1753008855,47376c28
1895738139700859136,日本文化有些过于客气了，反而成负担,2979.348,1753006769,13ee2db9
1895738374950981888,日文的语法结构太麻烦了,2947.238,1753012693,58c62de
1895738385889726720,语言环境真的非常重要,2880.638,1753014675,c0184399
1895738605637701888,哈哈哈，西语信息密度太低了,2887.48,1753021179,913778e0
1895738888291848448,和语言背后的语境文化有关的,3004.846,1753030941,5404f33
1895738956675780864,日语真的，可能是因为日本人很容易不安所以很喜欢叠甲,2968.764,1753036550,7a1afabc
1895739047859949824,伦儿个学霸知道的可真多啊,3138.994,1753066617,91850ea9
1895739281281356032,这解释也是费劲，中文六个字解决：有根源无系统。,3165.086,1753078062,1ea53aa5
1895813671943725312,说英文是因为没学过其他语言hhh,3058.228,1753089800,18de2fc4
1895885303986710784,七月八月是纪念凯撒和屋大维硬加进去的我记得,3103.283,1753098340,db27ad6e
1895963615233216000,月天~~~~,3088.264,1753107675,bb240a6
1895984463582683136,伦儿好棒！,3141.672,1753110160,692c8ed6
1896199650127027712,Medium well steak,3202.601,1753135813,74e59e26
1896307962851638528,Mayday！Mayday！,3084.608,1753148725,b748a01c
1896408715746876416,原来如此，怪不得烷烃的英文名是这样命的,3130.385,1753160735,30eb9777
1896433111504550144,月份的英文在西方文化中也算是历史文化的体现,3081.902,1753163643,a076c47d
1896450535448673792,杨迪太有意思了,2936.319,1753165720,9ec95bfa
1896482053151608320,文化语境不同,2926.889,1753169478,130b1ee9
1896482757568255488,看过日语邮件的结构 那是真含蓄啊 好像说“不”是天大的错,2948.052,1753169562,130b1ee9
1896753204394875904,店家不想给别人用，为什么还要设置自己的店名为WiFi名啊，这样每次都解释多麻烦,3049.958,1753201801,2677cf4c
1896946225677535744,是凯撒和奥古斯都加的7月和8月打乱的吧,3129.064,1753224811,a5fb62e5
1897250225970898176,而且13月 和 星期八这种说法 他们只能重新创造一个词,3115.972,1753261051,c5e94360
1897407157516052224,就像知道奶奶的礼物用俄语怎么说，真的那么长吗,2896.574,1753279759,d849b843
1898582067882162432,日本人说一个句子 一半都在委婉,2941.965,1753419819,76036370
1898588868694397440,敬语地狱,2954.96,1753420630,a18ccce
1898590585045603584,这个是历史上的语言融合因素吧,3060.517,1753420834,a18ccce
1898665512134126080,说普通话久了会忘记方言,2905.249,1753429766,b0850c04
1898850951616771840,为什么要留下殖民的痕迹,3157.268,1753451872,ef8bd67d
1898937681158312448,还有星期,3074.909,1753462211,b465622b
1899312426064304384,中文好比压缩包,2881.612,1753506884,714d1f13
1899359596045350144,哈哈哈哈京都人,2942.526,1753512508,48caf715
1899668818784674048,这是人为的，任何国家要是愿意这样，也能在表达一个简单含义时去延申自己的句子,2968.119,1753549370,395ce43e
1899936646569887488,还有星期。日语也要再背一次,3072.627,1753581297,ae954710
1900498638082942464,懂日语的可能会懂吧 真的巨长一段,2997.345,1753648292,8205cc06
1901004936989475584,其实赖赖的发言都挺有信息量挺好的,2962.898,1753708647,2c9403ee
1901005262887011072,好温柔啊,2994.395,1753708686,2c9403ee
1901007210696225280,日耳曼人,3145.006,1753708919,2c9403ee
1901007274919789824,棒棒,3148.423,1753708926,2c9403ee
1901007503156656384,原来如此,3165.412,1753708953,2c9403ee
1901007627769515776,很详尽诶 原来不知道,3169.51,1753708968,2c9403ee
1901036066467942912,唉确实会有些容易导致内耗,3036.179,1753712358,c35a3236
1901601973363943680,中文是象形文字发展来的,3076.554,1753779820,92f8c01f
1902328538762730496,反了,3049.595,1753866433,89ed58e
1902903884662556160,一个Wi-Fi都这么抠啊,3030.227,1753935020,96f86921
1903773304859711744,非常容易不安的日本人,2947.431,1754038663,5eebbb86
1904212771181454848,主谓宾主系表的顺序是一样的,3210.693,1754091051,4213efaf
1904516264131825920,正常吧,2882.476,1754127230,3e5e834
1904516761693761280,哈哈哈,2941.821,1754127290,3e5e834
1904516806791007488,晒伤妆,2947.196,1754127295,3e5e834
1904519028052442624,混了是吗,3179.667,1754127560,3e5e834
1904710780163548160,你习惯了，完全没问题,3083.008,1754150418,1606bf27
1906026731576451328,这个确实有点直接了，中式中也确实可能存在这样的,3018.666,1754307292,c8137052
1906684917807754240,英文比法文容易,3070.951,1754385754,1327ee61
1907637741270252032,呜呜呜英文里器官名词和病的名词和相应科室名词真的大部分完全不一样，太痛苦了真的完全不一样,3237.084,1754499339,ff8d4f0a
1907900244344148736,？我们大学老师都说英文天生自带逻辑……,3046.075,1754530632,21c98764
1907939231465567232,哈哈哈哈哈哈集合,3078.613,1754535280,27e7f95a
1908208058292258560,日本好累,3042.943,1754567326,d8a8f583
1908238397278553600,想委婉也可以委婉呀。只是大家觉得太装不那么说了,2986.636,1754570943,a4b37ddf
1910303699142508800,所以我总觉得他们说话烫嘴？,2905.236,1754817146,664d29dc
1910306040881807360,忍。哈哈哈哈哈哈哈哈哈哈哈,3034.062,1754817425,375127a9
1910306198109537280,濑濑刚来时候的梗,3034.062,1754817444,375127a9
1915449847520377088,动物名+肉表示某种动物的肉。这是几千年沉淀下来的智慧,3051.605,1755430615,aa8cb2c6
1915991236444326656,萨沙好搞笑哈哈哈哈哈哈哈,3217.489,1755495154,cd971f7f
1916226599335198464,donde donde,2931.706,1755523211,41d23346
1916228677268589568,wow,3173.682,1755523459,41d23346
1916315156007532032,前面的，除了没有小贝拉逻辑,3181.139,1755533768,299590f4
1916619295518292480,哈哈哈哈哈哈哈,2919.677,1755570024,51f2909e
1919962561386910208,不安,3011.16,1755968572,3bd57624
1920500537993289984,这个就是我想吐槽的，英语的日期真的好难记,3060.432,1756032704,7b3cb016
1923466522425711872,伦儿才是真正的博学学霸,3150.234,1756386277,a82a2ebb
1929348917360019200,其实中文更没有逻辑，就是你想怎么说都可以，主要就是看积累量了,3057.608,1757087513,467053b4
1932308120081196032,我第一次在国外吃牛排 说五分熟 five，服务员大问号,3201.353,1757440278,52ac390e
1938326182697830400,对对对，这个很麻烦,3032.573,1758157687,69dfa122
1944620545828698368,10个月 那年都要过错,3124.155,1758908033,1875fd96
1960152989767726848,词源太多，还要混着不统一,3101.673,1760759645,7bf5ae5
1960315171222860288,商务对话,2985.653,1760778978,99cb8cc6
1970391830956991744,英语学渣产生了一些不好的回忆……中文换个字就能表达清楚的事儿，在英语里面要挨个背单词,3201.922,1761980210,f517d2b4
1971032280625968128,这不叫逻辑，这叫历史渊源，如果英语本身有逻辑，他就该根据自己的语法规则来解释这些东西，而不是照搬别人的,3173.232,1762056557,9574db04
1986522542408234752,著名“星期八”哈哈哈哈,3064.179,1763903140,2a9d92f9
1988680519910594304,好可爱的语气啊,3211.732,1764160391,c847ffba
2015997122545654016,凯撒大帝修改了历法，十个月变成12个月,3118.741,1767416784,ae954710
2029776380103077120,都去店里吃饭了还不让用WiFi确实不厚道,3021.134,1769059400,361d239
,,0.0,1775683732.8000336,
lb.c,,0.0,1775683732.8000336,
,,0.0,1775683732.8000336,
1895737449360363776,哈哈哈这个音效,3434.307,1752989690,dd38837b
1895737554259906816,汉语自带超链接,3502.689,1752990382,7e894dc7
1895737698191642880,英文不是也有一些语气词吗,3463.7,1752993765,534bf33e
1895737702964760832,现在小孩学典故也是这样的,3515.271,1752993777,5866b398
1895737848280617216,所以他们上大学贵的要死,3301.863,1752995548,136254b6
1895737891691663616,如果目标是跟人勉强交流的话，很简单,3388.746,1752996103,7864b331
1895737902630408448,哈哈哈哈哈哈,3542.495,1752996835,e868d6e6
1895737928165331200,对啊对啊，本来就是啊，所以那些鼓吹国外如何教育平等的，本来就是扯别的，首先连语言就是不平等的门槛很高的,3270.78,1752996508,e868d6e6
1895738086819074304,感觉我和听英语一样,3398.682,1753007529,2f987c3c
1895738104141549824,我听英语听力也这样,3398.818,1753008039,fbf9b322
1895738124207100160,这里应该是well,3591.94,1753002948,90a344d5
1895738260068995328,语言浓缩ww,3415.286,1753013167,58c62de
1895738461571748096,亚洲语言普遍是这样的，主要还是大中华地区辐射,3581.0,1753014800,b345a1e6
1895738525392277760,我也发现了这个问题,3257.235,1753015917,6ee65ea5
1895738653964472576,此处BGM已经日本风格,3569.688,1753025562,226099f9
1895738823556960512,太where了哈哈哈哈哈哈,3558.444,1753026489,8ad6ba0b
1895738935712649472,我感觉老王就这几期非正下来汉语都有进步了,3428.469,1753027972,8d665d98
1895738962153541888,其实我现在在英国生活，无论是跟哪个国家的人说话，我经常回答嗯，他们都可以听懂，真的很方便很中文的表达,3471.945,1753054895,973da82
1895738991337509120,前面啊？的点在哪里？？,3505.733,1753067454,43cb6c93
1895739004096581888,我也才知道,3285.669,1753033782,d5c5e535
1895739009565954304,哈哈哈哈哈哈哈哈哈哈,3317.609,1753068397,f7934ca3
1895739326890217728,成语是超链接，所有熟语俚语和歇后语才是压缩包,3537.481,1753078668,1ea53aa5
1895809281815646464,最惨的是日本人，在这些基础上还要翻译成片假名背,3285.983,1753089277,d2fc1204
1895891365066548224,汉字自带压缩包超链接,3506.18,1753099062,1eeaccb8
1895906708459891456,哈哈哈哈哈哈哈哈哈哈哈哈,3542.014,1753100891,8223018c
1895917280982994176,弹幕呢？,3380.471,1753102152,4365b2b7
1895937886776867584,戴卢可是佛拉芒人,3461.641,1753104608,be52f108
1895945065151751424,1,3469.14,1753105464,83719079
1895974459136292096,老王这个手指的动物太萌了哈哈哈哈哈,3368.702,1753108968,c5fcbd94
1896736230398801920,迪伦想介绍哈哈哈哈哈哈,3285.135,1753199778,b9816bbd
1896738375130942976,哈哈哈哈哈哈哈哈哈哈杨迪太有梗,3552.143,1753200034,b9816bbd
1896773498131941888,不想听，不想了解医学法学这类太专业性的东西,3330.832,1753204221,b176604b
1897146857139167488,吧 吗 哦 ,3449.353,1753248729,35645b71
1897148948762767360,中文常用字2千～三千字，医学法律都能看懂（每个字）英文你得重学,3300.605,1753248978,729e3ab7
1897240958723524864,他是整形医生,3245.183,1753259946,c05066cc
1897344309032788992,HHHHH,3548.929,1753272267,e724095e
1897353674855129344,老王的汉语是靠“百家饭”成长的啊,3413.629,1753273383,d403eb94
1897959016110826496,我感觉日语表达比中文更模糊，但欧语系应该比中文清晰,3481.107,1753345545,9cdf46e6
1898037661450136320,没有语言是难的，融入当地都很容易学会,3360.179,1753354921,6ba6f998
1898147251440773632,学医的英文巨长一个单词,3249.832,1753367985,33c2f0de
1898595100549340416,yeahhh和“え？”的洗脑率也很高,3442.216,1753421373,a18ccce
1898595474438069760,好的，收到,3466.201,1753421417,a18ccce
1899889882369721088,然,3577.428,1753575723,3e3ca627
1899940569846165248,英文里的humm不就是这种意思吗,3483.17,1753581765,ae954710
1900248293867858176,看吧~,3476.886,1753618449,1bd801ae
1900268259098969856,大学学心理学法学，专外学的人想死，开卷我都累死，必须背一些，不然翻都翻不到,3309.209,1753620829,68efaa5c
1900386229888349440,害,3588.413,1753634892,33977ab
1900504034642194432,而且现在还在一直造新词 网络迭代也很快,3536.387,1753648935,8205cc06
1901038009001065984,确实，会有专业壁垒,3267.74,1753712590,c35a3236
1901043281199645696,整形医生不背专业医学词汇吧,3248.477,1753713218,ae954710
1901055028312566528,嗯 用英语的yeah 不行吗,3513.992,1753714619,bba3e7b3
1901699298253806080,哈哈哈哈哈哈哈哈哈,3555.241,1753791422,bb1af361
1902215296740708608,中文一个哦～～～能表达很多意思,3489.451,1753852934,167a1194
1902491000623422720,生物学全是拉丁语,3260.405,1753885800,59b380d7
1903115360002498048,汉文人点了,3530.814,1753960229,95e70b5d
1904402415873511680,哈哈哈哈哈哈,3438.59,1754113659,6327891d
1904520475078927360,我也想听伦儿讲历史,3336.829,1754127732,3e5e834
1904713978178131968,你会不会说重要的是环境问题，像我现在的应试教育，会看和阅读英文，写和说就很差,3417.528,1754150800,1606bf27
1904714897275852288,很多更复杂的，很多中国人也不知道,3523.445,1754150909,1606bf27
1904715420767052544,不就是看语气的吗,3577.83,1754150972,1606bf27
1906688697462662912,小姐姐英文很好好听 不是脖子右柠哈哈哈,3466.311,1754386205,1327ee61
1907359113126774016,粤语无障碍～喺！,3563.437,1754466124,d9a3acb1
1908669758451742720,还有古希腊语,3297.211,1754622365,f41917e3
1910307226334185216,让伦讲下历史,3294.697,1754817567,664d29dc
1915992112592547840,我想听伦说,3296.419,1755495258,cd971f7f
1915994372726802176,四姐reaction好棒,3542.21,1755495527,cd971f7f
1916230844314519808,语言还是要在环境中学,3421.751,1755523717,41d23346
1919282737379220480,匈牙利语也非常难,3351.111,1755887531,8ff620f
1920520378267664128,意群,3403.007,1756035069,99536495
1921097014738263808,陈铭老师说的吧,3438.683,1756103810,bc1232f7
1921950390136930304,就跟中国的好字一样，有时只是表示听到你话里的信息而已,3576.112,1756205540,91f228fb
1926835259497439744,经常看着看着觉得他们几个老外把中文说这么溜好厉害,3412.989,1756787862,b97e7a27
1938829039104673792,笑死我了，这句话谁说的？,3434.256,1758217632,c1c7a66
1996737031745336320,并非,3352.126,1765120802,74ba3500
2011293092187681536,哈哈哈和我对日语的感觉一样，，，呆了10年多 后面觉得是没有尽头的,3529.002,1766856020,1bdc989c
2012585087044033536,这个确实 日本的法律和医学基本是学习德国 舶来词也是基本用德文音译,3321.095,1767010038,83537bde
2018529617530469888,秦嗨汉诺,3562.248,1767718681,a29de8f8
2021310047682553600,是的,3262.826,1768050134,9ae24a60
2035768047671333888,法律也是一样的。中国法律也一样,3275.017,1769773662,f466f7d8
2038743529190839040,先学字，以字正音，阿拉伯人有这个意识，所以他才能学这么快，欧美人完全没有文字的概念，所以觉得中文最难,3384.196,1770128367,7966ad44
2038746329182394624,表情语言，本来也不用翻译,3590.184,1770128701,7966ad44
,,0.0,1775683732.8000336,
lb.c,,0.0,1775683732.8000336,
,,0.0,1775683732.8000336,
1895737386328363264,哈哈哈哈哈哈,3617.105,1752987469,882cd619
1895737509229859072,哈哈哈哈哈哈哈哈哈哈,3676.144,1752989498,59dfb4d2
1895737583057998080,天啊，67个字母组成,3637.073,1752989336,eb069b0d
1895737632492065024,来个短的,3853.378,1752993748,6cf1571
1895737693435302144,哈哈哈不许总结,3609.164,1752993497,6cf1571
1895737816580067584,这里字幕错了，表音文字,3890.122,1752995204,5579ad8f
1895737979226788096,这一季字幕太多错误了，怎么回事啊，中文外文都错,3896.211,1753006124,aab7b18b
1895738066770301184,日语和韩语是不是也是？只要会拼都会读，但是意思得再记,3906.105,1753001542,545954c8
1895738087733432576,哈哈哈哈哈哈哈哈哈,3845.99,1753000556,7b5f275c
1895738152468320512,哈哈哈哈哈哈哈好可爱,3651.946,1753012041,d93d12d4
1895738180737929472,巴别塔,3742.261,1753008044,a62ceb35
1895738275562754304,英文就有刚刚说的英法问题导致逻辑混乱,3943.0,1753015298,b345a1e6
1895738327530180864,日语是半拼音，保留部分中文,3886.0,1753015152,b345a1e6
1895738332093583616,象形文字就是比拼音文字要方便的,3886.0,1753015173,b345a1e6
1895738336648597760,所以传播效率很高，且没有文化断层问题，所以逻辑一直能保持,3943.0,1753015269,b345a1e6
1895738357620117760,想起之前看的用各国语言唱知否。到俄语就跟念咒一样,3849.285,1753016974,910793e9
1895738458845450496,啊啊啊最喜欢听大家聊各语言的特点！这是我当年看非正的初心,3614.056,1753016407,a354f0d2
1895738658519486720,愚者无畏也是一个压缩包呀，它不是常规的意思，俄语也可以生成一个压缩包,3826.746,1753025972,fe92a296
1895738785262964992,哈哈哈哈哈哈,3817.962,1753023551,ef8f951e
1895738933883932928,头晕了,3644.316,1753035085,13a0d4c4
1895738979476017408,确实，看小Q联合国的时候同传俄语的信息密度好低,3838.236,1753041245,cdfc31da
1895739066096783616,哈哈哈哈哈有意思,3612.271,1753067134,91850ea9
1895739104407556352,突然想起之前埃及代表穆小龙的名字也很长,3658.216,1753041498,4e76690
1895739162750324992,尼采：事情没有对错 只有视角不同,3726.186,1753073245,cb0b74b0
1895739177338114304,哈哈哈哈哈大家注意有位烫嘴的德国人要来啦,3629.774,1753067187,91850ea9
1895792428078861312,还真是,3941.511,1753087268,3a31dcb7
1895853082563739136,好漂亮啊,3705.421,1753094499,dc02669c
1895873710125642496,湖南话“搞”也有好多意思。,3601.591,1753096958,29a218df
1895907346799683328,翻译是代表自己翻译的,3697.145,1753100967,d0a706e0
1895978079743661568,decode（语言学人惊坐起,3717.032,1753109399,c5fcbd94
1896108421095192320,姐姐的专业和今天的话题好适配，语言差异,3706.185,1753124937,7388c77a
1896515341271146240,我喜欢这个话题，有意思,3616.444,1753173446,b99d4a1f
1896518162234223872,信息熵,3876.963,1753173782,b99d4a1f
1896543132645330432,这颜值，太好看啦！！！！,3695.311,1753176759,832cc876
1896780626377012736,不动产超级抵押,3636.607,1753205070,1f9c8d2e
1897154366721285632,我又要骄傲了，联合国文件里，就属中文那本最薄（叉会腰）,3813.058,1753249624,729e3ab7
1897941956827989760,都在酒里了,3865.043,1753343512,8b93c9d9
1898002374233537280,好像现在学校初学英语不给学音标了？,3917.24,1753350714,2a453a04
1898102017021935872,满分5,3789.416,1753362592,b29ebb7b
1898156268347363072,我记得我初中那会有学音标 但是不会重点去考,3923.454,1753369060,33c2f0de
1898512243499875328,大左表情笑死我了哈哈哈哈,3865.395,1753411495,4b7d9bf5
1899331643441710592,哈哈哈哈哈哈好可爱,3679.808,1753509175,1091612d
1900180799328848384,确实像吕一,3719.965,1753610403,115a0075
1900386773294106880,不对不对,3653.208,1753634957,33977ab
1901012436203785984,强行闭麦,3615.255,1753709541,2c9403ee
1901013060701833216,字幕乱回了,3657.418,1753709616,2c9403ee
1901170929900720384,还确认下对不对哈哈哈哈,3831.848,1753728435,aa15251e
1901171333829032960,给陈铭总结累了,3859.411,1753728484,aa15251e
1902159930518213632,六书,3947.484,1753846333,705b52ba
1902331185083402240,大学选修语言学讲过这个区别,3951.181,1753866749,92f8c01f
1902335700813538048,分析语,3890.528,1753867287,89ed58e
1903671238854313216,大学老师也一直强调要用外语的语境去理解外语不要纠结于对应中文是什么,3741.737,1754026495,b7a9b2eb
1904763067708153600,萨沙真一点口音没有啊,3759.038,1754156652,ddee2dcd
1905858903875679232,梅丽莎中文好好,3688.86,1754287285,7becfa2e
1906691517007991808,德语也是,3801.725,1754386541,1327ee61
1908906630024663808,俄语∶入门即入土，但不得不说俄语听起来是真的好听,3783.319,1754650603,43d421ca
1913917196015940096,法语也是,3808.423,1755247909,62e4d313
1915995900275556352,好喜欢梅丽莎,3713.265,1755495710,cd971f7f
1916030022574273280,语言的背后是思维逻辑,3695.995,1755499777,272ec1ba
1916079700078810368,忙啊，忙点好啊（doge）,3835.762,1755505699,746f4806
1916625392777953536,很有意思这趴,3621.459,1755570751,51f2909e
1920356151963837440,韩语就是,3912.685,1756015492,954b058c
1920523017751516672,专业的来了,3686.052,1756035384,99536495
1920524371614198784,对!!!!!!,3843.108,1756035545,99536495
1921484775709746688,又美又有学识，太厉害了姐姐,3711.137,1756150034,d0352b3
1921487725823974144,标注拉踩还是没必要哈哈,3945.676,1756150386,d0352b3
1924956553183220992,俄语语法确实难,3781.888,1756563903,e498a6f4
1928311481842799872,我怎么看到了autumn,3673.982,1756963841,272b951b
1929831823954261248,终于说到重点了，一维语言与二维语言,3932.368,1757145080,df7cc456
1937964820096246784,及格了,3795.295,1758114609,ea665755
1940204146955817728,这段话题讨论味道对了！！,3623.895,1758381557,add21500
1947129987367245056,萨沙有口音的，东北口音哈哈哈哈哈哈,3767.265,1759207182,ecb24fe1
1954999544181936896,我们是造字，其他语言是造词，我们是组词,3892.371,1760145306,fb6e727e
1960973806940170496,还有俄语的字感觉都一模一样233,3802.199,1760857494,8b1c7d51
1965271622538264320,字和词不一样啊，汉语的词能数清吗,3769.495,1761369833,b509e6de
1966180469729066752,对的，中国还有很多种方言呢，都是文化,3734.607,1761478176,33978299
1983664562083361280,老王的哇太可爱了,3664.275,1763562443,c53f17b0
1985149511878330880,陈铭没有总结的终究还是要来的,3681.241,1763739462,55203a50
2004619822436624640,上文言文,3868.638,1766060504,ffa3828d
2038747074585654784,这更像造了个固定搭配短语，而不是单词,3646.077,1770128790,7966ad44
2057933376119917312,好漂亮,3689.333,1772415975,dc69dd68
2072056217312398080,母语是汉语好骄傲啊,3882.558,1774099549,f82fb2da
,,0.0,1775683732.8000336,
lb.c,,0.0,1775683732.8000336,
,,0.0,1775683732.8000336,
1895737662774939904,再次安利陈老师的有聊，想了解陈老师对一些话题或者事物的看法的一定要看,4023.906,1752994396,534bf33e
1895737685701005568,俄罗斯女排功勋教练卡尔波利,4271.389,1752994558,7b2fe900
1895737697243730176,俄罗斯队那几年发挥起伏很大，拦防水平下滑了很多，换谁谁都得生气，卡尔波利老爷子不生气才怪了,4283.614,1752994661,7b2fe900
1895737894426349824,还真想听下去,4177.285,1752997978,c7bc6e63
1895737925430644992,不想听,4197.99,1752997336,ca646aae
1895737966459326720,哈哈哈哈哈 我开始逐字学习  doge,4196.912,1752998636,fbf64f60
1895738073137254656,中文是超链接语种,3984.747,1753006704,39499903
1895738140615217408,哈哈哈哈哈哈哈哈哈哈哈哈哈哈哈哈哈哈,4310.057,1753009910,259fe52
1895738233619714304,陈铭老师还想听！,4182.484,1753007774,53b79af0
1895738266444337408,的确，中文很感性,4124.538,1753015157,ef682fb2
1895738305652691200,这个好有意思哈哈哈,4208.39,1753014222,b1b00e21
1895738500780101888,man,3975.847,1753018973,f4eb18b5
1895738511718846720,音译在中文里很少见的，因为我们几乎啥都有对应的,4145.0,1753015534,b345a1e6
1895738631164236032,所以中文真的很美,4112.951,1753025099,a7349199
1895738649401069824,喜欢听陈铭老师说,4192.35,1753025462,105f8ab8
1895738683140051200,粤韵风华请你来学,4228.784,1753024098,99272c49
1895738787997651200,语言这个可以多出几期,4134.263,1753026762,d6bfe3aa
1895738869149044992,偏误,4027.411,1753027772,838e3436
1895738996798492928,哈哈哈哈哈,4203.489,1753035239,187c324
1895739035092488448,还想听,4147.312,1753067760,91850ea9
1895739036006846720,喜欢陈铭老师这期的总结,4148.159,1753035184,187c324
1895739102570451200,哈哈哈哈哈哈哈哈哈哈画,4154.529,1753069234,f7934ca3
1895739191011545344,Hahahaha ,4072.191,1753068882,8c10ef2b
1895793939530218240,嗷～都是……   太地道了萨沙哈哈哈哈哈,4258.574,1753087448,d8c0c6fa
1895917244123625472,希望陈老师说完，简直是精华部分哇,4200.455,1753102147,7d881d54
1895984355831034368,白帝圣剑，御剑跟着我,4280.148,1753110148,25b891ad
1896017901253990656,优先使用枝丫哦,3982.02,1753114146,487f1d6
1896022503672487424,这里也有佛（,4070.515,1753114695,698bab0d
1896322597734351360,中国诗真的作为一个中国人很骄傲，太美了，意境美，有的读起来也美,4105.965,1753150469,996c2fe2
1896460121219883008,好像是这样,3981.646,1753166863,9ec95bfa
1896520846001502976,但是这个总结我喜欢，涨知识,4086.27,1753174102,b99d4a1f
1896521961702968320,还想听，再说个五块钱的吧,4156.119,1753174235,b99d4a1f
1896676574695453952,普希金,4263.726,1753192666,54d3f224
1896725566901062400,哈哈哈哈哈哈哈哈哈哈哈哈哈哈哈,4310.07,1753198507,22445c1f
1896730106723395328,哈哈哈哈哈哈哈这期太有意思了,4209.816,1753199048,9cb4590f
1897010015916183808,对对对跟机关枪似的整个赛场都能听到,4272.545,1753232416,d539e6d1
1897077275255051776,哈哈哈哈哈哈哈哈哈,4190.698,1753240434,3c157400
1897174036765635072,陈老师的总结太棒了,4168.585,1753251969,edbe14cb
1897392318966345984,或许是“道”，但也确实不完全一样,4138.271,1753277990,bbeae81b
1897423909876315136,语言都基于一定逻辑啊，像一个公式往上套，怎么没逻辑了，汉子的构成组词都有逻辑思维啊,4200.979,1753281756,d849b843
1897862636431858688,没听够哈哈哈,4177.458,1753334056,c7d94c30
1897882039651485952,鸟语花香,4319.548,1753336369,5e6db3f9
1897898935013042688,可恶啊这次刚好是我感兴趣的话题,4161.582,1753338383,47a0e8bd
1898160146023362048,这点我作为留子真的深有体会 写英文论文的时候真的是一连二 二连三的感觉 不然会扣分的 但中文很少直接表达这么明确的,4143.613,1753369522,33c2f0de
1898164993313185792,其实古人造字也走过这条路，比如光马就有一百多种，骢骊骓骏骥骁，后来发现这样下去不是个事儿，太麻烦了,3975.043,1753370100,a725bfc4
1898638624019697408,我还没听够,4148.66,1753426561,71afd37d
1898787820446409728,反而英语会听就能拼写出来,3998.591,1753444347,636af638
1899369447870135552,涡轮苏卡！,4306.429,1753513682,3873c0bd
1899754244643268352,我也特喜欢听,4184.346,1753559553,a03bc12f
1899892586974535168,萨沙,4214.495,1753576045,3e3ca627
1900097116832440064,可恶，真的回味无穷啊，陈老师你再讲会儿吧,4169.039,1753600427,664e896
1900296271730859520,哈哈哈哈哈哈哈,4317.511,1753624168,cd73212b
1900392088978706688,笑鼠了,4276.249,1753635590,33977ab
1900392259451958016,太好笑了哈哈哈哈,4296.513,1753635611,33977ab
1901016738342964736,中文是体验,4037.216,1753710054,2c9403ee
1901019576444265728,过分了过分了,4306.717,1753710393,2c9403ee
1901803584791174912,一点也不短，(◐‿◑)﻿,4062.857,1753803854,f40bc1cc
1902041048625348864,不是道，更像理,4143.516,1753832162,18259142
1902331840049217792,感觉中文好美啊，艺术,3990.092,1753866827,92f8c01f
1902332906249409792,中文是瑰宝,4117.378,1753866954,92f8c01f
1902468908746143744,下次是什么时候,4190.613,1753883166,23568bd4
1902949917157764864,言有尽而意无穷,4173.006,1753940507,ca017a5
1903624783280088832,喜欢这个总结！,4097.385,1754020957,f0de91b3
1903829280824533504,我也喜欢看总结,4089.384,1754045335,5f529759
1904583630937199616,赞同，中文逻辑不严谨，甚至会出现颠倒黑白的情况,4118.207,1754135261,b6ee8bbd
1904685207156790528,西班牙拿铁,3995.688,1754147370,7bcfa025
1904719537870318848,中文里面的山有很多很多种,4043.343,1754151462,1606bf27
1904720340727399936,是的，我们中文文字逻辑不强,4117.347,1754151558,1606bf27
1905164537058565632,主持人就是控场的，时长要他负责控制的，没办法的,4223.159,1754204510,630e768b
1905314751845161728,元素周期表,3987.742,1754222417,2eb47862
1905861314233136128,陈铭懂得好多,3967.821,1754287573,7becfa2e
1905869100798891776,你们要聊这个我可就精神了,4216.222,1754288501,acf5d39a
1906539827319374592,哈哈哈哈,4241.001,1754368458,58d57e1c
1906540589273325824,哈哈哈哈哈,4310.782,1754368549,58d57e1c
1906688755184680448,桶装水瓶装水.v,4007.948,1754386211,819e3004
1907523442576883968,绝了,4169.636,1754485714,f5dd2f0d
1907644947604512512,等红灯是在等绿灯,4082.438,1754500198,ff8d4f0a
1907980387771732224,苏卡起手23333,4316.445,1754540186,e06c8437
1910170930404237824,圈粉le,4176.937,1754801319,738a73b
1910230441924162816,陈老师唱了一段跳一跳,3992.914,1754808413,f1feee36
1914555673774369536,山峦峰,4041.505,1755324021,c8be969c
1914633198378391552,白帝圣剑哈哈哈哈哈哈哈,4283.877,1755333263,39959bed
1914709549752189952,太好玩了哈哈哈哈,4297.298,1755342365,7dd1e666
1915999561113992960,哈哈哈哈哈哈哈哈哈,4246.601,1755496146,cd971f7f
1916629292717141760,不会这集都是滴滴滴滴滴吧,4207.55,1755571216,51f2909e
1916847819730828288,老王对中文的运用很通感,4059.05,1755597266,b575b51f
1919200580753647360,喜欢的话题总是听不够，不喜欢的好长，譬如什么信息信息，看到就头晕,4182.566,1755877737,ab909100
1920259340867743488,哈哈哈哈哈,4082.777,1756003951,6fe7767c
1920526322502341120,如如不动,4063.914,1756035778,99536495
1921992866163510272,哈哈哈哈哈,4082.943,1756210604,82b54504
1928582631055161600,我不同意，山我可以解释为突出地面很多的土或者石头,4048.353,1756996165,cfd3a899
1929016966887768832,喜欢语言期,4125.882,1757047942,bd775eca
1929832194772670464,这就叫降维打击,3960.908,1757145124,df7cc456
1932317703025618944,哈哈哈哈哈哈哈哈哈哈,4305.693,1757441420,52ac390e
1937429935681908224,好喜欢陈铭老师的总结 学到很多,4147.093,1758050846,664fbc21
1937697910745701120,其实还是有点口音,4237.83,1758082791,aeeff0bc
1938017766129012736,你不是外国朋友吗？,4224.433,1758120921,bd77f5f3
1943402323418697728,我认为中文是活字印刷术,4043.986,1758762810,fe599c6c
1952092445781283584,苏子开头列字结尾,4254.784,1759798753,b1e41dca
1960114288949624320,我也看了那个视频！！！！俄罗斯教练太凶残了！！！你们可以去网上搜,4271.027,1760755031,6a7c628d
1970983019397520896,听不懂俄语，主要看表情和神态啊哈哈哈,4293.443,1762050685,f517d2b4
1987896814821010944,记笔记。,4214.037,1764066966,a87e4250
1992810780202441728,哈哈哈哈哈哈哈哈哈,4311.986,1764652757,b087944c
1998380675866813952,四姐咋回事，怎么剪这个发型了，还是长发好看,4266.798,1765316740,ffa3828d
2005918499490857216,还得是秦始皇,4012.384,1766215319,11aba778
2027816003223746816,logic,4125.294,1768825705,8f58d927
2035829821229662976,不垢不净，不增不减,4079.032,1769781026,f9735bbb
,,0.0,1775683732.8000336,
lb.c,,0.0,1775683732.8000336,
,,0.0,1775683732.8000336,
1895737401436246272,怎么可能放出来,4342.782,1752987653,5aaa7626
1895737677907988736,啊？不是爷爷辈吗？,4418.736,1752994538,591a47e1
1895737751501246720,哈哈哈哈哈哈哈哈哈哈哈哈哈,4437.159,1752993639,c76f245a
1895737760066015488,爸爸的哥哥不是大伯吗？大爷不是爷爷的兄弟吗,4416.924,1752994737,5866b398
1895737777631760640,那应该听不了泰勒斯威夫特的这首歌吧哈哈哈哈哈哈,4668.85,1752994975,534bf33e
1895737803896492288,老王大好人啊,4585.286,1752995672,ce21b857
1895737832879132928,哈哈哈哈哈哈哈哈哈哈哈哈哈哈哈哈哈,4627.772,1752994815,534bf33e
1895738113259966720,不愧美食博主，这都能跟吃的联系上,4448.927,1753008271,13ee2db9
1895738151553962240,哈哈哈哈哈哈哈陈老师,4623.234,1753004086,e967e3fc
1895738287424246016,哈哈哈哈哈哈哈,4660.359,1753013919,fbf64f60
1895738324795494656,不像演的,4542.675,1753011315,47aef417
1895738367652892928,哈哈哈哈哈哈哈萨沙,4524.058,1753014007,5041b929
1895738494396371200,哈哈哈哈哈哈哈哈,4648.252,1753020067,eabe6363
1895738752438341888,大爷就是伯伯的方言啊,4420.588,1753027986,302e2cd4
1895738870055014656,哈哈哈哈哈哈哈哈哈哈哈哈哈哈,4627.886,1753030164,ea25d4d6
1895738921124860160,鸟语花香,4334.495,1753038594,23ddeab7
1895738943002349824,我笑的不行了,4567.735,1753035604,187c324
1895739028708757760,那确实不好，癌症很痛苦的,4375.493,1753037991,7a1afabc
1895739033272160512,北方大爷就是爸爸的哥哥，还有些地方会叫大爹,4422.924,1753038056,7a1afabc
1895739051508994304,比利时，荷兰，不由自主地dudududu,4370.072,1753045018,cdfc31da
1895739054243680512,这期太好看了哈哈哈哈,4582.978,1753035619,187c324
1895739071566156032,全世界的趋势哈哈哈哈哈哈哈,4405.411,1753069485,f7934ca3
1895739076129558784,看来还是妈妈重要哈哈哈哈哈,4448.138,1753069527,f7934ca3
1895739088888631552,靠北不算？,4416.782,1753068705,d4e31129
1895739092537676032,笑得我肚子疼,4397.34,1753062755,928dfa68
1895739105305137408,是红大爷,4418.911,1753072489,63882395
1895739118072598784,哈哈哈哈 老王太可爱了,4587.157,1753061525,67cfac19
1895739125362299136,哈哈哈,4564.19,1753070523,86ed341b
1895739337812185344,哈哈哈哈哈不愧是学霸,4661.75,1753080270,928ebf4c
1895833647970618624,哎 闽南话林北就是 可惜唐大哥不在了,4408.122,1753092182,717a589b
1895902750144143360,这个还……,4321.524,1753100419,738625c6
1895907869804003328,本来就听不懂，那听不听得到又有什么关系呢，在公共场合说脏话本身就是不文明的行为,4360.674,1753101030,b41d23bf
1895908179586673152,哈哈哈哈哈不行了笑哭了,4388.324,1753101067,8e85fd5f
1895927466716137216,哈哈哈哈哈哈哈哈哈哈哈哈哈哈哈哈哈哈哈,4394.076,1753103366,4365b2b7
1895928548712294912,哈哈哈哈哈哈哈哈哈哈哈哈哈哈哈哈哈哈哈,4520.928,1753103495,4365b2b7
1895982829658685952,我也是,4675.5,1753109966,42cad9e5
1896001296768195840,哈哈哈哈哈哈哈哈哈哈哈哈,4677.235,1753112167,ee1f6f9b
1896400773932488448,哈哈哈哈哈哈哈哈哈哈哈,4598.659,1753159788,e1f0140c
1896512698288793600,跟我们见外了不是,4365.396,1753173131,6a042d86
1896514385674094080,老王又拿吃饭举例哈哈哈哈哈哈哈,4454.776,1753173332,272cb156
1896608734999507456,满意满意特别满意,4371.008,1753184579,6958d185
1896642155020717056,苦肉计哈哈,4590.242,1753188563,445a39f6
1896642936713124608,对对对,4676.515,1753188657,445a39f6
1896696260124513024,自爆型劝架,4561.628,1753195013,fc5c5aac
1896763454762194688,他们不会哈哈哈哈哈哈哈哈,4569.196,1753203023,b9816bbd
1896765768927379200,哈哈哈哈哈哈哈哈哈哈哈哈公费报仇,4542.799,1753203299,e8be185e
1897011300463673856,有带大爷的,4411.438,1753232569,d539e6d1
1897013120430860032,老王好吃的没白吃还挺有劲,4613.994,1753232786,d539e6d1
1897218638458098176,讲的好可爱呀哈哈哈哈哈哈哈,4468.158,1753257286,d9749c34
1897324740884846080,我也是,4678.681,1753269934,8693b549
1897363774932184320,想了解的可以自己找找一些俄的生活vlog之类的,4361.289,1753274587,d403eb94
1897426030323611648,哈哈哈哈哈哈,4387.518,1753282009,d849b843
1897430303178371840,陈老师梦开始的地方,4635.859,1753282518,d849b843
1898107734009310976,有的，闽南话里面的靠北就是,4409.048,1753363274,b29ebb7b
1898140754749313024,拉开了已经,4552.403,1753367210,9a457285
1898604176352239360,风和日丽，鸟语花香,4320.185,1753422454,a18ccce
1898604469584211456,这么长一段吗救命怎么还没完啊哈哈哈哈哈哈哈哈哈,4334.886,1753422489,a18ccce
1898827115965592320,大爷，不是大爷爷啊,4423.334,1753449031,1ffa9383
1899264598080031232,果然是美食博主,4449.549,1753501183,d04c374a
1899496872319092736,凉菜哈哈哈哈这个比喻,4441.171,1753528872,3820b86
1900043563572775680,到底是啥？好想知道,4348.134,1753594043,3ad68769
1900320971148192768,被带歪了，哈哈哈,4644.234,1753627112,968d7bd9
1900998015238881792,0帧起手,4521.96,1753707822,478a57e2
1901003546199856128,北方不说大伯，都是说大爷,4429.826,1753708482,2216f793
1901074396593528576,坑爹只是调侃 上升不到骂人,4438.056,1753716928,bba3e7b3
1901091973570498560,放出来吧，反正听不懂,4334.352,1753719023,18259142
1902337660274969600,哈哈哈哈哈哈哈哈,4604.007,1753867520,92f8c01f
1903081973443330560,哈哈哈哈哈哈,4535.647,1753956250,623dd44
1903082273570880768,哈哈哈哈哈哈哈哈,4568.091,1753956285,623dd44
1903781401921761536,其实有用,4589.383,1754039628,1ddd0afb
1903806233291993600,老王那么有力吗,4603.096,1754042588,29c7c55b
1903952397949739520,这个情节 解放西 看过一样的，哈哈哈哈哈哈,4560.019,1754060012,e1245ea0
1904516717376838400,因为妈妈是孩子的第一位老师啊！,4403.275,1754127284,9e41d483
1904530899417644288,哈哈哈哈哈哈哈哈哈哈哈哈哈你个感冒,4385.563,1754128975,3e5e834
1904530978748724992,和哈哈哈哈哈哈哈哈哈哈哈哈哈哈哈哈哈哈哈哈哈哈哈哈哈哈哈哈哈哈哈哈哈哈哈哈哈哈哈哈哈,4384.499,1754128984,3e5e834
1904532923857065216,没有妹妹呢,4492.766,1754129216,3e5e834
1904538811812607744,哈哈哈哈哈哈哈哈哈哈哈哈哈哈哈哈哈哈哈哈哈,4645.546,1754129918,3e5e834
1904722568506592768,不是，这有什么可防的呢,4341.418,1754151824,1606bf27
1905449384062253056,新疆好像也是,4496.703,1754238467,a48719d1
1905497931360905728,伊朗和俄罗斯打起来啦,4529.621,1754244254,c0863c00
1906542784094295808,哈哈哈哈哈,4559.017,1754368810,58d57e1c
1907526196715882496,哈哈哈哈哈哈哈哈,4523.519,1754486042,f5dd2f0d
1908679452259804928,xx日记,4362.117,1754623521,f41917e3
1908744384842053120,你们听不懂，别人听得懂啊，我就是学俄语的，很多人学俄语日语,4357.8,1754631262,6ba6f998
1909668420170398720,四个层次,4433.428,1754741415,d7fb52ee
1911359300216006400,哈哈哈哈哈哈,4447.784,1754942984,984e8387
1911359604252789760,太逗了,4455.784,1754943020,984e8387
1913398067118770176,马月！受到严格保护,4495.758,1755186024,e540d7cc
1914634620675197952,爸爸好惨,4409.305,1755333432,39959bed
1914635448362681088,老王好有意思啊,4468.254,1755333531,39959bed
1914637087353891840,陈老师好帅好可爱,4628.134,1755333726,39959bed
1916001994548683520,萨沙现在好有效果啊,4525.363,1755496436,cd971f7f
1916630927698902784,哈哈哈哈哈哈哈哈哈哈哈哈哈哈,4395.624,1755571411,51f2909e
1916852277454065152,骄傲的小表情,4513.962,1755597798,b575b51f
1918109775393509888,加长版都听不到,4327.512,1755747703,e10ac76a
1919292270814105600,三句话不离老本行。老王就是老王,4441.278,1755888668,8ff620f
1920360764641292800,大爷（轻声）和大爷（二声）是不一样的辈分,4424.525,1756016042,954b058c
1920530535504589824,苦肉计,4559.312,1756036280,99536495
1924962263669318912,确实,4378.913,1756564583,e498a6f4
1928317987325752320,爸爸不重要和哈哈哈,4437.715,1756964617,272b951b
1928473381473163008,陈铭老师哈哈哈哈哈哈哈哈哈哈哈什么叫你个感冒啊哈哈哈哈哈,4387.472,1756983141,27acc97c
1930119365563671296,关键有个俄罗斯妹子全能听懂，哈哈哈,4350.281,1757179358,5f57ee63
1932318721125803008,哈哈哈哈哈哈哈哈哈哈哈,4386.414,1757441541,52ac390e
1937685851845080064,肺结核我们叫痨病,4387.045,1758081353,748c3342
1937711880739083008,现在有了,4411.543,1758084456,e8f1e80f
1937713293271636224,以身入局,4575.73,1758084625,e8f1e80f
1946610506567641600,哈哈哈哈哈哈哈什么鬼，好搞笑,4396.361,1759145255,3a0f6945
1946616695774839040,毕竟母亲是生你养你的人，是个人都不希望。除非你原生家庭环境不好,4477.17,1759145993,eb269b47
1954247216982614016,就好像放出来我们能听懂一样,4348.708,1760055622,99c7f039
1967670342588077312,阿阿阿啊啊，我要听,4342.408,1761655783,eb09f285
1977879332269668864,哈哈哈哈哈哈哈哈哈,4648.638,1762872790,aedabb3d
1986532170919592192,想听啊,4334.675,1763904288,2a9d92f9
1993856239851235072,哈哈哈哈哈多少是有点私人恩怨了哈哈哈哈哈哈哈哈哈哈哈萨沙,4520.851,1764777385,ed5612f4
1996746304319704576,有的 中西部地区很多,4410.686,1765121908,74ba3500
1999494019419440896,盲猜第四个祖先,4482.623,1765449461,29cd0eb
2004628390627918080,老王男友力爆棚啊，华波波都有150 6了,4609.39,1766061526,ffa3828d
,,0.0,1775683732.8000336,
lb.c,,0.0,1775683732.8000336,
,,0.0,1775683732.8000336,
1895737548723425536,哈哈哈哈哈什么是我们不能听的,4749.619,1752990264,1549437e
1895737557581795584,来啦来啦,5024.737,1752990286,a1639211
1895737558689091840,哈哈哈哈哈哈哈哈哈哈哈哈,4902.274,1752991699,eb069b0d
1895737576405831936,哈哈哈哈哈哈哈哈哈哈笑飞了,4980.356,1752990608,39108e46
1895737633507086592,免礼免礼,5039.074,1752990708,59dfb4d2
1895737685701005571,哈哈哈哈哈哈,5002.412,1752993137,98f16374
1895737800272613632,哈哈哈哈哈哈哈哈哈哈哈哈哈哈哈哈哈哈哈哈哈哈哈哈哈哈哈哈哈哈,4982.027,1752995330,a4557f7c
1895737802998911232,万一听不懂怎么办,4874.018,1752994933,81bc2129
1895737948222492928,什么梗？,4748.329,1752998164,d6922fe2
1895738125113069824,就这个湖北味正宗,4711.305,1753011041,7a763aee
1895738285595529472,双板确实可以倒着滑,5008.25,1753011373,43686648
1895738620225491200,哈哈哈哈哈哈哈哈哈,4984.609,1753022510,65fd9e50
1895738757907714304,太损了,4985.149,1753022518,65fd9e50
1895738832675377408,来来来来,5036.598,1753027077,8a513c81
1895738966708556032,太可爱了超超,4747.358,1753060176,4f7b0147
1895738992243478784,就是歇后语,4867.877,1753034556,c7bc6e63
1895739080684572928,哈哈哈哈哈哈哈哈哈哈,4918.722,1753069998,f7934ca3
1895739131746029824,哈哈哈哈哈哈哈哈哈哈哈哈哈哈哈哈,4994.089,1753062512,3bd1c757
1895739196480917760,这段发出杠铃般的笑声,5030.092,1753075104,28ad2a59
1895739201044320512,斑马斑马，你回到了你的家,4704.204,1753075169,c2cf2fbe
1895739208334020864,突然好凶的超超,4710.536,1753075185,c2cf2fbe
1895739269428252928,哈哈哈哈,4730.776,1753075210,df6e1fa7
1895739282195714304,个斑马 武汉读书学会的第一句武汉话,4704.434,1753073116,76b350d2
1895771221057041664,歇后语骂人是吧hhh,4865.028,1753084740,ea88348b
1895892382798022400,真的很像用歇后语骂人,4858.534,1753099184,1da0b061
1895904636515565824,四姐镜头太少了，感觉他的观点还没开始就没了,4765.842,1753100644,58b836f8
1896404829505373952,哈哈哈哈哈哈哈哈活学活用,4949.724,1753160272,f1957628
1896405288303884800,哈哈哈哈哈哈哈哈哈哈哈哈哈哈笑死我了,5003.653,1753160327,f1957628
1896468623779084032,哈哈哈哈哈哈,4981.223,1753167877,9ec95bfa
1896588932171657472,Dylan好帅,4935.291,1753182219,bd4e22b9
1896649488324662272,非正“倒着哥”,4978.032,1753189438,280fcb51
1896737496214828800,哈哈哈哈哈哈哈哈哈哈哈哈哈哈,4982.203,1753199929,9cb4590f
1897014030158811904,你瞅啥的意思吗,4715.633,1753232894,d539e6d1
1897014233171284992,想咋的,4732.518,1753232919,d539e6d1
1897019864125305344,胖跟秃顶？华波波？哈哈,4804.17,1753233590,88971e98
1897165318887847424,哈哈哈哈哈哈每次都要拿出来反复“鞭尸”,4994.106,1753250929,729e3ab7
1897254941232950272,哈哈哈 杨杨很合适,4903.28,1753261613,2a986023
1897344532589414144,又狠又能播哈哈哈哈，好绝,4852.883,1753272293,55d83f10
1897762938228495616,哈哈哈哈哈哈超超你咋这么可爱呀,4748.926,1753322171,3c4a8341
1898076422447444224,这个味太对了，喵莫斯喵,4713.793,1753359541,49e5e8b6
1898116838467539200,哈哈哈哈哈哈哈,4959.312,1753364359,8d117f15
1898162780163908608,笑晕了这个梗,4843.97,1753369836,b71cfd89
1898407579726848000,我也是！本来已经冷静下来了听到这句话又会死灰复燃,4680.153,1753399018,28dcc9f6
1898620921531941120,哈哈哈哈哈哈哈哈哈哈哈哈哈哈哈哈,4990.806,1753424451,a18ccce
1898621235324599808,萨沙：我这一生如履薄冰,4998.994,1753424488,a18ccce
1898621702788319488,这里就很适合配个bgm：长江黄河还有黑龙江~~~,5007.924,1753424544,a18ccce
1898674081130886656,auv真地儿道～,4950.016,1753430788,2738fae5
1898686192863140864,伦儿,5032.685,1753432232,b0850c04
1898718675599884544,喵喵喵  喵莫比,4716.685,1753436104,f83ddc9a
1898842469316472832,这是歇后语啊,4860.486,1753450861,17e2fe2c
1899339586950643712,喵帕斯,4719.067,1753510122,7ef1f30f
1899599321197446144,谎言不会伤人，真相才是快刀,4805.355,1753541085,bc31ead9
1900380122948168960,是LULU!,4784.341,1753634164,81aeaa1b
1900503618960948736,梅林的胡子,4886.484,1753648886,fcdaa08a
1901024484039726336,哈哈哈哈哈哈哈,4942.838,1753710978,2c9403ee
1901079414683921152,给你俩窝窝是“傻瓜你看什么，你走开”的意思,4779.862,1753717526,e67086c2
1901079829685023488,老王可以啊,4824.392,1753717575,e67086c2
1901079976536206080,盆景的伐木工赢了,4830.592,1753717593,e67086c2
1902231732707858432,啥意思没懂,4835.101,1753854893,c1f2fe77
1902338815436637184,动物吵架哈哈哈,4741.721,1753867658,92f8c01f
1902339230270251776,好可爱,4791.413,1753867708,92f8c01f
1902465103329566464,哈哈哈哈哈哈哈,4900.32,1753882713,24d07282
1902505877391889664,我懂！不仅是吵架，平时明明一件事已经在做了，非补一句你去做一下，我也会生气,4683.771,1753887574,29c4c024
1902512598906821376,翻旧账了,4925.858,1753888375,d89f1503
1902594920603297792,这一段巨好笑,4932.927,1753898188,26f5d348
1903085253296941312,哈哈哈哈哈哈哈哈哈,4913.221,1753956640,623dd44
1903422713532604160,完全沉浸在自己的艺术创作里了,4892.961,1753996869,bb961bc8
1903895399203318784,沉浸在自己的艺术,4885.319,1754053217,c51a6472
1905868802760226304,好有趣,4725.221,1754288465,7becfa2e
1905869663649455104,哈哈哈,4823.731,1754288568,7becfa2e
1906076866142587904,超超好美～～～～～～,5033.296,1754313269,ba077aef
1906843327282730752,不知道两个buff梗被萨沙听到了会怎么样哈哈哈哈,5018.175,1754404638,4ad5b7c7
1906853502798462464,笑飞了这期哈哈哈,4973.051,1754405851,de5d2566
1907283657380028416,个斑马是吧哈哈哈哈,4741.914,1754457129,654346f5
1907369347933021696,咩啊～,4736.208,1754467344,d9a3acb1
1907528459920721920,中文也是哈哈哈哈哈哈,4843.019,1754486312,f5dd2f0d
1907988977269993984,就跟吵架的时候对方说你冷静一点,4687.296,1754541210,952047f4
1909012552659049984,你看看！,4887.06,1754663230,a30a61d9
1914639175487860992,好艺术,4868.566,1755333975,39959bed
1914699145797749760,免礼免礼,5038.536,1755341124,6a35cdb9
1916331482058605056,去五常,4934.547,1755535714,299590f4
1920572473301738496,你别急哈哈哈哈,4680.084,1756041280,bc587f4c
1921150194511518720,无效消音,4767.931,1756110149,cc860fab
1921999990281070336,膝盖脑袋哈哈哈哈哈,4820.756,1756211453,82b54504
1922699810163473408,哈哈哈哈哈哈这个好玩膝盖脑袋哈哈哈哈哈哈哈,4821.902,1756294878,bc17ebe1
1922718678232065536,buludo在大力水手里面就是大块头,4769.819,1756297127,990a1ffc
1924745898970591232,吼吼吼吼吼吼吼吼吼吼吼吼吼吼吼吼,5002.511,1756538791,90bb401c
1924967089098646016,哈哈哈哈哈哈哈哈我懂了,4839.73,1756565159,e498a6f4
1928431833856027648,四川话 哈哈哈,4802.515,1756978188,272b951b
1930122968890291968,一般是表和马,4760.893,1757179787,5f57ee63
1932207309505761536,真不用客气，哈哈哈哈哈哈哈哈哈,5037.71,1757428260,5b4783e3
1932323510836293120,歇后语骂人 在中国能把我骂笑，没有杀伤力,4856.499,1757442112,52ac390e
1938651722562595840,这个环节好想看英国代表,4803.651,1758196494,7514575b
1941575577676902144,中国好像也是,4880.714,1758545045,7a001e02
1956604467680680960,哈哈哈哈哈哈哈哈哈哈哈哈哈哈哈哈哈哈哈哈哈哈哈哈哈哈倒哥,4987.29,1760336628,d35c8a9
1957521618251751424,有备而来,4898.296,1760445961,ae02b522
1963046567418170368,完全get不到哈哈哈，太艺术了,4878.238,1761104586,54f7b9d0
1963047484477570560,卧槽哈哈哈哈哈哈太搞笑了,4987.548,1761104695,54f7b9d0
1963047606246712832,太有梗了我的天啊,5002.101,1761104710,54f7b9d0
1988704206604970240,萨沙现在好大方,4966.483,1764163215,c847ffba
2005156528713694464,形成内部梗了 哈哈哈,5015.259,1766124485,32b92588
2018407658939996416,武汉话好好玩,4761.811,1767704143,964a8dca
2027838086511379968,哈哈哈哈哈哈哈哈哈哈哈哈哈哈,4860.422,1768828337,8f58d927
,,0.0,1775683732.8000336,
lb.c,,0.0,1775683732.8000336,
,,0.0,1775683732.8000336,
1895737252798501120,一个轴打起来了,5382.658,1752985054,7e19df34
1895737399926296832,老王居然赢了哈哈哈哈哈,5194.259,1752987261,f69ff094
1895737549830721792,众爱卿平身,5040.701,1752988640,1f930d45
1895737559796388096,买不完了,5324.051,1752990445,3f8c2705
1895737585272590592,这个除了买卖还能组什么？,5347.699,1752990663,1549437e
1895737629463777536,买了锅巴,5269.404,1752992283,7e894dc7
1895737792127275264,这也太难了除了脏话我一个也想不到,5250.819,1752994250,4374cf64
1895737809332310272,伤疤,5096.912,1752995497,a4557f7c
1895737812956188928,艾丽莎还比了个功夫出招动作，好可爱,5228.918,1752995826,5866b398
1895737818392006912,这下真的势均力敌王不见王了，战力很均衡,5221.14,1752995797,5866b398
1895737822913466624,怎么不把小贝喊回来哈哈哈哈哈 全国总冠军,5232.53,1752995811,ca18aa72
1895737839220920576,随便,5103.405,1752995510,a4557f7c
1895737861601726720,哈哈哈哈哈,5280.223,1752995737,a4557f7c
1895737870728532224,哈哈哈哈哈,5357.137,1752995819,a4557f7c
1895737878009843968,这个难度好高我一下没想出来,5250.43,1752995861,5866b398
1895737975577743616,太搞笑了这段，会长帮得也真是不明显哈哈哈,5309.076,1752998714,d5478533
1895738014786097408,我都想不出这么多orz,5177.407,1752998128,cda41c26
1895738146998948096,富贵使我们相遇,5054.133,1753003938,94179e93
1895738222680969472,上边其实可以的...至少广东话里可以这么讲哈哈哈哈哈,5132.578,1753012151,f11a2bc3
1895738259154637056,那我必须得发个弹幕,5045.758,1753013226,4c2d7347
1895738280117768448,哎哟喂排面是自己给的,5053.218,1753015344,2394c70f
1895738286535053568,我都想不出来,5361.944,1753014671,635d7cfe
1895738288321827072,大左感觉好疲惫呀,5089.831,1753010259,2275038b
1895738300183318784,买了个包,5277.18,1753014758,73e9b877
1895738319326122240,哈哈哈哈哈哈哈哈哈哈哈,5333.776,1753014745,fbf64f60
1895738331187613952,水表,5101.409,1753013084,8f071823
1895738358542864640,哈哈哈哈,5289.412,1753013835,fc1db046
1895738420534677760,厉害,5362.198,1753013915,fc1db046
1895738453367689472,手臂,5083.725,1753019015,c2db3739
1895738483457626368,散步,5110.21,1753018989,c2db3739
1895738492567654656,私奔,5156.474,1753019088,c2db3739
1895738497131057408,散步,5178.373,1753019110,c2db3739
1895738523571949824,伤悲,5147.874,1753019080,c2db3739
1895738528126963968,帅爆,5171.778,1753019103,c2db3739
1895738537287323904,松柏,5115.542,1753019154,c2db3739
1895738560959975680,那么棒,5397.279,1753020515,c2db3739
1895738573719048448,迷恋改编,5350.312,1753020373,c2db3739
1895738581931495680,美丽古堡,5344.655,1753020257,c2db3739
1895738616576446720,雷妃：嬗变的女人,5152.275,1753018117,6ee65ea5
1895738643931697408,上榜,5139.362,1753019071,c2db3739
1895738657605128448,塞北,5125.34,1753019163,c2db3739
1895738663988859136,三百,5114.292,1753022376,fd2dafbb
1895738781613920512,买了个包,5269.515,1753030952,ea25d4d6
1895738925679874304,会长喜欢俄罗斯人哈哈哈哈哈哈,5280.092,1753038953,7a1afabc
1895738932969574656,笑死我了,5378.09,1753029813,bde1c345
1895738939353305344,哈哈哈哈救命笑死我了,5309.07,1753045893,23ddeab7
1895739014146134272,散步,5114.314,1753068800,91850ea9
1895739130831671552,想不出来,5264.519,1753072461,9f25c571
1895739175509397760,会长明目张胆啊哈哈哈哈哈,5276.576,1753072003,9f04a8dc
1895739183721844992,？,5103.33,1753070183,f7934ca3
1895739216546468096,麻辣锅巴？,5317.463,1753073025,39c07fe7
1895739235689271552,思辨,5100.653,1753075567,bf28894c
1895739250285449472,这是真的强……,5354.932,1753072572,9f25c571
1895739315020337408,老王的食物词汇库太丰富了,5202.207,1753075106,cb0b74b0
1895806227742127872,不愧是全球总冠军哈哈哈,5355.453,1753088913,20dfe047
1895865772513874176,呵呵哈哈哈,5295.841,1753096011,f81c7508
1895865835151917056,笑死我了,5302.521,1753096019,f81c7508
1895905592497846784,波波超级不想输给老王啊哈哈,5168.56,1753100758,e1c79dc9
1895913210587020800,厉害也,5356.678,1753101666,738625c6
1895940028228628736,哈哈哈哈杨迪笑死我了,5331.187,1753104863,9a7995d3
1896001709957121536,这个游戏确定不是在考验旁边的观众吗哈哈哈哈哈哈哈,5169.79,1753112216,692c8ed6
1896005638208190720,哈哈哈哈哈哈哈哈哈哈哈哈哈哈哈哈哈哈,5309.536,1753112685,ee1f6f9b
1896037717519832320,我不行了,5303.486,1753116509,35861f7e
1896103813057326080,众爱卿平身,5055.166,1753124388,272d704
1896266853488527360,买了个包,5255.593,1753143824,136938f4
1896397577185262080,买了个表,5252.363,1753159407,8c816764
1896398972085054976,买了个布,5322.799,1753159574,8c816764
1896487745384687360,是全世界冠军强啊  这个怎么可能平衡？,5225.606,1753170156,3f43cf38
1896518030927038976,哈哈哈哈,5287.335,1753173767,6a042d86
1896647238626065664,散步,5186.384,1753189169,445a39f6
1896700332483297024,买了个表,5262.862,1753195499,fc5c5aac
1897110671595089408,买了个饼,5303.296,1753244415,42da3e49
1897164510704274176,会长，真的一点都不偏心,5318.682,1753250833,35645b71
1897465344239936512,这里为啥正片没有啊很好玩,5316.955,1753286695,9c3b5844
1897907599363012096,加长版不是没人吗？,5061.923,1753339416,47a0e8bd
1897994325766477824,应该的应该的哈哈,5048.248,1753349755,4abc64a0
1897996747196894720,哈哈哈哈哈哈哈哈逛超市,5307.543,1753350043,4abc64a0
1898119123121513216,波波太搞笑了,5193.237,1753364632,8d117f15
1898135047518137856,免礼免礼,5075.625,1753366530,eedeee86
1898384560598181888,平身,5075.322,1753396274,b2d05ef3
1898624478083756544,超市逛的差不多了哈哈哈哈哈哈哈,5326.782,1753424875,a18ccce
1898641201796753152,密林古堡,5368.404,1753426868,8d9a3176
1898884709665421312,哈哈哈,5068.504,1753455897,ef9aebaa
1898897792614057216,S 和sh不算一个声母吧,5137.151,1753457456,90af0186
1898916617254438656,平身吧,5045.044,1753459700,22a3160b
1899502490740164608,比芒果台的明星们厉害,5090.131,1753529542,3820b86
1899503928598076672,好难！,5256.872,1753529713,3820b86
1899529220980670720,美丽告别,5329.076,1753532728,3860f01a
1899556139150926336,买了个包,5262.774,1753535937,c8a83ae1
1899575159195537664,我就说梅丽莎眼熟哈哈哈哈，我看过她,5237.393,1753538205,fbcf58ae
1899948884919695104,字幕靠点谱啊,5152.318,1753582756,ae954710
1900027691504725760,随笔,5111.845,1753592151,2b2c365c
1901026696434365696,哈哈哈哈哈哈哈哈笑死我了,5177.66,1753711241,2c9403ee
1901048621018345216,来了,5068.436,1753713855,53f028f4
1902279610704792320,哈哈哈哈哈哈哈哈哈哈哈哈华波波提高笑了 这个节目不能没有他,5287.656,1753860600,c78fc6cd
1902280109591719680,哈哈哈哈哈哈哈哈哈哈杨迪太有梗了,5336.723,1753860660,c78fc6cd
1902422537695188480,哈哈哈哈哈哈哈快乐了,5041.893,1753877639,ddafd2e4
1902693614774649856,这就是冠军局吗,5308.838,1753909954,13f56837
1903910791510760448,果然是冠军,5323.393,1754055052,117508bc
1903911183124587264,冠军！！！,5370.074,1754055099,117508bc
1904583799472911360,那这样没完没了了 卖了个包也可以啊,5323.205,1754135281,3e5e834
1904731512910551296,买了钢笔,5296.383,1754152890,1606bf27
1905066977614457088,瀚笙给的,5216.827,1754192880,f13424e0
1905263256428680192,哈哈哈哈哈会长假装淡定,5280.272,1754216279,aa36fe3a
1907445196561016064,生病,5096.403,1754476386,aff6fc4
1907655909418110976,描了个边，密林古堡,5369.951,1754501505,ff8d4f0a
1907988948337628160,买了个饼,5269.577,1754541206,e06c8437
1907994271211606272,买了广告,5264.943,1754541841,952047f4
1908432339672427264,这都是我应得的,5050.366,1754594063,9342b3c4
1910180167972956160,买了个表,5278.063,1754802420,738a73b
1910181115902401024,这个好玩,5385.844,1754802533,738a73b
1913125294877852928,爱卿平身,5060.819,1755153507,54a9596e
1914074693993248256,华伯伯笑死我,5210.801,1755266684,9d8aa9dd
1919614221571346432,哈哈哈哈哈哈哈哈哈，买买买，都买,5296.307,1755927047,3ae4c2e2
1921022768267938048,我都想不到,5361.449,1756094959,bc587f4c
1924779962440228352,设备,5089.709,1756542851,e8f6d141
1925468671896090112,看似法国vs中东，实则两伊战争,5183.768,1756624952,24f302e9
1928594371599874304,不愧是世界冠军,5361.448,1756997564,cfd3a899
1932625767037357824,太有牌面了,5107.729,1757478144,f487febd
1932832749916950784,波波笑死我了,5190.952,1757502818,75a35b32
1932833280899017472,想念小贝和田田,5232.806,1757502882,75a35b32
1948196474001477888,哈哈哈哈哈哈哈,5316.907,1759334317,2edb9fb1
1949690376261184256,没了个饼 哈哈哈,5334.374,1759512404,c9c423cb
1952273205201067264,上边其实是，他们搅混了,5164.153,1759820301,5ff286de
1956607870947309056,哈哈哈哈哈哈哈哈哈哈哈笑飞了,5336.797,1760337034,d35c8a9
1957526017011285504,发币，顺发nb,5390.776,1760446485,ae02b522
1999460690884832000,哈哈哈哈哈哈哈哈好搞笑哈哈哈哈哈,5054.438,1765445488,14f3cf30
2002097945549358592,前面外国小学生一人一句汉语那个真的哈哈哈笑死我了,5392.207,1765759873,1bae6291
2031437688779518208,满意,5047.429,1769257443,ec44781a
2036248800440067584,手办,5123.573,1769830972,f9735bbb
2036249860122444544,似是故人来,5248.255,1769831099,f9735bbb
,,0.0,1775683732.8000336,
lb.c,,0.0,1775683732.8000336,
,,0.0,1775683732.8000336,
1895737395396448512,jhhhhhhhhhhh,5592.303,1752988526,a7ab481d
1895737412022669568,我都想不起来这么多,5460.772,1752987439,a1639211
1895737441869336832,因为想不起来哈哈哈哈,5481.576,1752987556,f69ff094
1895737443119239424,波波好可爱,5457.3,1752989533,e9b5076c
1895737485532041472,不够看哈哈哈哈哈哈想看轮番制回合,5670.743,1752987808,fcfebb41
1895737626443878656,]',5625.691,1752991166,967ceef9
1895737643598582016,为啥我的弹幕带框框,5614.122,1752990985,3f8c2705
1895737666809860352,文创书包,5664.861,1752992253,88230e29
1895737685701005569,笑死，好像那个两组外国人比中文的视频,5594.036,1752991870,6c6d890c
1895737696287428864,想看陈铭和陈超的,5515.841,1752993725,b594b266
1895737720085909760,我吃柿饼,5633.349,1752993925,4f3c338d
1895737730554892544,我才十八,5654.687,1752994895,f3d0b903
1895737779443699968,哈哈哈哈哈哈哈哈哈,5736.412,1752996216,a4557f7c
1895737794836795648,还好，我来看了加长版,5683.765,1752995605,6cf1571
1895737843750768896,无偿上班,5638.111,1752995528,8eb43737
1895737876189516032,他不会是在拿你重温日语吧233,5757.212,1752997386,4944442d
1895737884393574656,？哈哈哈哈哈,5656.724,1752996132,a4557f7c
1895737888042619136,拿眉笔,5442.43,1753001707,d7f8343a
1895737898075394304,用一之濑当外教是吧哈哈哈哈,5759.226,1752996601,5866b398
1895737912679960832,发币厉害哦,5491.201,1752998959,e868d6e6
1895737956426551552,哈哈哈哈哈哈哈哈哈哈哈哈哈哈哈哈,5736.542,1753005397,e549f4d8
1895738018435141888,我才上班,5615.672,1753004949,4c54570f
1895738042141348096,发币好厉害！,5451.412,1752998910,d5478533
1895738055814779136,游戏能多玩一点吗？来个车轮战了。,5682.602,1752999172,e868d6e6
1895738163407065344,朕心甚慰,5668.633,1753010633,ca2efdba
1895738188941988096,留学生可以打工，就是时间限制很严格,5745.238,1753013337,450eca7a
1895738207178821888,我吃烧饼,5569.522,1753014025,97afe170
1895738304738332928,笑疯了,5717.724,1753014888,c5fcca58
1895738349416059136,我查设备,5603.283,1753013524,20dffd1e
1895738529041322240,我吃柿饼,5549.573,1753019787,c2db3739
1895738564600631552,我曾上榜,5583.306,1753019726,c2db3739
1895738572829856000,五彩书包,5578.215,1753019676,c2db3739
1895738618405163264,哇小熊好棒,5453.439,1753021183,6474f847
1895738628454715648,满意满意,5683.919,1753021786,d3e0ea9e
1895738771581145344,在燃什么啊,5467.292,1753022738,56239c78
1895738808969171200,无偿上班,5557.94,1753033292,8be21198
1895738855467225344,满意满意啊,5669.129,1753027481,8a513c81
1895738904708354304,无偿上班,5550.733,1753055909,a05c4e50
1895738919296143616,厉害,5458.113,1753029509,d0eeaf61
1895739073386483968,外出上班,5662.292,1753071341,86ed341b
1895739233868943616,跟武昌过不去了哈哈哈哈哈哈,5559.595,1753072312,9f04a8dc
1895739271248580864,前面那个五厂上班太痛苦了。,5650.181,1753072906,9f25c571
1895739280375386368,我吃烧饼,5528.493,1753076329,c2cf2fbe
1895739287665086720,哈哈哈哈,5585.042,1753076389,c2cf2fbe
1895739297697861888,666,5456.592,1753076238,c2cf2fbe
1895835379563980800,围城士兵,5651.483,1753092388,182693f5
1895851890223828736,我吃烧饼,5601.387,1753094356,cc93cef3
1895867141996042240,法币好可爱哈哈哈哈,5442.503,1753096175,f81c7508
1895941503516821504,想看华波波,5502.962,1753105039,3c5a3395
1895954531570156032,玩游戏没人能赢得了杨迪吧,5516.139,1753106592,be52f108
1895962419218839040,好可爱啊小熊,5481.88,1753107533,83719079
1896048714238634240,文创商标,5603.24,1753117820,24b0ce4c
1896048828952522752,发币比我厉害,5489.092,1753117833,e871e898
1896387736265527552,好可爱小熊,5433.348,1753158234,f608a6a7
1896401899398836992,我创商标,5627.201,1753159923,8c816764
1896523232526567168,四姐笑死我了,5461.734,1753174387,272cb156
1896696361970702080,真的好喜欢法币啊啊,5497.907,1753195025,ec077e8b
1896969714811750144,哈哈哈哈哈哈哈哈特别满意,5683.167,1753227611,cef95630
1897110463381035008,弄明白,5404.486,1753244390,2bf6365a
1897182469959562240,农民办（农业民生办公室）,5439.96,1753252974,af7c4445
1897184104504922112,无此设备,5617.079,1753253169,af7c4445
1897351985011783168,他发音不但好，调也对,5725.673,1753273182,55d83f10
1897377089222017024,How much?,5715.06,1753276174,7566605b
1897422756426506496,我常上班,5558.897,1753281618,fc5c5aac
1897422918418934784,我出书吧,5568.62,1753281638,fc5c5aac
1897458025171003136,满意满意,5677.512,1753285823,b5323672
1897465090669115648,武昌社保,5582.953,1753286665,d844b0d7
1897769479799142144,法币：let's 骄傲,5481.513,1753322951,3c4a8341
1897938668409864704,哈哈哈哈哈哈,5572.82,1753343120,87627e63
1898060457676681728,这反应怎么那么像外国小孩中文对决哈哈哈哈哈哈,5462.655,1753357638,9cdf46e6
1898138011901385472,怎么没有伦儿,5665.598,1753366883,a0901713
1898178762122903296,我超帅吧！,5632.839,1753371741,a725bfc4
1898423743408421376,这Part这么精彩居然没在正片,5650.83,1753400945,28dcc9f6
1898625744000134400,到底在燃什么哈哈哈哈哈哈哈哈,5464.166,1753425026,a18ccce
1898626550623448832,我测试吧,5559.064,1753425122,a18ccce
1898652728138751488,一之濑刚才输了可能情绪不稳定,5549.571,1753428242,915050e3
1898689587413796352,拿面包,5423.287,1753432636,b0850c04
1899319571606164480,全德国总冠军,5480.43,1753507736,f21b3ea5
1899535640992131840,晚餐随便,5520.474,1753533494,3860f01a
1899602976826559232,会长忍不了了,5665.041,1753541521,89699852
1899607193679394816,很满意，但是不够看啊哈哈哈哈哈,5681.754,1753542023,bc31ead9
1899951105459742976,我查书包啊,5602.221,1753583021,ae954710
1899999679023416320,无偿上班,5655.703,1753588811,87413e4e
1900766299857394432,我出师表,5622.888,1753680200,33977ab
1901031541963149056,无偿上班太有才了,5661.33,1753711819,2c9403ee
1901464422439217664,乃木坂,5411.02,1753763422,80000882
1901466327198751744,五彩水笔,5622.899,1753763649,80000882
1901505084160859136,卧床上班,5635.369,1753768270,a9930091
1901667443429404672,赖赖笑死我了哈哈哈哈哈,5462.246,1753787624,c475edd4
1901688907461504000,绝,5594.196,1753790183,6bdd20d4
1902191443406318080,我才十八,5536.747,1753850090,23b7cf3c
1902282980836447232,想看所有代表玩哈哈哈哈,5692.99,1753861002,c78fc6cd
1902972836168174592,好喜欢发币啊啊啊啊可爱小熊,5497.535,1753943239,94613f3a
1903814713050594560,我吃烧饼,5527.927,1754043599,29c7c55b
1904240408750914304,我吃烧饼,5520.633,1754094346,4213efaf
1904400734091486464,哈哈哈哈哈哈哈哈哈哈哈,5444.369,1754113458,21f73640
1904733937142578688,……,5572.108,1754153179,1606bf27
1907275934575481856,那么棒,5475.248,1754456209,818eee32
1907503311805048832,哈哈哈哈哈哈,5433.297,1754483314,6816ab2b
1907504852112736768,好搞笑,5670.051,1754483498,6816ab2b
1907628097827065088,华波波好搞笑,5413.673,1754498190,ea7aa49a
1907629029776458752,这个游戏好玩！！以后经常,5503.358,1754498301,ea7aa49a
1909211300433862656,文创手办,5641.868,1754686922,2ad516b
1910183692849001728,每期都来这个游戏,5693.155,1754802840,738a73b
1911661393863138816,我才十八,5635.78,1754978996,67c7bc24
1911940037441274368,我常说不,5577.471,1755012213,319d79a8
1916862547517593344,无偿上班这个太狠了哈哈哈哈哈哈,5640.532,1755599022,b575b51f
1916886203115027456,不满意太短了！,5691.918,1755601842,41d23346
1919615919593383936,法币好厉害,5491.366,1755927249,3ae4c2e2
1919874236307270400,太搞笑了,5709.81,1755958043,c4469e21
1924973871791438336,五彩水笔，无偿上班,5634.207,1756565967,e498a6f4
1928489303462333440,武昌酥饼啊,5649.501,1756985039,27acc97c
1931182947986193664,前面说文创的好厉害,5633.131,1757306147,d9c08631
1932631454336961792,满意满意,5684.543,1757478822,f487febd
1936645971006506240,你忙吧,5443.395,1757957390,cc3af606
1938432632782593280,完成设备,5697.579,1758170376,a3545458
1945259887495943936,龙颜大悦,5676.325,1758984249,deea00f
1957526892588923392,他俩这么强的吗？直接加时赛了,5475.556,1760446590,ae02b522
1977901549582004224,关税哈哈哈哈哈哈,5436.202,1762875438,aedabb3d
1977901725834636800,小熊好棒！,5457.17,1762875459,aedabb3d
1988742475853880320,哈哈哈哈这个是Dylan在后面说的,5609.534,1764167777,c847ffba
2002100048816625408,外国小孩中文对决真的，太形象了，这俩都笑死,5467.471,1765760124,1bae6291
2015436799140933120,高级词汇,5450.301,1767349988,a9603673
2018415095944305664,无偿上班(,5616.425,1767705029,964a8dca
2035137440129502976,弄明白,5418.548,1769698488,ca126b
2035137714621479936,你明白,5451.275,1769698521,ca126b
2068517489595502592,那么棒,5472.838,1773677700,471d6181
2077821577877208320,朕很满意,5679.263,1774786834,585cded5
,,0.0,1775683732.8000336,
lb.c,,0.0,1775683732.8000336,
,,0.0,1775683732.8000336,
1895737858867040512,哈哈哈哈哈哈哈哈哈哈哈,6096.333,1752996585,a4557f7c
1895737880752918784,沆瀣一气这词还是能用得到的233,5937.428,1752997598,4944442d
1895737919046914304,哈哈哈哈哈哈哈哈哈哈哈哈哈哈哈哈哈哈哈哈哈哈哈哈哈哈哈,5870.631,1752996356,a4557f7c
1895737949136851200,德国人太好笑了,5863.154,1752999715,8b34e573
1895737969194012928,阿雷真的动漫影视资深中毒哈哈哈哈哈哈,5838.142,1752997069,5866b398
1895738141521187072,犄角旮旯很少用吗？上海话里经常用到啊,6049.474,1753008868,39499903
1895738273742426368,除了呶字都认识,6060.585,1753013759,20dffd1e
1895738364003848448,踽踽独行这种基础词大左一个主持人不认识不应该吧,6002.5,1753015847,e69ebdef
1895738431481811200,圭臬感觉也很常见,6014.236,1753015872,e69ebdef
1895738444249272576,好厉害 卢可！,5923.251,1753018736,1c68567a
1895738555482214656,我觉得奉为圭臬还挺常用的,6019.476,1753019682,79d441b5
1895738669466620160,新梗出现了,5963.161,1753023686,65fd9e50
1895738727817777408,哈哈哈哈还拆啊哈,5877.108,1753023916,5ec74794
1895738740585238784,还得是总冠军！,5923.556,1753029089,d6bfe3aa
1895738798936396032,这期好搞笑,5880.071,1753023927,5ec74794
1895738800765112576,魔法小樱,5811.727,1753025778,ef8f951e
1895738804405768448,Latino American也是American哈哈哈,6088.033,1753033291,5404f33
1895738847263166720,哇好久不见的歌，我现在还全知道且会写呢,5922.622,1753029406,302e2cd4
1895738994978164992,戴卢可好会串场,5918.405,1753033135,5404f33
1895739036921204992,口语里很常见 但书面很少写 才叫生僻字,6084.412,1753069602,221a9f5
1895739067917111552,犄角旮旯哪个地区都用啊,6076.904,1753036132,37b64554
1895739303167234304,超超可能只是重影看成垚了哈哈哈,6025.872,1753080031,3f6b3267
1895803686740271360,德国人神奇的笑点出现了,5860.314,1753088610,677e1eff
1895940938636112896,哈哈哈哈哈哈哈哈哈哈哈哈哈哈哈哈哈哈哈,5956.417,1753104972,4365b2b7
1896006384517540608,哈哈哈哈哈哈哈 太好笑了,5877.08,1753112774,e10bb37e
1896394704246373888,往里玹,5888.848,1753159065,45f0e9c9
1896525961894243328,还记得穆小龙的也特别长,5863.237,1753174712,9c5bc011
1896526792475403776,突然感觉和一个母语者说对方的母语好刺激。,5849.288,1753174811,272cb156
1896528996767018496,伦反应好可爱,6093.046,1753175074,272cb156
1896694142336784640,我为什么这么黑,5850.046,1753194761,16f0b446
1896746298607480576,哈哈哈哈哈哈小魔女dorimi我的童年,5817.55,1753200978,9cb4590f
1896782108769874944,哈哈哈哈阿雷好棒,5823.344,1753205247,5856c37c
1896837444775896832,沆瀣一气，绵绵瓜瓞什么的其实也蛮常用的，都是会读，不一定会写,5963.667,1753211844,9450640
1897302336104199424,原来阿雷也是个二次元啊，圈粉,5807.807,1753267263,729e3ab7
1897408696875986688,bgm是星矢。。。,5826.178,1753279942,7ea9d3d5
1897539050743992576,是真的 喜欢看番剧随便都有N3了 日语听懂会说不算难,5774.395,1753295482,6f99a845
1897540654679205376,碗里选,5906.056,1753295673,6f99a845
1897941885038393856,哈哈哈哈哈德国人,5869.457,1753343503,4227b274
1898063552024567040,善逸！,5827.305,1753358007,9cdf46e6
1898064079399573504,xs我的笑点是发币笑,5864.169,1753358070,9cdf46e6
1898097346118832640,生僻字那个歌词的选择标准太不统一了所以体感好不好也是一阵儿一阵儿的hhh,5931.174,1753362036,45af011b
1898114145447495424,紧跟时事哈哈哈哈,5827.651,1753364038,ba542c3c
1898161274299396864,考试会用到吧，或者语文老师,6051.412,1753369656,9a457285
1898467852772804608,哪里常见？你平时都会说这些吗？我只能读一些，意思知道的就更少了,6031.791,1753406203,a725bfc4
1898468393661528832,确实是American,6081.24,1753406268,a725bfc4
1898544657131158528,会长日常开始挖坑了,5973.106,1753415359,e68aeabe
1898792509870598400,魔法少女小圆，魔法少女奈叶，魔卡少女樱，憧憬成为魔法少女,5789.357,1753444906,c1c112d8
1898950122260736256,我的天啊,5932.388,1753463694,eeae67ec
1899611716883880704,哈哈哈哈杨迪这个变声,5986.176,1753542563,5ebece69
1899953432166147328,怎么难的都会，简单的反而错了超超,6015.364,1753583298,ae954710
1900078198046300160,哈哈哈少女雷,5809.075,1753598172,1091612d
1901032821930525952,哈哈哈哈哈哈哈哈哈,5810.507,1753711972,2c9403ee
1901035550375286784,格局,6102.475,1753712297,2c9403ee
1901038084020175104,笑死,6081.102,1753712599,2c9403ee
1902445816619673088,可爱的四姐,6110.63,1753880414,c085033b
1902473656388011520,哈哈哈哈哈哈哈哈哈哈,5884.153,1753883732,24d07282
1902507918574530560,鬼灭！！,5827.326,1753887817,ecae7fb8
1903092981570356992,哈哈哈哈哈哈哈哈哈,5817.734,1753957562,623dd44
1904588337600721664,中二哈哈哈,5768.847,1754135822,3e5e834
1904588540294738176,和红红火火恍恍惚惚哈哈哈哈哈哈哈哈,5787.755,1754135846,3e5e834
1904607506802715648,xswl,5877.161,1754138107,2f77163b
1904738394345604608,不考生僻字没意思呀,6059.583,1754153710,1606bf27
1905360955819970304,先笑了,5858.11,1754227925,95e70b5d
1906556910518333184,哈哈哈哈哈,5871.662,1754370494,58d57e1c
1907415837069982464,不会是飞天小女警z吧,5820.521,1754472886,43d8243f
1908251049396513536,哈哈哈哈哈,5828.769,1754572451,d8a8f583
1913315501447857152,奉为圭臬不是很常见吗，，,6018.38,1755176181,9b40c598
1916341011081184256,这里阿雷莫名的像唐大哥,5760.723,1755536850,299590f4
1916656189127610112,哪里常见了，只有几个是常见的,6036.563,1755574422,51f2909e
1922655339275858176,犄角旮旯也会，只是不太会写,5941.477,1756289577,99536495
1923491622692854784,歌里的都会比较熟啊,6044.668,1756389269,a82a2ebb
1924750576206771968,哈哈哈哈哈哈哈哈哈哈哈哈哈哈哈哈哈,5819.439,1756539348,90bb401c
1924751062737679616,吼吼吼吼吼吼吼吼吼吼吼吼吼吼吼,5873.51,1756539406,90bb401c
1929398244665353728,初中的时候我们也学这个表演过,5947.352,1757093394,bd775eca
1954296916465043200,戴卢可的承上启下可太中国了哈哈哈哈,5910.649,1760061546,99c7f039
1957531727765723136,哈哈哈哈，陈超其他生僻的都知道奉为圭臬这么日常的居然不会,6007.196,1760447166,ae02b522
1963056219074066944,我的天啊，怎么会有这些这么多语言超能力者,5857.992,1761105737,54f7b9d0
1967686962006220544,笑死，反正我认不全哈哈哈,5978.628,1761657764,eb09f285
1977904572307833856,魔法少女哈哈哈哈哈,5795.978,1762875798,aedabb3d
1977905919635666176,哈哈哈哈哈哈哈哈哈,5956.683,1762875959,aedabb3d
1994610009833088768,超超好厉害,6041.25,1764867242,51701351
2010424270157225984,奉为圭臬这个，我感觉应该都知道啊，看古装剧什么的,6007.049,1766752448,a0b99804
2016016522979979008,超超怎么不认识圭臬，这是固定组合啊，垚涅是啥意思,6007.162,1767419097,ae954710
2026860148143955200,穆小龙？？？,5856.924,1768711758,c0ad9fc7
2036277408915183872,我只会醍醐灌顶和犄角旮旯,5991.627,1769834383,f9735bbb
2038025793061976064,德国人莫名其妙的笑点笑死我了,5864.035,1770042806,b8b5200d
2057973005103436544,高中语文考了你还能记得？反正我是感觉上大一就修为散尽了,6045.684,1772420699,dc69dd68
2058963017848770048,我可能知道他咋学的语言了,5843.198,1772538718,60c31dff
,,0.0,1775683732.8000336,
lb.c,,0.0,1775683732.8000336,
,,0.0,1775683732.8000336,
1895737596345553152,哈哈哈哈哈哈哈,6195.466,1752991046,a1639211
1895737605254254848,笑到捶床,6248.056,1752991132,a1639211
1895737756257587456,哈哈哈哈哈哈哈哈,6247.548,1752993724,46e1d41a
1895737873454829824,这表情包加的哈哈哈哈哈,6247.145,1752995808,591a47e1
1895737955520581888,哈哈哈哈晚上睡觉起来扇自己一巴掌。,6242.077,1752996766,a4557f7c
1895738234534072576,美国的刻板印象又增加了哈哈哈哈哈哈,6262.432,1753014661,d93d12d4
1895738291970871552,地大物博吗哈哈哈,6424.625,1753014057,450eca7a
1895738441514586368,美式英语跟英式的相比是真挺村儿的,6304.472,1753017646,6ed7a38b
1895738527220994304,这句话感觉很深刻,6342.095,1753018411,9cfc41f8
1895738529955680512,好惨,6240.329,1753015944,e967e3fc
1895738545457828096,洋脸在身我心依旧是中国心,6343.404,1753019165,b3e76332
1895738814438543616,伦儿好漂亮,6121.658,1753026098,ef8f951e
1895738827214393600,还好我们中文故意说别的口音腔调不会被说,6221.909,1753034289,9ef562ec
1895738931149246720,哈哈哈哈哈，绝,6261.929,1753027770,105f8ab8
1895738994063806720,以前好像聊过,6323.611,1753065947,c76f245a
1895739099835764992,感觉四姐马上就要入党了,6358.412,1753041164,f2cbd317
1895739164570652928,北京啊，都鼓楼钟楼和胡同了,6466.915,1753074268,cce57685
1895739223836168448,哈哈哈哈,6185.472,1753075358,b465a5f8
1895876772915284736,好红,6342.445,1753097323,f81c7508
1895891145075744000,完啦！漂亮国居然是我自己,6332.931,1753099036,720bb977
1895911263230715648,这一期可太好看了哈哈哈哈哈哈哈,6293.681,1753101434,cc998cf0
1895977013316171008,真的 我现在在英国 班上有美国同学老师都问为什么来英国哈哈哈因为感觉美国人很少来,6233.393,1753109272,7021661
1895996712578404608,哈哈哈哈,6191.243,1753111621,42cad9e5
1896011026604849152,哈哈哈哈哈哈哈哈哈哈,6248.296,1753113327,692c8ed6
1896053738805025792,笑死我了,6338.26,1753118419,35861f7e
1896348810541099264,盆栽伐木工,6185.449,1753153594,b7453a45
1896660913071964928,入党！马上入党！,6335.06,1753190799,280fcb51
1896752974823802112,萨沙真的长大了哈哈哈哈哈还劝架了,6286.28,1753201774,9cb4590f
1897031264495085056,英魂不散,6129.09,1753234949,88971e98
1897172399880213760,缘分,6350.275,1753251773,fe4eee91
1897191079833737984,伦儿好好看,6141.739,1753254000,edbe14cb
1897329347598687232,四年英伦行 一生英国情,6138.756,1753270483,cdc452f4
1897379646639815168,英美日常共轭嫌弃,6150.158,1753276479,d403eb94
1897470722797396480,就像有些人说着说着说英文感觉自己很能似的,6155.088,1753287336,9c3b5844
1897881482706794240,反复播放，笑发财了这段,6120.382,1753336303,a5babba0
1897980178177896192,哈哈哈哈哈哈哈哈,6134.889,1753348068,290bcf14
1897990451865073152,主要是大部分的美国人会对英音有滤镜,6302.454,1753349293,c5e94360
1898037108598766848,我觉得英音比美音好太多了，主要是美式英语有种不好好说话的感觉,6151.32,1753354855,e3a9f12d
1898068025727885056,也没有r音好像,6268.82,1753358540,9cdf46e6
1898469431701780736,四姐吐槽笑死我了,6195.492,1753406392,a725bfc4
1898638472119025920,B+可以了，我的二外只有及格，但我还是往简历上写我会,6389.578,1753426543,a18ccce
1899515964723618304,很多去台湾上大学的人也会有台湾腔,6237.288,1753531148,3820b86
1899583646470362112,哈哈哈哈哈哈哈哈,6195.813,1753539216,fbcf58ae
1899589769240256768,政审吗,6331.689,1753539946,80311199
1899903850559699712,英音好听啊,6271.685,1753577388,3e3ca627
1900743884129465600,东北腔,6156.205,1753677528,fc5824e9
1900962778974280704,“再给我上颚共鸣试试看呢”,6139.283,1753703622,7c263e9f
1901039338478048256,缘分,6410.357,1753712748,2c9403ee
1901092486005857536,这一趴杨迪和大左配合好默契好好玩,6240.882,1753719084,bba3e7b3
1901111475482086656,东北菜好吃不辣,6470.381,1753721348,18259142
1903696970439590656,我以为这个词是 可以,6419.591,1754029563,b7a9b2eb
1903909804733164032,哈哈哈哈哈哈哈哈哈这么严重吗,6142.532,1754054935,c51a6472
1903912608323439360,这个讲过，老师说他没天赋他吃激将法非要学哈哈哈哈,6350.203,1754055269,c51a6472
1904470534801020416,温文尔雅温润如玉钟逸伦,6222.688,1754121779,cc2734ec
1904581796449178880,没事萨沙会倒着说,6144.19,1754135042,5bd65cde
1904592053267419392,伦儿比较像英国的,6176.889,1754136265,3e5e834
1904592758221061888,哈哈哈哈哈哈哈哈哈,6240.501,1754136349,3e5e834
1904741835662920192,中国其它不说，论美食绝对世界第一,6444.448,1754154121,1606bf27
1907997071420911104,很明显是要伐木哈哈哈哈哈,6187.912,1754542175,e06c8437
1910189102486362880,大漂亮,6338.048,1754803485,738a73b
1910189214340135424,漂亮过,6351.282,1754803499,738a73b
1914652145542984448,这期好好看,6310.42,1755335521,39959bed
1916890106191840512,来了来了 入坑点,6131.6,1755602307,41d23346
1938459317036858368,4,6137.704,1758173558,7ce065f9
1942844325235513600,我真该死啊哈哈,6254.36,1758696291,1448c64
1967689487748992512,口音会混也正常，在外地待久了回家就会被说口音变了,6211.908,1761658065,eb09f285
1971860351436493056,真好,6405.79,1762155271,83beff44
1975472819102343680,我喜欢这期的所有！！,6331.166,1762585911,75855fc6
1988749246333072384,可怜的伦儿,6254.717,1764168584,c847ffba
1988750225619440640,支持Dylan，英音好听,6272.114,1764168701,c847ffba
2011318177330127616,好家伙哈哈哈,6456.191,1766859010,1bdc989c
2024979683494084864,这话题能客观的聊吗,6321.496,1768487589,4756a90
2069095069641645568,有没有可能美国人不说纯正的英语才是违背了自己的故乡,6150.449,1773746553,6b2b33d2
,,0.0,1775683732.8000336,
lb.c,,0.0,1775683732.8000336,
,,0.0,1775683732.8000336,
1895737660753285376,这一期真的很好看,6541.435,1752992583,a8f5ef7c
1895737685818446080,享受2025，好戳人的表达,6794.065,1752992554,dd38837b
1895737804802461952,哇哦，好想听一听,6713.441,1752995454,98f16374
1895737829255254272,老王算最有发言权了，毕竟经历过生死后来的,6760.292,1752998269,4944442d
1895737865259159808,但是这种速度也会有很多后遗症,6628.733,1753000515,8b34e573
1895737968288043264,那还是不一样的，中国贫富差距大，但基础建设都很好，欧美可不是,6678.52,1753002110,5e592343
1895738173439840512,应该是说医疗不便利，拖着拖着很多病人就错过最佳治疗时间,6709.748,1753010160,20af4969
1895738642102980864,哇，好会说,6794.595,1753022472,755ab053
1895738734201508096,和平,6749.651,1753027321,d89d8cbd
1895738795295740160,兼容并包,6823.86,1753032301,177de300
1895738872798089472,对自己深爱的国家有反思是很好的一件事,6721.795,1753038055,187c324
1895738902879637760,喜欢这样的真诚分享,6543.19,1753037588,187c324
1895738912006443264,希望都能变得更好,6721.795,1753038063,187c324
1895738932063604992,哈哈哈哈哈在一个伊朗人的房间里两个美国人吵起来了怎么这么好笑,6711.525,1753063546,f032f0af
1895739024153743616,其实这种对速度的适应能力也是一种温水煮青蛙。,6620.268,1753037869,187c324
1895739090717348096,不知苦所以不能言苦。,6622.315,1753037904,187c324
1895739095272362240,来郑州吧，郑州地铁是真的很有人文关怀,6736.904,1753040485,7a1afabc
1895739168219697408,五千年,6837.086,1753066340,e94d0ef6
1895739195574948096,都一样啊，大部分资源掌握在少数人手里，底层挣扎求生,6685.378,1753069042,3e15afd5
1895739298603831552,贫富差距...真的很难缩小,6671.593,1753077459,f04b19be
1895739300432548096,战乱国家的人要考虑的是生存，和平的国家才配谈生活,6772.315,1753073897,f8b0e6b0
1895739333257171200,唉...,6667.752,1753077438,f04b19be
1895916809107255552,来成都坐地铁吧,6741.512,1753102095,cc998cf0
1895922409224457984,幸存者偏差罢了。跟不上的会被毫不留情抛弃消失,6635.987,1753102763,9cc53f64
1895927999803579392,看了饼叔和老王的视频，很感慨,6763.186,1753103429,2f51f428
1895937469820941824,喜欢陈老师每次认真的聆听大家的发言,6547.615,1753104558,7d881d54
1895945543797188096,哈哈哈哈哈哈哈哈哈哈哈哈哈哈哈哈哈哈哈,6503.187,1753105521,4365b2b7
1895971705936303104,中国自己外宣也是重点在传统文化，对内也强化传统文化在中国文化中的代表性，青年文化一定程度上缺失，也有舆论环境的因素，外国人误解也很正常,6589.994,1753108640,108016b
1896042506861772032,这个我居然有点不信,6824.197,1753117080,698bab0d
1896055550030980352,中国也一样只是程度问题罢了,6658.388,1753118635,35861f7e
1896115798288929536,只缘生在此山中我没觉得变化很快但是回头看好像也变了蛮多,6649.705,1753125817,cc2734ec
1896346407598641152,说一样的去认真了解一下中美差异吧，本质是不同的，中国在努力缩小贫富，美国不是,6687.136,1753153307,996c2fe2
1896389793135554816,哎也不是每个中国人都过得很幸福，我就很累,6804.345,1753158479,671e7525
1896445143561997056,每个国家都需要伦这样的理性主义,6735.808,1753165078,2babe5d1
1896692445161556736,未知全貌 不予置评,6500.385,1753194558,d10e6859
1896713597632456448,前面那个为什么不信啊？就用大类来说，南北方的很多人了呀，更别说这么多省，每个省，每个城市，甚至每个村的文化都不一样。,6830.016,1753197080,c93b4313
1896713718285980672,很多元了,6834.261,1753197094,c93b4313
1896732865308570624,AUV,6591.584,1753199377,54d3f224
1896762050744070656,哈哈哈哈哈哈哈在一个伊朗人的房间里,6709.359,1753202856,9cb4590f
1897033430391823872,每个人都累换个地方你会连觉得累的功夫都没有还要担心能不能活到明天,6812.842,1753235207,d539e6d1
1897036751005286656,投共一念起，顿觉天地宽,6735.699,1753235603,c50570d0
1897124829325385984,国外一些媒体的刻意描绘,6600.162,1753246103,42da3e49
1897224976302927360,这俩私下可一定要还是好朋友啊,6713.528,1753258041,e6299164
1897398342565690112,真的，我们被保护得很好了^ω^,6774.265,1753278708,ca23a4
1897434692518111488,苏丹的游戏你是不是原型哈哈哈哈,6776.575,1753283041,b7b7e82b
1897549057816156160,鼓楼钟楼是西安,6483.967,1753296675,6f99a845
1897599146278760704,中国内部当然也有问题，但和国外的程度还是不一样的，多去了解一点再发言吧,6682.239,1753302646,68f3b35d
1897599835788886016,一个江苏各个市县方言文化都不一样,6838.453,1753302728,a12485dc
1898072217221687552,想起luigi,6699.647,1753359040,9cdf46e6
1898085967332604160,这后面的话题多来几期，说不完啊,6609.427,1753360679,d849b843
1898126853265714176,没办法拒绝变化/dog,6625.936,1753365553,ba542c3c
1898641050416426752,人民的愿望都相似。。,6675.15,1753426850,a18ccce
1898785992081696768,英国：勿cue，谢谢,6689.673,1753444129,cc3adea9
1899394054693909504,不接受也很好办，慢慢被淘汰咯,6624.492,1753516615,3873c0bd
1899524978576745984,可能是荒诞吧，比较合适,6523.504,1753532223,7cf865be
1899569833494887168,梦幻不好吗？,6573.202,1753537570,3860f01a
1899644931426164480,中国也不能避免,6661.822,1753546522,d5bc7b78
1899645448348985344,当然我们现在正在努力让中国不一样而且也有了成效,6689.47,1753546584,d5bc7b78
1900034195536137984,Dylan是一个真诚的好人 支持,6720.402,1753592926,2c9403ee
1900231076526713344,美国很多人相当爱国的，其实恰恰是我们。。。。。。,6649.902,1753616396,395ce43e
1900245252292511232,这里的荒谬应该是指外国宣传的中国和实际的中国不一样的意思吧,6582.739,1753618086,fc0b135a
1901033036209402880,“神奇”,6522.2,1753711997,1b6940fa
1901478076861790976,中国禁枪是最明智的选择，而且摄像头多也是为了保护好人，监视坏人,6802.453,1753765050,80000882
1901700931155311616,变差,6642.612,1753791616,105f52db
1901734966363358208,他是个理想主义者，社会需要理想主义者的存在,6719.916,1753795674,71f360aa
1901862417940697600,感谢国家，每有一个新技术出现都是先向全民普及的,6630.792,1753810867,4a4e6679
1902365496134297344,我们不要身在福中不知福了,6793.653,1753870839,92f8c01f
1903699234281745920,很多国家都这样,6658.438,1754029833,b7a9b2eb
1903827465546625536,每次波波玩这种政治梗我都好想笑,6715.322,1754045119,29c7c55b
1904592752574914304,中国不一样,6686.195,1754136348,357dee8e
1904596883444749312,。。。。。。。。。,6636.436,1754136841,3e5e834
1904597355127841024,哪里不都这样,6661.546,1754136897,3e5e834
1904599138847969024,没有说过的多幸福 要求就是没有战争就很幸福了,6809.822,1754137110,3e5e834
1904743391271399168,中国可使用短短30年走完了西方国家的很多路,6615.568,1754154306,1606bf27
1904746212788497664,确实多元化，不同地区不同民族,6820.44,1754154642,1606bf27
1905466819909765888,要哭了 老王,6796.692,1754240545,a48719d1
1905516364379104512,中国和美国还是很不一样的，美国可以说整个政府和社会就是一个企业,6688.725,1754246452,c0863c00
1905590443236882944,华波波接的好哈哈哈哈,6728.909,1754255282,55f41f2d
1905708190906021888,是的，明明有新兴的社群文化，小说影视在海外也有不少受众，但只拿传统文化宣传,6558.317,1754269319,92638f93
1905733248072848128,伦好可爱啊,6721.098,1754272306,f5b9996
1905886098668937984,伦儿很有国家情怀,6698.429,1754290527,7becfa2e
1905887294179910912,阿雷文艺人,6824.672,1754290670,7becfa2e
1906070010057587456,基建狂魔可不是贬义(而是汗颜),6743.759,1754312451,c8137052
1906621653182534144,国内也一样，只是国家投入民生的更多,6672.825,1754378212,da947e05
1909689848987148544,他想表达国家或者政府没有投入更多到基础设施建设或者卫生安全上面,6674.879,1754743970,d7fb52ee
1911377903472814592,真好,6720.915,1754945201,984e8387
1911378403299548928,伦的发言太棒了,6767.166,1754945261,984e8387
1913571332298825216,不予置评  但我家过得很好,6816.41,1755206679,a406af70
1915971349722081024,但是在武汉记得出门的时候手不要插在兜里,6731.172,1755492783,aa8cb2c6
1918412477759778560,对老王来说这里很有烟火气,6809.441,1755783788,dcc7e0e1
1921056285831728384,不接受就会被淘汰,6630.638,1756098955,954b058c
1921056623968288000,中国也差不多,6657.996,1756098995,954b058c
1929404679826503424,我们也是啊 程度没那么离谱就是了,6668.628,1757094161,bd775eca
1945264582373671936,每次听这个方面都想哭,6771.747,1758984808,e84d2ff
1967694729680788480,卢可的共情能力很强,6785.668,1761658690,eb09f285
1967694847532478464,老王好真诚,6789.668,1761658704,eb09f285
1975476124088230656,好棒老王,6795.251,1762586305,75855fc6
1977911950214243328,其实中国也是,6675.488,1762876678,aedabb3d
1986558931577298944,确实，只有一部分人在享受当代,6804.09,1763907478,2a9d92f9
1988754506963415040,Dylan反应好快,6661.622,1764169211,c847ffba
2011320470867702016,世界因你而美好 ,6720.212,1766859284,1bdc989c
2016952177930965504,广州都一直在开新的地铁线路！,6708.314,1767530636,8947ce87
2022025891484004352,什么叫老是说这个？经历过的最深感悟说不是很正常吗？,6786.513,1768135469,6d4f31dd
2027056310750973952,这是一个制度问题 美国的资本主义体制下永远不可能达到钟逸伦想要的这些平等和普惠,6727.425,1768735142,aef87158
2027056891695612928,老王一说话卢可就哭,6782.978,1768735211,aef87158
2029865597738983936,外宣确实做得不好,6562.312,1769070035,361d239
2056133097778429440,荒诞是离谱且可笑，也不好,6531.028,1772201365,fa9ad547
2066239338295500544,中国没美国那么夸张,6675.024,1773406123,a16be46f
2085131327899985664,荒诞,6523.597,1775658224,91e1ddec
,,0.0,1775683732.8000336,
lb.c,,0.0,1775683732.8000336,
,,0.0,1775683732.8000336,
1895737518549602560,中俄那说不清道不明的羁绊呐,6875.785,1752989565,9e8cd452
1895737942753120512,虽然但是这些基建应该都不是白给，还是要考虑利益的。,7087.97,1753004822,545954c8
1895737954606223616,萨沙已经不是老外啦，他是老内,6917.492,1753001311,e4ff31ac
1895737962810282240,给陈老师投币,7148.543,1753000815,e868d6e6
1895738337562956032,萨沙的面相都很中国了,6921.078,1753014984,73e9b877
1895738415065305344,非正不就是这样吗hhh正经起来很正经,6951.491,1753017172,638576ba
1895738442420556032,这已经是精中了自豪了,6856.334,1753017521,47376c28
1895738515367891200,现在的节目越做越大，主题也越来越大了,7111.306,1753019293,193ffd61
1895738546372186368,萨沙越来越老干部了,6860.051,1753019535,1c68567a
1895738560079171840,完全变成中国人了呀萨沙,6854.884,1753019690,b3e76332
1895738708666585344,但中国的利益都是双赢的，大多是经济上的，不能说有利益就是不好的,7102.081,1753028422,a7349199
1895738749695267072,基础在民间，未来在青年,6909.082,1753029610,b77da815
1895738798022037760,东北人来了,6857.033,1753029957,d0eeaf61
1895738808063201536,唐朝那会真挺多的，服饰饮食娱乐活动都交流的特别深，互相影响很大的,7030.588,1753023996,11c5072
1895738836324421888,偶尔有一些宏大深入的话题也挺好的呀,7125.054,1753034905,9ef562ec
1895738864585642240,灵笼,7118.112,1753027731,7bf03337
1895738874618417408,肯定是有利益的，但是我们追求共赢，而不是强取豪夺,7091.369,1753030554,516113ea
1895738916561457408,宏大叙事会让人感动，但也会让人迷失的，感觉没必要一直升华,6997.048,1753038389,187c324
1895738967622914304,这一年真的是舆论反转,6903.166,1753030294,516113ea
1895738974912614656,近代中国的版图就是清朝定下来的，相当部分依赖于乾隆的十全武功，感兴趣可以搜一搜乾隆朝名将,6979.544,1753040743,7a1afabc
1895739005916909824,没有宏大的背景下个人还会存在吗？,7125.643,1753036925,c7bc6e63
1895739146333819136,咋样了。。。挺好的啊人家,6949.86,1753073352,892b4073
1895854446332840192,相信老王说的是话是发自内心的，毕竟亲身经历过战火,7170.238,1753094661,3a31dcb7
1895859660172023808,据说他的老爸是中俄混血？,6880.681,1753095283,1df8460d
1895878303215493376,迷失是因为你自己内核不稳，如果你连听到一点赞美的话都觉得心虚、不适，那是因为你配得感太低了,7007.214,1753097505,68ab50d8
1895886991573313536,萨沙已经入党了，自豪感都有了哈哈哈哈哈哈哈哈哈哈,6853.737,1753098541,ac1ed4e7
1895914456186862592,确实，有过大唐的鼎盛，也有侵华的耻辱，太复杂了这几千年和近两百年,7072.87,1753101815,4f7b0147
1895939496005433088,我发现很多人很抗拒对个人的赞美哈，宏大就是由个人构成的,7124.197,1753104800,d0a706e0
1895962862170590464,是的,7064.0,1753107585,3c890e32
1896057229271011584,从先秦开始的华夏认同,6997.054,1753118835,35861f7e
1896057475954741760,让我想到了威斯特伐利亚和约,7027.006,1753118864,35861f7e
1896138358434982144,一点都不过，中国就是很好。,7190.899,1753128506,7388c77a
1896282581490515456,导播直接不敢切其他人的画面了 大左也管管 心里知道就行了,7189.779,1753145699,c585eb07
1896371636178174208,为什么过了 前面的是配得感太低了吗 陈述事实而已 为什么会觉得过呢,7195.88,1753156315,c0abd974
1896444073528258560,才注意到这个地图中国好大,6967.583,1753164950,a7969c95
1896444504300081408,超棒啊这期话题 很有意义和深度,7003.209,1753165002,a7969c95
1896487634579302400,这个地图也让我印象很深刻,6965.677,1753170143,9ec95bfa
1896489246634756864,说得好,7151.185,1753170335,9ec95bfa
1896515622197177856,他是真的入党了吧，发言太官方，哈哈哈,6917.303,1753173479,8a80d98c
1896527134873361920,萨沙太中国了,6883.176,1753174852,6a042d86
1896527607890110720,真的很震惊,6985.76,1753174908,6a042d86
1896528590154207232,不愧是在世界中心呼唤爱,7171.882,1753175025,6a042d86
1896549573058051072,求同存异,7081.105,1753177527,b99d4a1f
1896678634124171776,说的太好了,7089.925,1753192912,ef5b873
1896689226226035968,为什么要说过了，如果作为国人的我们都不够有自信，都不够乐观自豪的话，这个世界上还有谁愿意更相信我们可以做到这些呢？,7191.378,1753194175,4de79949
1896700212652189440,中国最牛逼的一点，就是同化,6948.592,1753195484,c3929b2
1896846755031494400,天下大同，世界人民大团结，万岁！,6951.603,1753212954,9450640
1897038302151448064,让我想到了高佑思…哈哈,6842.739,1753235788,88971e98
1897132711857199616,因为我们原本就是一个多民族的国家，每个民族存在各自的文化差异，每种文化相互包容,6938.97,1753247042,42da3e49
1897313694656990464,北京欢迎你，为你开天辟地（开放怀抱）你会爱上这里,6908.793,1753268617,729e3ab7
1897402914356966144,love ,7173.813,1753279253,ca23a4
1897552673700808704,执着 信任,6868.324,1753297106,6f99a845
1897601588529782528,现在人真是戾气重了，以前从来不会有人莫名其妙的打问,6997.266,1753302937,a12485dc
1897859954988690432,家国情怀大部分人有，有一部分人确实因为从小的狭隘，自然也看不惯这些,7191.085,1753333736,e0632c99
1897866933580394240,非正这一季带着任务了,7011.467,1753334568,8562c6e6
1897897775447236608,那外国人和自己国家对比就是觉得中国更好啊，看见中国更好的一面讲出来啊，代表们都说的那么真挚真诚,7021.288,1753338245,2aa70d44
1898088222609748480,可以倒着说中文,6878.916,1753360948,8f9aba91
1898092720329620224,带啥任务真好笑,7021.416,1753361484,d849b843
1898132201112459520,宏大背景就是我们每一个中国人的骨血，为啥不能谈,7130.926,1753366191,ba542c3c
1898580836409316096,守正创新 不忘初心,6939.247,1753419672,6126b659
1898666323538942976,用今人的生命还古人的债，这个真是精辟,7155.601,1753429863,915050e3
1898788297942440448,他不是混血儿，是老爸在他很小的时候就“巨星标配”了，但是很小就开始接触中国文化,6894.038,1753444403,cc3adea9
1898791671513404160,宏大和个人不是对立的，而是互相成就，这就是精致利己主义为什么要摒弃,7136.041,1753444806,cc3adea9
1898822681655529728,这太好了！,6843.84,1753448502,636af638
1898910387244854272,莎莎接近中国人了，完全中国化了,6921.603,1753458958,e3470321
1898911684559693568,陈老师真的满腹经纶啊,7076.15,1753459112,e3470321
1898957673719325184,有些弹幕是觉得说坏的才是真吗？坏的好的都是,6994.673,1753464595,6b40ebca
1899330667008161024,已经是东北人的模样了,6896.769,1753509059,8ed82815
1899443844664460800,中俄CP,6903.562,1753522551,e4d84d7d
1899524549423779584,太深了！,7053.949,1753532172,3820b86
1899609802536100352,萨沙太像中国人了,6868.96,1753542334,64c6b79c
1899623826770786560,一点都不过好吗，现在的时代背景下世界是否能和平确实要看中国,7192.147,1753544006,bc31ead9
1899647684927755520,前面的想说啥啊，陈超咋样了？不要引战可以吗,6952.723,1753546850,d5bc7b78
1900087323199353344,哪里过了？自己去了解一下我们在国际事务上做出的贡献，不要这么自卑,7189.371,1753599259,422009b7
1900214028308531712,古代也有疆域图吧 也是有地理分界线的,7038.06,1753614364,b927edf8
1900303293918964224,老王又动感情了,7179.652,1753625005,68efaa5c
1900974547218661632,中国真的格局太大了,7161.167,1753705025,62699b20
1901012750474195456,萨沙就是中国小伙啦 ,6871.084,1753709579,9265523d
1901040459380750080,天下大同！！！世界和平！！！,7183.616,1753712882,1b6940fa
1901066877699254528,近代史 是一个伤痛,7072.148,1753716031,539dfda8
1901118523019670016,互利互惠嘛，有何不可,7108.686,1753722188,18259142
1901639283426035968,我的弹幕呢,7003.772,1753784267,4d2041c5
1902755038712239872,萨沙说的已经得到了国人大会演讲的精华,7009.141,1753917276,3f3063c2
1903662376340233216,陈老师讲得太好了 ,7199.012,1754025439,2e93938c
1903701780291417856,夸得我都绷不住了,6921.694,1754030136,b7a9b2eb
1903776104272515072,中国自古并没有国境线的概念都是以势力范围划定大概的区域，真正接触到把国境化为一条线的应该是清朝的尼布楚条约,7040.655,1754038996,b9df69aa
1903804183300627712,中国是文明型国家,7009.325,1754042344,1ddd0afb
1904413756096572672,会长眼眶红了,7182.497,1754115010,21f73640
1904600175142915328,萨沙这段话 好,6931.724,1754137233,3e5e834
1904602111367773184,哈哈哈,7116.424,1754137464,3e5e834
1905340308922234368,speed不是来了吗？,6912.659,1754225464,2eb47862
1905890199146212096,天下大同！,7147.37,1754291016,7becfa2e
1906120801997426176,倒着说中文笑鼠我了,6883.518,1754318506,712b33d4
1906866720434670336,他爸爸混血,6884.042,1754407427,4ad5b7c7
1907440916215114752,必须得是陈铭,7057.295,1754475876,9adcf5e9
1907441055340190464,没有陈铭可咋整！！！,7062.323,1754475893,9adcf5e9
1907927474462215424,萨沙爸爸好像是中国人,6888.991,1754533878,edceba01
1908264231959804928,不然呢 你想听到什么？,6956.994,1754574023,d8a8f583
1909738694962297344,因为我们的认同不是建立在血缘，种族之上的，是文明,6947.309,1754749793,e06a0bba
1910516879710106368,天下大同,7156.667,1754842559,4cd26c1a
1911108155258463488,愿祖国永远繁荣昌盛，愿人民安居乐业，希望真的能有老吾老以及人之老，幼吾幼以及人之幼的天下大同,7199.845,1754913045,34be5d10
1911383357871574272,说得太好了,7156.072,1754945852,984e8387
1912644363784642048,这个bgm有点宏伟啊哈哈哈哈,6896.867,1755096175,aca1d8af
1912646653195192576,说得太好了！！！,7161.315,1755096448,aca1d8af
1913030470246605824,只有经历过才知道的,7176.765,1755142203,cdc7bc83
1913350480247959552,李白是吉尔吉斯斯坦那边的人,7021.62,1755180351,3302ae89
1914864527842332928,国破家亡，固定搭配，望周知。也不妨看看今天的加沙人民，里面也不乏战争前家境优渥的。,7145.64,1755360839,dfe2ddbf
1916898949210434048,萨沙太老干部。。。,6868.229,1755603361,41d23346
1916900671467390976,读人类简史就知道 国家是人类构造的概念罢了,7052.699,1755603567,41d23346
1921250021379576576,说硬夸的历史及格了吗,7002.11,1756122050,bc587f4c
1923930412557231360,但是听说意大利街上小偷特别多,6841.225,1756441577,99536495
1924986993839221504,陈铭老师口才好，说话才快，没有语言屏障,7130.674,1756567531,e498a6f4
1926357441114275328,投币了,7154.131,1756730901,9eb4a117
1939601543464800000,说的好好,6936.456,1758309722,19031c9a
1971050491086146048,感觉萨沙真的是完全融入中国了,6891.029,1762058728,9574db04
1977023081524779264,都是地球上的人类，没有哪个国家比其他高级,7161.416,1762770716,da85f3fd
1977913530325766400,萨沙已经入党了吗哈哈哈哈哈,6863.869,1762876866,aedabb3d
1985165235720048640,太纯了还是,6863.268,1763741337,55203a50
1992880039746138112,东北代表这一块,6856.653,1764661013,b087944c
2011869610512769024,看哭了,7140.057,1766924746,cc26b091
2011870073975098624,说的太好了,7150.2,1766924802,cc26b091
2026026976464848128,这一期太棒了,7064.553,1768612436,1ca31636
2027856872027209728,非常漂亮的总结,7094.328,1768830577,8f58d927
2035149943106573568,他真的说得好标准,6879.309,1769699978,ca126b
2036292303651953664,我突然意识到中国的中立也是一种和平,7197.221,1769836158,f9735bbb
2082391271548932096,包容  但是有一条你只可意会不可言传的高压红线    触碰即死亡,6946.344,1775331584,6d6f1ac6
2082391448967843072,包容  但是有一条你只可意会不可言传的高压红线  触碰即死无葬身之地,6950.611,1775331605,6d6f1ac6
,,0.0,1775683732.8000336,
lb.c,,0.0,1775683732.8000336,
,,0.0,1775683732.8000336,
1895737650661789952,下周见,7295.403,1752992285,a1639211
1895738054900420864,陈老师说的真好,7214.561,1753006171,255b01e
1895738988594434304,那挺羡慕那个厅结婚的新人了~,7250.967,1753048041,23ddeab7
1895990467888831488,哈哈哈哈哈哈,7243.15,1753110876,99272c49
1896502871931897088,精彩的节目,7207.788,1753171959,bda137c9
1896528826075226624,好看,7223.428,1753175053,6a042d86
1897388807511572224,很客观啊，这就是事实,7202.296,1753277571,d403eb94
1897967201404250624,好看好看,7214.407,1753346521,bdfa401c
1898090557780690176,哈哈哈哈哈哈哈,7364.777,1753361226,9cdf46e6
1898096271319938304,伦儿记词能力这么强啊,7425.896,1753361907,d849b843
1898122321471151616,战歌起泪目了,7222.706,1753365013,66a85677
1903097630284788992,真棒！,7232.354,1753958116,1e5860b0
1910196463095640064,可真正的世界还是弱肉强食,7214.027,1754804363,738a73b
1962554409448054016,旷野的规则是永不回头,7256.422,1761045916,9caedba
1977916378484578816,精彩！,7203.354,1762877206,aedabb3d
,,0.0,1775683732.8000336,
lb.c,,0.0,1775683732.8000336,
,,0.0,1775683732.8000336,
1895737229310398720,一日代表好漂亮！像玛丽莲梦露,36.018,1752985309,59dfb4d2
1895737236021285120,来了！,197.636,1752984891,781e03c0
1895737280388632832,来哔哩哔哩只为了非正,23.323,1752985268,882cd619
1895737340836942080,竟然没有弹幕,102.734,1752986130,7c88818c
1895737356095820032,太美了啊啊啊啊啊啊啊啊啊啊啊,129.037,1752986855,63882395
1895737381790126336,哈哈哈哈我也喜欢测试,330.419,1752986736,4f7b0147
1895737392368161024,再看一遍加长版,74.113,1752987164,6261fc3d
1895737440627822848,就等加长版了,15.67,1752988220,a8fd71fe
1895737488023458048,沉默是最好的回答,188.466,1752989859,5cde034e
1895737757213888768,濑濑晒伤妆？,296.894,1752994571,13ee2db9
1895737813862158592,天呐，杨迪好好，还帮会长解释一下,262.251,1752995588,ef576978
1895737852827242753,濑濑可爱,315.191,1752995616,1091612d
1895737914483511552,我怎么第一反应就知道他要说学历,139.779,1752996339,2775914b
1895737947308134656,果然还是斯拉夫人长在我们的审美上！,73.86,1753005031,2394c70f
1895738002018636032,哈哈哈哈哈哈哈哈哈,195.646,1753006609,bc56a2e1
1895738089553760512,加长版！终于 走起～,118.271,1753002959,ea88348b
1895738128770502912,哈哈哈 让我们说中文,233.897,1753003085,ea88348b
1895738201701060864,哈哈哈哈哈哈,178.352,1753005984,61f1cb93
1895738215382880512,来了,60.699,1753006389,bc56a2e1
1895738423277752576,怪不得,264.523,1753017327,ef8f951e
1895738450633003264,弹幕呢,94.954,1753017693,6474f847
1895738460665778432,来了,9.0,1753017972,d2eb3f6c
1895738543637500160,超超看起来很聪明的美女,286.398,1753016280,a9208369
1895738587400868096,我说会长怎么有种被夺舍的感觉呢,275.37,1753020529,fc5c5aac
1895738736936194304,罗世杰也是博士吧,170.656,1753024489,8d665d98
1895738941182021888,再听一遍哈哈哈哈哈,211.547,1753064144,91850ea9
1895739043304935680,大左你堕落了 居然问出这种问题,183.625,1753066311,c585eb07
1895739119892926720,直接看加长了,50.901,1753065450,532bb614
1895739159101280512,直奔完整版！,2.008,1753066177,df6e1fa7
1895739170954383616,高情商：还在研究中...低情商：懂得都懂,196.746,1753071998,2b09e628
1895739227485212928,想起大不溜，小不溜，哈哈哈,313.856,1753071380,42da3e49
1895739240252674304,本来就是这个议程,275.175,1753075611,9cc5a9be
1895739294963175680,让我们说中文,230.803,1753077391,7d0b1ed6
1895741767471711744,好漂亮我的吗,123.454,1753081229,35861f7e
1895878472815905536,我就说会长怎么突然那样哈哈哈哈哈哈,285.477,1753097525,e1f0140c
1895902343950621952,小姐姐有点用哈利波特的露娜,260.69,1753100371,7bf5ae5
1895913944380697088,全世界都在说中国话。,240.019,1753101754,83719079
1895923691389856000,这封面有点像火仔和托子啊,7.553,1753102916,f48e83fe
1895925654231755520,俄罗斯娜娜什么时候来,123.096,1753103150,9a5f75b6
1896126772140527360,soul说是,314.381,1753127125,757770bd
1896432713985696000,厉害了,157.364,1753163596,d844b0d7
1896548500188124672,头发好美,170.792,1753177399,7be9809b
1896549652783060480,杨迪火是有道理的 尊重人,272.254,1753177536,7be9809b
1896671118996624640,哈哈哈哈确实幸好解释了,273.442,1753192016,9cb4590f
1896702989247416832,超超很适合这个衣服的颜色哦,102.804,1753195815,3c4a8341
1896834873642632704,有俄罗斯美女啊…,35.454,1753211537,88971e98
1896836266168177664,让我们说中文,232.165,1753211703,88971e98
1897134881856050432,漂亮小姐姐～,64.387,1753247301,c76fd2
1897334937960030976,濑濑这个妆真好看,301.592,1753271149,bbeae81b
1897409888377011200,冒犯,196.202,1753280084,4dd44e23
1897435333340270848,约基奇,348.778,1753283118,182ab5fd
1897520115852190208,完蛋，没有提示我怎么看？,116.489,1753293224,28dcc9f6
1897545623813818880,这就冒犯了？弹幕真是敏感肌,201.287,1753296265,d14d0ec
1898012492027085824,赖赖的妆好可爱,336.596,1753351920,4fcac017
1898069933423117568,杨迪预判了弹幕哈哈哈哈哈,271.58,1753358768,ba542c3c
1898129671619960832,这个问题就跟 这是博士，你谈恋爱没？结婚没？一个意思,190.406,1753365889,c4640bae
1898480150421808896,来了,16.649,1753407669,6a79158e
1898575317955005440,超超好好看！,109.88,1753419014,69896d2c
1898577690152768512,花仙子从动画里跑出来了,128.022,1753419297,ae954710
1898649691060092160,西伯利亚可老大了,219.328,1753427880,2391701c
1898711585640666112,陈超这次妆发好可爱啊,102.634,1753435259,6bc89832
1898754234095442176,羌族小煞,92.976,1753440343,2c9219d7
1898798214510129920,你是菠萝的颜色,82.099,1753445586,3665527f
1898849081846541312,萨沙爸爸本身就是中国人，只是他自己从来不提,250.247,1753451650,b47738e
1898894497392836608,哈哈哈哈哈哈,177.674,1753457063,b7a9b2eb
1898943849687043840,一直是这样就得改呀，与时俱进哦,224.299,1753462947,b698ce63
1899364840469068288,这个发量绝了,134.718,1753513133,2a7b6daf
1899448788037526016,超超每期都好美呀,99.793,1753523140,d00654d8
1899516166050156032,不是第一次看 而是第一次意识到 以前太麻木了,216.063,1753531172,118b96e
1899527485797073152,笑死 中文是母语 俄语是二外,237.713,1753532522,568a8045
1899528308618886912,敏感是好事,303.526,1753532620,568a8045
1900192036414916352,一之濑这妆怎么回事,293.915,1753611742,29c7c55b
1900289648556262400,直接看加长版,0.154,1753623378,e67086c2
1900919121772592640,好漂亮,127.615,1753698417,c1f2fe77
1901083258352320512,好厉害的姐姐,153.737,1753717984,80000882
1901138676046841344,好想念松鼠啊,100.073,1753724590,be45fcd2
1901541018550427904,学霸,158.824,1753772553,92f8c01f
1901541640448327936,哈哈哈哈哈哈哈哈哈,233.0,1753772627,92f8c01f
1901557020667466240,口音重成这样吗hhhhhh,247.784,1753774461,28c7b5ab
1902390692148829184,杨迪，综艺没了你可怎么办啊,266.775,1753873842,d89f1503
1902390841935725312,这个家不能没有杨迪,269.141,1753873860,d89f1503
1903658867167214336,萨沙俄语有东北口音,222.721,1754025021,19790be1
1903884035399163392,弹幕确实很敏感（摊手）但本来每个人的敏感度确实都不太一样,210.495,1754051863,c29ddf0d
1904491649607379968,哈哈哈哈说不出来,179.099,1754124296,3e5e834
1904491705198666240,太真实了,185.705,1754124303,3e5e834
1904530408591864832,别说的是人均美女，俄罗斯人一到中年，你看什么样子,267.292,1754128916,45953387
1905824218038253568,一之濑脸咋了？？？,293.709,1754283151,7becfa2e
1906658172484245248,斯拉夫出美女,75.635,1754382566,1327ee61
1906659219936198400,俄罗斯男女比例失衡 现在男人可能更加少了,182.722,1754382691,1327ee61
1909373597710577920,杨迪真懂弹幕啊,277.498,1754706270,8dd2ba4e
1910460639663627264,陈老师在模仿一之濑,45.076,1754835855,922f6f0b
1913105683772238336,希尔顿借了这么久啊,64.327,1755151169,7c712eec
1918431810531300864,这集时长好评,75.498,1755786093,15362246
1918442564634446336,最好看的,148.186,1755787375,15362246
1933845929732174848,什么文化？能不能翻译成中文,304.009,1757623599,d7c947c1
1937313621231702528,丽莎非常漂亮又可爱，前几天在三亚看到本人，很惊艳,124.308,1758036980,ba02a15
1937929668699405312,卡尔波利,48.444,1758110419,32e2455b
1937963074376466688,好漂亮,134.143,1758114401,945a6cd2
1944416070370790912,？？？？？？,169.166,1758883658,ee18cbf2
1946034063152715520,漂亮,127.189,1759076538,eb269b47
1948170065589943552,这就是敏锐，情商和敏锐并不相关,311.502,1759331169,ffdfce2e
1953129821739839744,为啥一之濑是asuka明日香,324.492,1759922418,83b4cbbf
1954420562860454400,好喜欢她,134.846,1760076286,915cc525
1956594679777072128,别太敏感肌,205.333,1760335461,d35c8a9
1960344697746654976,萨沙爸爸是混血,212.087,1760782498,f8089327
1961200116493380096,？？？,189.014,1760884472,a187841b
1963248930037173504,故意的，节目就这样，多少年了还不懂这个套路吗,196.252,1761128710,65b78c7
1968970682843311616,哇俄罗斯美女姐姐,34.602,1761810796,269700bc
1977838097261843200,来了来了,8.955,1762867874,aedabb3d
1977839385668188416,好有才华！好漂亮！,162.561,1762868028,aedabb3d
1992655007401061120,让我们说中文,231.845,1764634187,b087944c
2002223379507534848,超今天的发型好看,289.421,1765774826,8d79c5f3
2004575798560393984,怀念以前长头发的四姐,174.74,1766055256,ffa3828d
2021928450646454528,确实不太好。。。这是啥敏感，之前男代表啥的也没问（从非正第三季开始追的）这本来就不尊重人，敏感也不是什么坏事,202.128,1768123854,6d4f31dd
,,0.0,1775683732.8000336,
lb.c,,0.0,1775683732.8000336,
,,0.0,1775683732.8000336,
1895737342925705472,严谨的德国人,476.148,1752986028,fe4eee91
1895737483040624896,大气,487.444,1752989145,193ffd61
1895737545401536768,怼脸拍，真的好看doge,689.139,1752990986,591a47e1
1895737746736517376,两位的瞳色都好好看,397.339,1752993592,2f3ca03c
1895737759118102784,梅丽莎小姐姐头发太美了，像洋娃娃,677.759,1752995462,13ee2db9
1895737805708431616,呆楞是真的  成熟了！！成熟的帅！！,611.617,1752994452,fbf64f60
1895737827443314944,那真的我们很难这样,466.779,1752995951,1091612d
1895737952785895680,花期短但是开得艳,585.749,1752998353,4eba2802
1895737970108371200,可以一个人买单，然后有空了拿小票算,428.926,1753005751,90af0186
1895737994720547072,split the bill是吗,414.975,1753003281,ea88348b
1895738146084589824,梅丽莎真的太好看了,642.72,1753009208,d93d12d4
1895738169790796032,哈哈哈哈,434.814,1753004847,2f987c3c
1895738187113271552,这个妹子好养眼啊！！,500.242,1753010552,85e3c44a
1895738250027831552,真的，我追过不少外国演员，白人很少有保养好的,603.652,1753012927,302e2cd4
1895738309293347072,男生应该说平权吧,410.11,1753014904,26cd4125
1895738312942391552,这蓝色眼睛真漂亮,701.403,1753012513,68efaa5c
1895738379505996032,小姐姐！10分好看！,681.33,1753013023,302e2cd4
1895738488926998784,听着还挺浪漫的,529.594,1753015004,26cd4125
1895738489832968448,哈哈哈哈哈,621.823,1753019961,ef8f951e
1895738508984160512,五官太美了,684.493,1753017972,8d117f15
1895738562780303616,四姐稳定发挥,422.981,1753022338,fbd7fd41
1895738589221196032,太好看了她,677.254,1753017957,8d117f15
1895738746054611200,陈铭看了一眼梅丽莎哈哈哈哈哈,590.106,1753024833,8d665d98
1895738822642602240,白人皮肤薄，再加上骨相起伏明显，没有胶原蛋白很快就垮了，黄种人只要保养得当一般四十多岁还是没问题的,615.648,1753034058,7a1afabc
1895738826291646720,严谨的德国人哈哈哈哈,462.399,1753024355,bde1c345
1895738886471520512,而且他们生很多孩子 生的女儿也多 我俄罗斯同学她有三个姐妹,706.277,1753041605,7021661
1895739008659984640,这种情况的话一般就是那个吃的多的全付了，关系好的话分别人一口吃的很正常,469.305,1753033834,7a1afabc
1895739055158038784,好问题,629.722,1753070638,bdcbba7
1895739211068707072,萨沙有几分像吉洪诺夫老爷子年轻的时候,649.648,1753071778,9e41d483
1895746442224785664,让我想到了鹊桥仙,527.913,1753081786,35861f7e
1895778905819131904,超超有点星期三的味道好喜欢,385.96,1753085656,73e93c18
1895840500003377408,哈哈哈哈哈哈哈哈哈哈哈,519.208,1753092999,ac1ed4e7
1895840530647078656,紫禁城风水养人,590.76,1753093002,c0d2264f
1895945062736117760,aa就是每个人付自己的，传到中国才变成均分,412.606,1753105463,84633020
1896015890890314496,新代表好可爱,639.956,1753113907,e871e898
1896039919974262784,哈哈哈哈,427.498,1753116771,415655f0
1896457049043406080,活泼可爱美丽，常驻！刷起来,688.508,1753166497,8cb4abb9
1896471204483626240,萨沙确实帅啊 是我喜欢的长相,657.64,1753168184,4ca66879
1896710320119313920,魂断蓝桥,514.263,1753196689,491addc9
1896934522319112192,哈哈哈，是我了,375.813,1753223416,a075ec79
1897173951436752640,一之濑这个妆造没之前的好显得臃肿突出,369.849,1753251958,6f99a845
1897176064527120128,这才是真正的AA AONE 各付各的,417.466,1753252210,6f99a845
1897249138144757248,哎呀超超好美呀这套,372.158,1753260921,d67a388
1897255003031584000,太可爱了,643.527,1753261621,290bcf14
1897330516752267008,四姐没变化，从以前就成熟,627.007,1753270622,7ea9d3d5
1897377323800974592,主要是德国比较严谨,427.117,1753276202,c76fd2
1897409726736857856,原来都是搜来的,571.539,1753280065,be125094
1897789980114699776,哈哈哈 不记得,540.606,1753325395,4227b274
1898072148510532864,高配版星悦,691.839,1753359032,2738fae5
1898073640089037312,我的男生同学也是，大学4年过去之后都不同程度发福了哈哈哈,603.928,1753359210,ba542c3c
1898583508701119488,最漂亮的不是五官吗，尤其眉眼,683.896,1753419991,ae954710
1898652758169973248,deepseek打钱,575.04,1753428246,2391701c
1898755732108109824,因为他们爱晒太阳 高油高甜 亚洲普遍相反,616.917,1753440521,636af638
1899233687024352256,法币还帅好可爱,403.744,1753497498,ad67615a
1899377441013676544,哈？,702.185,1753514635,2a7b6daf
1899524857746892032,我喜欢这种方式，不过最好点一些价位差不多或者好算的,476.688,1753532208,fbcf58ae
1899526800288205568,参考小李子,615.613,1753532440,fbcf58ae
1899527783693058816,好像俄罗斯婚礼和登记是同一天,703.421,1753532557,fbcf58ae
1899611392370790912,4,635.097,1753542524,82c776d
1899956477675331840,是晒伤妆啦,360.467,1753583661,9e6467db
1899975255272139008,这个好,400.959,1753585900,2c9403ee
1899976001933586944,那是因为西方吃饭（夹菜）的模式不一样 每个人分的很清楚,422.475,1753585989,2c9403ee
1899977800535069184,风大,542.187,1753586203,2c9403ee
1899980015152740352,测的好，就是真的好，测的不好，要相信科学,375.102,1753586467,3ad68769
1900241357915115264,怪浪漫,530.228,1753617622,5eebbb86
1900924116316678144,他也是混血吧,597.346,1753699013,c1f2fe77
1900991742497444096,老王好认真,506.845,1753707075,f6eb3d24
1900996645152891136,这个好！我喜欢这样,418.409,1753707659,59b380d7
1901491110711870976,引火烧身,657.108,1753766604,3465c430
1901544698834279680,哈哈哈哈哈哈哈,597.382,1753772992,92f8c01f
1901692904028990720,都一起吃饭的关系了感觉不用太计较吧，这是date诶,487.282,1753790660,71f360aa
1902424479079549184,是帅的啊，五官比例很好,657.34,1753877870,24d07282
1902473228065647616,我喜欢这样，感觉婚礼是给外人看的，不是给自己办的,717.867,1753883681,59b380d7
1903182158839680512,我和一位少年，漫步树林外,487.925,1753968193,a6894687
1903203390071653888,饮食问题,600.437,1753970723,5e85aa98
1903650610780700160,白人虽然不注重保养但没有容貌焦虑可以做自己就很好啊,633.202,1754024036,98decb5
1904495513727200768,这个小姐姐真的好漂亮啊 白白的,603.059,1754124757,3e5e834
1904532634147952640,堵桥来,511.379,1754129182,5bd65cde
1905080521651165952,喝酒喝的吧,597.515,1754194495,39d99fac
1905349996455302912,好喜欢去这样的，有人能懂吗,434.037,1754226619,6d90be6a
1906661267888835072,法币和一日代表眼睛一个色系,393.932,1754382935,1327ee61
1906662046133447168,这次总算到德国人震惊意大利人了,469.062,1754383027,1327ee61
1910284368769920256,因为花期短,698.558,1754814842,664d29dc
1912279399659960064,风在哪不都是一直在吹的么,542.249,1755052668,a8fe5ea9
1913210705083992832,萨沙确实帅，而且帅得很客观，这但没法否认,650.002,1755163688,d88d4d24
1913223966307712512,同事之间可以这样，朋友之间就没必要了,449.744,1755165269,96a9a0bf
1913292098959548672,萨沙确实是特别帅！,660.617,1755173391,7b914c00
1913346863013150208,这个真好,405.051,1755179920,fcf22efb
1916178758985921792,德国人哈哈哈哈,470.385,1755517508,41d23346
1921042340266008320,国外是各点各的套餐，适合aa，中国是一起吃同一盘菜，胃口不同，不适合粗暴的aa,412.351,1756097292,eea468e3
1921042881901795072,中国更难算，所以流行请客而不是aa,441.898,1756097357,eea468e3
1941566684721332736,这两个俄罗斯代表应该就是中国审美里最好看的那一类了,667.832,1758543985,e2e301a6
1944428565982548992,Dylan在写什么,388.052,1758885147,73aed9f3
1953188451575386624,确实帅,649.868,1759929407,194d9898
1960064942610599168,我29岁，孩子10岁。,709.896,1760749149,6a7c628d
1961074382902701824,啊啊啊这个音效好可爱,639.808,1760869483,c8711e27
1965454987081423872,我就这样，各算各的。跟朋友其实我也想这样，不然我感觉不太舒服,456.746,1761391692,d0b3063b
1969275411209221120,hhhhhh,585.68,1761847122,1e751c6e
1977842088578297088,严谨的德国人,480.692,1762868350,aedabb3d
1988648613126933248,妈呀，漂亮姐姐好可爱,643.948,1764156588,c847ffba
1996421042478379264,比aa更aa哈哈哈,415.493,1765083134,7177deef
2025581688474307072,亲兄弟明算账,428.978,1768559354,e5ebf93c
2066188182139764224,你也是 和前几季对比明显,589.72,1773400025,a16be46f
2068219040748953344,我喜欢这样,442.196,1773642122,f2fcfff8
,,0.0,1775683732.8000336,
lb.c,,0.0,1775683732.8000336,
,,0.0,1775683732.8000336,
1895737309572600064,哈哈比利时淡淡吐槽好搞笑啊,864.838,1752985668,47bbec08
1895737494264582400,2333333,743.492,1752989946,c76f245a
1895737546508833024,只能说世界之大无奇不有了233,828.615,1752990204,4944442d
1895737690583175424,？,788.371,1752992554,dbe23620
1895737828349284608,哈哈哈哈哈 就非要有证吗这,788.883,1752994668,fbf64f60
1895737890777305344,这么闭塞吗？,805.983,1752997401,ba65b856
1895738004753322240,比较严重的程度哈哈哈哈哈,1016.022,1753004556,94d50217
1895738144264261888,男：天王盖地虎 女：宝塔镇河妖,875.819,1753006816,47376c28
1895738162501095680,伊拉克也是什叶派国家,830.79,1753007084,43686648
1895738377685668096,对对对,886.688,1753016087,bc9fd41c
1895738640282652928,哈哈哈哈突然想起来戴卢可是不是对dating文化很懂,952.295,1753025347,fe4eee91
1895738693172826368,哈哈哈哈哈《这个华波波不一样》,729.19,1753024957,8d665d98
1895739065182425344,越压抑越开放,844.47,1753052006,65ec0af4
1895739149982863616,哈哈哈哈哈哈哈,907.322,1753065403,f7934ca3
1895769540794055680,前面俄罗斯遍地帅哥美女是真的,769.796,1753084540,4422ff62
1895824043836972544,弹幕突然收声了红红火火恍恍惚惚,734.198,1753091037,cc93cef3
1895828587920556800,这真的不是菠萝卖不出去的营销吗？,871.762,1753091579,1da0b061
1895947042497947392,第三次见面还是第三次嗯嗯？,1049.141,1753105699,c750ae38
1895949991009590528,宗教警察吗？,776.638,1753106051,9e41d483
1895971024152074240,中国人的经商天赋哈哈哈哈哈,917.26,1753108558,5a31e3ac
1896425506115668224,村？哈哈哈哈,953.332,1753162737,42570b8b
1896427127877063168,招展笑死我了,743.277,1753162930,9ec95bfa
1896494509345332736,开放啊,1029.735,1753170963,6a042d86
1896637560244685568,充话费式的结婚,813.804,1753188016,89807551
1896692754986387712,哈哈哈哈哈哈,983.273,1753194595,eac1fc5d
1896706299065560320,老王的眼神在冒星星,838.313,1753196210,d8e5f363
1896713955582526208,天逊尼派和什叶派，想到追风筝的人了,829.491,1753197123,491addc9
1896841388705377280,这跟我们这的警察查房有点像…哈哈,805.028,1753212314,88971e98
1896937991939779840,？？？？,786.906,1753223830,a075ec79
1897123754787030016,哈哈哈哈哈哈哈哈哈哈哈哈哈哈,1020.411,1753245974,45654410
1897176574395630080,来了，直接加长版,974.739,1753252271,d9749c34
1897380653918993152,哈哈哈哈～lady first～,753.071,1753276599,c76fd2
1897380942050808832,短期啦～长期啦～,765.871,1753276634,c76fd2
1897383124666121728,哈哈哈～A到Z～,976.347,1753276894,c76fd2
1897383569446710784,比较严重的程度～红红火火恍恍惚惚～,1015.942,1753276947,c76fd2
1897383907826628352,姐妹们～,1052.127,1753276987,c76fd2
1897551369599046400,可以鼓掌了,1016.475,1753296950,d14d0ec
1897727145607336704,搞对象笑死我了,941.281,1753317904,68db616f
1897898291362938112,YOYO,769.419,1753338306,3dc677eb
1898076736198329856,哈哈哈哈哈哈四姐,967.648,1753359579,ba542c3c
1898220515982619136,哈哈哈哈什么时候看到这个lady first才不会笑啊哈哈,749.918,1753376719,e8cc9494
1898515580160908800,真就体验卡,785.517,1753411893,a18ccce
1898531542490707712,太好笑了hhhhhh,995.742,1753413796,8020f1b7
1898584831534084096,感觉和苏格兰那种男女校联谊会挺像啊,958.956,1753420148,ae954710
1899333614798306816,哈哈哈哈哈哈哈哈,890.75,1753509410,48caf715
1899493708169050112,这是真的 ,810.963,1753528495,49612456
1899558765339352320,哈哈哈哈哈哈哈哈哈哈，有点太诚实了哈,1041.266,1753536250,37dfb466
1899559089802601216,雷妹妹～,1054.905,1753536289,37dfb466
1899632198056381952,华波波很可爱,860.822,1753545004,ddcb952e
1899690611263457024,这个是真的，我伊朗朋友们都证实了,809.166,1753551968,881ef171
1899980184409419520,我还记得诶,767.393,1753586487,2c9403ee
1899980554649404160,救命,801.518,1753586532,2c9403ee
1900176913918403840,老王。我喜欢的,836.184,1753609939,d7c68202
1900207702098475264,什叶派和逊尼派能坐到一起聊天也只有非正式会谈。,831.444,1753613610,253cfa97
1900855482026004736,挖坑了开始，准备回家跪搓衣板了卢可,963.641,1753690831,18259142
1900982139454146048,以前就说过啦,795.933,1753705930,1606bf27
1901030304811390976,真敢问啊大左,1041.459,1753711672,bba3e7b3
1901030501683674368,特殊类的hhhh,1063.512,1753711695,bba3e7b3
1902475393005930752,认真，不是严肃,1021.238,1753883939,59b380d7
1903582328761517312,讽刺的不是波波是国情,851.615,1754015897,1ddd0afb
1904394075097533952,哈尼克孜,728.514,1754112664,712639ae
1904496876288851456,哈哈哈,729.753,1754124919,3e5e834
1904516940261635328,哈哈 被说中p图了,897.961,1754127311,357dee8e
1905292868248203776,哈哈哈哈哈温州人也是站起来了,922.793,1754219809,94dc5d7b
1907465783345827584,大左池州人，差一个字,930.583,1754478840,e06a0bba
1909633575939544320,哈哈哈哈扬扬补刀,729.343,1754737261,d7fb52ee
1909637115907104000,哦～,1068.756,1754737683,d7fb52ee
1910217713125871872,不愧是北欧,991.337,1754806896,7419d9b6
1910285333971808000,开放式保守,800.19,1754814957,664d29dc
1916182003120834304,好神。。。,800.571,1755517895,41d23346
1918092995408932352,买菠萝是吧哈哈哈哈哈,841.599,1755745703,cae536f2
1919839034780907008,哈哈哈哈哈哈哈哈哈哈,1016.446,1755953847,b9f358ce
1920303224746295040,BGM怎么这么燃？,900.242,1756009183,99536495
1929266071559254528,比较严重哈哈哈哈哈哈哈哈,1020.019,1757077637,467053b4
1932278720392444672,严重哈哈哈哈哈哈哈哈,1008.878,1757436773,52ac390e
1933442446847667968,华波波像非正的逗号，哈哈哈,734.125,1757575500,df58247e
1939900940560154624,搞对象哈哈哈哈哈哈,944.041,1758345412,add21500
1941083294070661888,熟悉的音效又回来咯,760.233,1758486360,50b86bf5
1961012560908661760,肯定有,975.077,1760862114,bfa2ee3f
1969395654430585856,大家都知道的话还叫暗示嘛哈哈哈哈哈哈哈,861.564,1761861456,7ed3ebc
1969396057905913344,华波波每次发言都特别有梗 综艺里缺不了这样的角色,868.073,1761861504,7ed3ebc
1977846831144786688,哈哈哈哈哈哈哈哈哈哈,1044.084,1762868915,aedabb3d
2024171551549188864,！！！,787.638,1768391252,6151813e
2026922242222668544,米兰的男模大部分超级无敌穷,1070.323,1768719160,aef87158
2059722213967966208,啊？,1009.869,1772629221,75a3ab51
2059722648640373248,stop 哈哈哈,1044.827,1772629273,75a3ab51
2068224214867537408,感觉这样离婚率好高,1056.652,1773642739,f2fcfff8
,,0.0,1775683732.8000336,
lb.c,,0.0,1775683732.8000336,
,,0.0,1775683732.8000336,
1895737366690631936,被杨迪笑死，哈哈哈哈哈,1112.633,1752986394,eb069b0d
1895737511729664256,婆婆选好了，双方家长见面一次就订婚了？？这么快，和父母之命有啥区别,1166.095,1752990929,5866b398
1895737822007496960,保持神秘感么,1177.151,1752996054,13ee2db9
1895737846460289280,想起唐大哥开车尾随着送老婆哈哈哈哈哈,1216.937,1752995154,fbf64f60
1895737857038323968,陈老师还是会  doge,1334.87,1752995706,fbf64f60
1895737911757213952,哈哈哈哈他吓死我了,1277.525,1752996969,1091612d
1895737960989954304,哈哈哈哈哈哈,1249.715,1753005457,81e32263
1895738084084388096,那怪不得有些时候会吃西餐，因为这样不能玩手机，就会被迫了解对方哈哈哈哈哈哈哈哈哈哈哈,1364.499,1753010046,4e76690
1895738115080294656,说得我都心动了,1313.062,1753001868,755ab053
1895738130582442240,阿雷是真的在为姐妹们考虑啊！,1091.08,1753006285,2394c70f
1895738138786500864,打羽毛球！双打！,1265.968,1753011691,3820b86
1895738178909212928,四姐好喜欢陈老师感觉哈哈哈,1293.779,1753005068,34ea35bf
1895738260974964992,好像伦和四姐都没说？,1306.348,1753009512,e9983320
1895738350330417408,那岂不是完全不了解彼此,1188.238,1753015487,7e01a787
1895738449718644992,还是不一样，父母之命很多面都没见过,1191.878,1753016191,eabe6363
1895738783434248448,知道的不少,1094.625,1753026745,1952548b
1895738787083292928,《再见XX》那段时间的经历给陈老师整工伤了,1245.564,1753025428,8d665d98
1895739087068303616,难怪爱密室剧本杀呢,1281.948,1753071847,a05ec9c0
1895739136301043968,我喜欢看电影，因为不想交流,1267.296,1753063459,3e15afd5
1895739137215402240,赶鸭子上架,1347.576,1753073156,2b09e628
1895739334171529472,有点难评,1318.96,1753077674,6d52a3e9
1895842592684773632,老王好搞笑,1207.55,1753093248,a384683a
1895888808210444032,跟古代似的,1200.836,1753098757,80d76961
1895902850890865152,…男方视角吧，感觉作为女生并不喜欢,1329.906,1753100431,e1f0140c
1895907698449826816,唐小强好像也是这样认识老婆,1154.003,1753101009,7bf5ae5
1895953890084972544,得有个电灯泡,1201.966,1753106516,9e41d483
1895962814724877312,那大家性格都还没合得来咋办,1185.106,1753107580,70be7902
1895975507275771648,杨迪这个上热搜了哈哈哈,1108.05,1753109093,ab62fb5b
1895988325479763456,去逛宜家,1339.945,1753110621,24b0ce4c
1896001397800507136,真的，太套路了,1348.596,1753112179,b7453a45
1896033498947616256,我服了华波波了哈哈哈哈哈哈哈太搞了,1272.126,1753116006,11d561a5
1896422520862296576,陈老师说的前提是两人暧昧期只是临门一脚而已,1358.888,1753162381,2aa70d44
1896426994623953152,好古老的相亲模式hhh,1133.837,1753162914,42570b8b
1896548231191151360,爱情保安,1196.722,1753177367,445a39f6
1897115090000851712,经典来了,1111.63,1753244942,e0632c99
1897117071960705280,人家举例，只是解释吊桥效应,1318.362,1753245178,e0632c99
1897186435279557632,吃完再喝一点 酒壮怂人胆,1334.617,1753253447,6f99a845
1897384505070132992,红红火火恍恍惚惚,1112.117,1753277058,c76fd2
1897392014317188864,陈超好美好美！！！,1426.702,1753277954,dc39d7d8
1897729822839930624,世界的参差，有趣,1233.017,1753318223,68db616f
1897855084101036544,来自游牧的习俗,1150.008,1753333156,5e6db3f9
1898585785360270080,母单：别碰我的拼图！！,1322.878,1753420262,d5851018
1898586013228955136,非诚勿扰哈哈哈,1245.808,1753420289,ae954710
1898765709031333376,哈哈哈哈哈哈哈哈哈哈哈哈哈哈哈哈哈,1275.348,1753441711,da4a6923
1898851449120022784,真的好合适啊,1430.582,1753451932,85cd1b5c
1899312175110448384,伦儿呢,1370.097,1753506855,7b9475a0
1899329727408561920,\,1359.942,1753508947,4a475a07
1899340591771536128,对对对,1347.304,1753510242,48caf715
1899531646009486080,哈哈哈哈哈哈哈哈,1119.064,1753533017,fbcf58ae
1899651269212594688,做ai算不算呀,1266.478,1753547278,395ce43e
1899780832588526592,想到阿拉丁,1168.616,1753562723,fdcf0543
1899876594664020224,二十年前，唉，可怜的伊拉克人,1125.95,1753574139,51a708fa
1900212638299047936,在说什么？？？。？,1322.045,1753614198,75f02d2b
1900722697047418624,毫无违和感,1415.779,1753675002,29c7c55b
1901576106294143488,短期太奇葩了,1240.402,1753776736,92f8c01f
1902428555867433472,哈哈哈哈哈哈哈哈哈哈哈,1118.455,1753878356,24d07282
1902447002861027584,哇哦,1434.024,1753880555,623dd44
1906668414924016896,中东保守很多了,1144.039,1754383787,1327ee61
1907251422123737856,又到了羞耻小游戏环节哈哈哈哈哈,1398.192,1754453287,654346f5
1907263650541381888,小手段其实是感情蛮好的调剂，但不能没有真心，完全带着戏耍的心态去对待这段感情,1349.382,1754454744,952047f4
1910146676505643008,我要随时看华波波表现,1317.301,1754798428,738a73b
1910248152247194112,波波好可爱啊,1281.79,1754810525,edd6e64f
1911636225866354432,大左嘴替,1348.514,1754975996,954b058c
1911638478308513280,会长太懂女孩儿了哈哈哈,1347.81,1754976264,67c7bc24
1915402208338718720,卢可感觉又风流又老实,1084.624,1755424936,ef46f1d4
1916203344989683968,哈哈哈哈哈哈哈哈哈哈,1329.324,1755520439,d775399
1916742088792471552,牛蛙,1362.372,1755584662,613512da
1925311132990941184,逛宜家 看着那些温馨的家具 很容易构想两个人的未来,1337.444,1756606172,df324538
1929268457724077056,哈哈哈哈哈哈哈哈哈哈,1275.517,1757077922,467053b4
1937975455273985792,哈哈哈哈哈哈哈哈,1106.973,1758115877,945a6cd2
1943658342291830528,希尔顿环境真好,1399.929,1758793330,67fd89f
1953022555216956416,华波波哈哈哈哈哈哈哈哈哈哈哈哈哈哈哈哈,1282.728,1759909631,6e0df0f6
1958150579830921472,太功利性了,1332.809,1760520939,b2d06e53
1969280974567563776,梅丽莎真的好漂亮天哪,1208.194,1761847785,1e751c6e
1988656174098097408,小强也说过类似的，不敢多跟未婚妻见面，都是开车去接她然后远远停在家门口,1175.521,1764157489,c847ffba
1990319103688432128,妈妈结婚的时候？,1147.433,1764355726,d584df77
1995218600776512512,这眼罩好，能不能打包给酷滕送去,1420.12,1764939791,1dcdda72
2003692298001184000,我想要逛海洋公园的时候，他悄悄塞给我一个戒指,1341.086,1765949935,989ff3be
,,0.0,1775683732.8000336,
lb.c,,0.0,1775683732.8000336,
,,0.0,1775683732.8000336,
1895737232665841920,说了什么,1594.545,1752985968,8d60efce
1895737282477396224,哈哈哈哈哈哈哈老王搂住,1716.563,1752986236,f69ff094
1895737326240764160,老王：和我有什么关系,1743.272,1752986542,f69ff094
1895737564225573120,哈哈哈哈哈哈哈哈哈哈哈哈哈哈哈,1663.052,1752991877,a4557f7c
1895737579727720704,哈哈哈哈哈哈哈哈哈哈哈哈哈,1636.993,1752990432,534bf33e
1895737602217578752,吊桥效应,1656.035,1752993518,e967e3fc
1895737608274153728,这里为啥不放正片很好笑啊,1789.469,1752990046,1549437e
1895737615337361664,安全,1603.757,1752991580,6cf1571
1895737656718364928,哈哈哈哈哈哈哈哈这个眼罩哈哈哈哈哈哈,1749.409,1752991974,a4557f7c
1895737658731630848,哈哈哈哈哈哈哈哈哈哈,1497.584,1752991702,a4557f7c
1895737668823126272,哈哈哈哈哈哈哈哈哈哈,1545.58,1752991754,a4557f7c
1895737706764800256,看热闹不嫌事大哈哈哈哈,1701.323,1752994786,e868d6e6
1895737718181695744,笑不活了哈哈哈,1671.507,1752992796,4ae1ebd8
1895737814768128256,哈哈哈哈,1782.453,1752994589,b594b266
1895737824725405952,老王：我尽力了啊,1754.151,1752997563,1091612d
1895737939104076032,哈哈哈哈哈,1709.189,1752997498,1091612d
1895738000198308096,哈哈哈哈哈哈哈哈哈哈,1628.753,1753004360,71c28bd0
1895738021169828096,哈哈哈哈卧槽杨迪哈哈哈,1492.948,1753000323,6cdd056d
1895738075871940864,贴贴好可爱,1567.309,1753002223,2f1c4333
1895738098672177408,原来加长版加在这里,1699.212,1753003076,5465c709
1895738121464025344,哈哈哈哈哈哈哈哈哈哈,1656.539,1753006018,81e32263
1895738373122265344,波波刚刚说话好像老王的口音哈哈哈,1796.676,1753015888,5404f33
1895738395922501888,米可！！！！,1494.288,1753016707,d89d8cbd
1895738397742829824,米可，危，速回！,1492.03,1753013682,6ee65ea5
1895738456102375680,四姐说了啥！,1582.96,1753017881,f81c7508
1895738627515191552,牛,1558.58,1753021306,7d9f8a33
1895738699556557056,讲什么！哈哈哈哈哈哈,1774.953,1753027907,516113ea
1895738810789499136,非直男会谈,1748.073,1753027865,516113ea
1895738985868136704,怪不得没放到正片,1789.951,1753031556,b92fb27d
1895739133566357760,哈哈哈哈哈哈哈哈哈哈,1762.617,1753066553,f7934ca3
1895739144513491200,拦精灵,1581.015,1753073028,f48d5c83
1895739149068505344,拦精灵,1582.704,1753073049,f48d5c83
1895739154537877760,哇,1560.601,1753066056,f7934ca3
1895739172774711552,华波波哈哈哈哈哈哈哈哈哈哈或或或或或或或,1799.497,1753066590,f7934ca3
1895739264873238784,中东组合,1693.461,1753073158,f48d5c83
1895739308636606720,华波波啥都说啊哈哈哈哈哈哈,1775.347,1753078501,5b74304e
1895739310456934656,海带也不是植物,1531.538,1753076872,9cc5a9be
1895739313200009472,？！,1776.766,1753076889,3f6b3267
1895739330522484992,果然是加长版才能看的,1781.375,1753076921,3f6b3267
1895906831025530112,口水哈哈哈哈哈哈哈哈哈哈哈哈哈,1739.304,1753100906,e1f0140c
1895940225822895104,发币好可爱,1554.87,1753104887,9a5f75b6
1895974871134098176,梅丽莎真的好可爱好漂亮,1474.056,1753109017,5a31e3ac
1895977277180010240,这一期简直好笑到爆炸,1743.416,1753109304,5a31e3ac
1896089730320659968,好萌的两个人。。,1564.681,1753122709,7388c77a
1896307287158110464,俄罗斯小姐姐好有节目效果哈哈哈,1702.016,1753148644,13ab9171
1896334982533370624,给我笑岔气了,1755.375,1753151946,708e4a48
1896396461777172992,啊啊啊啊啊啊啊啊啊啊啊啊在干嘛,1496.598,1753159274,fe4eee91
1896555342020727040,直接笑喷哈哈哈哈,1562.963,1753178214,ff3287e5
1896610434808184320,伦想说毛肚吧 因为他那面是有颗粒的,1620.755,1753184782,c89ae7d7
1896662305044209920,每次会长都害怕的掉了,1527.119,1753190965,273d9554
1897190863994496256,这个太好猜了,1574.051,1753253975,6f99a845
1897283620088294144,美国内战,1568.439,1753265032,9c211b2d
1897402826846586880,这能播吗华波波,1775.465,1753279242,3c4a8341
1897475776413565696,我不行了哈哈哈哈哈哈,1768.852,1753287939,9cdf46e6
1897754977691536640,杨迪真的鬼点子一箩筐,1641.181,1753321222,ecd0b892
1897864109346135552,小姐姐气氛组的～,1695.088,1753334232,c76fd2
1898059525744480512,哈哈哈哈哈哈哈哈哈,1472.659,1753357527,60ea1822
1898060394963528192,为啥不让佛罗伦萨上啊,1576.261,1753357631,60ea1822
1898130261355317248,哈哈老王想说暴雨,1538.209,1753365959,a725bfc4
1898587923558453760,杨迪直接尝出来了哈哈哈哈,1542.474,1753420517,ae954710
1898588979633806848,哈哈哈哈哈这段Dylan小女生的感觉太好玩了,1656.928,1753420643,ae954710
1898633274117548032,西八 笑不活了 哈哈哈哈哈哈哈哈哈哈,1782.398,1753425923,60e24333
1898657403714124288,发币好厉害,1536.51,1753428800,470dd9de
1898864820091084288,涛涛,1594.511,1753453526,e3470321
1900014385343060224,弹幕呢，怎么没有弹幕？,1474.018,1753590565,3ad68769
1900014950055944192,我都没有看清是什么东西,1520.297,1753590632,3ad68769
1900015779680882944,猜得太大胆了,1611.896,1753590731,3ad68769
1900016341843597568,看起来好想笑,1648.607,1753590798,3ad68769
1900078932972598272,哈哈哈哈哈哈哈,1776.629,1753598259,ecc35430
1900293250909070848,老王稳如泰山,1723.35,1753623808,968d7bd9
1900353048833126144,味道应该有的,1618.131,1753630936,10c54e37
1901001124350363392,发币好可爱啊,1578.257,1753708193,2c9403ee
1901002382926510592,太可爱了,1672.273,1753708343,2c9403ee
1901764467755164416,哈哈哈哈哈哈哈哈哈哈哈哈,1750.736,1753799191,ddafd2e4
1902238942640826880,这个眼罩好适合老王,1731.008,1753855752,65067beb
1902284649590899712,华波波这么钢铁直男吗没想到哈哈哈,1769.312,1753861201,f5de49c4
1902909050661155072,弹幕呢 四姐说的啥,1582.34,1753935636,2e93938c
1902910756887219968,Dylan的破碎感哈哈哈,1644.472,1753935839,2e93938c
1904506363838182400,哈哈哈哈哈,1741.394,1754126050,3e5e834
1904506528892481536,好奇怪的画面,1761.072,1754126070,3e5e834
1905000656431964672,这个眼罩我不行了,1754.1,1754184974,f5f7f31f
1905339129458194176,再靠近一点点,1456.9,1754225323,ba077aef
1905766002156188416,我嘞个豆,1448.318,1754276211,cdc7bc83
1906135497672774400,哈哈哈哈 加长版果然不一样 我再敷面膜啊  哈哈哈哈 ,1748.007,1754320258,8a4bf8c9
1906673310826237952,中东族,1687.411,1754384370,1327ee61
1906748234274702336,哈哈哈哈哈哈哈哈哈哈哈哈哈哈哈哈,1762.638,1754393302,b145d3d2
1910390807304161024,我要笑疯了哈哈哈哈哈哈哈哈,1627.006,1754827530,8815c960
1915932755691390976,这也太。。。,1487.198,1755488182,51f2909e
1915934066629406464,哈哈哈哈哈哈哈哈哈哈哈哈哈,1643.477,1755488338,51f2909e
1915934230198990336,哈哈哈哈哈哈哈哈哈哈哈哈哈,1663.022,1755488358,51f2909e
1915934679484266240,哈哈哈哈哈哈哈哈哈哈,1716.53,1755488411,51f2909e
1915934832542999808,哈哈哈哈哈哈哈哈哈哈哈哈哈哈哈哈哈,1734.857,1755488430,51f2909e
1920310407324203776,两伊贴贴,1684.752,1756010039,99536495
1921056005467708160,可爱的发币,1554.389,1756098921,912b4cef
1921058110144466944,哈哈哈哈笑得肚子疼,1664.435,1756099172,912b4cef
1930616796109848576,哎呀,1498.221,1757238656,8f57e35c
1938813363061097472,一个奖励杨迪的游戏,1634.819,1758215763,c1c7a66
1942229667884861184,笑得我肚子疼,1783.88,1758623018,b85033c1
1952519966591265280,每次都没接住哈哈哈,1520.245,1759849718,3d553d69
1962432760279010816,我真不行了了太搞笑了哈哈哈哈,1734.276,1761031415,54f7b9d0
1967644616455633664,哈哈哈哈，这个女孩子好可爱，又害怕又好奇哈哈哈,1476.902,1761652716,eb09f285
1968988588058839552,hhhh小姐姐演员的诞生,1698.466,1761812930,269700bc
1970989897527898112,对吗？,1782.473,1762051505,9d717ee2
1981226523604447232,哈哈哈哈哈哈哈哈哈哈哈哈,1648.361,1763271806,1a09d87c
1988660542331797248,四姐说了“安全T”吗,1582.049,1764158010,c847ffba
2000956881128648192,笑得我肚子疼,1562.666,1765623848,e8b22811
2072032170285543936,大左这里为什么吓得抖了一下哈哈哈哈哈哈,1649.79,1774096682,f82fb2da
,,0.0,1775683732.8000336,
lb.c,,0.0,1775683732.8000336,
,,0.0,1775683732.8000336,
1895737421099143424,是隔壁陈鸣飞写的吧？,1945.554,1752987539,25b5c0fd
1895737422600704256,笑死哈哈哈哈哈哈哈,1861.726,1752987442,eb069b0d
1895737448110461184,不容易,1967.315,1752987565,25b5c0fd
1895737537650462976,笑死哈哈哈哈哈哈玩呢,1864.313,1752989866,adb42c8
1895737540972351744,玩儿呢,1860.902,1752989950,aaf3f032
1895737543203721472,哈哈哈,1815.18,1752989891,aaf3f032
1895737661759918336,哈哈哈哈哈哈,1802.631,1752992030,a4557f7c
1895737678914621696,但是体力劳动可以被机器替代，和ai有微妙区别,1970.153,1752991856,5866b398
1895737721998512384,哈哈哈哈哈,1864.31,1752993989,f3d0b903
1895737806614401280,AI能归纳总结现有信息，但无法创新,1995.774,1752997135,13ee2db9
1895737953691865344,工业创作可以，纯艺术不好说,1978.137,1753000003,8e57c960
1895738031194214656,20元手续费省下来了(ಡωಡ)hiahiahia,1903.052,1753004359,39499903
1895738391359099136,我家也有这个碗,1838.498,1753016417,c2e21b9d
1895738396828471552,妈呀陈超好厉害,1945.204,1753016803,cd8ee3cd
1895738416894021888,100块，哈哈哈,1895.824,1753017896,a9208369
1895738540927979776,超超好甜,1939.237,1753019045,8d117f15
1895738575547764992,有胡子应该感受不到吧,1808.657,1753017627,af72eec3
1895738673107276032,不是地铁卡了么,1892.499,1753022773,9c94b6bb
1895738779793592576,ai是用三推一，人脑是举一反三，本质区别,2024.616,1753029280,f9656259
1895738857295941888,玩儿呢，我一个广东人说不出的儿化音,1868.306,1753032504,9ef562ec
1895738900144951552,我觉得体现人情感的东西最不应该被取代，我是看小说的，如果我看的小说都是ai跑的我会死,1994.923,1753053765,5dbe0dac
1895738918381785344,不一样，至少现在的ai没有人脑会抽风（bushi）,2030.729,1753060518,d1e240cc
1895738950300438784,哈哈哈哈哈感情是在玩儿我们呢,1867.398,1753065521,91850ea9
1895738973092286720,聪明的人才看得到（,1851.057,1753066879,532bb614
1895739025076490496,上次还在说地铁卡扣费不好，立马就改转账了，真的听劝,1909.288,1753064244,3e15afd5
1895739121713254656,陈鸣飞的那个刚看完节目吧哈哈,1956.389,1753072388,df6e1fa7
1895739304081592576,哈哈哈哈太像了,1944.846,1753074038,f48d5c83
1895797243433331456,我去,1891.668,1753087842,35861f7e
1895797705813389056,当然不是,1970.665,1753087897,35861f7e
1895872207323318272,ai的数据库全是人给的,2052.858,1753096778,9f5269ce
1895957325815673088,口条真好,2151.186,1753106925,42cad9e5
1895973581704601344,老王好可爱,1844.968,1753108863,692c8ed6
1895992999780010752,华波波也算猜对了,1803.433,1753111178,24b0ce4c
1896092358488199936,我服了怎么这么好笑，老王真的穿了个香蕉牛奶。。,1821.385,1753123022,7388c77a
1896403149620117248,首彩回来打钱！！！,1815.544,1753160072,fe4eee91
1896658760060214528,老金主啊哈哈哈哈哈哈哈哈,1821.352,1753190543,abb3bea8
1896690759756227584,那是服务器和算力限制而已,2125.293,1753194357,b927edf8
1897017590325956608,刘慈欣的诗云,2043.276,1753233319,78c4204e
1897149153428556800,并不会被取代，就那ai原理来说，他是学习的技术，要是没有真人的作品投喂他，而是ai直接互相学习，最后肯定会失去人类所能体会的美感,2017.769,1753249002,af7c4445
1897160788939608064,AI取代不了大师，但能取代普通人，但我们大部分都是普通人,2028.594,1753250389,b0fb79b9
1897196044832664832,不会的 AI没有灵感只是个参考文献的价值,1999.815,1753254592,6f99a845
1897230944923557632,AI确实，一眼看得出AI,2056.543,1753258753,c05066cc
1897282352929849856,您,1876.848,1753264881,290bcf14
1897313971196141824,68+6+,2070.556,1753268650,676c84ca
1897315932888971776,只能模仿，不能取代,2003.459,1753268884,90b41f69
1897321705291076352,我觉得同意的人说的不是高端审美的艺术，他们说的是快时代创作,2090.686,1753269572,55d83f10
1897326315100134656,太厉害了哈哈哈哈哈,1950.759,1753270122,45654410
1897355364035362560,顶级的取代不了，中间底层会被取代,2092.654,1753273584,7ea9d3d5
1897404209155208704,自从知道地铁卡退费事件之后就换成转账了吗,1896.51,1753279407,3c4a8341
1897472786134957568,陈鸣飞投的吧,1948.859,1753287582,20c78ca8
1897763556578141440,这AI卡壳,1962.905,1753322245,28dcc9f6
1897865698693655296,《精彩葡萄酒》,1811.436,1753334421,c76fd2
1897865887454275072,能用的,1823.216,1753334444,c76fd2
1897975346582936832,画家的画有人买，AI的画呢？我觉得人类不会给AI的画赋予价值,2087.338,1753347492,ace2f97d
1898153206907890944,他俩节目效果已经出来了，拿到奖品不过分,1887.829,1753368695,44f44cf9
1898155156404016128,现在ai训练出的图基本都是侵权的，还不知吃了多少有商业版权的图,1990.896,1753368927,c4640bae
1898227304531014400,陈超超陈超超陈超超～,1935.987,1753377528,e8cc9494
1898497181946647040,华波波太搞笑了hhhhhh,1828.307,1753409700,6a79158e
1898589823536064768,那个脱口秀的哥们吗,1965.639,1753420744,ae954710
1898617694602120704,100元哈哈哈哈哈哈哈哈,1897.022,1753424066,25a98a6b
1898762572212570112,哇厉害了,1941.185,1753441337,eeae67ec
1898770444551886848,哈哈哈哈哈哈哈哈哈,1812.799,1753442275,da4a6923
1899295846349428736,深度学习型会成长,2061.503,1753504908,2233a413
1899311810357134336,陈超超超超哈哈哈哈,1937.372,1753506811,8020f1b7
1899619007338927616,可以的,2140.384,1753543432,f6a66d6c
1899619192483758592,辛苦阿雷了 这么一大段  我都要背半天,2145.64,1753543454,f6a66d6c
1900289831134223104,好丝滑,2143.5,1753623400,6908d584
1900727826387780608,直接转账了，不是地铁卡了,1890.432,1753675613,29c7c55b
1900864257726569216,奇马蓝,2054.335,1753691877,75f02d2b
1900992991485978112,好的画家并不会,1994.973,1753707223,1606bf27
1903906590856424448,对，所以对资本来说是好工具,2119.356,1754054552,c29ddf0d
1905365491481060352,首彩葡萄酒～味道不一样～,1814.065,1754228466,ba4142a8
1905383944120050688,ai i不会创造需求，只会解决人类的需求。,2031.372,1754230666,2ad516b
1906676777745390080,阿雷服装好潮哈,2100.595,1754384784,1327ee61
1907503470140018176,作家，和画家不会。但从事写作行业和设计行业的可能会受到影响，纯商业的会受影响,2014.591,1754483333,f5dd2f0d
1907711567622271232,一个画家的画上千或者上万我都觉得值得，但ai产的图最多一块钱,2110.855,1754508140,b59d3043
1909643331546811648,哈哈哈哈哈哈哈,1802.537,1754738424,d7fb52ee
1913366840508620800,有一只萨摩耶就叫陈超超哈哈哈哈哈,1930.9,1755182301,b30a9c4b
1915224874843617536,前面的萨摩耶的别走,1937.599,1755403796,32f67cc0
1915935882930912000,哈哈哈哈哈哈哈哈哈哈哈哈哈哈哈哈哈哈,1859.99,1755488555,51f2909e
1922480732891760896,陈鸣飞投稿,1994.089,1756268762,8dd2ba4e
1928560476044906752,ai会替代那些水平不高的人，真正的艺术家和作家是无法替代的,2055.3,1756993524,cfd3a899
1930620440054015744,现在AI技术还不成熟，以后就不知道了,2042.591,1757239091,8f57e35c
1950374312087470592,可以娱乐，但没有深度的东西,2005.631,1759593936,5ff286de
1953028710341331200,当然不会,1991.043,1759910365,6e0df0f6
1966172314316318464,好可爱啊这两个人，萌萌的,2019.752,1761477204,1ee5697
1970992051982448640,其实AI给创作圈子带来了很多好处，痛苦的是那些想不劳而获的人，AI反而将这些人筛选掉了。,1971.291,1762051762,9d717ee2
1970992805346750208,想要不被取代就得进步，人类是一直在进步的,2037.466,1762051852,9d717ee2
1980015234983286272,画手可能会，画家不会。写手可能会，作家不会。,2003.369,1763127409,916232ae
2004595551308142848,笔触这个东西AI永远做不到,2129.602,1766057611,ffa3828d
2027798215826511616,有道理哦,2053.34,1768823584,8f58d927
,,0.0,1775683732.8000336,
lb.c,,0.0,1775683732.8000336,
,,0.0,1775683732.8000336,
1895737322071625984,哇，倒过来的角度，不错,2320.614,1752985858,bc12bdcf
1895737389348262144,1000个人欸,2404.742,1752986739,1262b263
1895737464325640448,伦的观点每次都好深度,2429.52,1752988798,dd38837b
1895737568671535360,萨沙确实越来越厉害了,2188.029,1752990345,4bb6c894
1895737635520352512,AI学习能力强能模仿但是创新上暂时还做不到，给他看某个画家的画，他能模仿但是要他有自己的特殊风格还做不到,2307.016,1752992123,da8612fa
1895737675886334208,对对对,2518.778,1752992832,a4557f7c
1895737868891427072,来自四姐的认可哈哈哈哈,2383.869,1752995522,e868d6e6
1895738095023132928,其实就是说ai没有创新能力,2449.334,1753007080,fbf9b322
1895738186207301888,黄子宝宝！,2478.478,1753010860,d93d12d4
1895738219937894656,普通话越来越纯正了,2340.564,1753006552,2f987c3c
1895738308387377408,简单且周而复始的工作不会被AI取代，他们只会被机械化和自动化取代,2177.8,1753012446,da6fca28
1895738539074097408,可是这样的画家真的很少啊,2355.484,1753016161,cb47e4db
1895738633898922240,肯定是指定啊,2166.696,1753023213,691ef385
1895738659433844992,厉害,2461.836,1753022215,7d9f8a33
1895738860030628096,ai只能生产“产品”,2438.121,1753027530,9cc53f64
1895739034186518784,伦儿说的好有深度,2417.125,1753066030,91850ea9
1895739151803191552,老王说的对,2249.4,1753067040,f7934ca3
1895739188276859136,罗师杰在做捧哏,2338.921,1753070661,5268d633
1895779537472677120,很喜欢伦二这个比喻,2442.524,1753085731,3a31dcb7
1895880915561975552,说的确实好,2456.856,1753097817,db27ad6e
1895903241901117696,哈哈哈哈哈哈哈哈哈哈哈哈哈哈哈哈哈哈哈,2382.245,1753100478,4365b2b7
1895978595307183360,黄子！,2470.27,1753109461,692c8ed6
1896020644002007808,我真的我好多次都和萨沙一种选择，高度重合,2355.219,1753114473,683bd9b9
1896387667051097344,创作过程本身也很迷人的！,2197.312,1753158226,1195ac4c
1896391286534280448,我觉得最多AI的作品和人类的作品放到平等位置去欣赏，不会谁取代谁，就像人类不会只需要一个艺术家。,2329.047,1753158657,1195ac4c
1896433511490107392,伦真的每次都说的很好,2449.736,1753163691,dd1dd59f
1896446842347168256,对的。还很无厘头,2510.941,1753165280,9ec95bfa
1896478238348470528,AI没有人所具备的“灵性”，这个是根本区别。,2484.776,1753169023,130b1ee9
1896481816450316288,但那么多著名的画家，活着的时候都没见到自己画出名啊，现在这个行业，艺术还是单纯的艺术吗,2362.688,1753169449,21030a05
1896495205256114944,英专生落泪,2257.924,1753171046,272cb156
1896500684711484672,说白了AI都是把现成的 现有的知识告诉你 它无法创新 没有创造力 也不灵活,2475.575,1753171699,fc8a9b09
1897059227684406272,现在门铃还是用的那个，后面的杨紫琼没必要，前面的那个欢迎来到毛雪汪还行,2509.318,1753238282,35645b71
1897154550214244864,现在小说好多都是ai写的,2317.184,1753249646,d7cb2127
1897198418581828096,更像是Freestyle的,2163.42,1753254875,6f99a845
1897285342076082688,中东人好爱用具体的比喻 好玩,2241.494,1753265237,290bcf14
1897353535075926016,哇伦儿讲得很好,2457.048,1753273366,bbeae81b
1897433976919450368,AI可以帮你炒作 帮你买热搜 买水军 坏的也会变好,2340.159,1753282956,d844b0d7
1897838265261261568,ai创造现在最大的问题是版权，它的数据哪来的？,2329.257,1753331151,9cdf46e6
1898170337209376256,伦是有文化的,2407.645,1753370737,c4640bae
1898593071588396800,不指定的话会长和杨迪肯定会控场的，不然非正式会谈就变成非正式广告了,2170.649,1753421131,ae954710
1898594159171501824,这个点很对啊，其实观众也是作品的一部分,2314.377,1753421260,ae954710
1898594721166096128,是的，没法取代艺术先驱者，但是人类多久才会诞生一个艺术先驱者呢,2398.763,1753421327,ae954710
1898858478203265536,AI是能画出来的，但是目前AI还没有真正创新的能力,2354.986,1753452770,85cd1b5c
1899282247644146688,伦说的超好,2450.24,1753503287,c89ae7d7
1899389604638008064,这样就意味着只有大画家才能生存,2315.347,1753516085,422009b7
1899968866063992832,钟逸伦的观点好到我想记下来,2407.551,1753585138,85e961e3
1899971539840366080,是的，有时候ai出来的东西是不实际的，属于给你描述的天花乱坠但其实并不实用,2516.355,1753585457,85e961e3
1900045394068096512,萨沙是不是deepseek了,2365.82,1753594261,37dfb466
1900699314750768896,AI不抽象,2514.068,1753672214,10555ed6
1900775830246937344,完全同意伦儿的观点,2435.304,1753681336,a9930091
1900996813578880512,"很简单，好的创作,有灵感的创作不会被取代",2425.093,1753707679,1606bf27
1901031552633139456,这不兴叫哈哈哈哈,2498.047,1753711820,c35a3236
1901722114823131392,是抽象,2352.846,1753794142,5adbede8
1903867788553414144,这个议题可以看当下社会在机器大生产的时代我们总是追求手工工艺但是再看我们在什么东西上追求什么手工,2232.109,1754049926,8d3fe83f
1904376810779811584,翻译作品是再创造，当然属于文艺作品了,2280.086,1754110606,21f73640
1905336105902178560,1111,2456.232,1754224963,94dc5d7b
1905386536745115904,数据量都是过去的，像ai创造的一些画作都是基于历史风格，没有未来的风格。,2288.044,1754230975,2ad516b
1906081274615969024,制造业，，,2184.094,1754313794,6748a4fa
1907510299724980992,没错,2175.769,1754484147,f5dd2f0d
1909633496364914688,感觉好多代表还有别人不了解ai画画的原理。那真的就是裁缝大集合,2203.365,1754737252,142fcb13
1916012736815445248,有几个确实在搞艺术的，大部分只是在所谓的艺术行业里混口饭吃而已,2297.01,1755497717,272ec1ba
1919515972591515392,ai又不能原创，出来的东西都是人家已经有过的,2324.575,1755915335,d61f036d
1919765655767985408,确实,2390.9,1755945099,39b1306c
1920593694097511424,但是那么多人之中又有多少个大师呢？千里挑一。只能说大师难以被AI替代，但大多数普通人是很容易被AI替代的,2364.264,1756043809,288a6e7
1921471313504249600,哈哈哈哈哈哈哈哈哈哈哈哈哈哈哈哈哈哈哈哈哈哈哈哈哈哈哈哈,2384.908,1756148430,d0352b3
1924730497872245504,但是很多人其实也只是围着光圈内打转，只有少部分是能发出光的哇。ai无法完全取代，但是ai取代大部分工作应该是必然的,2449.995,1756536955,90bb401c
1937410966522432000,不愧是高材生,2428.936,1758048584,664fbc21
1944395634396738304,可是艺术的标准是很难说清的，尤其是超越时代审美的艺术,2372.895,1758881222,952047f4
1946596116557161472,同传不可能，比如自古以来，中国有句老话，你怎么翻译,2271.392,1759143540,24bc755
1953032408702466560,哈哈哈哈哈哈哈哈哈哈哈哈,2390.919,1759910805,6e0df0f6
1964145062028178176,哈哈哈哈哈哈哈哈，怎么我在非正还能听到黄子,2469.118,1761235537,f260f6db
1965470285503505664,但是现实中其实有一些需要创作的。工作他确实是会被AI取代，因为作为商业用途，AI的那个程度是完全够用的。这是我们一个从国内大厂离职的老师跟我们讲的。因为他们当时在做东西就已经套模板用AI。,2380.266,1761393516,d0b3063b
1965962475476472064,梅丽莎好好看,2271.709,1761452189,5c1cccf8
1968996492291897088,好啦ai取代不了伦儿,2435.324,1761813872,269700bc
1969411312866597120,如果人类不再进步 那AI还会是AI嘛,2414.221,1761863323,7ed3ebc
1985133228776545024,翻译读空气什么的感觉能训练,2278.757,1763737521,55203a50
1985134760192303360,可以训练,2518.973,1763737704,55203a50
1996728559007878656,ai应该是从1到60，而人是负责从0到1和从60到100的,2430.868,1765119792,74ba3500
2056102682372178688,ai模仿的只是形式,2363.539,1772197739,fa9ad547
2082958314446724096,AI只是提高效率的工具,2221.713,1775399180,a4d2be15
,,0.0,1775683732.8000336,
lb.c,,0.0,1775683732.8000336,
,,0.0,1775683732.8000336,
1895737410512720128,感觉这个有趣1,2795.193,1752988764,39108e46
1895738094108774656,意识,2662.0,1753003029,6653a374
1895738218117566720,我更喜欢作品独立于作者存在,2704.182,1753012025,729cd479
1895738283766812928,除非ai哪天学会了思考和不按常规，但是人类会允许这样的它们存在吗,2540.067,1753010137,10294f3d
1895738567352094976,主要是用得少了吧,2862.128,1753022489,61f1cb93
1895738632992952576,超超太美啦,2555.795,1753022069,1f0a24fa
1895738636633608448,真的很爱Dylan，每期必cue，哈哈哈,2649.068,1753021557,6e443ff5
1895738730552463616,deepseek是这样的！,2522.65,1753021395,6e443ff5
1895738777964876032,大左又困了,2711.853,1753025162,d6bfe3aa
1895738899238981888,阿雷一定很有语言天赋,2864.374,1753026188,3b5559de
1895738997712851200,加字游戏,2829.421,1753054603,5dbe0dac
1895739267607924992,西语里的人称变位和阴阳性很有意思，我，你，她，他，您，你们，我们，他们，她们，您们,2804.071,1753072834,293203a
1895850139940747008,工作报告AI的确是好帮手！,2543.657,1753094148,416bbb9a
1895921119618453248,作品和作者根本无法分割啊,2714.73,1753102609,e1f0140c
1896012893708357120,ai没有人生，但是ai有你们呐,2743.137,1753113550,698bab0d
1896065447497910528,语言环境很正常手能生巧,2876.525,1753119814,cc2734ec
1896479661995797760,Blade Runner,2645.459,1753169193,130b1ee9
1896654942690213632,中文是积木并且是榫卯结构,2830.122,1753190088,89807551
1896772345109555968,词根词缀 哈哈哈哈哈哈,2818.729,1753204083,1f9c8d2e
1897102321968798464,不知道为啥这个话题老是让我想起崩铁里的博士尊，我们强大的智识星神,2549.068,1753243419,f5a06ba5
1897196758887995392,AI代替不了艺术家，但AI能代替打工人，作为普通人的我是焦虑的,2757.811,1753254677,b0fb79b9
1897363087586601216,是的 英文是树形语言,2824.014,1753274505,84203b4
1897872503666875648,超超说得好～,2569.221,1753335232,c76fd2
1897944087584629760,来了看预告最感兴趣的话题,2788.137,1753343766,9cdf46e6
1898191646873602816,我靠，这个观点让我耳目一新,2536.947,1753373277,f0071fca
1898587064925435904,这个话题好！,2795.805,1753420415,a18ccce
1898596254410661632,ai如果把微醺状态也建模了之后可能就能复刻了，并且能随意还原,2581.86,1753421510,ae954710
1898596665712523776,确实，一个平庸的内核很精准,2640.395,1753421559,ae954710
1898861636539289344,而且目前可能觉得觉得AI的有些图或文字有灵性实际是观众自己的赋予这些东西的主观体验是观众自己的灵性不是AI的,2668.317,1753453146,85cd1b5c
1898899350840110848,是不是ai的记忆能力有上限的原因？,2636.01,1753457642,2ddb40c0
1898913616263543296,ganghood这个真的不是广东华侨带去的词吗江湖的粤语发音啊哈哈,2769.624,1753459343,e8831434
1899395980466646272,大左那个表情，哈哈哈哈哈哈,2727.784,1753516845,2a7b6daf
1899451219231916544,因为没有坚持每天都用ai跟它进行大量互动给它数据样本支撑，所以我认为每个人用的ai都不一样，我觉得我的ai还是挺像我的,2647.849,1753523430,cb8fc6d6
1899934260052788480,中华文化的包容性哈哈哈,2849.24,1753581013,ae954710
1900015569328667392,好喜欢这个话题,2795.283,1753590706,85e961e3
1900048826854286080,那人的灵魂是电子信号吗，如果是，那人有没有可能是超级精细的碳基“机器人”,2655.645,1753594670,37dfb466
1900281300003517184,西部世界的核心就类似这样的,2602.68,1753622383,cd73212b
1900285629850936576,确实起码目前的ai画作没有人画的灵气,2557.858,1753622899,21100105
1901048146860625152,这棵树的动画是ai生成的吧,2803.727,1753713798,bba3e7b3
1901659990159627264,对，写文也是太高大上了，不接地气,2520.306,1753786736,105f52db
1901679859307668992,前面的，你把ai想得太厉害了,2738.443,1753789104,8c5fa1a1
1901694474971820544,知人论世是解析作品的一个重要观点,2714.601,1753790847,bb1af361
1901807782567905536,小熊说法语的表情好可爱,2871.945,1753804354,6b233d5a
1902175987245469952,灵韵,2668.184,1753848248,3fc3c7dc
1903102126856042240,人的反应和情绪千变万化 ai需要基于data来学习复刻 但人心和思想复刻不了 因为你自己都不知道你到底会如何啊,2743.891,1753958652,95e70b5d
1903911544119548672,机械劳动（报告、PPT、标准化文案等等）确实适合AI,2552.306,1754055142,c29ddf0d
1905283396587498240,我也有这样的担心，毕竟大的发现是要在小的累积基础上的。如果这些小的方面都被ai包圆了，人类还会有大发现的灵感吗,2568.797,1754218680,1739167a
1905322044405448448,心理学本来就有灵魂,2690.41,1754223287,f73e1df3
1906144811317396224,我以前学英语的时候，也会想外国人学中文的体验是怎么样的,2818.823,1754321368,de5d2566
1906664836822229760,所以说语文考试里的阅读理解靠标准答案就很扯,2687.504,1754383360,16673124
1906696462252080384,感觉伦儿是语言限制了发言,2529.891,1754387130,64b0d079
1906886153408858112,好适合我英专生来听 ,2814.7,1754409743,937fdd57
1908206015506796288,ai不可能成为艺术家 这句话有问题吗？,2749.178,1754567083,d8a8f583
1910400646260643072,喜欢这个论题,2802.046,1754828703,8815c960
1912295074109538048,前面的也可能没有理解什么叫创作，ai可以实现艺术产出，但跟创作还是差远了的,2744.468,1755054537,a8fe5ea9
1912306335295954944,怪不得我学英语困难,2848.344,1755055879,cdc7bc83
1914618808048601600,说的好好,2678.049,1755331547,39959bed
1914619278565804800,大左看手机哈哈哈,2728.618,1755331603,39959bed
1915193156341953792,现在ai就是一个全领域博士只是专家。他只是没有真实世界的更多样样本数据,2569.108,1755400015,23dde82b
1915445346528739072,电脑病毒：我来看看怎么个事儿？,2576.487,1755430078,aa8cb2c6
1915986185612797696,“就没电了”哈哈哈哈哈哈哈哈,2591.443,1755494551,cd971f7f
1916852564402818816,江湖不是打打杀杀，江湖是人情世故wu～～～～～～,2764.246,1755597832,ebcfcea3
1919268751279502848,这只能证明如今的AI还不聪明，还不智能，难道AI技术不会变得更厉害吗？,2612.277,1755885864,8ff620f
1921321382714216960,信息熵大,2841.927,1756130557,c8faf44f
1922681235663422464,如果AI真达到这个高度，那AI就不是AI了，人类也危险了,2697.724,1756292664,bc17ebe1
1926387262783289344,人类作为个体，生命体验是有限的，而ai作为更高级的文明，或许会不会被我们想的太简单了。,2771.566,1756734456,d0244f28
1928566961126791424,他说的太绝对了，ai技术刚刚起步，未来的发展是不可预知的,2749.14,1756994297,cfd3a899
1928568074974780160,英文是孤立的好吧，中文是组合式的,2834.7,1756994430,cfd3a899
1952531056876225024,如果AI能够有自我意识和思想，AI就是人，人退为动物,2715.729,1759851040,3d553d69
1996732419327971328,中文很简单很适合其他民族学习 所以中国才会是一个多民族国家 并且从不排斥其他文化海纳百川,2835.006,1765120253,74ba3500
1999292041175421696,Ai man姐吗哈哈哈,2602.201,1765425383,e4630f95
2027802308762818304,这个观点好,2541.215,1768824072,8f58d927
2045095330529259520,这个想听很久了！,2795.731,1770885561,e6d149b0
2069023283827016448,AI可以创作，但是每个人有独属的成长经历，他创作的东西是独一无二的，所以替代不了个人,2739.673,1773737995,6b2b33d2
,,0.0,1775683732.8000336,
lb.c,,0.0,1775683732.8000336,
,,0.0,1775683732.8000336,
1895737617359016192,哈哈哈哈,3218.723,1752993544,a4557f7c
1895737713425355008,但是中文商务场合也会这样，中文也有客气和礼貌,2976.263,1752992710,5866b398
1895737727702765824,但是中文之前也这样，白话文运动时就有胡适“干不了，谢谢”“才学疏浅，恐难胜任，恕不从命”的案例,2975.656,1752993017,5866b398
1895737820195557632,哈哈哈 我第一遍也在疑问 你不是医生吗  结果发现卡在了中文上哈哈哈哈哈哈,3227.366,1752997558,fbf64f60
1895737998369591552,好喜欢伦儿讲故事,3143.561,1752999620,7b5f275c
1895738106876236032,伦的冷知识好多哈哈哈哈,3121.118,1753010691,450eca7a
1895738131496800512,英语四级准备,3180.027,1753009480,8fd891b1
1895738136966172928,德语出来说话,2889.523,1753008855,47376c28
1895738139700859136,日本文化有些过于客气了，反而成负担,2979.348,1753006769,13ee2db9
1895738374950981888,日文的语法结构太麻烦了,2947.238,1753012693,58c62de
1895738385889726720,语言环境真的非常重要,2880.638,1753014675,c0184399
1895738605637701888,哈哈哈，西语信息密度太低了,2887.48,1753021179,913778e0
1895738888291848448,和语言背后的语境文化有关的,3004.846,1753030941,5404f33
1895738956675780864,日语真的，可能是因为日本人很容易不安所以很喜欢叠甲,2968.764,1753036550,7a1afabc
1895739047859949824,伦儿个学霸知道的可真多啊,3138.994,1753066617,91850ea9
1895739281281356032,这解释也是费劲，中文六个字解决：有根源无系统。,3165.086,1753078062,1ea53aa5
1895813671943725312,说英文是因为没学过其他语言hhh,3058.228,1753089800,18de2fc4
1895885303986710784,七月八月是纪念凯撒和屋大维硬加进去的我记得,3103.283,1753098340,db27ad6e
1895963615233216000,月天~~~~,3088.264,1753107675,bb240a6
1895984463582683136,伦儿好棒！,3141.672,1753110160,692c8ed6
1896199650127027712,Medium well steak,3202.601,1753135813,74e59e26
1896307962851638528,Mayday！Mayday！,3084.608,1753148725,b748a01c
1896408715746876416,原来如此，怪不得烷烃的英文名是这样命的,3130.385,1753160735,30eb9777
1896433111504550144,月份的英文在西方文化中也算是历史文化的体现,3081.902,1753163643,a076c47d
1896450535448673792,杨迪太有意思了,2936.319,1753165720,9ec95bfa
1896482053151608320,文化语境不同,2926.889,1753169478,130b1ee9
1896482757568255488,看过日语邮件的结构 那是真含蓄啊 好像说“不”是天大的错,2948.052,1753169562,130b1ee9
1896753204394875904,店家不想给别人用，为什么还要设置自己的店名为WiFi名啊，这样每次都解释多麻烦,3049.958,1753201801,2677cf4c
1896946225677535744,是凯撒和奥古斯都加的7月和8月打乱的吧,3129.064,1753224811,a5fb62e5
1897250225970898176,而且13月 和 星期八这种说法 他们只能重新创造一个词,3115.972,1753261051,c5e94360
1897407157516052224,就像知道奶奶的礼物用俄语怎么说，真的那么长吗,2896.574,1753279759,d849b843
1898582067882162432,日本人说一个句子 一半都在委婉,2941.965,1753419819,76036370
1898588868694397440,敬语地狱,2954.96,1753420630,a18ccce
1898590585045603584,这个是历史上的语言融合因素吧,3060.517,1753420834,a18ccce
1898665512134126080,说普通话久了会忘记方言,2905.249,1753429766,b0850c04
1898850951616771840,为什么要留下殖民的痕迹,3157.268,1753451872,ef8bd67d
1898937681158312448,还有星期,3074.909,1753462211,b465622b
1899312426064304384,中文好比压缩包,2881.612,1753506884,714d1f13
1899359596045350144,哈哈哈哈京都人,2942.526,1753512508,48caf715
1899668818784674048,这是人为的，任何国家要是愿意这样，也能在表达一个简单含义时去延申自己的句子,2968.119,1753549370,395ce43e
1899936646569887488,还有星期。日语也要再背一次,3072.627,1753581297,ae954710
1900498638082942464,懂日语的可能会懂吧 真的巨长一段,2997.345,1753648292,8205cc06
1901004936989475584,其实赖赖的发言都挺有信息量挺好的,2962.898,1753708647,2c9403ee
1901005262887011072,好温柔啊,2994.395,1753708686,2c9403ee
1901007210696225280,日耳曼人,3145.006,1753708919,2c9403ee
1901007274919789824,棒棒,3148.423,1753708926,2c9403ee
1901007503156656384,原来如此,3165.412,1753708953,2c9403ee
1901007627769515776,很详尽诶 原来不知道,3169.51,1753708968,2c9403ee
1901036066467942912,唉确实会有些容易导致内耗,3036.179,1753712358,c35a3236
1901601973363943680,中文是象形文字发展来的,3076.554,1753779820,92f8c01f
1902328538762730496,反了,3049.595,1753866433,89ed58e
1902903884662556160,一个Wi-Fi都这么抠啊,3030.227,1753935020,96f86921
1903773304859711744,非常容易不安的日本人,2947.431,1754038663,5eebbb86
1904212771181454848,主谓宾主系表的顺序是一样的,3210.693,1754091051,4213efaf
1904516264131825920,正常吧,2882.476,1754127230,3e5e834
1904516761693761280,哈哈哈,2941.821,1754127290,3e5e834
1904516806791007488,晒伤妆,2947.196,1754127295,3e5e834
1904519028052442624,混了是吗,3179.667,1754127560,3e5e834
1904710780163548160,你习惯了，完全没问题,3083.008,1754150418,1606bf27
1906026731576451328,这个确实有点直接了，中式中也确实可能存在这样的,3018.666,1754307292,c8137052
1906684917807754240,英文比法文容易,3070.951,1754385754,1327ee61
1907637741270252032,呜呜呜英文里器官名词和病的名词和相应科室名词真的大部分完全不一样，太痛苦了真的完全不一样,3237.084,1754499339,ff8d4f0a
1907900244344148736,？我们大学老师都说英文天生自带逻辑……,3046.075,1754530632,21c98764
1907939231465567232,哈哈哈哈哈哈集合,3078.613,1754535280,27e7f95a
1908208058292258560,日本好累,3042.943,1754567326,d8a8f583
1908238397278553600,想委婉也可以委婉呀。只是大家觉得太装不那么说了,2986.636,1754570943,a4b37ddf
1910303699142508800,所以我总觉得他们说话烫嘴？,2905.236,1754817146,664d29dc
1910306040881807360,忍。哈哈哈哈哈哈哈哈哈哈哈,3034.062,1754817425,375127a9
1910306198109537280,濑濑刚来时候的梗,3034.062,1754817444,375127a9
1915449847520377088,动物名+肉表示某种动物的肉。这是几千年沉淀下来的智慧,3051.605,1755430615,aa8cb2c6
1915991236444326656,萨沙好搞笑哈哈哈哈哈哈哈,3217.489,1755495154,cd971f7f
1916226599335198464,donde donde,2931.706,1755523211,41d23346
1916228677268589568,wow,3173.682,1755523459,41d23346
1916315156007532032,前面的，除了没有小贝拉逻辑,3181.139,1755533768,299590f4
1916619295518292480,哈哈哈哈哈哈哈,2919.677,1755570024,51f2909e
1919962561386910208,不安,3011.16,1755968572,3bd57624
1920500537993289984,这个就是我想吐槽的，英语的日期真的好难记,3060.432,1756032704,7b3cb016
1923466522425711872,伦儿才是真正的博学学霸,3150.234,1756386277,a82a2ebb
1929348917360019200,其实中文更没有逻辑，就是你想怎么说都可以，主要就是看积累量了,3057.608,1757087513,467053b4
1932308120081196032,我第一次在国外吃牛排 说五分熟 five，服务员大问号,3201.353,1757440278,52ac390e
1938326182697830400,对对对，这个很麻烦,3032.573,1758157687,69dfa122
1944620545828698368,10个月 那年都要过错,3124.155,1758908033,1875fd96
1960152989767726848,词源太多，还要混着不统一,3101.673,1760759645,7bf5ae5
1960315171222860288,商务对话,2985.653,1760778978,99cb8cc6
1970391830956991744,英语学渣产生了一些不好的回忆……中文换个字就能表达清楚的事儿，在英语里面要挨个背单词,3201.922,1761980210,f517d2b4
1971032280625968128,这不叫逻辑，这叫历史渊源，如果英语本身有逻辑，他就该根据自己的语法规则来解释这些东西，而不是照搬别人的,3173.232,1762056557,9574db04
1986522542408234752,著名“星期八”哈哈哈哈,3064.179,1763903140,2a9d92f9
1988680519910594304,好可爱的语气啊,3211.732,1764160391,c847ffba
2015997122545654016,凯撒大帝修改了历法，十个月变成12个月,3118.741,1767416784,ae954710
2029776380103077120,都去店里吃饭了还不让用WiFi确实不厚道,3021.134,1769059400,361d239
,,0.0,1775683732.8000336,
lb.c,,0.0,1775683732.8000336,
,,0.0,1775683732.8000336,
1895737449360363776,哈哈哈这个音效,3434.307,1752989690,dd38837b
1895737554259906816,汉语自带超链接,3502.689,1752990382,7e894dc7
1895737698191642880,英文不是也有一些语气词吗,3463.7,1752993765,534bf33e
1895737702964760832,现在小孩学典故也是这样的,3515.271,1752993777,5866b398
1895737848280617216,所以他们上大学贵的要死,3301.863,1752995548,136254b6
1895737891691663616,如果目标是跟人勉强交流的话，很简单,3388.746,1752996103,7864b331
1895737902630408448,哈哈哈哈哈哈,3542.495,1752996835,e868d6e6
1895737928165331200,对啊对啊，本来就是啊，所以那些鼓吹国外如何教育平等的，本来就是扯别的，首先连语言就是不平等的门槛很高的,3270.78,1752996508,e868d6e6
1895738086819074304,感觉我和听英语一样,3398.682,1753007529,2f987c3c
1895738104141549824,我听英语听力也这样,3398.818,1753008039,fbf9b322
1895738124207100160,这里应该是well,3591.94,1753002948,90a344d5
1895738260068995328,语言浓缩ww,3415.286,1753013167,58c62de
1895738461571748096,亚洲语言普遍是这样的，主要还是大中华地区辐射,3581.0,1753014800,b345a1e6
1895738525392277760,我也发现了这个问题,3257.235,1753015917,6ee65ea5
1895738653964472576,此处BGM已经日本风格,3569.688,1753025562,226099f9
1895738823556960512,太where了哈哈哈哈哈哈,3558.444,1753026489,8ad6ba0b
1895738935712649472,我感觉老王就这几期非正下来汉语都有进步了,3428.469,1753027972,8d665d98
1895738962153541888,其实我现在在英国生活，无论是跟哪个国家的人说话，我经常回答嗯，他们都可以听懂，真的很方便很中文的表达,3471.945,1753054895,973da82
1895738991337509120,前面啊？的点在哪里？？,3505.733,1753067454,43cb6c93
1895739004096581888,我也才知道,3285.669,1753033782,d5c5e535
1895739009565954304,哈哈哈哈哈哈哈哈哈哈,3317.609,1753068397,f7934ca3
1895739326890217728,成语是超链接，所有熟语俚语和歇后语才是压缩包,3537.481,1753078668,1ea53aa5
1895809281815646464,最惨的是日本人，在这些基础上还要翻译成片假名背,3285.983,1753089277,d2fc1204
1895891365066548224,汉字自带压缩包超链接,3506.18,1753099062,1eeaccb8
1895906708459891456,哈哈哈哈哈哈哈哈哈哈哈哈,3542.014,1753100891,8223018c
1895917280982994176,弹幕呢？,3380.471,1753102152,4365b2b7
1895937886776867584,戴卢可是佛拉芒人,3461.641,1753104608,be52f108
1895945065151751424,1,3469.14,1753105464,83719079
1895974459136292096,老王这个手指的动物太萌了哈哈哈哈哈,3368.702,1753108968,c5fcbd94
1896736230398801920,迪伦想介绍哈哈哈哈哈哈,3285.135,1753199778,b9816bbd
1896738375130942976,哈哈哈哈哈哈哈哈哈哈杨迪太有梗,3552.143,1753200034,b9816bbd
1896773498131941888,不想听，不想了解医学法学这类太专业性的东西,3330.832,1753204221,b176604b
1897146857139167488,吧 吗 哦 ,3449.353,1753248729,35645b71
1897148948762767360,中文常用字2千～三千字，医学法律都能看懂（每个字）英文你得重学,3300.605,1753248978,729e3ab7
1897240958723524864,他是整形医生,3245.183,1753259946,c05066cc
1897344309032788992,HHHHH,3548.929,1753272267,e724095e
1897353674855129344,老王的汉语是靠“百家饭”成长的啊,3413.629,1753273383,d403eb94
1897959016110826496,我感觉日语表达比中文更模糊，但欧语系应该比中文清晰,3481.107,1753345545,9cdf46e6
1898037661450136320,没有语言是难的，融入当地都很容易学会,3360.179,1753354921,6ba6f998
1898147251440773632,学医的英文巨长一个单词,3249.832,1753367985,33c2f0de
1898595100549340416,yeahhh和“え？”的洗脑率也很高,3442.216,1753421373,a18ccce
1898595474438069760,好的，收到,3466.201,1753421417,a18ccce
1899889882369721088,然,3577.428,1753575723,3e3ca627
1899940569846165248,英文里的humm不就是这种意思吗,3483.17,1753581765,ae954710
1900248293867858176,看吧~,3476.886,1753618449,1bd801ae
1900268259098969856,大学学心理学法学，专外学的人想死，开卷我都累死，必须背一些，不然翻都翻不到,3309.209,1753620829,68efaa5c
1900386229888349440,害,3588.413,1753634892,33977ab
1900504034642194432,而且现在还在一直造新词 网络迭代也很快,3536.387,1753648935,8205cc06
1901038009001065984,确实，会有专业壁垒,3267.74,1753712590,c35a3236
1901043281199645696,整形医生不背专业医学词汇吧,3248.477,1753713218,ae954710
1901055028312566528,嗯 用英语的yeah 不行吗,3513.992,1753714619,bba3e7b3
1901699298253806080,哈哈哈哈哈哈哈哈哈,3555.241,1753791422,bb1af361
1902215296740708608,中文一个哦～～～能表达很多意思,3489.451,1753852934,167a1194
1902491000623422720,生物学全是拉丁语,3260.405,1753885800,59b380d7
1903115360002498048,汉文人点了,3530.814,1753960229,95e70b5d
1904402415873511680,哈哈哈哈哈哈,3438.59,1754113659,6327891d
1904520475078927360,我也想听伦儿讲历史,3336.829,1754127732,3e5e834
1904713978178131968,你会不会说重要的是环境问题，像我现在的应试教育，会看和阅读英文，写和说就很差,3417.528,1754150800,1606bf27
1904714897275852288,很多更复杂的，很多中国人也不知道,3523.445,1754150909,1606bf27
1904715420767052544,不就是看语气的吗,3577.83,1754150972,1606bf27
1906688697462662912,小姐姐英文很好好听 不是脖子右柠哈哈哈,3466.311,1754386205,1327ee61
1907359113126774016,粤语无障碍～喺！,3563.437,1754466124,d9a3acb1
1908669758451742720,还有古希腊语,3297.211,1754622365,f41917e3
1910307226334185216,让伦讲下历史,3294.697,1754817567,664d29dc
1915992112592547840,我想听伦说,3296.419,1755495258,cd971f7f
1915994372726802176,四姐reaction好棒,3542.21,1755495527,cd971f7f
1916230844314519808,语言还是要在环境中学,3421.751,1755523717,41d23346
1919282737379220480,匈牙利语也非常难,3351.111,1755887531,8ff620f
1920520378267664128,意群,3403.007,1756035069,99536495
1921097014738263808,陈铭老师说的吧,3438.683,1756103810,bc1232f7
1921950390136930304,就跟中国的好字一样，有时只是表示听到你话里的信息而已,3576.112,1756205540,91f228fb
1926835259497439744,经常看着看着觉得他们几个老外把中文说这么溜好厉害,3412.989,1756787862,b97e7a27
1938829039104673792,笑死我了，这句话谁说的？,3434.256,1758217632,c1c7a66
1996737031745336320,并非,3352.126,1765120802,74ba3500
2011293092187681536,哈哈哈和我对日语的感觉一样，，，呆了10年多 后面觉得是没有尽头的,3529.002,1766856020,1bdc989c
2012585087044033536,这个确实 日本的法律和医学基本是学习德国 舶来词也是基本用德文音译,3321.095,1767010038,83537bde
2018529617530469888,秦嗨汉诺,3562.248,1767718681,a29de8f8
2021310047682553600,是的,3262.826,1768050134,9ae24a60
2035768047671333888,法律也是一样的。中国法律也一样,3275.017,1769773662,f466f7d8
2038743529190839040,先学字，以字正音，阿拉伯人有这个意识，所以他才能学这么快，欧美人完全没有文字的概念，所以觉得中文最难,3384.196,1770128367,7966ad44
2038746329182394624,表情语言，本来也不用翻译,3590.184,1770128701,7966ad44
,,0.0,1775683732.8000336,
lb.c,,0.0,1775683732.8000336,
,,0.0,1775683732.8000336,
1895737386328363264,哈哈哈哈哈哈,3617.105,1752987469,882cd619
1895737509229859072,哈哈哈哈哈哈哈哈哈哈,3676.144,1752989498,59dfb4d2
1895737583057998080,天啊，67个字母组成,3637.073,1752989336,eb069b0d
1895737632492065024,来个短的,3853.378,1752993748,6cf1571
1895737693435302144,哈哈哈不许总结,3609.164,1752993497,6cf1571
1895737816580067584,这里字幕错了，表音文字,3890.122,1752995204,5579ad8f
1895737979226788096,这一季字幕太多错误了，怎么回事啊，中文外文都错,3896.211,1753006124,aab7b18b
1895738066770301184,日语和韩语是不是也是？只要会拼都会读，但是意思得再记,3906.105,1753001542,545954c8
1895738087733432576,哈哈哈哈哈哈哈哈哈,3845.99,1753000556,7b5f275c
1895738152468320512,哈哈哈哈哈哈哈好可爱,3651.946,1753012041,d93d12d4
1895738180737929472,巴别塔,3742.261,1753008044,a62ceb35
1895738275562754304,英文就有刚刚说的英法问题导致逻辑混乱,3943.0,1753015298,b345a1e6
1895738327530180864,日语是半拼音，保留部分中文,3886.0,1753015152,b345a1e6
1895738332093583616,象形文字就是比拼音文字要方便的,3886.0,1753015173,b345a1e6
1895738336648597760,所以传播效率很高，且没有文化断层问题，所以逻辑一直能保持,3943.0,1753015269,b345a1e6
1895738357620117760,想起之前看的用各国语言唱知否。到俄语就跟念咒一样,3849.285,1753016974,910793e9
1895738458845450496,啊啊啊最喜欢听大家聊各语言的特点！这是我当年看非正的初心,3614.056,1753016407,a354f0d2
1895738658519486720,愚者无畏也是一个压缩包呀，它不是常规的意思，俄语也可以生成一个压缩包,3826.746,1753025972,fe92a296
1895738785262964992,哈哈哈哈哈哈,3817.962,1753023551,ef8f951e
1895738933883932928,头晕了,3644.316,1753035085,13a0d4c4
1895738979476017408,确实，看小Q联合国的时候同传俄语的信息密度好低,3838.236,1753041245,cdfc31da
1895739066096783616,哈哈哈哈哈有意思,3612.271,1753067134,91850ea9
1895739104407556352,突然想起之前埃及代表穆小龙的名字也很长,3658.216,1753041498,4e76690
1895739162750324992,尼采：事情没有对错 只有视角不同,3726.186,1753073245,cb0b74b0
1895739177338114304,哈哈哈哈哈大家注意有位烫嘴的德国人要来啦,3629.774,1753067187,91850ea9
1895792428078861312,还真是,3941.511,1753087268,3a31dcb7
1895853082563739136,好漂亮啊,3705.421,1753094499,dc02669c
1895873710125642496,湖南话“搞”也有好多意思。,3601.591,1753096958,29a218df
1895907346799683328,翻译是代表自己翻译的,3697.145,1753100967,d0a706e0
1895978079743661568,decode（语言学人惊坐起,3717.032,1753109399,c5fcbd94
1896108421095192320,姐姐的专业和今天的话题好适配，语言差异,3706.185,1753124937,7388c77a
1896515341271146240,我喜欢这个话题，有意思,3616.444,1753173446,b99d4a1f
1896518162234223872,信息熵,3876.963,1753173782,b99d4a1f
1896543132645330432,这颜值，太好看啦！！！！,3695.311,1753176759,832cc876
1896780626377012736,不动产超级抵押,3636.607,1753205070,1f9c8d2e
1897154366721285632,我又要骄傲了，联合国文件里，就属中文那本最薄（叉会腰）,3813.058,1753249624,729e3ab7
1897941956827989760,都在酒里了,3865.043,1753343512,8b93c9d9
1898002374233537280,好像现在学校初学英语不给学音标了？,3917.24,1753350714,2a453a04
1898102017021935872,满分5,3789.416,1753362592,b29ebb7b
1898156268347363072,我记得我初中那会有学音标 但是不会重点去考,3923.454,1753369060,33c2f0de
1898512243499875328,大左表情笑死我了哈哈哈哈,3865.395,1753411495,4b7d9bf5
1899331643441710592,哈哈哈哈哈哈好可爱,3679.808,1753509175,1091612d
1900180799328848384,确实像吕一,3719.965,1753610403,115a0075
1900386773294106880,不对不对,3653.208,1753634957,33977ab
1901012436203785984,强行闭麦,3615.255,1753709541,2c9403ee
1901013060701833216,字幕乱回了,3657.418,1753709616,2c9403ee
1901170929900720384,还确认下对不对哈哈哈哈,3831.848,1753728435,aa15251e
1901171333829032960,给陈铭总结累了,3859.411,1753728484,aa15251e
1902159930518213632,六书,3947.484,1753846333,705b52ba
1902331185083402240,大学选修语言学讲过这个区别,3951.181,1753866749,92f8c01f
1902335700813538048,分析语,3890.528,1753867287,89ed58e
1903671238854313216,大学老师也一直强调要用外语的语境去理解外语不要纠结于对应中文是什么,3741.737,1754026495,b7a9b2eb
1904763067708153600,萨沙真一点口音没有啊,3759.038,1754156652,ddee2dcd
1905858903875679232,梅丽莎中文好好,3688.86,1754287285,7becfa2e
1906691517007991808,德语也是,3801.725,1754386541,1327ee61
1908906630024663808,俄语∶入门即入土，但不得不说俄语听起来是真的好听,3783.319,1754650603,43d421ca
1913917196015940096,法语也是,3808.423,1755247909,62e4d313
1915995900275556352,好喜欢梅丽莎,3713.265,1755495710,cd971f7f
1916030022574273280,语言的背后是思维逻辑,3695.995,1755499777,272ec1ba
1916079700078810368,忙啊，忙点好啊（doge）,3835.762,1755505699,746f4806
1916625392777953536,很有意思这趴,3621.459,1755570751,51f2909e
1920356151963837440,韩语就是,3912.685,1756015492,954b058c
1920523017751516672,专业的来了,3686.052,1756035384,99536495
1920524371614198784,对!!!!!!,3843.108,1756035545,99536495
1921484775709746688,又美又有学识，太厉害了姐姐,3711.137,1756150034,d0352b3
1921487725823974144,标注拉踩还是没必要哈哈,3945.676,1756150386,d0352b3
1924956553183220992,俄语语法确实难,3781.888,1756563903,e498a6f4
1928311481842799872,我怎么看到了autumn,3673.982,1756963841,272b951b
1929831823954261248,终于说到重点了，一维语言与二维语言,3932.368,1757145080,df7cc456
1937964820096246784,及格了,3795.295,1758114609,ea665755
1940204146955817728,这段话题讨论味道对了！！,3623.895,1758381557,add21500
1947129987367245056,萨沙有口音的，东北口音哈哈哈哈哈哈,3767.265,1759207182,ecb24fe1
1954999544181936896,我们是造字，其他语言是造词，我们是组词,3892.371,1760145306,fb6e727e
1960973806940170496,还有俄语的字感觉都一模一样233,3802.199,1760857494,8b1c7d51
1965271622538264320,字和词不一样啊，汉语的词能数清吗,3769.495,1761369833,b509e6de
1966180469729066752,对的，中国还有很多种方言呢，都是文化,3734.607,1761478176,33978299
1983664562083361280,老王的哇太可爱了,3664.275,1763562443,c53f17b0
1985149511878330880,陈铭没有总结的终究还是要来的,3681.241,1763739462,55203a50
2004619822436624640,上文言文,3868.638,1766060504,ffa3828d
2038747074585654784,这更像造了个固定搭配短语，而不是单词,3646.077,1770128790,7966ad44
2057933376119917312,好漂亮,3689.333,1772415975,dc69dd68
2072056217312398080,母语是汉语好骄傲啊,3882.558,1774099549,f82fb2da
,,0.0,1775683732.8000336,
lb.c,,0.0,1775683732.8000336,
,,0.0,1775683732.8000336,
1895737662774939904,再次安利陈老师的有聊，想了解陈老师对一些话题或者事物的看法的一定要看,4023.906,1752994396,534bf33e
1895737685701005568,俄罗斯女排功勋教练卡尔波利,4271.389,1752994558,7b2fe900
1895737697243730176,俄罗斯队那几年发挥起伏很大，拦防水平下滑了很多，换谁谁都得生气，卡尔波利老爷子不生气才怪了,4283.614,1752994661,7b2fe900
1895737894426349824,还真想听下去,4177.285,1752997978,c7bc6e63
1895737925430644992,不想听,4197.99,1752997336,ca646aae
1895737966459326720,哈哈哈哈哈 我开始逐字学习  doge,4196.912,1752998636,fbf64f60
1895738073137254656,中文是超链接语种,3984.747,1753006704,39499903
1895738140615217408,哈哈哈哈哈哈哈哈哈哈哈哈哈哈哈哈哈哈,4310.057,1753009910,259fe52
1895738233619714304,陈铭老师还想听！,4182.484,1753007774,53b79af0
1895738266444337408,的确，中文很感性,4124.538,1753015157,ef682fb2
1895738305652691200,这个好有意思哈哈哈,4208.39,1753014222,b1b00e21
1895738500780101888,man,3975.847,1753018973,f4eb18b5
1895738511718846720,音译在中文里很少见的，因为我们几乎啥都有对应的,4145.0,1753015534,b345a1e6
1895738631164236032,所以中文真的很美,4112.951,1753025099,a7349199
1895738649401069824,喜欢听陈铭老师说,4192.35,1753025462,105f8ab8
1895738683140051200,粤韵风华请你来学,4228.784,1753024098,99272c49
1895738787997651200,语言这个可以多出几期,4134.263,1753026762,d6bfe3aa
1895738869149044992,偏误,4027.411,1753027772,838e3436
1895738996798492928,哈哈哈哈哈,4203.489,1753035239,187c324
1895739035092488448,还想听,4147.312,1753067760,91850ea9
1895739036006846720,喜欢陈铭老师这期的总结,4148.159,1753035184,187c324
1895739102570451200,哈哈哈哈哈哈哈哈哈哈画,4154.529,1753069234,f7934ca3
1895739191011545344,Hahahaha ,4072.191,1753068882,8c10ef2b
1895793939530218240,嗷～都是……   太地道了萨沙哈哈哈哈哈,4258.574,1753087448,d8c0c6fa
1895917244123625472,希望陈老师说完，简直是精华部分哇,4200.455,1753102147,7d881d54
1895984355831034368,白帝圣剑，御剑跟着我,4280.148,1753110148,25b891ad
1896017901253990656,优先使用枝丫哦,3982.02,1753114146,487f1d6
1896022503672487424,这里也有佛（,4070.515,1753114695,698bab0d
1896322597734351360,中国诗真的作为一个中国人很骄傲，太美了，意境美，有的读起来也美,4105.965,1753150469,996c2fe2
1896460121219883008,好像是这样,3981.646,1753166863,9ec95bfa
1896520846001502976,但是这个总结我喜欢，涨知识,4086.27,1753174102,b99d4a1f
1896521961702968320,还想听，再说个五块钱的吧,4156.119,1753174235,b99d4a1f
1896676574695453952,普希金,4263.726,1753192666,54d3f224
1896725566901062400,哈哈哈哈哈哈哈哈哈哈哈哈哈哈哈,4310.07,1753198507,22445c1f
1896730106723395328,哈哈哈哈哈哈哈这期太有意思了,4209.816,1753199048,9cb4590f
1897010015916183808,对对对跟机关枪似的整个赛场都能听到,4272.545,1753232416,d539e6d1
1897077275255051776,哈哈哈哈哈哈哈哈哈,4190.698,1753240434,3c157400
1897174036765635072,陈老师的总结太棒了,4168.585,1753251969,edbe14cb
1897392318966345984,或许是“道”，但也确实不完全一样,4138.271,1753277990,bbeae81b
1897423909876315136,语言都基于一定逻辑啊，像一个公式往上套，怎么没逻辑了，汉子的构成组词都有逻辑思维啊,4200.979,1753281756,d849b843
1897862636431858688,没听够哈哈哈,4177.458,1753334056,c7d94c30
1897882039651485952,鸟语花香,4319.548,1753336369,5e6db3f9
1897898935013042688,可恶啊这次刚好是我感兴趣的话题,4161.582,1753338383,47a0e8bd
1898160146023362048,这点我作为留子真的深有体会 写英文论文的时候真的是一连二 二连三的感觉 不然会扣分的 但中文很少直接表达这么明确的,4143.613,1753369522,33c2f0de
1898164993313185792,其实古人造字也走过这条路，比如光马就有一百多种，骢骊骓骏骥骁，后来发现这样下去不是个事儿，太麻烦了,3975.043,1753370100,a725bfc4
1898638624019697408,我还没听够,4148.66,1753426561,71afd37d
1898787820446409728,反而英语会听就能拼写出来,3998.591,1753444347,636af638
1899369447870135552,涡轮苏卡！,4306.429,1753513682,3873c0bd
1899754244643268352,我也特喜欢听,4184.346,1753559553,a03bc12f
1899892586974535168,萨沙,4214.495,1753576045,3e3ca627
1900097116832440064,可恶，真的回味无穷啊，陈老师你再讲会儿吧,4169.039,1753600427,664e896
1900296271730859520,哈哈哈哈哈哈哈,4317.511,1753624168,cd73212b
1900392088978706688,笑鼠了,4276.249,1753635590,33977ab
1900392259451958016,太好笑了哈哈哈哈,4296.513,1753635611,33977ab
1901016738342964736,中文是体验,4037.216,1753710054,2c9403ee
1901019576444265728,过分了过分了,4306.717,1753710393,2c9403ee
1901803584791174912,一点也不短，(◐‿◑)﻿,4062.857,1753803854,f40bc1cc
1902041048625348864,不是道，更像理,4143.516,1753832162,18259142
1902331840049217792,感觉中文好美啊，艺术,3990.092,1753866827,92f8c01f
1902332906249409792,中文是瑰宝,4117.378,1753866954,92f8c01f
1902468908746143744,下次是什么时候,4190.613,1753883166,23568bd4
1902949917157764864,言有尽而意无穷,4173.006,1753940507,ca017a5
1903624783280088832,喜欢这个总结！,4097.385,1754020957,f0de91b3
1903829280824533504,我也喜欢看总结,4089.384,1754045335,5f529759
1904583630937199616,赞同，中文逻辑不严谨，甚至会出现颠倒黑白的情况,4118.207,1754135261,b6ee8bbd
1904685207156790528,西班牙拿铁,3995.688,1754147370,7bcfa025
1904719537870318848,中文里面的山有很多很多种,4043.343,1754151462,1606bf27
1904720340727399936,是的，我们中文文字逻辑不强,4117.347,1754151558,1606bf27
1905164537058565632,主持人就是控场的，时长要他负责控制的，没办法的,4223.159,1754204510,630e768b
1905314751845161728,元素周期表,3987.742,1754222417,2eb47862
1905861314233136128,陈铭懂得好多,3967.821,1754287573,7becfa2e
1905869100798891776,你们要聊这个我可就精神了,4216.222,1754288501,acf5d39a
1906539827319374592,哈哈哈哈,4241.001,1754368458,58d57e1c
1906540589273325824,哈哈哈哈哈,4310.782,1754368549,58d57e1c
1906688755184680448,桶装水瓶装水.v,4007.948,1754386211,819e3004
1907523442576883968,绝了,4169.636,1754485714,f5dd2f0d
1907644947604512512,等红灯是在等绿灯,4082.438,1754500198,ff8d4f0a
1907980387771732224,苏卡起手23333,4316.445,1754540186,e06c8437
1910170930404237824,圈粉le,4176.937,1754801319,738a73b
1910230441924162816,陈老师唱了一段跳一跳,3992.914,1754808413,f1feee36
1914555673774369536,山峦峰,4041.505,1755324021,c8be969c
1914633198378391552,白帝圣剑哈哈哈哈哈哈哈,4283.877,1755333263,39959bed
1914709549752189952,太好玩了哈哈哈哈,4297.298,1755342365,7dd1e666
1915999561113992960,哈哈哈哈哈哈哈哈哈,4246.601,1755496146,cd971f7f
1916629292717141760,不会这集都是滴滴滴滴滴吧,4207.55,1755571216,51f2909e
1916847819730828288,老王对中文的运用很通感,4059.05,1755597266,b575b51f
1919200580753647360,喜欢的话题总是听不够，不喜欢的好长，譬如什么信息信息，看到就头晕,4182.566,1755877737,ab909100
1920259340867743488,哈哈哈哈哈,4082.777,1756003951,6fe7767c
1920526322502341120,如如不动,4063.914,1756035778,99536495
1921992866163510272,哈哈哈哈哈,4082.943,1756210604,82b54504
1928582631055161600,我不同意，山我可以解释为突出地面很多的土或者石头,4048.353,1756996165,cfd3a899
1929016966887768832,喜欢语言期,4125.882,1757047942,bd775eca
1929832194772670464,这就叫降维打击,3960.908,1757145124,df7cc456
1932317703025618944,哈哈哈哈哈哈哈哈哈哈,4305.693,1757441420,52ac390e
1937429935681908224,好喜欢陈铭老师的总结 学到很多,4147.093,1758050846,664fbc21
1937697910745701120,其实还是有点口音,4237.83,1758082791,aeeff0bc
1938017766129012736,你不是外国朋友吗？,4224.433,1758120921,bd77f5f3
1943402323418697728,我认为中文是活字印刷术,4043.986,1758762810,fe599c6c
1952092445781283584,苏子开头列字结尾,4254.784,1759798753,b1e41dca
1960114288949624320,我也看了那个视频！！！！俄罗斯教练太凶残了！！！你们可以去网上搜,4271.027,1760755031,6a7c628d
1970983019397520896,听不懂俄语，主要看表情和神态啊哈哈哈,4293.443,1762050685,f517d2b4
1987896814821010944,记笔记。,4214.037,1764066966,a87e4250
1992810780202441728,哈哈哈哈哈哈哈哈哈,4311.986,1764652757,b087944c
1998380675866813952,四姐咋回事，怎么剪这个发型了，还是长发好看,4266.798,1765316740,ffa3828d
2005918499490857216,还得是秦始皇,4012.384,1766215319,11aba778
2027816003223746816,logic,4125.294,1768825705,8f58d927
2035829821229662976,不垢不净，不增不减,4079.032,1769781026,f9735bbb
,,0.0,1775683732.8000336,
lb.c,,0.0,1775683732.8000336,
,,0.0,1775683732.8000336,
1895737401436246272,怎么可能放出来,4342.782,1752987653,5aaa7626
1895737677907988736,啊？不是爷爷辈吗？,4418.736,1752994538,591a47e1
1895737751501246720,哈哈哈哈哈哈哈哈哈哈哈哈哈,4437.159,1752993639,c76f245a
1895737760066015488,爸爸的哥哥不是大伯吗？大爷不是爷爷的兄弟吗,4416.924,1752994737,5866b398
1895737777631760640,那应该听不了泰勒斯威夫特的这首歌吧哈哈哈哈哈哈,4668.85,1752994975,534bf33e
1895737803896492288,老王大好人啊,4585.286,1752995672,ce21b857
1895737832879132928,哈哈哈哈哈哈哈哈哈哈哈哈哈哈哈哈哈,4627.772,1752994815,534bf33e
1895738113259966720,不愧美食博主，这都能跟吃的联系上,4448.927,1753008271,13ee2db9
1895738151553962240,哈哈哈哈哈哈哈陈老师,4623.234,1753004086,e967e3fc
1895738287424246016,哈哈哈哈哈哈哈,4660.359,1753013919,fbf64f60
1895738324795494656,不像演的,4542.675,1753011315,47aef417
1895738367652892928,哈哈哈哈哈哈哈萨沙,4524.058,1753014007,5041b929
1895738494396371200,哈哈哈哈哈哈哈哈,4648.252,1753020067,eabe6363
1895738752438341888,大爷就是伯伯的方言啊,4420.588,1753027986,302e2cd4
1895738870055014656,哈哈哈哈哈哈哈哈哈哈哈哈哈哈,4627.886,1753030164,ea25d4d6
1895738921124860160,鸟语花香,4334.495,1753038594,23ddeab7
1895738943002349824,我笑的不行了,4567.735,1753035604,187c324
1895739028708757760,那确实不好，癌症很痛苦的,4375.493,1753037991,7a1afabc
1895739033272160512,北方大爷就是爸爸的哥哥，还有些地方会叫大爹,4422.924,1753038056,7a1afabc
1895739051508994304,比利时，荷兰，不由自主地dudududu,4370.072,1753045018,cdfc31da
1895739054243680512,这期太好看了哈哈哈哈,4582.978,1753035619,187c324
1895739071566156032,全世界的趋势哈哈哈哈哈哈哈,4405.411,1753069485,f7934ca3
1895739076129558784,看来还是妈妈重要哈哈哈哈哈,4448.138,1753069527,f7934ca3
1895739088888631552,靠北不算？,4416.782,1753068705,d4e31129
1895739092537676032,笑得我肚子疼,4397.34,1753062755,928dfa68
1895739105305137408,是红大爷,4418.911,1753072489,63882395
1895739118072598784,哈哈哈哈 老王太可爱了,4587.157,1753061525,67cfac19
1895739125362299136,哈哈哈,4564.19,1753070523,86ed341b
1895739337812185344,哈哈哈哈哈不愧是学霸,4661.75,1753080270,928ebf4c
1895833647970618624,哎 闽南话林北就是 可惜唐大哥不在了,4408.122,1753092182,717a589b
1895902750144143360,这个还……,4321.524,1753100419,738625c6
1895907869804003328,本来就听不懂，那听不听得到又有什么关系呢，在公共场合说脏话本身就是不文明的行为,4360.674,1753101030,b41d23bf
1895908179586673152,哈哈哈哈哈不行了笑哭了,4388.324,1753101067,8e85fd5f
1895927466716137216,哈哈哈哈哈哈哈哈哈哈哈哈哈哈哈哈哈哈哈,4394.076,1753103366,4365b2b7
1895928548712294912,哈哈哈哈哈哈哈哈哈哈哈哈哈哈哈哈哈哈哈,4520.928,1753103495,4365b2b7
1895982829658685952,我也是,4675.5,1753109966,42cad9e5
1896001296768195840,哈哈哈哈哈哈哈哈哈哈哈哈,4677.235,1753112167,ee1f6f9b
1896400773932488448,哈哈哈哈哈哈哈哈哈哈哈,4598.659,1753159788,e1f0140c
1896512698288793600,跟我们见外了不是,4365.396,1753173131,6a042d86
1896514385674094080,老王又拿吃饭举例哈哈哈哈哈哈哈,4454.776,1753173332,272cb156
1896608734999507456,满意满意特别满意,4371.008,1753184579,6958d185
1896642155020717056,苦肉计哈哈,4590.242,1753188563,445a39f6
1896642936713124608,对对对,4676.515,1753188657,445a39f6
1896696260124513024,自爆型劝架,4561.628,1753195013,fc5c5aac
1896763454762194688,他们不会哈哈哈哈哈哈哈哈,4569.196,1753203023,b9816bbd
1896765768927379200,哈哈哈哈哈哈哈哈哈哈哈哈公费报仇,4542.799,1753203299,e8be185e
1897011300463673856,有带大爷的,4411.438,1753232569,d539e6d1
1897013120430860032,老王好吃的没白吃还挺有劲,4613.994,1753232786,d539e6d1
1897218638458098176,讲的好可爱呀哈哈哈哈哈哈哈,4468.158,1753257286,d9749c34
1897324740884846080,我也是,4678.681,1753269934,8693b549
1897363774932184320,想了解的可以自己找找一些俄的生活vlog之类的,4361.289,1753274587,d403eb94
1897426030323611648,哈哈哈哈哈哈,4387.518,1753282009,d849b843
1897430303178371840,陈老师梦开始的地方,4635.859,1753282518,d849b843
1898107734009310976,有的，闽南话里面的靠北就是,4409.048,1753363274,b29ebb7b
1898140754749313024,拉开了已经,4552.403,1753367210,9a457285
1898604176352239360,风和日丽，鸟语花香,4320.185,1753422454,a18ccce
1898604469584211456,这么长一段吗救命怎么还没完啊哈哈哈哈哈哈哈哈哈,4334.886,1753422489,a18ccce
1898827115965592320,大爷，不是大爷爷啊,4423.334,1753449031,1ffa9383
1899264598080031232,果然是美食博主,4449.549,1753501183,d04c374a
1899496872319092736,凉菜哈哈哈哈这个比喻,4441.171,1753528872,3820b86
1900043563572775680,到底是啥？好想知道,4348.134,1753594043,3ad68769
1900320971148192768,被带歪了，哈哈哈,4644.234,1753627112,968d7bd9
1900998015238881792,0帧起手,4521.96,1753707822,478a57e2
1901003546199856128,北方不说大伯，都是说大爷,4429.826,1753708482,2216f793
1901074396593528576,坑爹只是调侃 上升不到骂人,4438.056,1753716928,bba3e7b3
1901091973570498560,放出来吧，反正听不懂,4334.352,1753719023,18259142
1902337660274969600,哈哈哈哈哈哈哈哈,4604.007,1753867520,92f8c01f
1903081973443330560,哈哈哈哈哈哈,4535.647,1753956250,623dd44
1903082273570880768,哈哈哈哈哈哈哈哈,4568.091,1753956285,623dd44
1903781401921761536,其实有用,4589.383,1754039628,1ddd0afb
1903806233291993600,老王那么有力吗,4603.096,1754042588,29c7c55b
1903952397949739520,这个情节 解放西 看过一样的，哈哈哈哈哈哈,4560.019,1754060012,e1245ea0
1904516717376838400,因为妈妈是孩子的第一位老师啊！,4403.275,1754127284,9e41d483
1904530899417644288,哈哈哈哈哈哈哈哈哈哈哈哈哈你个感冒,4385.563,1754128975,3e5e834
1904530978748724992,和哈哈哈哈哈哈哈哈哈哈哈哈哈哈哈哈哈哈哈哈哈哈哈哈哈哈哈哈哈哈哈哈哈哈哈哈哈哈哈哈哈,4384.499,1754128984,3e5e834
1904532923857065216,没有妹妹呢,4492.766,1754129216,3e5e834
1904538811812607744,哈哈哈哈哈哈哈哈哈哈哈哈哈哈哈哈哈哈哈哈哈,4645.546,1754129918,3e5e834
1904722568506592768,不是，这有什么可防的呢,4341.418,1754151824,1606bf27
1905449384062253056,新疆好像也是,4496.703,1754238467,a48719d1
1905497931360905728,伊朗和俄罗斯打起来啦,4529.621,1754244254,c0863c00
1906542784094295808,哈哈哈哈哈,4559.017,1754368810,58d57e1c
1907526196715882496,哈哈哈哈哈哈哈哈,4523.519,1754486042,f5dd2f0d
1908679452259804928,xx日记,4362.117,1754623521,f41917e3
1908744384842053120,你们听不懂，别人听得懂啊，我就是学俄语的，很多人学俄语日语,4357.8,1754631262,6ba6f998
1909668420170398720,四个层次,4433.428,1754741415,d7fb52ee
1911359300216006400,哈哈哈哈哈哈,4447.784,1754942984,984e8387
1911359604252789760,太逗了,4455.784,1754943020,984e8387
1913398067118770176,马月！受到严格保护,4495.758,1755186024,e540d7cc
1914634620675197952,爸爸好惨,4409.305,1755333432,39959bed
1914635448362681088,老王好有意思啊,4468.254,1755333531,39959bed
1914637087353891840,陈老师好帅好可爱,4628.134,1755333726,39959bed
1916001994548683520,萨沙现在好有效果啊,4525.363,1755496436,cd971f7f
1916630927698902784,哈哈哈哈哈哈哈哈哈哈哈哈哈哈,4395.624,1755571411,51f2909e
1916852277454065152,骄傲的小表情,4513.962,1755597798,b575b51f
1918109775393509888,加长版都听不到,4327.512,1755747703,e10ac76a
1919292270814105600,三句话不离老本行。老王就是老王,4441.278,1755888668,8ff620f
1920360764641292800,大爷（轻声）和大爷（二声）是不一样的辈分,4424.525,1756016042,954b058c
1920530535504589824,苦肉计,4559.312,1756036280,99536495
1924962263669318912,确实,4378.913,1756564583,e498a6f4
1928317987325752320,爸爸不重要和哈哈哈,4437.715,1756964617,272b951b
1928473381473163008,陈铭老师哈哈哈哈哈哈哈哈哈哈哈什么叫你个感冒啊哈哈哈哈哈,4387.472,1756983141,27acc97c
1930119365563671296,关键有个俄罗斯妹子全能听懂，哈哈哈,4350.281,1757179358,5f57ee63
1932318721125803008,哈哈哈哈哈哈哈哈哈哈哈,4386.414,1757441541,52ac390e
1937685851845080064,肺结核我们叫痨病,4387.045,1758081353,748c3342
1937711880739083008,现在有了,4411.543,1758084456,e8f1e80f
1937713293271636224,以身入局,4575.73,1758084625,e8f1e80f
1946610506567641600,哈哈哈哈哈哈哈什么鬼，好搞笑,4396.361,1759145255,3a0f6945
1946616695774839040,毕竟母亲是生你养你的人，是个人都不希望。除非你原生家庭环境不好,4477.17,1759145993,eb269b47
1954247216982614016,就好像放出来我们能听懂一样,4348.708,1760055622,99c7f039
1967670342588077312,阿阿阿啊啊，我要听,4342.408,1761655783,eb09f285
1977879332269668864,哈哈哈哈哈哈哈哈哈,4648.638,1762872790,aedabb3d
1986532170919592192,想听啊,4334.675,1763904288,2a9d92f9
1993856239851235072,哈哈哈哈哈多少是有点私人恩怨了哈哈哈哈哈哈哈哈哈哈哈萨沙,4520.851,1764777385,ed5612f4
1996746304319704576,有的 中西部地区很多,4410.686,1765121908,74ba3500
1999494019419440896,盲猜第四个祖先,4482.623,1765449461,29cd0eb
2004628390627918080,老王男友力爆棚啊，华波波都有150 6了,4609.39,1766061526,ffa3828d
,,0.0,1775683732.8000336,
lb.c,,0.0,1775683732.8000336,
,,0.0,1775683732.8000336,
1895737548723425536,哈哈哈哈哈什么是我们不能听的,4749.619,1752990264,1549437e
1895737557581795584,来啦来啦,5024.737,1752990286,a1639211
1895737558689091840,哈哈哈哈哈哈哈哈哈哈哈哈,4902.274,1752991699,eb069b0d
1895737576405831936,哈哈哈哈哈哈哈哈哈哈笑飞了,4980.356,1752990608,39108e46
1895737633507086592,免礼免礼,5039.074,1752990708,59dfb4d2
1895737685701005571,哈哈哈哈哈哈,5002.412,1752993137,98f16374
1895737800272613632,哈哈哈哈哈哈哈哈哈哈哈哈哈哈哈哈哈哈哈哈哈哈哈哈哈哈哈哈哈哈,4982.027,1752995330,a4557f7c
1895737802998911232,万一听不懂怎么办,4874.018,1752994933,81bc2129
1895737948222492928,什么梗？,4748.329,1752998164,d6922fe2
1895738125113069824,就这个湖北味正宗,4711.305,1753011041,7a763aee
1895738285595529472,双板确实可以倒着滑,5008.25,1753011373,43686648
1895738620225491200,哈哈哈哈哈哈哈哈哈,4984.609,1753022510,65fd9e50
1895738757907714304,太损了,4985.149,1753022518,65fd9e50
1895738832675377408,来来来来,5036.598,1753027077,8a513c81
1895738966708556032,太可爱了超超,4747.358,1753060176,4f7b0147
1895738992243478784,就是歇后语,4867.877,1753034556,c7bc6e63
1895739080684572928,哈哈哈哈哈哈哈哈哈哈,4918.722,1753069998,f7934ca3
1895739131746029824,哈哈哈哈哈哈哈哈哈哈哈哈哈哈哈哈,4994.089,1753062512,3bd1c757
1895739196480917760,这段发出杠铃般的笑声,5030.092,1753075104,28ad2a59
1895739201044320512,斑马斑马，你回到了你的家,4704.204,1753075169,c2cf2fbe
1895739208334020864,突然好凶的超超,4710.536,1753075185,c2cf2fbe
1895739269428252928,哈哈哈哈,4730.776,1753075210,df6e1fa7
1895739282195714304,个斑马 武汉读书学会的第一句武汉话,4704.434,1753073116,76b350d2
1895771221057041664,歇后语骂人是吧hhh,4865.028,1753084740,ea88348b
1895892382798022400,真的很像用歇后语骂人,4858.534,1753099184,1da0b061
1895904636515565824,四姐镜头太少了，感觉他的观点还没开始就没了,4765.842,1753100644,58b836f8
1896404829505373952,哈哈哈哈哈哈哈哈活学活用,4949.724,1753160272,f1957628
1896405288303884800,哈哈哈哈哈哈哈哈哈哈哈哈哈哈笑死我了,5003.653,1753160327,f1957628
1896468623779084032,哈哈哈哈哈哈,4981.223,1753167877,9ec95bfa
1896588932171657472,Dylan好帅,4935.291,1753182219,bd4e22b9
1896649488324662272,非正“倒着哥”,4978.032,1753189438,280fcb51
1896737496214828800,哈哈哈哈哈哈哈哈哈哈哈哈哈哈,4982.203,1753199929,9cb4590f
1897014030158811904,你瞅啥的意思吗,4715.633,1753232894,d539e6d1
1897014233171284992,想咋的,4732.518,1753232919,d539e6d1
1897019864125305344,胖跟秃顶？华波波？哈哈,4804.17,1753233590,88971e98
1897165318887847424,哈哈哈哈哈哈每次都要拿出来反复“鞭尸”,4994.106,1753250929,729e3ab7
1897254941232950272,哈哈哈 杨杨很合适,4903.28,1753261613,2a986023
1897344532589414144,又狠又能播哈哈哈哈，好绝,4852.883,1753272293,55d83f10
1897762938228495616,哈哈哈哈哈哈超超你咋这么可爱呀,4748.926,1753322171,3c4a8341
1898076422447444224,这个味太对了，喵莫斯喵,4713.793,1753359541,49e5e8b6
1898116838467539200,哈哈哈哈哈哈哈,4959.312,1753364359,8d117f15
1898162780163908608,笑晕了这个梗,4843.97,1753369836,b71cfd89
1898407579726848000,我也是！本来已经冷静下来了听到这句话又会死灰复燃,4680.153,1753399018,28dcc9f6
1898620921531941120,哈哈哈哈哈哈哈哈哈哈哈哈哈哈哈哈,4990.806,1753424451,a18ccce
1898621235324599808,萨沙：我这一生如履薄冰,4998.994,1753424488,a18ccce
1898621702788319488,这里就很适合配个bgm：长江黄河还有黑龙江~~~,5007.924,1753424544,a18ccce
1898674081130886656,auv真地儿道～,4950.016,1753430788,2738fae5
1898686192863140864,伦儿,5032.685,1753432232,b0850c04
1898718675599884544,喵喵喵  喵莫比,4716.685,1753436104,f83ddc9a
1898842469316472832,这是歇后语啊,4860.486,1753450861,17e2fe2c
1899339586950643712,喵帕斯,4719.067,1753510122,7ef1f30f
1899599321197446144,谎言不会伤人，真相才是快刀,4805.355,1753541085,bc31ead9
1900380122948168960,是LULU!,4784.341,1753634164,81aeaa1b
1900503618960948736,梅林的胡子,4886.484,1753648886,fcdaa08a
1901024484039726336,哈哈哈哈哈哈哈,4942.838,1753710978,2c9403ee
1901079414683921152,给你俩窝窝是“傻瓜你看什么，你走开”的意思,4779.862,1753717526,e67086c2
1901079829685023488,老王可以啊,4824.392,1753717575,e67086c2
1901079976536206080,盆景的伐木工赢了,4830.592,1753717593,e67086c2
1902231732707858432,啥意思没懂,4835.101,1753854893,c1f2fe77
1902338815436637184,动物吵架哈哈哈,4741.721,1753867658,92f8c01f
1902339230270251776,好可爱,4791.413,1753867708,92f8c01f
1902465103329566464,哈哈哈哈哈哈哈,4900.32,1753882713,24d07282
1902505877391889664,我懂！不仅是吵架，平时明明一件事已经在做了，非补一句你去做一下，我也会生气,4683.771,1753887574,29c4c024
1902512598906821376,翻旧账了,4925.858,1753888375,d89f1503
1902594920603297792,这一段巨好笑,4932.927,1753898188,26f5d348
1903085253296941312,哈哈哈哈哈哈哈哈哈,4913.221,1753956640,623dd44
1903422713532604160,完全沉浸在自己的艺术创作里了,4892.961,1753996869,bb961bc8
1903895399203318784,沉浸在自己的艺术,4885.319,1754053217,c51a6472
1905868802760226304,好有趣,4725.221,1754288465,7becfa2e
1905869663649455104,哈哈哈,4823.731,1754288568,7becfa2e
1906076866142587904,超超好美～～～～～～,5033.296,1754313269,ba077aef
1906843327282730752,不知道两个buff梗被萨沙听到了会怎么样哈哈哈哈,5018.175,1754404638,4ad5b7c7
1906853502798462464,笑飞了这期哈哈哈,4973.051,1754405851,de5d2566
1907283657380028416,个斑马是吧哈哈哈哈,4741.914,1754457129,654346f5
1907369347933021696,咩啊～,4736.208,1754467344,d9a3acb1
1907528459920721920,中文也是哈哈哈哈哈哈,4843.019,1754486312,f5dd2f0d
1907988977269993984,就跟吵架的时候对方说你冷静一点,4687.296,1754541210,952047f4
1909012552659049984,你看看！,4887.06,1754663230,a30a61d9
1914639175487860992,好艺术,4868.566,1755333975,39959bed
1914699145797749760,免礼免礼,5038.536,1755341124,6a35cdb9
1916331482058605056,去五常,4934.547,1755535714,299590f4
1920572473301738496,你别急哈哈哈哈,4680.084,1756041280,bc587f4c
1921150194511518720,无效消音,4767.931,1756110149,cc860fab
1921999990281070336,膝盖脑袋哈哈哈哈哈,4820.756,1756211453,82b54504
1922699810163473408,哈哈哈哈哈哈这个好玩膝盖脑袋哈哈哈哈哈哈哈,4821.902,1756294878,bc17ebe1
1922718678232065536,buludo在大力水手里面就是大块头,4769.819,1756297127,990a1ffc
1924745898970591232,吼吼吼吼吼吼吼吼吼吼吼吼吼吼吼吼,5002.511,1756538791,90bb401c
1924967089098646016,哈哈哈哈哈哈哈哈我懂了,4839.73,1756565159,e498a6f4
1928431833856027648,四川话 哈哈哈,4802.515,1756978188,272b951b
1930122968890291968,一般是表和马,4760.893,1757179787,5f57ee63
1932207309505761536,真不用客气，哈哈哈哈哈哈哈哈哈,5037.71,1757428260,5b4783e3
1932323510836293120,歇后语骂人 在中国能把我骂笑，没有杀伤力,4856.499,1757442112,52ac390e
1938651722562595840,这个环节好想看英国代表,4803.651,1758196494,7514575b
1941575577676902144,中国好像也是,4880.714,1758545045,7a001e02
1956604467680680960,哈哈哈哈哈哈哈哈哈哈哈哈哈哈哈哈哈哈哈哈哈哈哈哈哈哈倒哥,4987.29,1760336628,d35c8a9
1957521618251751424,有备而来,4898.296,1760445961,ae02b522
1963046567418170368,完全get不到哈哈哈，太艺术了,4878.238,1761104586,54f7b9d0
1963047484477570560,卧槽哈哈哈哈哈哈太搞笑了,4987.548,1761104695,54f7b9d0
1963047606246712832,太有梗了我的天啊,5002.101,1761104710,54f7b9d0
1988704206604970240,萨沙现在好大方,4966.483,1764163215,c847ffba
2005156528713694464,形成内部梗了 哈哈哈,5015.259,1766124485,32b92588
2018407658939996416,武汉话好好玩,4761.811,1767704143,964a8dca
2027838086511379968,哈哈哈哈哈哈哈哈哈哈哈哈哈哈,4860.422,1768828337,8f58d927
,,0.0,1775683732.8000336,
lb.c,,0.0,1775683732.8000336,
,,0.0,1775683732.8000336,
1895737252798501120,一个轴打起来了,5382.658,1752985054,7e19df34
1895737399926296832,老王居然赢了哈哈哈哈哈,5194.259,1752987261,f69ff094
1895737549830721792,众爱卿平身,5040.701,1752988640,1f930d45
1895737559796388096,买不完了,5324.051,1752990445,3f8c2705
1895737585272590592,这个除了买卖还能组什么？,5347.699,1752990663,1549437e
1895737629463777536,买了锅巴,5269.404,1752992283,7e894dc7
1895737792127275264,这也太难了除了脏话我一个也想不到,5250.819,1752994250,4374cf64
1895737809332310272,伤疤,5096.912,1752995497,a4557f7c
1895737812956188928,艾丽莎还比了个功夫出招动作，好可爱,5228.918,1752995826,5866b398
1895737818392006912,这下真的势均力敌王不见王了，战力很均衡,5221.14,1752995797,5866b398
1895737822913466624,怎么不把小贝喊回来哈哈哈哈哈 全国总冠军,5232.53,1752995811,ca18aa72
1895737839220920576,随便,5103.405,1752995510,a4557f7c
1895737861601726720,哈哈哈哈哈,5280.223,1752995737,a4557f7c
1895737870728532224,哈哈哈哈哈,5357.137,1752995819,a4557f7c
1895737878009843968,这个难度好高我一下没想出来,5250.43,1752995861,5866b398
1895737975577743616,太搞笑了这段，会长帮得也真是不明显哈哈哈,5309.076,1752998714,d5478533
1895738014786097408,我都想不出这么多orz,5177.407,1752998128,cda41c26
1895738146998948096,富贵使我们相遇,5054.133,1753003938,94179e93
1895738222680969472,上边其实可以的...至少广东话里可以这么讲哈哈哈哈哈,5132.578,1753012151,f11a2bc3
1895738259154637056,那我必须得发个弹幕,5045.758,1753013226,4c2d7347
1895738280117768448,哎哟喂排面是自己给的,5053.218,1753015344,2394c70f
1895738286535053568,我都想不出来,5361.944,1753014671,635d7cfe
1895738288321827072,大左感觉好疲惫呀,5089.831,1753010259,2275038b
1895738300183318784,买了个包,5277.18,1753014758,73e9b877
1895738319326122240,哈哈哈哈哈哈哈哈哈哈哈,5333.776,1753014745,fbf64f60
1895738331187613952,水表,5101.409,1753013084,8f071823
1895738358542864640,哈哈哈哈,5289.412,1753013835,fc1db046
1895738420534677760,厉害,5362.198,1753013915,fc1db046
1895738453367689472,手臂,5083.725,1753019015,c2db3739
1895738483457626368,散步,5110.21,1753018989,c2db3739
1895738492567654656,私奔,5156.474,1753019088,c2db3739
1895738497131057408,散步,5178.373,1753019110,c2db3739
1895738523571949824,伤悲,5147.874,1753019080,c2db3739
1895738528126963968,帅爆,5171.778,1753019103,c2db3739
1895738537287323904,松柏,5115.542,1753019154,c2db3739
1895738560959975680,那么棒,5397.279,1753020515,c2db3739
1895738573719048448,迷恋改编,5350.312,1753020373,c2db3739
1895738581931495680,美丽古堡,5344.655,1753020257,c2db3739
1895738616576446720,雷妃：嬗变的女人,5152.275,1753018117,6ee65ea5
1895738643931697408,上榜,5139.362,1753019071,c2db3739
1895738657605128448,塞北,5125.34,1753019163,c2db3739
1895738663988859136,三百,5114.292,1753022376,fd2dafbb
1895738781613920512,买了个包,5269.515,1753030952,ea25d4d6
1895738925679874304,会长喜欢俄罗斯人哈哈哈哈哈哈,5280.092,1753038953,7a1afabc
1895738932969574656,笑死我了,5378.09,1753029813,bde1c345
1895738939353305344,哈哈哈哈救命笑死我了,5309.07,1753045893,23ddeab7
1895739014146134272,散步,5114.314,1753068800,91850ea9
1895739130831671552,想不出来,5264.519,1753072461,9f25c571
1895739175509397760,会长明目张胆啊哈哈哈哈哈,5276.576,1753072003,9f04a8dc
1895739183721844992,？,5103.33,1753070183,f7934ca3
1895739216546468096,麻辣锅巴？,5317.463,1753073025,39c07fe7
1895739235689271552,思辨,5100.653,1753075567,bf28894c
1895739250285449472,这是真的强……,5354.932,1753072572,9f25c571
1895739315020337408,老王的食物词汇库太丰富了,5202.207,1753075106,cb0b74b0
1895806227742127872,不愧是全球总冠军哈哈哈,5355.453,1753088913,20dfe047
1895865772513874176,呵呵哈哈哈,5295.841,1753096011,f81c7508
1895865835151917056,笑死我了,5302.521,1753096019,f81c7508
1895905592497846784,波波超级不想输给老王啊哈哈,5168.56,1753100758,e1c79dc9
1895913210587020800,厉害也,5356.678,1753101666,738625c6
1895940028228628736,哈哈哈哈杨迪笑死我了,5331.187,1753104863,9a7995d3
1896001709957121536,这个游戏确定不是在考验旁边的观众吗哈哈哈哈哈哈哈,5169.79,1753112216,692c8ed6
1896005638208190720,哈哈哈哈哈哈哈哈哈哈哈哈哈哈哈哈哈哈,5309.536,1753112685,ee1f6f9b
1896037717519832320,我不行了,5303.486,1753116509,35861f7e
1896103813057326080,众爱卿平身,5055.166,1753124388,272d704
1896266853488527360,买了个包,5255.593,1753143824,136938f4
1896397577185262080,买了个表,5252.363,1753159407,8c816764
1896398972085054976,买了个布,5322.799,1753159574,8c816764
1896487745384687360,是全世界冠军强啊  这个怎么可能平衡？,5225.606,1753170156,3f43cf38
1896518030927038976,哈哈哈哈,5287.335,1753173767,6a042d86
1896647238626065664,散步,5186.384,1753189169,445a39f6
1896700332483297024,买了个表,5262.862,1753195499,fc5c5aac
1897110671595089408,买了个饼,5303.296,1753244415,42da3e49
1897164510704274176,会长，真的一点都不偏心,5318.682,1753250833,35645b71
1897465344239936512,这里为啥正片没有啊很好玩,5316.955,1753286695,9c3b5844
1897907599363012096,加长版不是没人吗？,5061.923,1753339416,47a0e8bd
1897994325766477824,应该的应该的哈哈,5048.248,1753349755,4abc64a0
1897996747196894720,哈哈哈哈哈哈哈哈逛超市,5307.543,1753350043,4abc64a0
1898119123121513216,波波太搞笑了,5193.237,1753364632,8d117f15
1898135047518137856,免礼免礼,5075.625,1753366530,eedeee86
1898384560598181888,平身,5075.322,1753396274,b2d05ef3
1898624478083756544,超市逛的差不多了哈哈哈哈哈哈哈,5326.782,1753424875,a18ccce
1898641201796753152,密林古堡,5368.404,1753426868,8d9a3176
1898884709665421312,哈哈哈,5068.504,1753455897,ef9aebaa
1898897792614057216,S 和sh不算一个声母吧,5137.151,1753457456,90af0186
1898916617254438656,平身吧,5045.044,1753459700,22a3160b
1899502490740164608,比芒果台的明星们厉害,5090.131,1753529542,3820b86
1899503928598076672,好难！,5256.872,1753529713,3820b86
1899529220980670720,美丽告别,5329.076,1753532728,3860f01a
1899556139150926336,买了个包,5262.774,1753535937,c8a83ae1
1899575159195537664,我就说梅丽莎眼熟哈哈哈哈，我看过她,5237.393,1753538205,fbcf58ae
1899948884919695104,字幕靠点谱啊,5152.318,1753582756,ae954710
1900027691504725760,随笔,5111.845,1753592151,2b2c365c
1901026696434365696,哈哈哈哈哈哈哈哈笑死我了,5177.66,1753711241,2c9403ee
1901048621018345216,来了,5068.436,1753713855,53f028f4
1902279610704792320,哈哈哈哈哈哈哈哈哈哈哈哈华波波提高笑了 这个节目不能没有他,5287.656,1753860600,c78fc6cd
1902280109591719680,哈哈哈哈哈哈哈哈哈哈杨迪太有梗了,5336.723,1753860660,c78fc6cd
1902422537695188480,哈哈哈哈哈哈哈快乐了,5041.893,1753877639,ddafd2e4
1902693614774649856,这就是冠军局吗,5308.838,1753909954,13f56837
1903910791510760448,果然是冠军,5323.393,1754055052,117508bc
1903911183124587264,冠军！！！,5370.074,1754055099,117508bc
1904583799472911360,那这样没完没了了 卖了个包也可以啊,5323.205,1754135281,3e5e834
1904731512910551296,买了钢笔,5296.383,1754152890,1606bf27
1905066977614457088,瀚笙给的,5216.827,1754192880,f13424e0
1905263256428680192,哈哈哈哈哈会长假装淡定,5280.272,1754216279,aa36fe3a
1907445196561016064,生病,5096.403,1754476386,aff6fc4
1907655909418110976,描了个边，密林古堡,5369.951,1754501505,ff8d4f0a
1907988948337628160,买了个饼,5269.577,1754541206,e06c8437
1907994271211606272,买了广告,5264.943,1754541841,952047f4
1908432339672427264,这都是我应得的,5050.366,1754594063,9342b3c4
1910180167972956160,买了个表,5278.063,1754802420,738a73b
1910181115902401024,这个好玩,5385.844,1754802533,738a73b
1913125294877852928,爱卿平身,5060.819,1755153507,54a9596e
1914074693993248256,华伯伯笑死我,5210.801,1755266684,9d8aa9dd
1919614221571346432,哈哈哈哈哈哈哈哈哈，买买买，都买,5296.307,1755927047,3ae4c2e2
1921022768267938048,我都想不到,5361.449,1756094959,bc587f4c
1924779962440228352,设备,5089.709,1756542851,e8f6d141
1925468671896090112,看似法国vs中东，实则两伊战争,5183.768,1756624952,24f302e9
1928594371599874304,不愧是世界冠军,5361.448,1756997564,cfd3a899
1932625767037357824,太有牌面了,5107.729,1757478144,f487febd
1932832749916950784,波波笑死我了,5190.952,1757502818,75a35b32
1932833280899017472,想念小贝和田田,5232.806,1757502882,75a35b32
1948196474001477888,哈哈哈哈哈哈哈,5316.907,1759334317,2edb9fb1
1949690376261184256,没了个饼 哈哈哈,5334.374,1759512404,c9c423cb
1952273205201067264,上边其实是，他们搅混了,5164.153,1759820301,5ff286de
1956607870947309056,哈哈哈哈哈哈哈哈哈哈哈笑飞了,5336.797,1760337034,d35c8a9
1957526017011285504,发币，顺发nb,5390.776,1760446485,ae02b522
1999460690884832000,哈哈哈哈哈哈哈哈好搞笑哈哈哈哈哈,5054.438,1765445488,14f3cf30
2002097945549358592,前面外国小学生一人一句汉语那个真的哈哈哈笑死我了,5392.207,1765759873,1bae6291
2031437688779518208,满意,5047.429,1769257443,ec44781a
2036248800440067584,手办,5123.573,1769830972,f9735bbb
2036249860122444544,似是故人来,5248.255,1769831099,f9735bbb
,,0.0,1775683732.8000336,
lb.c,,0.0,1775683732.8000336,
,,0.0,1775683732.8000336,
1895737395396448512,jhhhhhhhhhhh,5592.303,1752988526,a7ab481d
1895737412022669568,我都想不起来这么多,5460.772,1752987439,a1639211
1895737441869336832,因为想不起来哈哈哈哈,5481.576,1752987556,f69ff094
1895737443119239424,波波好可爱,5457.3,1752989533,e9b5076c
1895737485532041472,不够看哈哈哈哈哈哈想看轮番制回合,5670.743,1752987808,fcfebb41
1895737626443878656,]',5625.691,1752991166,967ceef9
1895737643598582016,为啥我的弹幕带框框,5614.122,1752990985,3f8c2705
1895737666809860352,文创书包,5664.861,1752992253,88230e29
1895737685701005569,笑死，好像那个两组外国人比中文的视频,5594.036,1752991870,6c6d890c
1895737696287428864,想看陈铭和陈超的,5515.841,1752993725,b594b266
1895737720085909760,我吃柿饼,5633.349,1752993925,4f3c338d
1895737730554892544,我才十八,5654.687,1752994895,f3d0b903
1895737779443699968,哈哈哈哈哈哈哈哈哈,5736.412,1752996216,a4557f7c
1895737794836795648,还好，我来看了加长版,5683.765,1752995605,6cf1571
1895737843750768896,无偿上班,5638.111,1752995528,8eb43737
1895737876189516032,他不会是在拿你重温日语吧233,5757.212,1752997386,4944442d
1895737884393574656,？哈哈哈哈哈,5656.724,1752996132,a4557f7c
1895737888042619136,拿眉笔,5442.43,1753001707,d7f8343a
1895737898075394304,用一之濑当外教是吧哈哈哈哈,5759.226,1752996601,5866b398
1895737912679960832,发币厉害哦,5491.201,1752998959,e868d6e6
1895737956426551552,哈哈哈哈哈哈哈哈哈哈哈哈哈哈哈哈,5736.542,1753005397,e549f4d8
1895738018435141888,我才上班,5615.672,1753004949,4c54570f
1895738042141348096,发币好厉害！,5451.412,1752998910,d5478533
1895738055814779136,游戏能多玩一点吗？来个车轮战了。,5682.602,1752999172,e868d6e6
1895738163407065344,朕心甚慰,5668.633,1753010633,ca2efdba
1895738188941988096,留学生可以打工，就是时间限制很严格,5745.238,1753013337,450eca7a
1895738207178821888,我吃烧饼,5569.522,1753014025,97afe170
1895738304738332928,笑疯了,5717.724,1753014888,c5fcca58
1895738349416059136,我查设备,5603.283,1753013524,20dffd1e
1895738529041322240,我吃柿饼,5549.573,1753019787,c2db3739
1895738564600631552,我曾上榜,5583.306,1753019726,c2db3739
1895738568249676032,我才上班,5578.215,1753019651,c2db3739
1895738618405163264,哇小熊好棒,5453.439,1753021183,6474f847
1895738628454715648,满意满意,5683.919,1753021786,d3e0ea9e
1895738771581145344,在燃什么啊,5467.292,1753022738,56239c78
1895738808969171200,无偿上班,5557.94,1753033292,8be21198
1895738855467225344,满意满意啊,5669.129,1753027481,8a513c81
1895738904708354304,无偿上班,5550.733,1753055909,a05c4e50
1895738919296143616,厉害,5458.113,1753029509,d0eeaf61
1895739073386483968,外出上班,5662.292,1753071341,86ed341b
1895739233868943616,跟武昌过不去了哈哈哈哈哈哈,5559.595,1753072312,9f04a8dc
1895739271248580864,前面那个五厂上班太痛苦了。,5650.181,1753072906,9f25c571
1895739280375386368,我吃烧饼,5528.493,1753076329,c2cf2fbe
1895739287665086720,哈哈哈哈,5585.042,1753076389,c2cf2fbe
1895739297697861888,666,5456.592,1753076238,c2cf2fbe
1895835379563980800,围城士兵,5651.483,1753092388,182693f5
1895851890223828736,我吃烧饼,5601.387,1753094356,cc93cef3
1895867141996042240,法币好可爱哈哈哈哈,5442.503,1753096175,f81c7508
1895941503516821504,想看华波波,5502.962,1753105039,3c5a3395
1895954531570156032,玩游戏没人能赢得了杨迪吧,5516.139,1753106592,be52f108
1895962419218839040,好可爱啊小熊,5481.88,1753107533,83719079
1896048714238634240,文创商标,5603.24,1753117820,24b0ce4c
1896048828952522752,发币比我厉害,5489.092,1753117833,e871e898
1896387736265527552,好可爱小熊,5433.348,1753158234,f608a6a7
1896401899398836992,我创商标,5627.201,1753159923,8c816764
1896523232526567168,四姐笑死我了,5461.734,1753174387,272cb156
1896696361970702080,真的好喜欢法币啊啊,5497.907,1753195025,ec077e8b
1896969714811750144,哈哈哈哈哈哈哈哈特别满意,5683.167,1753227611,cef95630
1897110417386297344,你。,5404.486,1753244385,2bf6365a
1897182469959562240,农民办（农业民生办公室）,5439.96,1753252974,af7c4445
1897184104504922112,无此设备,5617.079,1753253169,af7c4445
1897351985011783168,他发音不但好，调也对,5725.673,1753273182,55d83f10
1897377089222017024,How much?,5715.06,1753276174,7566605b
1897422756426506496,我常上班,5558.897,1753281618,fc5c5aac
1897422918418934784,我出书吧,5568.62,1753281638,fc5c5aac
1897458025171003136,满意满意,5677.512,1753285823,b5323672
1897465090669115648,武昌社保,5582.953,1753286665,d844b0d7
1897769479799142144,法币：let's 骄傲,5481.513,1753322951,3c4a8341
1897938668409864704,哈哈哈哈哈哈,5572.82,1753343120,87627e63
1898060457676681728,这反应怎么那么像外国小孩中文对决哈哈哈哈哈哈,5462.655,1753357638,9cdf46e6
1898138011901385472,怎么没有伦儿,5665.598,1753366883,a0901713
1898178762122903296,我超帅吧！,5632.839,1753371741,a725bfc4
1898423743408421376,这Part这么精彩居然没在正片,5650.83,1753400945,28dcc9f6
1898625744000134400,到底在燃什么哈哈哈哈哈哈哈哈,5464.166,1753425026,a18ccce
1898626550623448832,我测试吧,5559.064,1753425122,a18ccce
1898652728138751488,一之濑刚才输了可能情绪不稳定,5549.571,1753428242,915050e3
1898689587413796352,拿面包,5423.287,1753432636,b0850c04
1899319571606164480,全德国总冠军,5480.43,1753507736,f21b3ea5
1899535640992131840,晚餐随便,5520.474,1753533494,3860f01a
1899602976826559232,会长忍不了了,5665.041,1753541521,89699852
1899607193679394816,很满意，但是不够看啊哈哈哈哈哈,5681.754,1753542023,bc31ead9
1899951105459742976,我查书包啊,5602.221,1753583021,ae954710
1899999679023416320,无偿上班,5655.703,1753588811,87413e4e
1900766299857394432,我出师表,5622.888,1753680200,33977ab
1901031541963149056,无偿上班太有才了,5661.33,1753711819,2c9403ee
1901464422439217664,乃木坂,5411.02,1753763422,80000882
1901466327198751744,五彩水笔,5622.899,1753763649,80000882
1901505084160859136,卧床上班,5635.369,1753768270,a9930091
1901667443429404672,赖赖笑死我了哈哈哈哈哈,5462.246,1753787624,c475edd4
1901688907461504000,绝,5594.196,1753790183,6bdd20d4
1902191443406318080,我才十八,5536.747,1753850090,23b7cf3c
1902282980836447232,想看所有代表玩哈哈哈哈,5692.99,1753861002,c78fc6cd
1902972836168174592,好喜欢发币啊啊啊啊可爱小熊,5497.535,1753943239,94613f3a
1903814713050594560,我吃烧饼,5527.927,1754043599,29c7c55b
1904240408750914304,我吃烧饼,5520.633,1754094346,4213efaf
1904400734091486464,哈哈哈哈哈哈哈哈哈哈哈,5444.369,1754113458,21f73640
1904733937142578688,……,5572.108,1754153179,1606bf27
1907275934575481856,那么棒,5475.248,1754456209,818eee32
1907503311805048832,哈哈哈哈哈哈,5433.297,1754483314,6816ab2b
1907504852112736768,好搞笑,5670.051,1754483498,6816ab2b
1907628097827065088,华波波好搞笑,5413.673,1754498190,ea7aa49a
1907629029776458752,这个游戏好玩！！以后经常,5503.358,1754498301,ea7aa49a
1909211300433862656,文创手办,5641.868,1754686922,2ad516b
1910183692849001728,每期都来这个游戏,5693.155,1754802840,738a73b
1911661393863138816,我才十八,5635.78,1754978996,67c7bc24
1911940037441274368,我常说不,5577.471,1755012213,319d79a8
1916862547517593344,无偿上班这个太狠了哈哈哈哈哈哈,5640.532,1755599022,b575b51f
1916886203115027456,不满意太短了！,5691.918,1755601842,41d23346
1919615919593383936,法币好厉害,5491.366,1755927249,3ae4c2e2
1919874236307270400,太搞笑了,5709.81,1755958043,c4469e21
1924973871791438336,五彩水笔，无偿上班,5634.207,1756565967,e498a6f4
1928489303462333440,武昌酥饼啊,5649.501,1756985039,27acc97c
1931182947986193664,前面说文创的好厉害,5633.131,1757306147,d9c08631
1932631454336961792,满意满意,5684.543,1757478822,f487febd
1936645971006506240,你忙吧,5443.395,1757957390,cc3af606
1938432632782593280,完成设备,5697.579,1758170376,a3545458
1945259887495943936,龙颜大悦,5676.325,1758984249,deea00f
1957526892588923392,他俩这么强的吗？直接加时赛了,5475.556,1760446590,ae02b522
1977901549582004224,关税哈哈哈哈哈哈,5436.202,1762875438,aedabb3d
1977901725834636800,小熊好棒！,5457.17,1762875459,aedabb3d
1988742475853880320,哈哈哈哈这个是Dylan在后面说的,5609.534,1764167777,c847ffba
2002100048816625408,外国小孩中文对决真的，太形象了，这俩都笑死,5467.471,1765760124,1bae6291
2015436799140933120,高级词汇,5450.301,1767349988,a9603673
2018415095944305664,无偿上班(,5616.425,1767705029,964a8dca
2035137440129502976,弄明白,5418.548,1769698488,ca126b
2035137714621479936,你明白,5451.275,1769698521,ca126b
2068517489595502592,那么棒,5472.838,1773677700,471d6181
2077821577877208320,朕很满意,5679.263,1774786834,585cded5
,,0.0,1775683732.8000336,
lb.c,,0.0,1775683732.8000336,
,,0.0,1775683732.8000336,
1895737858867040512,哈哈哈哈哈哈哈哈哈哈哈,6096.333,1752996585,a4557f7c
1895737880752918784,沆瀣一气这词还是能用得到的233,5937.428,1752997598,4944442d
1895737919046914304,哈哈哈哈哈哈哈哈哈哈哈哈哈哈哈哈哈哈哈哈哈哈哈哈哈哈哈,5870.631,1752996356,a4557f7c
1895737949136851200,德国人太好笑了,5863.154,1752999715,8b34e573
1895737969194012928,阿雷真的动漫影视资深中毒哈哈哈哈哈哈,5838.142,1752997069,5866b398
1895738141521187072,犄角旮旯很少用吗？上海话里经常用到啊,6049.474,1753008868,39499903
1895738273742426368,除了呶字都认识,6060.585,1753013759,20dffd1e
1895738364003848448,踽踽独行这种基础词大左一个主持人不认识不应该吧,6002.5,1753015847,e69ebdef
1895738431481811200,圭臬感觉也很常见,6014.236,1753015872,e69ebdef
1895738444249272576,好厉害 卢可！,5923.251,1753018736,1c68567a
1895738555482214656,我觉得奉为圭臬还挺常用的,6019.476,1753019682,79d441b5
1895738669466620160,新梗出现了,5963.161,1753023686,65fd9e50
1895738727817777408,哈哈哈哈还拆啊哈,5877.108,1753023916,5ec74794
1895738740585238784,还得是总冠军！,5923.556,1753029089,d6bfe3aa
1895738798936396032,这期好搞笑,5880.071,1753023927,5ec74794
1895738800765112576,魔法小樱,5811.727,1753025778,ef8f951e
1895738804405768448,Latino American也是American哈哈哈,6088.033,1753033291,5404f33
1895738847263166720,哇好久不见的歌，我现在还全知道且会写呢,5922.622,1753029406,302e2cd4
1895738994978164992,戴卢可好会串场,5918.405,1753033135,5404f33
1895739036921204992,口语里很常见 但书面很少写 才叫生僻字,6084.412,1753069602,221a9f5
1895739067917111552,犄角旮旯哪个地区都用啊,6076.904,1753036132,37b64554
1895739303167234304,超超可能只是重影看成垚了哈哈哈,6025.872,1753080031,3f6b3267
1895803686740271360,德国人神奇的笑点出现了,5860.314,1753088610,677e1eff
1895940938636112896,哈哈哈哈哈哈哈哈哈哈哈哈哈哈哈哈哈哈哈,5956.417,1753104972,4365b2b7
1896006384517540608,哈哈哈哈哈哈哈 太好笑了,5877.08,1753112774,e10bb37e
1896394704246373888,往里玹,5888.848,1753159065,45f0e9c9
1896525961894243328,还记得穆小龙的也特别长,5863.237,1753174712,9c5bc011
1896526792475403776,突然感觉和一个母语者说对方的母语好刺激。,5849.288,1753174811,272cb156
1896528996767018496,伦反应好可爱,6093.046,1753175074,272cb156
1896694142336784640,我为什么这么黑,5850.046,1753194761,16f0b446
1896746298607480576,哈哈哈哈哈哈小魔女dorimi我的童年,5817.55,1753200978,9cb4590f
1896782108769874944,哈哈哈哈阿雷好棒,5823.344,1753205247,5856c37c
1896837444775896832,沆瀣一气，绵绵瓜瓞什么的其实也蛮常用的，都是会读，不一定会写,5963.667,1753211844,9450640
1897302336104199424,原来阿雷也是个二次元啊，圈粉,5807.807,1753267263,729e3ab7
1897408696875986688,bgm是星矢。。。,5826.178,1753279942,7ea9d3d5
1897539050743992576,是真的 喜欢看番剧随便都有N3了 日语听懂会说不算难,5774.395,1753295482,6f99a845
1897540654679205376,碗里选,5906.056,1753295673,6f99a845
1897941885038393856,哈哈哈哈哈德国人,5869.457,1753343503,4227b274
1898063552024567040,善逸！,5827.305,1753358007,9cdf46e6
1898064079399573504,xs我的笑点是发币笑,5864.169,1753358070,9cdf46e6
1898097346118832640,生僻字那个歌词的选择标准太不统一了所以体感好不好也是一阵儿一阵儿的hhh,5931.174,1753362036,45af011b
1898114145447495424,紧跟时事哈哈哈哈,5827.651,1753364038,ba542c3c
1898161274299396864,考试会用到吧，或者语文老师,6051.412,1753369656,9a457285
1898467852772804608,哪里常见？你平时都会说这些吗？我只能读一些，意思知道的就更少了,6031.791,1753406203,a725bfc4
1898468393661528832,确实是American,6081.24,1753406268,a725bfc4
1898544657131158528,会长日常开始挖坑了,5973.106,1753415359,e68aeabe
1898792509870598400,魔法少女小圆，魔法少女奈叶，魔卡少女樱，憧憬成为魔法少女,5789.357,1753444906,c1c112d8
1898950122260736256,我的天啊,5932.388,1753463694,eeae67ec
1899611716883880704,哈哈哈哈杨迪这个变声,5986.176,1753542563,5ebece69
1899953432166147328,怎么难的都会，简单的反而错了超超,6015.364,1753583298,ae954710
1900078198046300160,哈哈哈少女雷,5809.075,1753598172,1091612d
1901032821930525952,哈哈哈哈哈哈哈哈哈,5810.507,1753711972,2c9403ee
1901035550375286784,格局,6102.475,1753712297,2c9403ee
1901038084020175104,笑死,6081.102,1753712599,2c9403ee
1902445816619673088,可爱的四姐,6110.63,1753880414,c085033b
1902473656388011520,哈哈哈哈哈哈哈哈哈哈,5884.153,1753883732,24d07282
1902507918574530560,鬼灭！！,5827.326,1753887817,ecae7fb8
1903092981570356992,哈哈哈哈哈哈哈哈哈,5817.734,1753957562,623dd44
1904588337600721664,中二哈哈哈,5768.847,1754135822,3e5e834
1904588540294738176,和红红火火恍恍惚惚哈哈哈哈哈哈哈哈,5787.755,1754135846,3e5e834
1904607506802715648,xswl,5877.161,1754138107,2f77163b
1904738394345604608,不考生僻字没意思呀,6059.583,1754153710,1606bf27
1905360955819970304,先笑了,5858.11,1754227925,95e70b5d
1906556910518333184,哈哈哈哈哈,5871.662,1754370494,58d57e1c
1907415837069982464,不会是飞天小女警z吧,5820.521,1754472886,43d8243f
1908251049396513536,哈哈哈哈哈,5828.769,1754572451,d8a8f583
1913315501447857152,奉为圭臬不是很常见吗，，,6018.38,1755176181,9b40c598
1916341011081184256,这里阿雷莫名的像唐大哥,5760.723,1755536850,299590f4
1916656189127610112,哪里常见了，只有几个是常见的,6036.563,1755574422,51f2909e
1922655339275858176,犄角旮旯也会，只是不太会写,5941.477,1756289577,99536495
1923491622692854784,歌里的都会比较熟啊,6044.668,1756389269,a82a2ebb
1924750576206771968,哈哈哈哈哈哈哈哈哈哈哈哈哈哈哈哈哈,5819.439,1756539348,90bb401c
1924751062737679616,吼吼吼吼吼吼吼吼吼吼吼吼吼吼吼,5873.51,1756539406,90bb401c
1929398244665353728,初中的时候我们也学这个表演过,5947.352,1757093394,bd775eca
1954296916465043200,戴卢可的承上启下可太中国了哈哈哈哈,5910.649,1760061546,99c7f039
1957531727765723136,哈哈哈哈，陈超其他生僻的都知道奉为圭臬这么日常的居然不会,6007.196,1760447166,ae02b522
1963056219074066944,我的天啊，怎么会有这些这么多语言超能力者,5857.992,1761105737,54f7b9d0
1967686962006220544,笑死，反正我认不全哈哈哈,5978.628,1761657764,eb09f285
1977904572307833856,魔法少女哈哈哈哈哈,5795.978,1762875798,aedabb3d
1977905919635666176,哈哈哈哈哈哈哈哈哈,5956.683,1762875959,aedabb3d
1994610009833088768,超超好厉害,6041.25,1764867242,51701351
2010424270157225984,奉为圭臬这个，我感觉应该都知道啊，看古装剧什么的,6007.049,1766752448,a0b99804
2016016522979979008,超超怎么不认识圭臬，这是固定组合啊，垚涅是啥意思,6007.162,1767419097,ae954710
2026860148143955200,穆小龙？？？,5856.924,1768711758,c0ad9fc7
2036277408915183872,我只会醍醐灌顶和犄角旮旯,5991.627,1769834383,f9735bbb
2038025793061976064,德国人莫名其妙的笑点笑死我了,5864.035,1770042806,b8b5200d
2057973005103436544,高中语文考了你还能记得？反正我是感觉上大一就修为散尽了,6045.684,1772420699,dc69dd68
2058963017848770048,我可能知道他咋学的语言了,5843.198,1772538718,60c31dff
,,0.0,1775683732.8000336,
lb.c,,0.0,1775683732.8000336,
,,0.0,1775683732.8000336,
1895737596345553152,哈哈哈哈哈哈哈,6195.466,1752991046,a1639211
1895737605254254848,笑到捶床,6248.056,1752991132,a1639211
1895737756257587456,哈哈哈哈哈哈哈哈,6247.548,1752993724,46e1d41a
1895737873454829824,这表情包加的哈哈哈哈哈,6247.145,1752995808,591a47e1
1895737955520581888,哈哈哈哈晚上睡觉起来扇自己一巴掌。,6242.077,1752996766,a4557f7c
1895738234534072576,美国的刻板印象又增加了哈哈哈哈哈哈,6262.432,1753014661,d93d12d4
1895738291970871552,地大物博吗哈哈哈,6424.625,1753014057,450eca7a
1895738441514586368,美式英语跟英式的相比是真挺村儿的,6304.472,1753017646,6ed7a38b
1895738527220994304,这句话感觉很深刻,6342.095,1753018411,9cfc41f8
1895738529955680512,好惨,6240.329,1753015944,e967e3fc
1895738545457828096,洋脸在身我心依旧是中国心,6343.404,1753019165,b3e76332
1895738814438543616,伦儿好漂亮,6121.658,1753026098,ef8f951e
1895738827214393600,还好我们中文故意说别的口音腔调不会被说,6221.909,1753034289,9ef562ec
1895738931149246720,哈哈哈哈哈，绝,6261.929,1753027770,105f8ab8
1895738994063806720,以前好像聊过,6323.611,1753065947,c76f245a
1895739099835764992,感觉四姐马上就要入党了,6358.412,1753041164,f2cbd317
1895739164570652928,北京啊，都鼓楼钟楼和胡同了,6466.915,1753074268,cce57685
1895739223836168448,哈哈哈哈,6185.472,1753075358,b465a5f8
1895876772915284736,好红,6342.445,1753097323,f81c7508
1895891145075744000,完啦！漂亮国居然是我自己,6332.931,1753099036,720bb977
1895911263230715648,这一期可太好看了哈哈哈哈哈哈哈,6293.681,1753101434,cc998cf0
1895977013316171008,真的 我现在在英国 班上有美国同学老师都问为什么来英国哈哈哈因为感觉美国人很少来,6233.393,1753109272,7021661
1895996712578404608,哈哈哈哈,6191.243,1753111621,42cad9e5
1896011026604849152,哈哈哈哈哈哈哈哈哈哈,6248.296,1753113327,692c8ed6
1896053738805025792,笑死我了,6338.26,1753118419,35861f7e
1896348810541099264,盆栽伐木工,6185.449,1753153594,b7453a45
1896660913071964928,入党！马上入党！,6335.06,1753190799,280fcb51
1896752974823802112,萨沙真的长大了哈哈哈哈哈还劝架了,6286.28,1753201774,9cb4590f
1897031264495085056,英魂不散,6129.09,1753234949,88971e98
1897172399880213760,缘分,6350.275,1753251773,fe4eee91
1897191079833737984,伦儿好好看,6141.739,1753254000,edbe14cb
1897329347598687232,四年英伦行 一生英国情,6138.756,1753270483,cdc452f4
1897379646639815168,英美日常共轭嫌弃,6150.158,1753276479,d403eb94
1897470722797396480,就像有些人说着说着说英文感觉自己很能似的,6155.088,1753287336,9c3b5844
1897881482706794240,反复播放，笑发财了这段,6120.382,1753336303,a5babba0
1897980178177896192,哈哈哈哈哈哈哈哈,6134.889,1753348068,290bcf14
1897990451865073152,主要是大部分的美国人会对英音有滤镜,6302.454,1753349293,c5e94360
1898037108598766848,我觉得英音比美音好太多了，主要是美式英语有种不好好说话的感觉,6151.32,1753354855,e3a9f12d
1898068025727885056,也没有r音好像,6268.82,1753358540,9cdf46e6
1898469431701780736,四姐吐槽笑死我了,6195.492,1753406392,a725bfc4
1898638472119025920,B+可以了，我的二外只有及格，但我还是往简历上写我会,6389.578,1753426543,a18ccce
1899515964723618304,很多去台湾上大学的人也会有台湾腔,6237.288,1753531148,3820b86
1899583646470362112,哈哈哈哈哈哈哈哈,6195.813,1753539216,fbcf58ae
1899589769240256768,政审吗,6331.689,1753539946,80311199
1899903850559699712,英音好听啊,6271.685,1753577388,3e3ca627
1900743884129465600,东北腔,6156.205,1753677528,fc5824e9
1900962778974280704,“再给我上颚共鸣试试看呢”,6139.283,1753703622,7c263e9f
1901039338478048256,缘分,6410.357,1753712748,2c9403ee
1901092486005857536,这一趴杨迪和大左配合好默契好好玩,6240.882,1753719084,bba3e7b3
1901111475482086656,东北菜好吃不辣,6470.381,1753721348,18259142
1903696970439590656,我以为这个词是 可以,6419.591,1754029563,b7a9b2eb
1903909804733164032,哈哈哈哈哈哈哈哈哈这么严重吗,6142.532,1754054935,c51a6472
1903912608323439360,这个讲过，老师说他没天赋他吃激将法非要学哈哈哈哈,6350.203,1754055269,c51a6472
1904470534801020416,温文尔雅温润如玉钟逸伦,6222.688,1754121779,cc2734ec
1904581796449178880,没事萨沙会倒着说,6144.19,1754135042,5bd65cde
1904592053267419392,伦儿比较像英国的,6176.889,1754136265,3e5e834
1904592758221061888,哈哈哈哈哈哈哈哈哈,6240.501,1754136349,3e5e834
1904741835662920192,中国其它不说，论美食绝对世界第一,6444.448,1754154121,1606bf27
1907997071420911104,很明显是要伐木哈哈哈哈哈,6187.912,1754542175,e06c8437
1910189102486362880,大漂亮,6338.048,1754803485,738a73b
1910189214340135424,漂亮过,6351.282,1754803499,738a73b
1914652145542984448,这期好好看,6310.42,1755335521,39959bed
1916890106191840512,来了来了 入坑点,6131.6,1755602307,41d23346
1938459317036858368,4,6137.704,1758173558,7ce065f9
1942844325235513600,我真该死啊哈哈,6254.36,1758696291,1448c64
1967689487748992512,口音会混也正常，在外地待久了回家就会被说口音变了,6211.908,1761658065,eb09f285
1971860351436493056,真好,6405.79,1762155271,83beff44
1975472819102343680,我喜欢这期的所有！！,6331.166,1762585911,75855fc6
1988749246333072384,可怜的伦儿,6254.717,1764168584,c847ffba
1988750225619440640,支持Dylan，英音好听,6272.114,1764168701,c847ffba
2011318177330127616,好家伙哈哈哈,6456.191,1766859010,1bdc989c
2024979683494084864,这话题能客观的聊吗,6321.496,1768487589,4756a90
2069095069641645568,有没有可能美国人不说纯正的英语才是违背了自己的故乡,6150.449,1773746553,6b2b33d2
,,0.0,1775683732.8000336,
lb.c,,0.0,1775683732.8000336,
,,0.0,1775683732.8000336,
1895737660753285376,这一期真的很好看,6541.435,1752992583,a8f5ef7c
1895737685818446080,享受2025，好戳人的表达,6794.065,1752992554,dd38837b
1895737804802461952,哇哦，好想听一听,6713.441,1752995454,98f16374
1895737829255254272,老王算最有发言权了，毕竟经历过生死后来的,6760.292,1752998269,4944442d
1895737865259159808,但是这种速度也会有很多后遗症,6628.733,1753000515,8b34e573
1895737968288043264,那还是不一样的，中国贫富差距大，但基础建设都很好，欧美可不是,6678.52,1753002110,5e592343
1895738173439840512,应该是说医疗不便利，拖着拖着很多病人就错过最佳治疗时间,6709.748,1753010160,20af4969
1895738642102980864,哇，好会说,6794.595,1753022472,755ab053
1895738734201508096,和平,6749.651,1753027321,d89d8cbd
1895738795295740160,兼容并包,6823.86,1753032301,177de300
1895738872798089472,对自己深爱的国家有反思是很好的一件事,6721.795,1753038055,187c324
1895738902879637760,喜欢这样的真诚分享,6543.19,1753037588,187c324
1895738912006443264,希望都能变得更好,6721.795,1753038063,187c324
1895738932063604992,哈哈哈哈哈在一个伊朗人的房间里两个美国人吵起来了怎么这么好笑,6711.525,1753063546,f032f0af
1895739024153743616,其实这种对速度的适应能力也是一种温水煮青蛙。,6620.268,1753037869,187c324
1895739090717348096,不知苦所以不能言苦。,6622.315,1753037904,187c324
1895739095272362240,来郑州吧，郑州地铁是真的很有人文关怀,6736.904,1753040485,7a1afabc
1895739168219697408,五千年,6837.086,1753066340,e94d0ef6
1895739195574948096,都一样啊，大部分资源掌握在少数人手里，底层挣扎求生,6685.378,1753069042,3e15afd5
1895739298603831552,贫富差距...真的很难缩小,6671.593,1753077459,f04b19be
1895739300432548096,战乱国家的人要考虑的是生存，和平的国家才配谈生活,6772.315,1753073897,f8b0e6b0
1895739333257171200,唉...,6667.752,1753077438,f04b19be
1895916809107255552,来成都坐地铁吧,6741.512,1753102095,cc998cf0
1895922409224457984,幸存者偏差罢了。跟不上的会被毫不留情抛弃消失,6635.987,1753102763,9cc53f64
1895927999803579392,看了饼叔和老王的视频，很感慨,6763.186,1753103429,2f51f428
1895937469820941824,喜欢陈老师每次认真的聆听大家的发言,6547.615,1753104558,7d881d54
1895945543797188096,哈哈哈哈哈哈哈哈哈哈哈哈哈哈哈哈哈哈哈,6503.187,1753105521,4365b2b7
1895971705936303104,中国自己外宣也是重点在传统文化，对内也强化传统文化在中国文化中的代表性，青年文化一定程度上缺失，也有舆论环境的因素，外国人误解也很正常,6589.994,1753108640,108016b
1896042506861772032,这个我居然有点不信,6824.197,1753117080,698bab0d
1896055550030980352,中国也一样只是程度问题罢了,6658.388,1753118635,35861f7e
1896115798288929536,只缘生在此山中我没觉得变化很快但是回头看好像也变了蛮多,6649.705,1753125817,cc2734ec
1896346407598641152,说一样的去认真了解一下中美差异吧，本质是不同的，中国在努力缩小贫富，美国不是,6687.136,1753153307,996c2fe2
1896389793135554816,哎也不是每个中国人都过得很幸福，我就很累,6804.345,1753158479,671e7525
1896445143561997056,每个国家都需要伦这样的理性主义,6735.808,1753165078,2babe5d1
1896692445161556736,未知全貌 不予置评,6500.385,1753194558,d10e6859
1896713597632456448,前面那个为什么不信啊？就用大类来说，南北方的很多人了呀，更别说这么多省，每个省，每个城市，甚至每个村的文化都不一样。,6830.016,1753197080,c93b4313
1896713718285980672,很多元了,6834.261,1753197094,c93b4313
1896732865308570624,AUV,6591.584,1753199377,54d3f224
1896762050744070656,哈哈哈哈哈哈哈在一个伊朗人的房间里,6709.359,1753202856,9cb4590f
1897033430391823872,每个人都累换个地方你会连觉得累的功夫都没有还要担心能不能活到明天,6812.842,1753235207,d539e6d1
1897036751005286656,投共一念起，顿觉天地宽,6735.699,1753235603,c50570d0
1897124829325385984,国外一些媒体的刻意描绘,6600.162,1753246103,42da3e49
1897224976302927360,这俩私下可一定要还是好朋友啊,6713.528,1753258041,e6299164
1897398342565690112,真的，我们被保护得很好了^ω^,6774.265,1753278708,ca23a4
1897434692518111488,苏丹的游戏你是不是原型哈哈哈哈,6776.575,1753283041,b7b7e82b
1897549057816156160,鼓楼钟楼是西安,6483.967,1753296675,6f99a845
1897599146278760704,中国内部当然也有问题，但和国外的程度还是不一样的，多去了解一点再发言吧,6682.239,1753302646,68f3b35d
1897599835788886016,一个江苏各个市县方言文化都不一样,6838.453,1753302728,a12485dc
1898072217221687552,想起luigi,6699.647,1753359040,9cdf46e6
1898085967332604160,这后面的话题多来几期，说不完啊,6609.427,1753360679,d849b843
1898126853265714176,没办法拒绝变化/dog,6625.936,1753365553,ba542c3c
1898641050416426752,人民的愿望都相似。。,6675.15,1753426850,a18ccce
1898785992081696768,英国：勿cue，谢谢,6689.673,1753444129,cc3adea9
1899394054693909504,不接受也很好办，慢慢被淘汰咯,6624.492,1753516615,3873c0bd
1899524978576745984,可能是荒诞吧，比较合适,6523.504,1753532223,7cf865be
1899569833494887168,梦幻不好吗？,6573.202,1753537570,3860f01a
1899644931426164480,中国也不能避免,6661.822,1753546522,d5bc7b78
1899645448348985344,当然我们现在正在努力让中国不一样而且也有了成效,6689.47,1753546584,d5bc7b78
1900034195536137984,Dylan是一个真诚的好人 支持,6720.402,1753592926,2c9403ee
1900231076526713344,美国很多人相当爱国的，其实恰恰是我们。。。。。。,6649.902,1753616396,395ce43e
1900245252292511232,这里的荒谬应该是指外国宣传的中国和实际的中国不一样的意思吧,6582.739,1753618086,fc0b135a
1901033036209402880,“神奇”,6522.2,1753711997,1b6940fa
1901478076861790976,中国禁枪是最明智的选择，而且摄像头多也是为了保护好人，监视坏人,6802.453,1753765050,80000882
1901700931155311616,变差,6642.612,1753791616,105f52db
1901734966363358208,他是个理想主义者，社会需要理想主义者的存在,6719.916,1753795674,71f360aa
1901862417940697600,感谢国家，每有一个新技术出现都是先向全民普及的,6630.792,1753810867,4a4e6679
1902365496134297344,我们不要身在福中不知福了,6793.653,1753870839,92f8c01f
1903699234281745920,很多国家都这样,6658.438,1754029833,b7a9b2eb
1903827465546625536,每次波波玩这种政治梗我都好想笑,6715.322,1754045119,29c7c55b
1904592752574914304,中国不一样,6686.195,1754136348,357dee8e
1904596883444749312,。。。。。。。。。,6636.436,1754136841,3e5e834
1904597355127841024,哪里不都这样,6661.546,1754136897,3e5e834
1904599138847969024,没有说过的多幸福 要求就是没有战争就很幸福了,6809.822,1754137110,3e5e834
1904743391271399168,中国可使用短短30年走完了西方国家的很多路,6615.568,1754154306,1606bf27
1904746212788497664,确实多元化，不同地区不同民族,6820.44,1754154642,1606bf27
1905466819909765888,要哭了 老王,6796.692,1754240545,a48719d1
1905516364379104512,中国和美国还是很不一样的，美国可以说整个政府和社会就是一个企业,6688.725,1754246452,c0863c00
1905590443236882944,华波波接的好哈哈哈哈,6728.909,1754255282,55f41f2d
1905708190906021888,是的，明明有新兴的社群文化，小说影视在海外也有不少受众，但只拿传统文化宣传,6558.317,1754269319,92638f93
1905733248072848128,伦好可爱啊,6721.098,1754272306,f5b9996
1905886098668937984,伦儿很有国家情怀,6698.429,1754290527,7becfa2e
1905887294179910912,阿雷文艺人,6824.672,1754290670,7becfa2e
1906070010057587456,基建狂魔可不是贬义(而是汗颜),6743.759,1754312451,c8137052
1906621653182534144,国内也一样，只是国家投入民生的更多,6672.825,1754378212,da947e05
1909689848987148544,他想表达国家或者政府没有投入更多到基础设施建设或者卫生安全上面,6674.879,1754743970,d7fb52ee
1911377903472814592,真好,6720.915,1754945201,984e8387
1911378403299548928,伦的发言太棒了,6767.166,1754945261,984e8387
1913571332298825216,不予置评  但我家过得很好,6816.41,1755206679,a406af70
1915971349722081024,但是在武汉记得出门的时候手不要插在兜里,6731.172,1755492783,aa8cb2c6
1918412477759778560,对老王来说这里很有烟火气,6809.441,1755783788,dcc7e0e1
1921056285831728384,不接受就会被淘汰,6630.638,1756098955,954b058c
1921056623968288000,中国也差不多,6657.996,1756098995,954b058c
1929404679826503424,我们也是啊 程度没那么离谱就是了,6668.628,1757094161,bd775eca
1945264582373671936,每次听这个方面都想哭,6771.747,1758984808,e84d2ff
1967694729680788480,卢可的共情能力很强,6785.668,1761658690,eb09f285
1967694847532478464,老王好真诚,6789.668,1761658704,eb09f285
1975476124088230656,好棒老王,6795.251,1762586305,75855fc6
1977911950214243328,其实中国也是,6675.488,1762876678,aedabb3d
1986558931577298944,确实，只有一部分人在享受当代,6804.09,1763907478,2a9d92f9
1988754506963415040,Dylan反应好快,6661.622,1764169211,c847ffba
2011320470867702016,世界因你而美好 ,6720.212,1766859284,1bdc989c
2016952177930965504,广州都一直在开新的地铁线路！,6708.314,1767530636,8947ce87
2022025891484004352,什么叫老是说这个？经历过的最深感悟说不是很正常吗？,6786.513,1768135469,6d4f31dd
2027056310750973952,这是一个制度问题 美国的资本主义体制下永远不可能达到钟逸伦想要的这些平等和普惠,6727.425,1768735142,aef87158
2027056891695612928,老王一说话卢可就哭,6782.978,1768735211,aef87158
2029865597738983936,外宣确实做得不好,6562.312,1769070035,361d239
2056133097778429440,荒诞是离谱且可笑，也不好,6531.028,1772201365,fa9ad547
2066239338295500544,中国没美国那么夸张,6675.024,1773406123,a16be46f
2085131327899985664,荒诞,6523.597,1775658224,91e1ddec
,,0.0,1775683732.8000336,
lb.c,,0.0,1775683732.8000336,
,,0.0,1775683732.8000336,
1895737518549602560,中俄那说不清道不明的羁绊呐,6875.785,1752989565,9e8cd452
1895737942753120512,虽然但是这些基建应该都不是白给，还是要考虑利益的。,7087.97,1753004822,545954c8
1895737954606223616,萨沙已经不是老外啦，他是老内,6917.492,1753001311,e4ff31ac
1895737962810282240,给陈老师投币,7148.543,1753000815,e868d6e6
1895738337562956032,萨沙的面相都很中国了,6921.078,1753014984,73e9b877
1895738415065305344,非正不就是这样吗hhh正经起来很正经,6951.491,1753017172,638576ba
1895738442420556032,这已经是精中了自豪了,6856.334,1753017521,47376c28
1895738515367891200,现在的节目越做越大，主题也越来越大了,7111.306,1753019293,193ffd61
1895738546372186368,萨沙越来越老干部了,6860.051,1753019535,1c68567a
1895738560079171840,完全变成中国人了呀萨沙,6854.884,1753019690,b3e76332
1895738708666585344,但中国的利益都是双赢的，大多是经济上的，不能说有利益就是不好的,7102.081,1753028422,a7349199
1895738749695267072,基础在民间，未来在青年,6909.082,1753029610,b77da815
1895738798022037760,东北人来了,6857.033,1753029957,d0eeaf61
1895738808063201536,唐朝那会真挺多的，服饰饮食娱乐活动都交流的特别深，互相影响很大的,7030.588,1753023996,11c5072
1895738836324421888,偶尔有一些宏大深入的话题也挺好的呀,7125.054,1753034905,9ef562ec
1895738864585642240,灵笼,7118.112,1753027731,7bf03337
1895738874618417408,肯定是有利益的，但是我们追求共赢，而不是强取豪夺,7091.369,1753030554,516113ea
1895738916561457408,宏大叙事会让人感动，但也会让人迷失的，感觉没必要一直升华,6997.048,1753038389,187c324
1895738967622914304,这一年真的是舆论反转,6903.166,1753030294,516113ea
1895738974912614656,近代中国的版图就是清朝定下来的，相当部分依赖于乾隆的十全武功，感兴趣可以搜一搜乾隆朝名将,6979.544,1753040743,7a1afabc
1895739005916909824,没有宏大的背景下个人还会存在吗？,7125.643,1753036925,c7bc6e63
1895739146333819136,咋样了。。。挺好的啊人家,6949.86,1753073352,892b4073
1895854446332840192,相信老王说的是话是发自内心的，毕竟亲身经历过战火,7170.238,1753094661,3a31dcb7
1895859660172023808,据说他的老爸是中俄混血？,6880.681,1753095283,1df8460d
1895878303215493376,迷失是因为你自己内核不稳，如果你连听到一点赞美的话都觉得心虚、不适，那是因为你配得感太低了,7007.214,1753097505,68ab50d8
1895886991573313536,萨沙已经入党了，自豪感都有了哈哈哈哈哈哈哈哈哈哈,6853.737,1753098541,ac1ed4e7
1895914456186862592,确实，有过大唐的鼎盛，也有侵华的耻辱，太复杂了这几千年和近两百年,7072.87,1753101815,4f7b0147
1895939496005433088,我发现很多人很抗拒对个人的赞美哈，宏大就是由个人构成的,7124.197,1753104800,d0a706e0
1895962862170590464,是的,7064.0,1753107585,3c890e32
1896057229271011584,从先秦开始的华夏认同,6997.054,1753118835,35861f7e
1896057475954741760,让我想到了威斯特伐利亚和约,7027.006,1753118864,35861f7e
1896138358434982144,一点都不过，中国就是很好。,7190.899,1753128506,7388c77a
1896282581490515456,导播直接不敢切其他人的画面了 大左也管管 心里知道就行了,7189.779,1753145699,c585eb07
1896371636178174208,为什么过了 前面的是配得感太低了吗 陈述事实而已 为什么会觉得过呢,7195.88,1753156315,c0abd974
1896444073528258560,才注意到这个地图中国好大,6967.583,1753164950,a7969c95
1896444504300081408,超棒啊这期话题 很有意义和深度,7003.209,1753165002,a7969c95
1896487634579302400,这个地图也让我印象很深刻,6965.677,1753170143,9ec95bfa
1896489246634756864,说得好,7151.185,1753170335,9ec95bfa
1896515622197177856,他是真的入党了吧，发言太官方，哈哈哈,6917.303,1753173479,8a80d98c
1896527134873361920,萨沙太中国了,6883.176,1753174852,6a042d86
1896527607890110720,真的很震惊,6985.76,1753174908,6a042d86
1896528590154207232,不愧是在世界中心呼唤爱,7171.882,1753175025,6a042d86
1896549573058051072,求同存异,7081.105,1753177527,b99d4a1f
1896678634124171776,说的太好了,7089.925,1753192912,ef5b873
1896689226226035968,为什么要说过了，如果作为国人的我们都不够有自信，都不够乐观自豪的话，这个世界上还有谁愿意更相信我们可以做到这些呢？,7191.378,1753194175,4de79949
1896700212652189440,中国最牛逼的一点，就是同化,6948.592,1753195484,c3929b2
1896846755031494400,天下大同，世界人民大团结，万岁！,6951.603,1753212954,9450640
1897038302151448064,让我想到了高佑思…哈哈,6842.739,1753235788,88971e98
1897132711857199616,因为我们原本就是一个多民族的国家，每个民族存在各自的文化差异，每种文化相互包容,6938.97,1753247042,42da3e49
1897313694656990464,北京欢迎你，为你开天辟地（开放怀抱）你会爱上这里,6908.793,1753268617,729e3ab7
1897402914356966144,love ,7173.813,1753279253,ca23a4
1897552673700808704,执着 信任,6868.324,1753297106,6f99a845
1897601588529782528,现在人真是戾气重了，以前从来不会有人莫名其妙的打问,6997.266,1753302937,a12485dc
1897859954988690432,家国情怀大部分人有，有一部分人确实因为从小的狭隘，自然也看不惯这些,7191.085,1753333736,e0632c99
1897866933580394240,非正这一季带着任务了,7011.467,1753334568,8562c6e6
1897897775447236608,那外国人和自己国家对比就是觉得中国更好啊，看见中国更好的一面讲出来啊，代表们都说的那么真挚真诚,7021.288,1753338245,2aa70d44
1898088222609748480,可以倒着说中文,6878.916,1753360948,8f9aba91
1898092720329620224,带啥任务真好笑,7021.416,1753361484,d849b843
1898132201112459520,宏大背景就是我们每一个中国人的骨血，为啥不能谈,7130.926,1753366191,ba542c3c
1898580836409316096,守正创新 不忘初心,6939.247,1753419672,6126b659
1898666323538942976,用今人的生命还古人的债，这个真是精辟,7155.601,1753429863,915050e3
1898788297942440448,他不是混血儿，是老爸在他很小的时候就“巨星标配”了，但是很小就开始接触中国文化,6894.038,1753444403,cc3adea9
1898791671513404160,宏大和个人不是对立的，而是互相成就，这就是精致利己主义为什么要摒弃,7136.041,1753444806,cc3adea9
1898822681655529728,这太好了！,6843.84,1753448502,636af638
1898910387244854272,莎莎接近中国人了，完全中国化了,6921.603,1753458958,e3470321
1898911684559693568,陈老师真的满腹经纶啊,7076.15,1753459112,e3470321
1898957673719325184,有些弹幕是觉得说坏的才是真吗？坏的好的都是,6994.673,1753464595,6b40ebca
1899330667008161024,已经是东北人的模样了,6896.769,1753509059,8ed82815
1899443844664460800,中俄CP,6903.562,1753522551,e4d84d7d
1899524549423779584,太深了！,7053.949,1753532172,3820b86
1899609802536100352,萨沙太像中国人了,6868.96,1753542334,64c6b79c
1899623826770786560,一点都不过好吗，现在的时代背景下世界是否能和平确实要看中国,7192.147,1753544006,bc31ead9
1899647684927755520,前面的想说啥啊，陈超咋样了？不要引战可以吗,6952.723,1753546850,d5bc7b78
1900087323199353344,哪里过了？自己去了解一下我们在国际事务上做出的贡献，不要这么自卑,7189.371,1753599259,422009b7
1900214028308531712,古代也有疆域图吧 也是有地理分界线的,7038.06,1753614364,b927edf8
1900303293918964224,老王又动感情了,7179.652,1753625005,68efaa5c
1900974547218661632,中国真的格局太大了,7161.167,1753705025,62699b20
1901012750474195456,萨沙就是中国小伙啦 ,6871.084,1753709579,9265523d
1901040459380750080,天下大同！！！世界和平！！！,7183.616,1753712882,1b6940fa
1901066877699254528,近代史 是一个伤痛,7072.148,1753716031,539dfda8
1901118523019670016,互利互惠嘛，有何不可,7108.686,1753722188,18259142
1901639283426035968,我的弹幕呢,7003.772,1753784267,4d2041c5
1902755038712239872,萨沙说的已经得到了国人大会演讲的精华,7009.141,1753917276,3f3063c2
1903662376340233216,陈老师讲得太好了 ,7199.012,1754025439,2e93938c
1903701780291417856,夸得我都绷不住了,6921.694,1754030136,b7a9b2eb
1903776104272515072,中国自古并没有国境线的概念都是以势力范围划定大概的区域，真正接触到把国境化为一条线的应该是清朝的尼布楚条约,7040.655,1754038996,b9df69aa
1903804183300627712,中国是文明型国家,7009.325,1754042344,1ddd0afb
1904413756096572672,会长眼眶红了,7182.497,1754115010,21f73640
1904600175142915328,萨沙这段话 好,6931.724,1754137233,3e5e834
1904602111367773184,哈哈哈,7116.424,1754137464,3e5e834
1905340308922234368,speed不是来了吗？,6912.659,1754225464,2eb47862
1905890199146212096,天下大同！,7147.37,1754291016,7becfa2e
1906120801997426176,倒着说中文笑鼠我了,6883.518,1754318506,712b33d4
1906866720434670336,他爸爸混血,6884.042,1754407427,4ad5b7c7
1907440916215114752,必须得是陈铭,7057.295,1754475876,9adcf5e9
1907441055340190464,没有陈铭可咋整！！！,7062.323,1754475893,9adcf5e9
1907927474462215424,萨沙爸爸好像是中国人,6888.991,1754533878,edceba01
1908264231959804928,不然呢 你想听到什么？,6956.994,1754574023,d8a8f583
1909738694962297344,因为我们的认同不是建立在血缘，种族之上的，是文明,6947.309,1754749793,e06a0bba
1910516879710106368,天下大同,7156.667,1754842559,4cd26c1a
1911108155258463488,愿祖国永远繁荣昌盛，愿人民安居乐业，希望真的能有老吾老以及人之老，幼吾幼以及人之幼的天下大同,7199.845,1754913045,34be5d10
1911383357871574272,说得太好了,7156.072,1754945852,984e8387
1912644363784642048,这个bgm有点宏伟啊哈哈哈哈,6896.867,1755096175,aca1d8af
1912646653195192576,说得太好了！！！,7161.315,1755096448,aca1d8af
1913030470246605824,只有经历过才知道的,7176.765,1755142203,cdc7bc83
1913350480247959552,李白是吉尔吉斯斯坦那边的人,7021.62,1755180351,3302ae89
1914864527842332928,国破家亡，固定搭配，望周知。也不妨看看今天的加沙人民，里面也不乏战争前家境优渥的。,7145.64,1755360839,dfe2ddbf
1916898949210434048,萨沙太老干部。。。,6868.229,1755603361,41d23346
1916900671467390976,读人类简史就知道 国家是人类构造的概念罢了,7052.699,1755603567,41d23346
1921250021379576576,说硬夸的历史及格了吗,7002.11,1756122050,bc587f4c
1923930412557231360,但是听说意大利街上小偷特别多,6841.225,1756441577,99536495
1924986993839221504,陈铭老师口才好，说话才快，没有语言屏障,7130.674,1756567531,e498a6f4
1926357441114275328,投币了,7154.131,1756730901,9eb4a117
1939601543464800000,说的好好,6936.456,1758309722,19031c9a
1971050491086146048,感觉萨沙真的是完全融入中国了,6891.029,1762058728,9574db04
1977023081524779264,都是地球上的人类，没有哪个国家比其他高级,7161.416,1762770716,da85f3fd
1977913530325766400,萨沙已经入党了吗哈哈哈哈哈,6863.869,1762876866,aedabb3d
1985165235720048640,太纯了还是,6863.268,1763741337,55203a50
1992880039746138112,东北代表这一块,6856.653,1764661013,b087944c
2011869610512769024,看哭了,7140.057,1766924746,cc26b091
2011870073975098624,说的太好了,7150.2,1766924802,cc26b091
2026026976464848128,这一期太棒了,7064.553,1768612436,1ca31636
2027856872027209728,非常漂亮的总结,7094.328,1768830577,8f58d927
2035149943106573568,他真的说得好标准,6879.309,1769699978,ca126b
2036292303651953664,我突然意识到中国的中立也是一种和平,7197.221,1769836158,f9735bbb
2082391271548932096,包容  但是有一条你只可意会不可言传的高压红线    触碰即死亡,6946.344,1775331584,6d6f1ac6
2082391448967843072,包容  但是有一条你只可意会不可言传的高压红线  触碰即死无葬身之地,6950.611,1775331605,6d6f1ac6
,,0.0,1775683732.8000336,
lb.c,,0.0,1775683732.8000336,
,,0.0,1775683732.8000336,
1895737650661789952,下周见,7295.403,1752992285,a1639211
1895738054900420864,陈老师说的真好,7214.561,1753006171,255b01e
1895738988594434304,那挺羡慕那个厅结婚的新人了~,7250.967,1753048041,23ddeab7
1895990467888831488,哈哈哈哈哈哈,7243.15,1753110876,99272c49
1896502871931897088,精彩的节目,7207.788,1753171959,bda137c9
1896528826075226624,好看,7223.428,1753175053,6a042d86
1897388807511572224,很客观啊，这就是事实,7202.296,1753277571,d403eb94
1897967201404250624,好看好看,7214.407,1753346521,bdfa401c
1898090557780690176,哈哈哈哈哈哈哈,7364.777,1753361226,9cdf46e6
1898096271319938304,伦儿记词能力这么强啊,7425.896,1753361907,d849b843
1898122321471151616,战歌起泪目了,7222.706,1753365013,66a85677
1903097630284788992,真棒！,7232.354,1753958116,1e5860b0
1910196463095640064,可真正的世界还是弱肉强食,7214.027,1754804363,738a73b
1962554409448054016,旷野的规则是永不回头,7256.422,1761045916,9caedba
1977916378484578816,精彩！,7203.354,1762877206,aedabb3d
,,0.0,1775683732.8000336,
lb.c,,0.0,1775683732.8000336,
,,0.0,1775683732.8000336,
1895737229310398720,一日代表好漂亮！像玛丽莲梦露,36.018,1752985309,59dfb4d2
1895737236021285120,来了！,197.636,1752984891,781e03c0
1895737280388632832,来哔哩哔哩只为了非正,23.323,1752985268,882cd619
1895737340836942080,竟然没有弹幕,102.734,1752986130,7c88818c
1895737356095820032,太美了啊啊啊啊啊啊啊啊啊啊啊,129.037,1752986855,63882395
1895737381790126336,哈哈哈哈我也喜欢测试,330.419,1752986736,4f7b0147
1895737392368161024,再看一遍加长版,74.113,1752987164,6261fc3d
1895737440627822848,就等加长版了,15.67,1752988220,a8fd71fe
1895737488023458048,沉默是最好的回答,188.466,1752989859,5cde034e
1895737757213888768,濑濑晒伤妆？,296.894,1752994571,13ee2db9
1895737813862158592,天呐，杨迪好好，还帮会长解释一下,262.251,1752995588,ef576978
1895737852827242753,濑濑可爱,315.191,1752995616,1091612d
1895737914483511552,我怎么第一反应就知道他要说学历,139.779,1752996339,2775914b
1895737947308134656,果然还是斯拉夫人长在我们的审美上！,73.86,1753005031,2394c70f
1895738002018636032,哈哈哈哈哈哈哈哈哈,195.646,1753006609,bc56a2e1
1895738089553760512,加长版！终于 走起～,118.271,1753002959,ea88348b
1895738128770502912,哈哈哈 让我们说中文,233.897,1753003085,ea88348b
1895738201701060864,哈哈哈哈哈哈,178.352,1753005984,61f1cb93
1895738215382880512,来了,60.699,1753006389,bc56a2e1
1895738423277752576,怪不得,264.523,1753017327,ef8f951e
1895738450633003264,弹幕呢,94.954,1753017693,6474f847
1895738460665778432,来了,9.0,1753017972,d2eb3f6c
1895738543637500160,超超看起来很聪明的美女,286.398,1753016280,a9208369
1895738587400868096,我说会长怎么有种被夺舍的感觉呢,275.37,1753020529,fc5c5aac
1895738736936194304,罗世杰也是博士吧,170.656,1753024489,8d665d98
1895738941182021888,再听一遍哈哈哈哈哈,211.547,1753064144,91850ea9
1895739043304935680,大左你堕落了 居然问出这种问题,183.625,1753066311,c585eb07
1895739119892926720,直接看加长了,50.901,1753065450,532bb614
1895739159101280512,直奔完整版！,2.008,1753066177,df6e1fa7
1895739170954383616,高情商：还在研究中...低情商：懂得都懂,196.746,1753071998,2b09e628
1895739227485212928,想起大不溜，小不溜，哈哈哈,313.856,1753071380,42da3e49
1895739240252674304,本来就是这个议程,275.175,1753075611,9cc5a9be
1895739294963175680,让我们说中文,230.803,1753077391,7d0b1ed6
1895741767471711744,好漂亮我的吗,123.454,1753081229,35861f7e
1895878472815905536,我就说会长怎么突然那样哈哈哈哈哈哈,285.477,1753097525,e1f0140c
1895902343950621952,小姐姐有点用哈利波特的露娜,260.69,1753100371,7bf5ae5
1895913944380697088,全世界都在说中国话。,240.019,1753101754,83719079
1895923691389856000,这封面有点像火仔和托子啊,7.553,1753102916,f48e83fe
1895925654231755520,俄罗斯娜娜什么时候来,123.096,1753103150,9a5f75b6
1896126772140527360,soul说是,314.381,1753127125,757770bd
1896432713985696000,厉害了,157.364,1753163596,d844b0d7
1896548500188124672,头发好美,170.792,1753177399,7be9809b
1896549652783060480,杨迪火是有道理的 尊重人,272.254,1753177536,7be9809b
1896671118996624640,哈哈哈哈确实幸好解释了,273.442,1753192016,9cb4590f
1896702989247416832,超超很适合这个衣服的颜色哦,102.804,1753195815,3c4a8341
1896834873642632704,有俄罗斯美女啊…,35.454,1753211537,88971e98
1896836266168177664,让我们说中文,232.165,1753211703,88971e98
1897134881856050432,漂亮小姐姐～,64.387,1753247301,c76fd2
1897334937960030976,濑濑这个妆真好看,301.592,1753271149,bbeae81b
1897409888377011200,冒犯,196.202,1753280084,4dd44e23
1897435333340270848,约基奇,348.778,1753283118,182ab5fd
1897520115852190208,完蛋，没有提示我怎么看？,116.489,1753293224,28dcc9f6
1897545623813818880,这就冒犯了？弹幕真是敏感肌,201.287,1753296265,d14d0ec
1898012492027085824,赖赖的妆好可爱,336.596,1753351920,4fcac017
1898069933423117568,杨迪预判了弹幕哈哈哈哈哈,271.58,1753358768,ba542c3c
1898129671619960832,这个问题就跟 这是博士，你谈恋爱没？结婚没？一个意思,190.406,1753365889,c4640bae
1898480150421808896,来了,16.649,1753407669,6a79158e
1898575317955005440,超超好好看！,109.88,1753419014,69896d2c
1898577690152768512,花仙子从动画里跑出来了,128.022,1753419297,ae954710
1898649691060092160,西伯利亚可老大了,219.328,1753427880,2391701c
1898711585640666112,陈超这次妆发好可爱啊,102.634,1753435259,6bc89832
1898754234095442176,羌族小煞,92.976,1753440343,2c9219d7
1898798214510129920,你是菠萝的颜色,82.099,1753445586,3665527f
1898849081846541312,萨沙爸爸本身就是中国人，只是他自己从来不提,250.247,1753451650,b47738e
1898894497392836608,哈哈哈哈哈哈,177.674,1753457063,b7a9b2eb
1898943849687043840,一直是这样就得改呀，与时俱进哦,224.299,1753462947,b698ce63
1899364840469068288,这个发量绝了,134.718,1753513133,2a7b6daf
1899448788037526016,超超每期都好美呀,99.793,1753523140,d00654d8
1899516166050156032,不是第一次看 而是第一次意识到 以前太麻木了,216.063,1753531172,118b96e
1899527485797073152,笑死 中文是母语 俄语是二外,237.713,1753532522,568a8045
1899528308618886912,敏感是好事,303.526,1753532620,568a8045
1900192036414916352,一之濑这妆怎么回事,293.915,1753611742,29c7c55b
1900289648556262400,直接看加长版,0.154,1753623378,e67086c2
1900919121772592640,好漂亮,127.615,1753698417,c1f2fe77
1901083258352320512,好厉害的姐姐,153.737,1753717984,80000882
1901138676046841344,好想念松鼠啊,100.073,1753724590,be45fcd2
1901541018550427904,学霸,158.824,1753772553,92f8c01f
1901541640448327936,哈哈哈哈哈哈哈哈哈,233.0,1753772627,92f8c01f
1901557020667466240,口音重成这样吗hhhhhh,247.784,1753774461,28c7b5ab
1902390692148829184,杨迪，综艺没了你可怎么办啊,266.775,1753873842,d89f1503
1902390841935725312,这个家不能没有杨迪,269.141,1753873860,d89f1503
1903658867167214336,萨沙俄语有东北口音,222.721,1754025021,19790be1
1903884035399163392,弹幕确实很敏感（摊手）但本来每个人的敏感度确实都不太一样,210.495,1754051863,c29ddf0d
1904491649607379968,哈哈哈哈说不出来,179.099,1754124296,3e5e834
1904491705198666240,太真实了,185.705,1754124303,3e5e834
1904530408591864832,别说的是人均美女，俄罗斯人一到中年，你看什么样子,267.292,1754128916,45953387
1905824218038253568,一之濑脸咋了？？？,293.709,1754283151,7becfa2e
1906658172484245248,斯拉夫出美女,75.635,1754382566,1327ee61
1906659219936198400,俄罗斯男女比例失衡 现在男人可能更加少了,182.722,1754382691,1327ee61
1909373597710577920,杨迪真懂弹幕啊,277.498,1754706270,8dd2ba4e
1910460639663627264,陈老师在模仿一之濑,45.076,1754835855,922f6f0b
1913105683772238336,希尔顿借了这么久啊,64.327,1755151169,7c712eec
1918431810531300864,这集时长好评,75.498,1755786093,15362246
1918442564634446336,最好看的,148.186,1755787375,15362246
1933845929732174848,什么文化？能不能翻译成中文,304.009,1757623599,d7c947c1
1937313621231702528,丽莎非常漂亮又可爱，前几天在三亚看到本人，很惊艳,124.308,1758036980,ba02a15
1937929668699405312,卡尔波利,48.444,1758110419,32e2455b
1937963074376466688,好漂亮,134.143,1758114401,945a6cd2
1944416070370790912,？？？？？？,169.166,1758883658,ee18cbf2
1946034063152715520,漂亮,127.189,1759076538,eb269b47
1948170065589943552,这就是敏锐，情商和敏锐并不相关,311.502,1759331169,ffdfce2e
1953129821739839744,为啥一之濑是asuka明日香,324.492,1759922418,83b4cbbf
1954420562860454400,好喜欢她,134.846,1760076286,915cc525
1956594679777072128,别太敏感肌,205.333,1760335461,d35c8a9
1960344697746654976,萨沙爸爸是混血,212.087,1760782498,f8089327
1961200116493380096,？？？,189.014,1760884472,a187841b
1963248930037173504,故意的，节目就这样，多少年了还不懂这个套路吗,196.252,1761128710,65b78c7
1968970682843311616,哇俄罗斯美女姐姐,34.602,1761810796,269700bc
1977838097261843200,来了来了,8.955,1762867874,aedabb3d
1977839385668188416,好有才华！好漂亮！,162.561,1762868028,aedabb3d
1992655007401061120,让我们说中文,231.845,1764634187,b087944c
2002223379507534848,超今天的发型好看,289.421,1765774826,8d79c5f3
2004575798560393984,怀念以前长头发的四姐,174.74,1766055256,ffa3828d
2021928450646454528,确实不太好。。。这是啥敏感，之前男代表啥的也没问（从非正第三季开始追的）这本来就不尊重人，敏感也不是什么坏事,202.128,1768123854,6d4f31dd
,,0.0,1775683732.8000336,
lb.c,,0.0,1775683732.8000336,
,,0.0,1775683732.8000336,
1895737342925705472,严谨的德国人,476.148,1752986028,fe4eee91
1895737483040624896,大气,487.444,1752989145,193ffd61
1895737545401536768,怼脸拍，真的好看doge,689.139,1752990986,591a47e1
1895737746736517376,两位的瞳色都好好看,397.339,1752993592,2f3ca03c
1895737759118102784,梅丽莎小姐姐头发太美了，像洋娃娃,677.759,1752995462,13ee2db9
1895737805708431616,呆楞是真的  成熟了！！成熟的帅！！,611.617,1752994452,fbf64f60
1895737827443314944,那真的我们很难这样,466.779,1752995951,1091612d
1895737952785895680,花期短但是开得艳,585.749,1752998353,4eba2802
1895737970108371200,可以一个人买单，然后有空了拿小票算,428.926,1753005751,90af0186
1895737994720547072,split the bill是吗,414.975,1753003281,ea88348b
1895738146084589824,梅丽莎真的太好看了,642.72,1753009208,d93d12d4
1895738169790796032,哈哈哈哈,434.814,1753004847,2f987c3c
1895738187113271552,这个妹子好养眼啊！！,500.242,1753010552,85e3c44a
1895738250027831552,真的，我追过不少外国演员，白人很少有保养好的,603.652,1753012927,302e2cd4
1895738309293347072,男生应该说平权吧,410.11,1753014904,26cd4125
1895738312942391552,这蓝色眼睛真漂亮,701.403,1753012513,68efaa5c
1895738379505996032,小姐姐！10分好看！,681.33,1753013023,302e2cd4
1895738488926998784,听着还挺浪漫的,529.594,1753015004,26cd4125
1895738489832968448,哈哈哈哈哈,621.823,1753019961,ef8f951e
1895738508984160512,五官太美了,684.493,1753017972,8d117f15
1895738562780303616,四姐稳定发挥,422.981,1753022338,fbd7fd41
1895738589221196032,太好看了她,677.254,1753017957,8d117f15
1895738746054611200,陈铭看了一眼梅丽莎哈哈哈哈哈,590.106,1753024833,8d665d98
1895738822642602240,白人皮肤薄，再加上骨相起伏明显，没有胶原蛋白很快就垮了，黄种人只要保养得当一般四十多岁还是没问题的,615.648,1753034058,7a1afabc
1895738826291646720,严谨的德国人哈哈哈哈,462.399,1753024355,bde1c345
1895738886471520512,而且他们生很多孩子 生的女儿也多 我俄罗斯同学她有三个姐妹,706.277,1753041605,7021661
1895739008659984640,这种情况的话一般就是那个吃的多的全付了，关系好的话分别人一口吃的很正常,469.305,1753033834,7a1afabc
1895739055158038784,好问题,629.722,1753070638,bdcbba7
1895739211068707072,萨沙有几分像吉洪诺夫老爷子年轻的时候,649.648,1753071778,9e41d483
1895746442224785664,让我想到了鹊桥仙,527.913,1753081786,35861f7e
1895778905819131904,超超有点星期三的味道好喜欢,385.96,1753085656,73e93c18
1895840500003377408,哈哈哈哈哈哈哈哈哈哈哈,519.208,1753092999,ac1ed4e7
1895840530647078656,紫禁城风水养人,590.76,1753093002,c0d2264f
1895945062736117760,aa就是每个人付自己的，传到中国才变成均分,412.606,1753105463,84633020
1896015890890314496,新代表好可爱,639.956,1753113907,e871e898
1896039919974262784,哈哈哈哈,427.498,1753116771,415655f0
1896457049043406080,活泼可爱美丽，常驻！刷起来,688.508,1753166497,8cb4abb9
1896471204483626240,萨沙确实帅啊 是我喜欢的长相,657.64,1753168184,4ca66879
1896710320119313920,魂断蓝桥,514.263,1753196689,491addc9
1896934522319112192,哈哈哈，是我了,375.813,1753223416,a075ec79
1897173951436752640,一之濑这个妆造没之前的好显得臃肿突出,369.849,1753251958,6f99a845
1897176064527120128,这才是真正的AA AONE 各付各的,417.466,1753252210,6f99a845
1897249138144757248,哎呀超超好美呀这套,372.158,1753260921,d67a388
1897255003031584000,太可爱了,643.527,1753261621,290bcf14
1897330516752267008,四姐没变化，从以前就成熟,627.007,1753270622,7ea9d3d5
1897377323800974592,主要是德国比较严谨,427.117,1753276202,c76fd2
1897409726736857856,原来都是搜来的,571.539,1753280065,be125094
1897789980114699776,哈哈哈 不记得,540.606,1753325395,4227b274
1898072148510532864,高配版星悦,691.839,1753359032,2738fae5
1898073640089037312,我的男生同学也是，大学4年过去之后都不同程度发福了哈哈哈,603.928,1753359210,ba542c3c
1898583508701119488,最漂亮的不是五官吗，尤其眉眼,683.896,1753419991,ae954710
1898652758169973248,deepseek打钱,575.04,1753428246,2391701c
1898755732108109824,因为他们爱晒太阳 高油高甜 亚洲普遍相反,616.917,1753440521,636af638
1899233687024352256,法币还帅好可爱,403.744,1753497498,ad67615a
1899377441013676544,哈？,702.185,1753514635,2a7b6daf
1899524857746892032,我喜欢这种方式，不过最好点一些价位差不多或者好算的,476.688,1753532208,fbcf58ae
1899526800288205568,参考小李子,615.613,1753532440,fbcf58ae
1899527783693058816,好像俄罗斯婚礼和登记是同一天,703.421,1753532557,fbcf58ae
1899611392370790912,4,635.097,1753542524,82c776d
1899956477675331840,是晒伤妆啦,360.467,1753583661,9e6467db
1899975255272139008,这个好,400.959,1753585900,2c9403ee
1899976001933586944,那是因为西方吃饭（夹菜）的模式不一样 每个人分的很清楚,422.475,1753585989,2c9403ee
1899977800535069184,风大,542.187,1753586203,2c9403ee
1899980015152740352,测的好，就是真的好，测的不好，要相信科学,375.102,1753586467,3ad68769
1900241357915115264,怪浪漫,530.228,1753617622,5eebbb86
1900924116316678144,他也是混血吧,597.346,1753699013,c1f2fe77
1900991742497444096,老王好认真,506.845,1753707075,f6eb3d24
1900996645152891136,这个好！我喜欢这样,418.409,1753707659,59b380d7
1901491110711870976,引火烧身,657.108,1753766604,3465c430
1901544698834279680,哈哈哈哈哈哈哈,597.382,1753772992,92f8c01f
1901692904028990720,都一起吃饭的关系了感觉不用太计较吧，这是date诶,487.282,1753790660,71f360aa
1902424479079549184,是帅的啊，五官比例很好,657.34,1753877870,24d07282
1902473228065647616,我喜欢这样，感觉婚礼是给外人看的，不是给自己办的,717.867,1753883681,59b380d7
1903182158839680512,我和一位少年，漫步树林外,487.925,1753968193,a6894687
1903203390071653888,饮食问题,600.437,1753970723,5e85aa98
1903650610780700160,白人虽然不注重保养但没有容貌焦虑可以做自己就很好啊,633.202,1754024036,98decb5
1904495513727200768,这个小姐姐真的好漂亮啊 白白的,603.059,1754124757,3e5e834
1904532634147952640,堵桥来,511.379,1754129182,5bd65cde
1905080521651165952,喝酒喝的吧,597.515,1754194495,39d99fac
1905349996455302912,好喜欢去这样的，有人能懂吗,434.037,1754226619,6d90be6a
1906661267888835072,法币和一日代表眼睛一个色系,393.932,1754382935,1327ee61
1906662046133447168,这次总算到德国人震惊意大利人了,469.062,1754383027,1327ee61
1910284368769920256,因为花期短,698.558,1754814842,664d29dc
1912279399659960064,风在哪不都是一直在吹的么,542.249,1755052668,a8fe5ea9
1913210705083992832,萨沙确实帅，而且帅得很客观，这但没法否认,650.002,1755163688,d88d4d24
1913223966307712512,同事之间可以这样，朋友之间就没必要了,449.744,1755165269,96a9a0bf
1913292098959548672,萨沙确实是特别帅！,660.617,1755173391,7b914c00
1913346863013150208,这个真好,405.051,1755179920,fcf22efb
1916178758985921792,德国人哈哈哈哈,470.385,1755517508,41d23346
1921042340266008320,国外是各点各的套餐，适合aa，中国是一起吃同一盘菜，胃口不同，不适合粗暴的aa,412.351,1756097292,eea468e3
1921042881901795072,中国更难算，所以流行请客而不是aa,441.898,1756097357,eea468e3
1941566684721332736,这两个俄罗斯代表应该就是中国审美里最好看的那一类了,667.832,1758543985,e2e301a6
1944428565982548992,Dylan在写什么,388.052,1758885147,73aed9f3
1953188451575386624,确实帅,649.868,1759929407,194d9898
1960064942610599168,我29岁，孩子10岁。,709.896,1760749149,6a7c628d
1961074382902701824,啊啊啊这个音效好可爱,639.808,1760869483,c8711e27
1965454987081423872,我就这样，各算各的。跟朋友其实我也想这样，不然我感觉不太舒服,456.746,1761391692,d0b3063b
1969275411209221120,hhhhhh,585.68,1761847122,1e751c6e
1977842088578297088,严谨的德国人,480.692,1762868350,aedabb3d
1988648613126933248,妈呀，漂亮姐姐好可爱,643.948,1764156588,c847ffba
1996421042478379264,比aa更aa哈哈哈,415.493,1765083134,7177deef
2025581688474307072,亲兄弟明算账,428.978,1768559354,e5ebf93c
2066188182139764224,你也是 和前几季对比明显,589.72,1773400025,a16be46f
2068219040748953344,我喜欢这样,442.196,1773642122,f2fcfff8
,,0.0,1775683732.8000336,
lb.c,,0.0,1775683732.8000336,
,,0.0,1775683732.8000336,
1895737309572600064,哈哈比利时淡淡吐槽好搞笑啊,864.838,1752985668,47bbec08
1895737494264582400,2333333,743.492,1752989946,c76f245a
1895737546508833024,只能说世界之大无奇不有了233,828.615,1752990204,4944442d
1895737690583175424,？,788.371,1752992554,dbe23620
1895737828349284608,哈哈哈哈哈 就非要有证吗这,788.883,1752994668,fbf64f60
1895737890777305344,这么闭塞吗？,805.983,1752997401,ba65b856
1895738004753322240,比较严重的程度哈哈哈哈哈,1016.022,1753004556,94d50217
1895738144264261888,男：天王盖地虎 女：宝塔镇河妖,875.819,1753006816,47376c28
1895738162501095680,伊拉克也是什叶派国家,830.79,1753007084,43686648
1895738377685668096,对对对,886.688,1753016087,bc9fd41c
1895738640282652928,哈哈哈哈突然想起来戴卢可是不是对dating文化很懂,952.295,1753025347,fe4eee91
1895738693172826368,哈哈哈哈哈《这个华波波不一样》,729.19,1753024957,8d665d98
1895739065182425344,越压抑越开放,844.47,1753052006,65ec0af4
1895739149982863616,哈哈哈哈哈哈哈,907.322,1753065403,f7934ca3
1895769540794055680,前面俄罗斯遍地帅哥美女是真的,769.796,1753084540,4422ff62
1895824043836972544,弹幕突然收声了红红火火恍恍惚惚,734.198,1753091037,cc93cef3
1895828587920556800,这真的不是菠萝卖不出去的营销吗？,871.762,1753091579,1da0b061
1895947042497947392,第三次见面还是第三次嗯嗯？,1049.141,1753105699,c750ae38
1895949991009590528,宗教警察吗？,776.638,1753106051,9e41d483
1895971024152074240,中国人的经商天赋哈哈哈哈哈,917.26,1753108558,5a31e3ac
1896425506115668224,村？哈哈哈哈,953.332,1753162737,42570b8b
1896427127877063168,招展笑死我了,743.277,1753162930,9ec95bfa
1896494509345332736,开放啊,1029.735,1753170963,6a042d86
1896637560244685568,充话费式的结婚,813.804,1753188016,89807551
1896692754986387712,哈哈哈哈哈哈,983.273,1753194595,eac1fc5d
1896706299065560320,老王的眼神在冒星星,838.313,1753196210,d8e5f363
1896713955582526208,天逊尼派和什叶派，想到追风筝的人了,829.491,1753197123,491addc9
1896841388705377280,这跟我们这的警察查房有点像…哈哈,805.028,1753212314,88971e98
1896937991939779840,？？？？,786.906,1753223830,a075ec79
1897123754787030016,哈哈哈哈哈哈哈哈哈哈哈哈哈哈,1020.411,1753245974,45654410
1897176574395630080,来了，直接加长版,974.739,1753252271,d9749c34
1897380653918993152,哈哈哈哈～lady first～,753.071,1753276599,c76fd2
1897380942050808832,短期啦～长期啦～,765.871,1753276634,c76fd2
1897383124666121728,哈哈哈～A到Z～,976.347,1753276894,c76fd2
1897383569446710784,比较严重的程度～红红火火恍恍惚惚～,1015.942,1753276947,c76fd2
1897383907826628352,姐妹们～,1052.127,1753276987,c76fd2
1897551369599046400,可以鼓掌了,1016.475,1753296950,d14d0ec
1897727145607336704,搞对象笑死我了,941.281,1753317904,68db616f
1897898291362938112,YOYO,769.419,1753338306,3dc677eb
1898076736198329856,哈哈哈哈哈哈四姐,967.648,1753359579,ba542c3c
1898220515982619136,哈哈哈哈什么时候看到这个lady first才不会笑啊哈哈,749.918,1753376719,e8cc9494
1898515580160908800,真就体验卡,785.517,1753411893,a18ccce
1898531542490707712,太好笑了hhhhhh,995.742,1753413796,8020f1b7
1898584831534084096,感觉和苏格兰那种男女校联谊会挺像啊,958.956,1753420148,ae954710
1899333614798306816,哈哈哈哈哈哈哈哈,890.75,1753509410,48caf715
1899493708169050112,这是真的 ,810.963,1753528495,49612456
1899558765339352320,哈哈哈哈哈哈哈哈哈哈，有点太诚实了哈,1041.266,1753536250,37dfb466
1899559089802601216,雷妹妹～,1054.905,1753536289,37dfb466
1899632198056381952,华波波很可爱,860.822,1753545004,ddcb952e
1899690611263457024,这个是真的，我伊朗朋友们都证实了,809.166,1753551968,881ef171
1899980184409419520,我还记得诶,767.393,1753586487,2c9403ee
1899980554649404160,救命,801.518,1753586532,2c9403ee
1900176913918403840,老王。我喜欢的,836.184,1753609939,d7c68202
1900207702098475264,什叶派和逊尼派能坐到一起聊天也只有非正式会谈。,831.444,1753613610,253cfa97
1900855482026004736,挖坑了开始，准备回家跪搓衣板了卢可,963.641,1753690831,18259142
1900982139454146048,以前就说过啦,795.933,1753705930,1606bf27
1901030304811390976,真敢问啊大左,1041.459,1753711672,bba3e7b3
1901030501683674368,特殊类的hhhh,1063.512,1753711695,bba3e7b3
1902475393005930752,认真，不是严肃,1021.238,1753883939,59b380d7
1903582328761517312,讽刺的不是波波是国情,851.615,1754015897,1ddd0afb
1904394075097533952,哈尼克孜,728.514,1754112664,712639ae
1904496876288851456,哈哈哈,729.753,1754124919,3e5e834
1904516940261635328,哈哈 被说中p图了,897.961,1754127311,357dee8e
1905292868248203776,哈哈哈哈哈温州人也是站起来了,922.793,1754219809,94dc5d7b
1907465783345827584,大左池州人，差一个字,930.583,1754478840,e06a0bba
1909633575939544320,哈哈哈哈扬扬补刀,729.343,1754737261,d7fb52ee
1909637115907104000,哦～,1068.756,1754737683,d7fb52ee
1910217713125871872,不愧是北欧,991.337,1754806896,7419d9b6
1910285333971808000,开放式保守,800.19,1754814957,664d29dc
1916182003120834304,好神。。。,800.571,1755517895,41d23346
1918092995408932352,买菠萝是吧哈哈哈哈哈,841.599,1755745703,cae536f2
1919839034780907008,哈哈哈哈哈哈哈哈哈哈,1016.446,1755953847,b9f358ce
1920303224746295040,BGM怎么这么燃？,900.242,1756009183,99536495
1929266071559254528,比较严重哈哈哈哈哈哈哈哈,1020.019,1757077637,467053b4
1932278720392444672,严重哈哈哈哈哈哈哈哈,1008.878,1757436773,52ac390e
1933442446847667968,华波波像非正的逗号，哈哈哈,734.125,1757575500,df58247e
1939900940560154624,搞对象哈哈哈哈哈哈,944.041,1758345412,add21500
1941083294070661888,熟悉的音效又回来咯,760.233,1758486360,50b86bf5
1961012560908661760,肯定有,975.077,1760862114,bfa2ee3f
1969395654430585856,大家都知道的话还叫暗示嘛哈哈哈哈哈哈哈,861.564,1761861456,7ed3ebc
1969396057905913344,华波波每次发言都特别有梗 综艺里缺不了这样的角色,868.073,1761861504,7ed3ebc
1977846831144786688,哈哈哈哈哈哈哈哈哈哈,1044.084,1762868915,aedabb3d
2024171551549188864,！！！,787.638,1768391252,6151813e
2026922242222668544,米兰的男模大部分超级无敌穷,1070.323,1768719160,aef87158
2059722213967966208,啊？,1009.869,1772629221,75a3ab51
2059722648640373248,stop 哈哈哈,1044.827,1772629273,75a3ab51
2068224214867537408,感觉这样离婚率好高,1056.652,1773642739,f2fcfff8
,,0.0,1775683732.8000336,
lb.c,,0.0,1775683732.8000336,
,,0.0,1775683732.8000336,
1895737366690631936,被杨迪笑死，哈哈哈哈哈,1112.633,1752986394,eb069b0d
1895737511729664256,婆婆选好了，双方家长见面一次就订婚了？？这么快，和父母之命有啥区别,1166.095,1752990929,5866b398
1895737822007496960,保持神秘感么,1177.151,1752996054,13ee2db9
1895737846460289280,想起唐大哥开车尾随着送老婆哈哈哈哈哈,1216.937,1752995154,fbf64f60
1895737857038323968,陈老师还是会  doge,1334.87,1752995706,fbf64f60
1895737911757213952,哈哈哈哈他吓死我了,1277.525,1752996969,1091612d
1895737960989954304,哈哈哈哈哈哈,1249.715,1753005457,81e32263
1895738084084388096,那怪不得有些时候会吃西餐，因为这样不能玩手机，就会被迫了解对方哈哈哈哈哈哈哈哈哈哈哈,1364.499,1753010046,4e76690
1895738115080294656,说得我都心动了,1313.062,1753001868,755ab053
1895738130582442240,阿雷是真的在为姐妹们考虑啊！,1091.08,1753006285,2394c70f
1895738138786500864,打羽毛球！双打！,1265.968,1753011691,3820b86
1895738178909212928,四姐好喜欢陈老师感觉哈哈哈,1293.779,1753005068,34ea35bf
1895738260974964992,好像伦和四姐都没说？,1306.348,1753009512,e9983320
1895738350330417408,那岂不是完全不了解彼此,1188.238,1753015487,7e01a787
1895738449718644992,还是不一样，父母之命很多面都没见过,1191.878,1753016191,eabe6363
1895738783434248448,知道的不少,1094.625,1753026745,1952548b
1895738787083292928,《再见XX》那段时间的经历给陈老师整工伤了,1245.564,1753025428,8d665d98
1895739087068303616,难怪爱密室剧本杀呢,1281.948,1753071847,a05ec9c0
1895739136301043968,我喜欢看电影，因为不想交流,1267.296,1753063459,3e15afd5
1895739137215402240,赶鸭子上架,1347.576,1753073156,2b09e628
1895739334171529472,有点难评,1318.96,1753077674,6d52a3e9
1895842592684773632,老王好搞笑,1207.55,1753093248,a384683a
1895888808210444032,跟古代似的,1200.836,1753098757,80d76961
1895902850890865152,…男方视角吧，感觉作为女生并不喜欢,1329.906,1753100431,e1f0140c
1895907698449826816,唐小强好像也是这样认识老婆,1154.003,1753101009,7bf5ae5
1895953890084972544,得有个电灯泡,1201.966,1753106516,9e41d483
1895962814724877312,那大家性格都还没合得来咋办,1185.106,1753107580,70be7902
1895975507275771648,杨迪这个上热搜了哈哈哈,1108.05,1753109093,ab62fb5b
1895988325479763456,去逛宜家,1339.945,1753110621,24b0ce4c
1896001397800507136,真的，太套路了,1348.596,1753112179,b7453a45
1896033498947616256,我服了华波波了哈哈哈哈哈哈哈太搞了,1272.126,1753116006,11d561a5
1896422520862296576,陈老师说的前提是两人暧昧期只是临门一脚而已,1358.888,1753162381,2aa70d44
1896426994623953152,好古老的相亲模式hhh,1133.837,1753162914,42570b8b
1896548231191151360,爱情保安,1196.722,1753177367,445a39f6
1897115090000851712,经典来了,1111.63,1753244942,e0632c99
1897117071960705280,人家举例，只是解释吊桥效应,1318.362,1753245178,e0632c99
1897186435279557632,吃完再喝一点 酒壮怂人胆,1334.617,1753253447,6f99a845
1897384505070132992,红红火火恍恍惚惚,1112.117,1753277058,c76fd2
1897392014317188864,陈超好美好美！！！,1426.702,1753277954,dc39d7d8
1897729822839930624,世界的参差，有趣,1233.017,1753318223,68db616f
1897855084101036544,来自游牧的习俗,1150.008,1753333156,5e6db3f9
1898585785360270080,母单：别碰我的拼图！！,1322.878,1753420262,d5851018
1898586013228955136,非诚勿扰哈哈哈,1245.808,1753420289,ae954710
1898765709031333376,哈哈哈哈哈哈哈哈哈哈哈哈哈哈哈哈哈,1275.348,1753441711,da4a6923
1898851449120022784,真的好合适啊,1430.582,1753451932,85cd1b5c
1899312175110448384,伦儿呢,1370.097,1753506855,7b9475a0
1899329727408561920,\,1359.942,1753508947,4a475a07
1899340591771536128,对对对,1347.304,1753510242,48caf715
1899531646009486080,哈哈哈哈哈哈哈哈,1119.064,1753533017,fbcf58ae
1899651269212594688,做ai算不算呀,1266.478,1753547278,395ce43e
1899780832588526592,想到阿拉丁,1168.616,1753562723,fdcf0543
1899876594664020224,二十年前，唉，可怜的伊拉克人,1125.95,1753574139,51a708fa
1900212638299047936,在说什么？？？。？,1322.045,1753614198,75f02d2b
1900722697047418624,毫无违和感,1415.779,1753675002,29c7c55b
1901576106294143488,短期太奇葩了,1240.402,1753776736,92f8c01f
1902428555867433472,哈哈哈哈哈哈哈哈哈哈哈,1118.455,1753878356,24d07282
1902447002861027584,哇哦,1434.024,1753880555,623dd44
1906668414924016896,中东保守很多了,1144.039,1754383787,1327ee61
1907251422123737856,又到了羞耻小游戏环节哈哈哈哈哈,1398.192,1754453287,654346f5
1907263650541381888,小手段其实是感情蛮好的调剂，但不能没有真心，完全带着戏耍的心态去对待这段感情,1349.382,1754454744,952047f4
1910146676505643008,我要随时看华波波表现,1317.301,1754798428,738a73b
1910248152247194112,波波好可爱啊,1281.79,1754810525,edd6e64f
1911636225866354432,大左嘴替,1348.514,1754975996,954b058c
1911638478308513280,会长太懂女孩儿了哈哈哈,1347.81,1754976264,67c7bc24
1915402208338718720,卢可感觉又风流又老实,1084.624,1755424936,ef46f1d4
1916203344989683968,哈哈哈哈哈哈哈哈哈哈,1329.324,1755520439,d775399
1916742088792471552,牛蛙,1362.372,1755584662,613512da
1925311132990941184,逛宜家 看着那些温馨的家具 很容易构想两个人的未来,1337.444,1756606172,df324538
1929268457724077056,哈哈哈哈哈哈哈哈哈哈,1275.517,1757077922,467053b4
1937975455273985792,哈哈哈哈哈哈哈哈,1106.973,1758115877,945a6cd2
1943658342291830528,希尔顿环境真好,1399.929,1758793330,67fd89f
1953022555216956416,华波波哈哈哈哈哈哈哈哈哈哈哈哈哈哈哈哈,1282.728,1759909631,6e0df0f6
1958150579830921472,太功利性了,1332.809,1760520939,b2d06e53
1969280974567563776,梅丽莎真的好漂亮天哪,1208.194,1761847785,1e751c6e
1988656174098097408,小强也说过类似的，不敢多跟未婚妻见面，都是开车去接她然后远远停在家门口,1175.521,1764157489,c847ffba
1990319103688432128,妈妈结婚的时候？,1147.433,1764355726,d584df77
1995218600776512512,这眼罩好，能不能打包给酷滕送去,1420.12,1764939791,1dcdda72
2003692298001184000,我想要逛海洋公园的时候，他悄悄塞给我一个戒指,1341.086,1765949935,989ff3be
,,0.0,1775683732.8000336,
lb.c,,0.0,1775683732.8000336,
,,0.0,1775683732.8000336,
1895737232665841920,说了什么,1594.545,1752985968,8d60efce
1895737282477396224,哈哈哈哈哈哈哈老王搂住,1716.563,1752986236,f69ff094
1895737326240764160,老王：和我有什么关系,1743.272,1752986542,f69ff094
1895737564225573120,哈哈哈哈哈哈哈哈哈哈哈哈哈哈哈,1663.052,1752991877,a4557f7c
1895737579727720704,哈哈哈哈哈哈哈哈哈哈哈哈哈,1636.993,1752990432,534bf33e
1895737602217578752,吊桥效应,1656.035,1752993518,e967e3fc
1895737608274153728,这里为啥不放正片很好笑啊,1789.469,1752990046,1549437e
1895737615337361664,安全,1603.757,1752991580,6cf1571
1895737656718364928,哈哈哈哈哈哈哈哈这个眼罩哈哈哈哈哈哈,1749.409,1752991974,a4557f7c
1895737658731630848,哈哈哈哈哈哈哈哈哈哈,1497.584,1752991702,a4557f7c
1895737668823126272,哈哈哈哈哈哈哈哈哈哈,1545.58,1752991754,a4557f7c
1895737706764800256,看热闹不嫌事大哈哈哈哈,1701.323,1752994786,e868d6e6
1895737718181695744,笑不活了哈哈哈,1671.507,1752992796,4ae1ebd8
1895737814768128256,哈哈哈哈,1782.453,1752994589,b594b266
1895737824725405952,老王：我尽力了啊,1754.151,1752997563,1091612d
1895737939104076032,哈哈哈哈哈,1709.189,1752997498,1091612d
1895738000198308096,哈哈哈哈哈哈哈哈哈哈,1628.753,1753004360,71c28bd0
1895738021169828096,哈哈哈哈卧槽杨迪哈哈哈,1492.948,1753000323,6cdd056d
1895738075871940864,贴贴好可爱,1567.309,1753002223,2f1c4333
1895738098672177408,原来加长版加在这里,1699.212,1753003076,5465c709
1895738121464025344,哈哈哈哈哈哈哈哈哈哈,1656.539,1753006018,81e32263
1895738373122265344,波波刚刚说话好像老王的口音哈哈哈,1796.676,1753015888,5404f33
1895738395922501888,米可！！！！,1494.288,1753016707,d89d8cbd
1895738397742829824,米可，危，速回！,1492.03,1753013682,6ee65ea5
1895738456102375680,四姐说了啥！,1582.96,1753017881,f81c7508
1895738627515191552,牛,1558.58,1753021306,7d9f8a33
1895738699556557056,讲什么！哈哈哈哈哈哈,1774.953,1753027907,516113ea
1895738810789499136,非直男会谈,1748.073,1753027865,516113ea
1895738985868136704,怪不得没放到正片,1789.951,1753031556,b92fb27d
1895739133566357760,哈哈哈哈哈哈哈哈哈哈,1762.617,1753066553,f7934ca3
1895739144513491200,拦精灵,1581.015,1753073028,f48d5c83
1895739149068505344,拦精灵,1582.704,1753073049,f48d5c83
1895739154537877760,哇,1560.601,1753066056,f7934ca3
1895739172774711552,华波波哈哈哈哈哈哈哈哈哈哈或或或或或或或,1799.497,1753066590,f7934ca3
1895739264873238784,中东组合,1693.461,1753073158,f48d5c83
1895739308636606720,华波波啥都说啊哈哈哈哈哈哈,1775.347,1753078501,5b74304e
1895739310456934656,海带也不是植物,1531.538,1753076872,9cc5a9be
1895739313200009472,？！,1776.766,1753076889,3f6b3267
1895739330522484992,果然是加长版才能看的,1781.375,1753076921,3f6b3267
1895906831025530112,口水哈哈哈哈哈哈哈哈哈哈哈哈哈,1739.304,1753100906,e1f0140c
1895940225822895104,发币好可爱,1554.87,1753104887,9a5f75b6
1895974871134098176,梅丽莎真的好可爱好漂亮,1474.056,1753109017,5a31e3ac
1895977277180010240,这一期简直好笑到爆炸,1743.416,1753109304,5a31e3ac
1896089730320659968,好萌的两个人。。,1564.681,1753122709,7388c77a
1896307287158110464,俄罗斯小姐姐好有节目效果哈哈哈,1702.016,1753148644,13ab9171
1896334982533370624,给我笑岔气了,1755.375,1753151946,708e4a48
1896396461777172992,啊啊啊啊啊啊啊啊啊啊啊啊在干嘛,1496.598,1753159274,fe4eee91
1896555342020727040,直接笑喷哈哈哈哈,1562.963,1753178214,ff3287e5
1896610434808184320,伦想说毛肚吧 因为他那面是有颗粒的,1620.755,1753184782,c89ae7d7
1896662305044209920,每次会长都害怕的掉了,1527.119,1753190965,273d9554
1897190863994496256,这个太好猜了,1574.051,1753253975,6f99a845
1897283620088294144,美国内战,1568.439,1753265032,9c211b2d
1897402826846586880,这能播吗华波波,1775.465,1753279242,3c4a8341
1897475776413565696,我不行了哈哈哈哈哈哈,1768.852,1753287939,9cdf46e6
1897754977691536640,杨迪真的鬼点子一箩筐,1641.181,1753321222,ecd0b892
1897864109346135552,小姐姐气氛组的～,1695.088,1753334232,c76fd2
1898059525744480512,哈哈哈哈哈哈哈哈哈,1472.659,1753357527,60ea1822
1898060394963528192,为啥不让佛罗伦萨上啊,1576.261,1753357631,60ea1822
1898130261355317248,哈哈老王想说暴雨,1538.209,1753365959,a725bfc4
1898587923558453760,杨迪直接尝出来了哈哈哈哈,1542.474,1753420517,ae954710
1898588979633806848,哈哈哈哈哈这段Dylan小女生的感觉太好玩了,1656.928,1753420643,ae954710
1898633274117548032,西八 笑不活了 哈哈哈哈哈哈哈哈哈哈,1782.398,1753425923,60e24333
1898657403714124288,发币好厉害,1536.51,1753428800,470dd9de
1898864820091084288,涛涛,1594.511,1753453526,e3470321
1900014385343060224,弹幕呢，怎么没有弹幕？,1474.018,1753590565,3ad68769
1900014950055944192,我都没有看清是什么东西,1520.297,1753590632,3ad68769
1900015779680882944,猜得太大胆了,1611.896,1753590731,3ad68769
1900016341843597568,看起来好想笑,1648.607,1753590798,3ad68769
1900078932972598272,哈哈哈哈哈哈哈,1776.629,1753598259,ecc35430
1900293250909070848,老王稳如泰山,1723.35,1753623808,968d7bd9
1900353048833126144,味道应该有的,1618.131,1753630936,10c54e37
1901001124350363392,发币好可爱啊,1578.257,1753708193,2c9403ee
1901002382926510592,太可爱了,1672.273,1753708343,2c9403ee
1901764467755164416,哈哈哈哈哈哈哈哈哈哈哈哈,1750.736,1753799191,ddafd2e4
1902238942640826880,这个眼罩好适合老王,1731.008,1753855752,65067beb
1902284649590899712,华波波这么钢铁直男吗没想到哈哈哈,1769.312,1753861201,f5de49c4
1902909050661155072,弹幕呢 四姐说的啥,1582.34,1753935636,2e93938c
1902910756887219968,Dylan的破碎感哈哈哈,1644.472,1753935839,2e93938c
1904506363838182400,哈哈哈哈哈,1741.394,1754126050,3e5e834
1904506528892481536,好奇怪的画面,1761.072,1754126070,3e5e834
1905000656431964672,这个眼罩我不行了,1754.1,1754184974,f5f7f31f
1905339129458194176,再靠近一点点,1456.9,1754225323,ba077aef
1905766002156188416,我嘞个豆,1448.318,1754276211,cdc7bc83
1906135497672774400,哈哈哈哈 加长版果然不一样 我再敷面膜啊  哈哈哈哈 ,1748.007,1754320258,8a4bf8c9
1906673310826237952,中东族,1687.411,1754384370,1327ee61
1906748234274702336,哈哈哈哈哈哈哈哈哈哈哈哈哈哈哈哈,1762.638,1754393302,b145d3d2
1910390807304161024,我要笑疯了哈哈哈哈哈哈哈哈,1627.006,1754827530,8815c960
1915932755691390976,这也太。。。,1487.198,1755488182,51f2909e
1915934066629406464,哈哈哈哈哈哈哈哈哈哈哈哈哈,1643.477,1755488338,51f2909e
1915934230198990336,哈哈哈哈哈哈哈哈哈哈哈哈哈,1663.022,1755488358,51f2909e
1915934679484266240,哈哈哈哈哈哈哈哈哈哈,1716.53,1755488411,51f2909e
1915934832542999808,哈哈哈哈哈哈哈哈哈哈哈哈哈哈哈哈哈,1734.857,1755488430,51f2909e
1920310407324203776,两伊贴贴,1684.752,1756010039,99536495
1921056005467708160,可爱的发币,1554.389,1756098921,912b4cef
1921058110144466944,哈哈哈哈笑得肚子疼,1664.435,1756099172,912b4cef
1930616796109848576,哎呀,1498.221,1757238656,8f57e35c
1938813363061097472,一个奖励杨迪的游戏,1634.819,1758215763,c1c7a66
1942229667884861184,笑得我肚子疼,1783.88,1758623018,b85033c1
1952519966591265280,每次都没接住哈哈哈,1520.245,1759849718,3d553d69
1962432760279010816,我真不行了了太搞笑了哈哈哈哈,1734.276,1761031415,54f7b9d0
1967644616455633664,哈哈哈哈，这个女孩子好可爱，又害怕又好奇哈哈哈,1476.902,1761652716,eb09f285
1968988588058839552,hhhh小姐姐演员的诞生,1698.466,1761812930,269700bc
1970989897527898112,对吗？,1782.473,1762051505,9d717ee2
1981226523604447232,哈哈哈哈哈哈哈哈哈哈哈哈,1648.361,1763271806,1a09d87c
1988660542331797248,四姐说了“安全T”吗,1582.049,1764158010,c847ffba
2000956881128648192,笑得我肚子疼,1562.666,1765623848,e8b22811
2072032170285543936,大左这里为什么吓得抖了一下哈哈哈哈哈哈,1649.79,1774096682,f82fb2da
,,0.0,1775683732.8000336,
lb.c,,0.0,1775683732.8000336,
,,0.0,1775683732.8000336,
1895737421099143424,是隔壁陈鸣飞写的吧？,1945.554,1752987539,25b5c0fd
1895737422600704256,笑死哈哈哈哈哈哈哈,1861.726,1752987442,eb069b0d
1895737448110461184,不容易,1967.315,1752987565,25b5c0fd
1895737537650462976,笑死哈哈哈哈哈哈玩呢,1864.313,1752989866,adb42c8
1895737540972351744,玩儿呢,1860.902,1752989950,aaf3f032
1895737543203721472,哈哈哈,1815.18,1752989891,aaf3f032
1895737661759918336,哈哈哈哈哈哈,1802.631,1752992030,a4557f7c
1895737678914621696,但是体力劳动可以被机器替代，和ai有微妙区别,1970.153,1752991856,5866b398
1895737721998512384,哈哈哈哈哈,1864.31,1752993989,f3d0b903
1895737806614401280,AI能归纳总结现有信息，但无法创新,1995.774,1752997135,13ee2db9
1895737953691865344,工业创作可以，纯艺术不好说,1978.137,1753000003,8e57c960
1895738031194214656,20元手续费省下来了(ಡωಡ)hiahiahia,1903.052,1753004359,39499903
1895738391359099136,我家也有这个碗,1838.498,1753016417,c2e21b9d
1895738396828471552,妈呀陈超好厉害,1945.204,1753016803,cd8ee3cd
1895738416894021888,100块，哈哈哈,1895.824,1753017896,a9208369
1895738540927979776,超超好甜,1939.237,1753019045,8d117f15
1895738575547764992,有胡子应该感受不到吧,1808.657,1753017627,af72eec3
1895738673107276032,不是地铁卡了么,1892.499,1753022773,9c94b6bb
1895738779793592576,ai是用三推一，人脑是举一反三，本质区别,2024.616,1753029280,f9656259
1895738857295941888,玩儿呢，我一个广东人说不出的儿化音,1868.306,1753032504,9ef562ec
1895738900144951552,我觉得体现人情感的东西最不应该被取代，我是看小说的，如果我看的小说都是ai跑的我会死,1994.923,1753053765,5dbe0dac
1895738918381785344,不一样，至少现在的ai没有人脑会抽风（bushi）,2030.729,1753060518,d1e240cc
1895738950300438784,哈哈哈哈哈感情是在玩儿我们呢,1867.398,1753065521,91850ea9
1895738973092286720,聪明的人才看得到（,1851.057,1753066879,532bb614
1895739025076490496,上次还在说地铁卡扣费不好，立马就改转账了，真的听劝,1909.288,1753064244,3e15afd5
1895739121713254656,陈鸣飞的那个刚看完节目吧哈哈,1956.389,1753072388,df6e1fa7
1895739304081592576,哈哈哈哈太像了,1944.846,1753074038,f48d5c83
1895797243433331456,我去,1891.668,1753087842,35861f7e
1895797705813389056,当然不是,1970.665,1753087897,35861f7e
1895872207323318272,ai的数据库全是人给的,2052.858,1753096778,9f5269ce
1895957325815673088,口条真好,2151.186,1753106925,42cad9e5
1895973581704601344,老王好可爱,1844.968,1753108863,692c8ed6
1895992999780010752,华波波也算猜对了,1803.433,1753111178,24b0ce4c
1896092358488199936,我服了怎么这么好笑，老王真的穿了个香蕉牛奶。。,1821.385,1753123022,7388c77a
1896403149620117248,首彩回来打钱！！！,1815.544,1753160072,fe4eee91
1896658760060214528,老金主啊哈哈哈哈哈哈哈哈,1821.352,1753190543,abb3bea8
1896690759756227584,那是服务器和算力限制而已,2125.293,1753194357,b927edf8
1897017590325956608,刘慈欣的诗云,2043.276,1753233319,78c4204e
1897149153428556800,并不会被取代，就那ai原理来说，他是学习的技术，要是没有真人的作品投喂他，而是ai直接互相学习，最后肯定会失去人类所能体会的美感,2017.769,1753249002,af7c4445
1897160788939608064,AI取代不了大师，但能取代普通人，但我们大部分都是普通人,2028.594,1753250389,b0fb79b9
1897196044832664832,不会的 AI没有灵感只是个参考文献的价值,1999.815,1753254592,6f99a845
1897230944923557632,AI确实，一眼看得出AI,2056.543,1753258753,c05066cc
1897282352929849856,您,1876.848,1753264881,290bcf14
1897313971196141824,68+6+,2070.556,1753268650,676c84ca
1897315932888971776,只能模仿，不能取代,2003.459,1753268884,90b41f69
1897321705291076352,我觉得同意的人说的不是高端审美的艺术，他们说的是快时代创作,2090.686,1753269572,55d83f10
1897326315100134656,太厉害了哈哈哈哈哈,1950.759,1753270122,45654410
1897355364035362560,顶级的取代不了，中间底层会被取代,2092.654,1753273584,7ea9d3d5
1897404209155208704,自从知道地铁卡退费事件之后就换成转账了吗,1896.51,1753279407,3c4a8341
1897472786134957568,陈鸣飞投的吧,1948.859,1753287582,20c78ca8
1897763556578141440,这AI卡壳,1962.905,1753322245,28dcc9f6
1897865698693655296,《精彩葡萄酒》,1811.436,1753334421,c76fd2
1897865887454275072,能用的,1823.216,1753334444,c76fd2
1897975346582936832,画家的画有人买，AI的画呢？我觉得人类不会给AI的画赋予价值,2087.338,1753347492,ace2f97d
1898153206907890944,他俩节目效果已经出来了，拿到奖品不过分,1887.829,1753368695,44f44cf9
1898155156404016128,现在ai训练出的图基本都是侵权的，还不知吃了多少有商业版权的图,1990.896,1753368927,c4640bae
1898227304531014400,陈超超陈超超陈超超～,1935.987,1753377528,e8cc9494
1898497181946647040,华波波太搞笑了hhhhhh,1828.307,1753409700,6a79158e
1898589823536064768,那个脱口秀的哥们吗,1965.639,1753420744,ae954710
1898617694602120704,100元哈哈哈哈哈哈哈哈,1897.022,1753424066,25a98a6b
1898762572212570112,哇厉害了,1941.185,1753441337,eeae67ec
1898770444551886848,哈哈哈哈哈哈哈哈哈,1812.799,1753442275,da4a6923
1899295846349428736,深度学习型会成长,2061.503,1753504908,2233a413
1899311810357134336,陈超超超超哈哈哈哈,1937.372,1753506811,8020f1b7
1899619007338927616,可以的,2140.384,1753543432,f6a66d6c
1899619192483758592,辛苦阿雷了 这么一大段  我都要背半天,2145.64,1753543454,f6a66d6c
1900289831134223104,好丝滑,2143.5,1753623400,6908d584
1900727826387780608,直接转账了，不是地铁卡了,1890.432,1753675613,29c7c55b
1900864257726569216,奇马蓝,2054.335,1753691877,75f02d2b
1900992991485978112,好的画家并不会,1994.973,1753707223,1606bf27
1903906590856424448,对，所以对资本来说是好工具,2119.356,1754054552,c29ddf0d
1905365491481060352,首彩葡萄酒～味道不一样～,1814.065,1754228466,ba4142a8
1905383944120050688,ai i不会创造需求，只会解决人类的需求。,2031.372,1754230666,2ad516b
1906676777745390080,阿雷服装好潮哈,2100.595,1754384784,1327ee61
1907503470140018176,作家，和画家不会。但从事写作行业和设计行业的可能会受到影响，纯商业的会受影响,2014.591,1754483333,f5dd2f0d
1907711567622271232,一个画家的画上千或者上万我都觉得值得，但ai产的图最多一块钱,2110.855,1754508140,b59d3043
1909643331546811648,哈哈哈哈哈哈哈,1802.537,1754738424,d7fb52ee
1913366840508620800,有一只萨摩耶就叫陈超超哈哈哈哈哈,1930.9,1755182301,b30a9c4b
1915224874843617536,前面的萨摩耶的别走,1937.599,1755403796,32f67cc0
1915935882930912000,哈哈哈哈哈哈哈哈哈哈哈哈哈哈哈哈哈哈,1859.99,1755488555,51f2909e
1922480732891760896,陈鸣飞投稿,1994.089,1756268762,8dd2ba4e
1928560476044906752,ai会替代那些水平不高的人，真正的艺术家和作家是无法替代的,2055.3,1756993524,cfd3a899
1930620440054015744,现在AI技术还不成熟，以后就不知道了,2042.591,1757239091,8f57e35c
1950374312087470592,可以娱乐，但没有深度的东西,2005.631,1759593936,5ff286de
1953028710341331200,当然不会,1991.043,1759910365,6e0df0f6
1966172314316318464,好可爱啊这两个人，萌萌的,2019.752,1761477204,1ee5697
1970992051982448640,其实AI给创作圈子带来了很多好处，痛苦的是那些想不劳而获的人，AI反而将这些人筛选掉了。,1971.291,1762051762,9d717ee2
1970992805346750208,想要不被取代就得进步，人类是一直在进步的,2037.466,1762051852,9d717ee2
1980015234983286272,画手可能会，画家不会。写手可能会，作家不会。,2003.369,1763127409,916232ae
2004595551308142848,笔触这个东西AI永远做不到,2129.602,1766057611,ffa3828d
2027798215826511616,有道理哦,2053.34,1768823584,8f58d927
,,0.0,1775683732.8000336,
lb.c,,0.0,1775683732.8000336,
,,0.0,1775683732.8000336,
1895737322071625984,哇，倒过来的角度，不错,2320.614,1752985858,bc12bdcf
1895737389348262144,1000个人欸,2404.742,1752986739,1262b263
1895737464325640448,伦的观点每次都好深度,2429.52,1752988798,dd38837b
1895737568671535360,萨沙确实越来越厉害了,2188.029,1752990345,4bb6c894
1895737635520352512,AI学习能力强能模仿但是创新上暂时还做不到，给他看某个画家的画，他能模仿但是要他有自己的特殊风格还做不到,2307.016,1752992123,da8612fa
1895737675886334208,对对对,2518.778,1752992832,a4557f7c
1895737868891427072,来自四姐的认可哈哈哈哈,2383.869,1752995522,e868d6e6
1895738095023132928,其实就是说ai没有创新能力,2449.334,1753007080,fbf9b322
1895738186207301888,黄子宝宝！,2478.478,1753010860,d93d12d4
1895738219937894656,普通话越来越纯正了,2340.564,1753006552,2f987c3c
1895738308387377408,简单且周而复始的工作不会被AI取代，他们只会被机械化和自动化取代,2177.8,1753012446,da6fca28
1895738539074097408,可是这样的画家真的很少啊,2355.484,1753016161,cb47e4db
1895738633898922240,肯定是指定啊,2166.696,1753023213,691ef385
1895738659433844992,厉害,2461.836,1753022215,7d9f8a33
1895738860030628096,ai只能生产“产品”,2438.121,1753027530,9cc53f64
1895739034186518784,伦儿说的好有深度,2417.125,1753066030,91850ea9
1895739151803191552,老王说的对,2249.4,1753067040,f7934ca3
1895739188276859136,罗师杰在做捧哏,2338.921,1753070661,5268d633
1895779537472677120,很喜欢伦二这个比喻,2442.524,1753085731,3a31dcb7
1895880915561975552,说的确实好,2456.856,1753097817,db27ad6e
1895903241901117696,哈哈哈哈哈哈哈哈哈哈哈哈哈哈哈哈哈哈哈,2382.245,1753100478,4365b2b7
1895978595307183360,黄子！,2470.27,1753109461,692c8ed6
1896020644002007808,我真的我好多次都和萨沙一种选择，高度重合,2355.219,1753114473,683bd9b9
1896387667051097344,创作过程本身也很迷人的！,2197.312,1753158226,1195ac4c
1896391286534280448,我觉得最多AI的作品和人类的作品放到平等位置去欣赏，不会谁取代谁，就像人类不会只需要一个艺术家。,2329.047,1753158657,1195ac4c
1896433511490107392,伦真的每次都说的很好,2449.736,1753163691,dd1dd59f
1896446842347168256,对的。还很无厘头,2510.941,1753165280,9ec95bfa
1896478238348470528,AI没有人所具备的“灵性”，这个是根本区别。,2484.776,1753169023,130b1ee9
1896481816450316288,但那么多著名的画家，活着的时候都没见到自己画出名啊，现在这个行业，艺术还是单纯的艺术吗,2362.688,1753169449,21030a05
1896495205256114944,英专生落泪,2257.924,1753171046,272cb156
1896500684711484672,说白了AI都是把现成的 现有的知识告诉你 它无法创新 没有创造力 也不灵活,2475.575,1753171699,fc8a9b09
1897059227684406272,现在门铃还是用的那个，后面的杨紫琼没必要，前面的那个欢迎来到毛雪汪还行,2509.318,1753238282,35645b71
1897154550214244864,现在小说好多都是ai写的,2317.184,1753249646,d7cb2127
1897198418581828096,更像是Freestyle的,2163.42,1753254875,6f99a845
1897285342076082688,中东人好爱用具体的比喻 好玩,2241.494,1753265237,290bcf14
1897353535075926016,哇伦儿讲得很好,2457.048,1753273366,bbeae81b
1897433976919450368,AI可以帮你炒作 帮你买热搜 买水军 坏的也会变好,2340.159,1753282956,d844b0d7
1897838265261261568,ai创造现在最大的问题是版权，它的数据哪来的？,2329.257,1753331151,9cdf46e6
1898170337209376256,伦是有文化的,2407.645,1753370737,c4640bae
1898593071588396800,不指定的话会长和杨迪肯定会控场的，不然非正式会谈就变成非正式广告了,2170.649,1753421131,ae954710
1898594159171501824,这个点很对啊，其实观众也是作品的一部分,2314.377,1753421260,ae954710
1898594721166096128,是的，没法取代艺术先驱者，但是人类多久才会诞生一个艺术先驱者呢,2398.763,1753421327,ae954710
1898858478203265536,AI是能画出来的，但是目前AI还没有真正创新的能力,2354.986,1753452770,85cd1b5c
1899282247644146688,伦说的超好,2450.24,1753503287,c89ae7d7
1899389604638008064,这样就意味着只有大画家才能生存,2315.347,1753516085,422009b7
1899968866063992832,钟逸伦的观点好到我想记下来,2407.551,1753585138,85e961e3
1899971539840366080,是的，有时候ai出来的东西是不实际的，属于给你描述的天花乱坠但其实并不实用,2516.355,1753585457,85e961e3
1900045394068096512,萨沙是不是deepseek了,2365.82,1753594261,37dfb466
1900699314750768896,AI不抽象,2514.068,1753672214,10555ed6
1900775830246937344,完全同意伦儿的观点,2435.304,1753681336,a9930091
1900996813578880512,"很简单，好的创作,有灵感的创作不会被取代",2425.093,1753707679,1606bf27
1901031552633139456,这不兴叫哈哈哈哈,2498.047,1753711820,c35a3236
1901722114823131392,是抽象,2352.846,1753794142,5adbede8
1903867788553414144,这个议题可以看当下社会在机器大生产的时代我们总是追求手工工艺但是再看我们在什么东西上追求什么手工,2232.109,1754049926,8d3fe83f
1904376810779811584,翻译作品是再创造，当然属于文艺作品了,2280.086,1754110606,21f73640
1905336105902178560,1111,2456.232,1754224963,94dc5d7b
1905386536745115904,数据量都是过去的，像ai创造的一些画作都是基于历史风格，没有未来的风格。,2288.044,1754230975,2ad516b
1906081274615969024,制造业，，,2184.094,1754313794,6748a4fa
1907510299724980992,没错,2175.769,1754484147,f5dd2f0d
1909633496364914688,感觉好多代表还有别人不了解ai画画的原理。那真的就是裁缝大集合,2203.365,1754737252,142fcb13
1916012736815445248,有几个确实在搞艺术的，大部分只是在所谓的艺术行业里混口饭吃而已,2297.01,1755497717,272ec1ba
1919515972591515392,ai又不能原创，出来的东西都是人家已经有过的,2324.575,1755915335,d61f036d
1919765655767985408,确实,2390.9,1755945099,39b1306c
1920593694097511424,但是那么多人之中又有多少个大师呢？千里挑一。只能说大师难以被AI替代，但大多数普通人是很容易被AI替代的,2364.264,1756043809,288a6e7
1921471313504249600,哈哈哈哈哈哈哈哈哈哈哈哈哈哈哈哈哈哈哈哈哈哈哈哈哈哈哈哈,2384.908,1756148430,d0352b3
1924730497872245504,但是很多人其实也只是围着光圈内打转，只有少部分是能发出光的哇。ai无法完全取代，但是ai取代大部分工作应该是必然的,2449.995,1756536955,90bb401c
1937410966522432000,不愧是高材生,2428.936,1758048584,664fbc21
1944395634396738304,可是艺术的标准是很难说清的，尤其是超越时代审美的艺术,2372.895,1758881222,952047f4
1946596116557161472,同传不可能，比如自古以来，中国有句老话，你怎么翻译,2271.392,1759143540,24bc755
1953032408702466560,哈哈哈哈哈哈哈哈哈哈哈哈,2390.919,1759910805,6e0df0f6
1964145062028178176,哈哈哈哈哈哈哈哈，怎么我在非正还能听到黄子,2469.118,1761235537,f260f6db
1965470285503505664,但是现实中其实有一些需要创作的。工作他确实是会被AI取代，因为作为商业用途，AI的那个程度是完全够用的。这是我们一个从国内大厂离职的老师跟我们讲的。因为他们当时在做东西就已经套模板用AI。,2380.266,1761393516,d0b3063b
1965962475476472064,梅丽莎好好看,2271.709,1761452189,5c1cccf8
1968996492291897088,好啦ai取代不了伦儿,2435.324,1761813872,269700bc
1969411312866597120,如果人类不再进步 那AI还会是AI嘛,2414.221,1761863323,7ed3ebc
1985133228776545024,翻译读空气什么的感觉能训练,2278.757,1763737521,55203a50
1985134760192303360,可以训练,2518.973,1763737704,55203a50
1996728559007878656,ai应该是从1到60，而人是负责从0到1和从60到100的,2430.868,1765119792,74ba3500
2056102682372178688,ai模仿的只是形式,2363.539,1772197739,fa9ad547
2082958314446724096,AI只是提高效率的工具,2221.713,1775399180,a4d2be15
,,0.0,1775683732.8000336,
lb.c,,0.0,1775683732.8000336,
,,0.0,1775683732.8000336,
1895737410512720128,感觉这个有趣1,2795.193,1752988764,39108e46
1895738094108774656,意识,2662.0,1753003029,6653a374
1895738218117566720,我更喜欢作品独立于作者存在,2704.182,1753012025,729cd479
1895738283766812928,除非ai哪天学会了思考和不按常规，但是人类会允许这样的它们存在吗,2540.067,1753010137,10294f3d
1895738567352094976,主要是用得少了吧,2862.128,1753022489,61f1cb93
1895738632992952576,超超太美啦,2555.795,1753022069,1f0a24fa
1895738636633608448,真的很爱Dylan，每期必cue，哈哈哈,2649.068,1753021557,6e443ff5
1895738730552463616,deepseek是这样的！,2522.65,1753021395,6e443ff5
1895738777964876032,大左又困了,2711.853,1753025162,d6bfe3aa
1895738899238981888,阿雷一定很有语言天赋,2864.374,1753026188,3b5559de
1895738997712851200,加字游戏,2829.421,1753054603,5dbe0dac
1895739267607924992,西语里的人称变位和阴阳性很有意思，我，你，她，他，您，你们，我们，他们，她们，您们,2804.071,1753072834,293203a
1895850139940747008,工作报告AI的确是好帮手！,2543.657,1753094148,416bbb9a
1895921119618453248,作品和作者根本无法分割啊,2714.73,1753102609,e1f0140c
1896012893708357120,ai没有人生，但是ai有你们呐,2743.137,1753113550,698bab0d
1896065447497910528,语言环境很正常手能生巧,2876.525,1753119814,cc2734ec
1896479661995797760,Blade Runner,2645.459,1753169193,130b1ee9
1896654942690213632,中文是积木并且是榫卯结构,2830.122,1753190088,89807551
1896772345109555968,词根词缀 哈哈哈哈哈哈,2818.729,1753204083,1f9c8d2e
1897102321968798464,不知道为啥这个话题老是让我想起崩铁里的博士尊，我们强大的智识星神,2549.068,1753243419,f5a06ba5
1897196758887995392,AI代替不了艺术家，但AI能代替打工人，作为普通人的我是焦虑的,2757.811,1753254677,b0fb79b9
1897363087586601216,是的 英文是树形语言,2824.014,1753274505,84203b4
1897872503666875648,超超说得好～,2569.221,1753335232,c76fd2
1897944087584629760,来了看预告最感兴趣的话题,2788.137,1753343766,9cdf46e6
1898191646873602816,我靠，这个观点让我耳目一新,2536.947,1753373277,f0071fca
1898587064925435904,这个话题好！,2795.805,1753420415,a18ccce
1898596254410661632,ai如果把微醺状态也建模了之后可能就能复刻了，并且能随意还原,2581.86,1753421510,ae954710
1898596665712523776,确实，一个平庸的内核很精准,2640.395,1753421559,ae954710
1898861636539289344,而且目前可能觉得觉得AI的有些图或文字有灵性实际是观众自己的赋予这些东西的主观体验是观众自己的灵性不是AI的,2668.317,1753453146,85cd1b5c
1898899350840110848,是不是ai的记忆能力有上限的原因？,2636.01,1753457642,2ddb40c0
1898913616263543296,ganghood这个真的不是广东华侨带去的词吗江湖的粤语发音啊哈哈,2769.624,1753459343,e8831434
1899395980466646272,大左那个表情，哈哈哈哈哈哈,2727.784,1753516845,2a7b6daf
1899451219231916544,因为没有坚持每天都用ai跟它进行大量互动给它数据样本支撑，所以我认为每个人用的ai都不一样，我觉得我的ai还是挺像我的,2647.849,1753523430,cb8fc6d6
1899934260052788480,中华文化的包容性哈哈哈,2849.24,1753581013,ae954710
1900015569328667392,好喜欢这个话题,2795.283,1753590706,85e961e3
1900048826854286080,那人的灵魂是电子信号吗，如果是，那人有没有可能是超级精细的碳基“机器人”,2655.645,1753594670,37dfb466
1900281300003517184,西部世界的核心就类似这样的,2602.68,1753622383,cd73212b
1900285629850936576,确实起码目前的ai画作没有人画的灵气,2557.858,1753622899,21100105
1901048146860625152,这棵树的动画是ai生成的吧,2803.727,1753713798,bba3e7b3
1901659990159627264,对，写文也是太高大上了，不接地气,2520.306,1753786736,105f52db
1901679859307668992,前面的，你把ai想得太厉害了,2738.443,1753789104,8c5fa1a1
1901694474971820544,知人论世是解析作品的一个重要观点,2714.601,1753790847,bb1af361
1901807782567905536,小熊说法语的表情好可爱,2871.945,1753804354,6b233d5a
1902175987245469952,灵韵,2668.184,1753848248,3fc3c7dc
1903102126856042240,人的反应和情绪千变万化 ai需要基于data来学习复刻 但人心和思想复刻不了 因为你自己都不知道你到底会如何啊,2743.891,1753958652,95e70b5d
1903911544119548672,机械劳动（报告、PPT、标准化文案等等）确实适合AI,2552.306,1754055142,c29ddf0d
1905283396587498240,我也有这样的担心，毕竟大的发现是要在小的累积基础上的。如果这些小的方面都被ai包圆了，人类还会有大发现的灵感吗,2568.797,1754218680,1739167a
1905322044405448448,心理学本来就有灵魂,2690.41,1754223287,f73e1df3
1906144811317396224,我以前学英语的时候，也会想外国人学中文的体验是怎么样的,2818.823,1754321368,de5d2566
1906664836822229760,所以说语文考试里的阅读理解靠标准答案就很扯,2687.504,1754383360,16673124
1906696462252080384,感觉伦儿是语言限制了发言,2529.891,1754387130,64b0d079
1906886153408858112,好适合我英专生来听 ,2814.7,1754409743,937fdd57
1908206015506796288,ai不可能成为艺术家 这句话有问题吗？,2749.178,1754567083,d8a8f583
1910400646260643072,喜欢这个论题,2802.046,1754828703,8815c960
1912295074109538048,前面的也可能没有理解什么叫创作，ai可以实现艺术产出，但跟创作还是差远了的,2744.468,1755054537,a8fe5ea9
1912306335295954944,怪不得我学英语困难,2848.344,1755055879,cdc7bc83
1914618808048601600,说的好好,2678.049,1755331547,39959bed
1914619278565804800,大左看手机哈哈哈,2728.618,1755331603,39959bed
1915193156341953792,现在ai就是一个全领域博士只是专家。他只是没有真实世界的更多样样本数据,2569.108,1755400015,23dde82b
1915445346528739072,电脑病毒：我来看看怎么个事儿？,2576.487,1755430078,aa8cb2c6
1915986185612797696,“就没电了”哈哈哈哈哈哈哈哈,2591.443,1755494551,cd971f7f
1916852564402818816,江湖不是打打杀杀，江湖是人情世故wu～～～～～～,2764.246,1755597832,ebcfcea3
1919268751279502848,这只能证明如今的AI还不聪明，还不智能，难道AI技术不会变得更厉害吗？,2612.277,1755885864,8ff620f
1921321382714216960,信息熵大,2841.927,1756130557,c8faf44f
1922681235663422464,如果AI真达到这个高度，那AI就不是AI了，人类也危险了,2697.724,1756292664,bc17ebe1
1926387262783289344,人类作为个体，生命体验是有限的，而ai作为更高级的文明，或许会不会被我们想的太简单了。,2771.566,1756734456,d0244f28
1928566961126791424,他说的太绝对了，ai技术刚刚起步，未来的发展是不可预知的,2749.14,1756994297,cfd3a899
1928568074974780160,英文是孤立的好吧，中文是组合式的,2834.7,1756994430,cfd3a899
1952531056876225024,如果AI能够有自我意识和思想，AI就是人，人退为动物,2715.729,1759851040,3d553d69
1996732419327971328,中文很简单很适合其他民族学习 所以中国才会是一个多民族国家 并且从不排斥其他文化海纳百川,2835.006,1765120253,74ba3500
1999292041175421696,Ai man姐吗哈哈哈,2602.201,1765425383,e4630f95
2027802308762818304,这个观点好,2541.215,1768824072,8f58d927
2045095330529259520,这个想听很久了！,2795.731,1770885561,e6d149b0
2069023283827016448,AI可以创作，但是每个人有独属的成长经历，他创作的东西是独一无二的，所以替代不了个人,2739.673,1773737995,6b2b33d2
,,0.0,1775683732.8000336,
lb.c,,0.0,1775683732.8000336,
,,0.0,1775683732.8000336,
1895737617359016192,哈哈哈哈,3218.723,1752993544,a4557f7c
1895737713425355008,但是中文商务场合也会这样，中文也有客气和礼貌,2976.263,1752992710,5866b398
1895737727702765824,但是中文之前也这样，白话文运动时就有胡适“干不了，谢谢”“才学疏浅，恐难胜任，恕不从命”的案例,2975.656,1752993017,5866b398
1895737820195557632,哈哈哈 我第一遍也在疑问 你不是医生吗  结果发现卡在了中文上哈哈哈哈哈哈,3227.366,1752997558,fbf64f60
1895737998369591552,好喜欢伦儿讲故事,3143.561,1752999620,7b5f275c
1895738106876236032,伦的冷知识好多哈哈哈哈,3121.118,1753010691,450eca7a
1895738131496800512,英语四级准备,3180.027,1753009480,8fd891b1
1895738136966172928,德语出来说话,2889.523,1753008855,47376c28
1895738139700859136,日本文化有些过于客气了，反而成负担,2979.348,1753006769,13ee2db9
1895738374950981888,日文的语法结构太麻烦了,2947.238,1753012693,58c62de
1895738385889726720,语言环境真的非常重要,2880.638,1753014675,c0184399
1895738605637701888,哈哈哈，西语信息密度太低了,2887.48,1753021179,913778e0
1895738888291848448,和语言背后的语境文化有关的,3004.846,1753030941,5404f33
1895738956675780864,日语真的，可能是因为日本人很容易不安所以很喜欢叠甲,2968.764,1753036550,7a1afabc
1895739047859949824,伦儿个学霸知道的可真多啊,3138.994,1753066617,91850ea9
1895739281281356032,这解释也是费劲，中文六个字解决：有根源无系统。,3165.086,1753078062,1ea53aa5
1895813671943725312,说英文是因为没学过其他语言hhh,3058.228,1753089800,18de2fc4
1895885303986710784,七月八月是纪念凯撒和屋大维硬加进去的我记得,3103.283,1753098340,db27ad6e
1895963615233216000,月天~~~~,3088.264,1753107675,bb240a6
1895984463582683136,伦儿好棒！,3141.672,1753110160,692c8ed6
1896199650127027712,Medium well steak,3202.601,1753135813,74e59e26
1896307962851638528,Mayday！Mayday！,3084.608,1753148725,b748a01c
1896408715746876416,原来如此，怪不得烷烃的英文名是这样命的,3130.385,1753160735,30eb9777
1896433111504550144,月份的英文在西方文化中也算是历史文化的体现,3081.902,1753163643,a076c47d
1896450535448673792,杨迪太有意思了,2936.319,1753165720,9ec95bfa
1896482053151608320,文化语境不同,2926.889,1753169478,130b1ee9
1896482757568255488,看过日语邮件的结构 那是真含蓄啊 好像说“不”是天大的错,2948.052,1753169562,130b1ee9
1896753204394875904,店家不想给别人用，为什么还要设置自己的店名为WiFi名啊，这样每次都解释多麻烦,3049.958,1753201801,2677cf4c
1896946225677535744,是凯撒和奥古斯都加的7月和8月打乱的吧,3129.064,1753224811,a5fb62e5
1897250225970898176,而且13月 和 星期八这种说法 他们只能重新创造一个词,3115.972,1753261051,c5e94360
1897407157516052224,就像知道奶奶的礼物用俄语怎么说，真的那么长吗,2896.574,1753279759,d849b843
1898582067882162432,日本人说一个句子 一半都在委婉,2941.965,1753419819,76036370
1898588868694397440,敬语地狱,2954.96,1753420630,a18ccce
1898590585045603584,这个是历史上的语言融合因素吧,3060.517,1753420834,a18ccce
1898665512134126080,说普通话久了会忘记方言,2905.249,1753429766,b0850c04
1898850951616771840,为什么要留下殖民的痕迹,3157.268,1753451872,ef8bd67d
1898937681158312448,还有星期,3074.909,1753462211,b465622b
1899312426064304384,中文好比压缩包,2881.612,1753506884,714d1f13
1899359596045350144,哈哈哈哈京都人,2942.526,1753512508,48caf715
1899668818784674048,这是人为的，任何国家要是愿意这样，也能在表达一个简单含义时去延申自己的句子,2968.119,1753549370,395ce43e
1899936646569887488,还有星期。日语也要再背一次,3072.627,1753581297,ae954710
1900498638082942464,懂日语的可能会懂吧 真的巨长一段,2997.345,1753648292,8205cc06
1901004936989475584,其实赖赖的发言都挺有信息量挺好的,2962.898,1753708647,2c9403ee
1901005262887011072,好温柔啊,2994.395,1753708686,2c9403ee
1901007210696225280,日耳曼人,3145.006,1753708919,2c9403ee
1901007274919789824,棒棒,3148.423,1753708926,2c9403ee
1901007503156656384,原来如此,3165.412,1753708953,2c9403ee
1901007627769515776,很详尽诶 原来不知道,3169.51,1753708968,2c9403ee
1901036066467942912,唉确实会有些容易导致内耗,3036.179,1753712358,c35a3236
1901601973363943680,中文是象形文字发展来的,3076.554,1753779820,92f8c01f
1902328538762730496,反了,3049.595,1753866433,89ed58e
1902903884662556160,一个Wi-Fi都这么抠啊,3030.227,1753935020,96f86921
1903773304859711744,非常容易不安的日本人,2947.431,1754038663,5eebbb86
1904212771181454848,主谓宾主系表的顺序是一样的,3210.693,1754091051,4213efaf
1904516264131825920,正常吧,2882.476,1754127230,3e5e834
1904516761693761280,哈哈哈,2941.821,1754127290,3e5e834
1904516806791007488,晒伤妆,2947.196,1754127295,3e5e834
1904519028052442624,混了是吗,3179.667,1754127560,3e5e834
1904710780163548160,你习惯了，完全没问题,3083.008,1754150418,1606bf27
1906026731576451328,这个确实有点直接了，中式中也确实可能存在这样的,3018.666,1754307292,c8137052
1906684917807754240,英文比法文容易,3070.951,1754385754,1327ee61
1907637741270252032,呜呜呜英文里器官名词和病的名词和相应科室名词真的大部分完全不一样，太痛苦了真的完全不一样,3237.084,1754499339,ff8d4f0a
1907900244344148736,？我们大学老师都说英文天生自带逻辑……,3046.075,1754530632,21c98764
1907939231465567232,哈哈哈哈哈哈集合,3078.613,1754535280,27e7f95a
1908208058292258560,日本好累,3042.943,1754567326,d8a8f583
1908238397278553600,想委婉也可以委婉呀。只是大家觉得太装不那么说了,2986.636,1754570943,a4b37ddf
1910303699142508800,所以我总觉得他们说话烫嘴？,2905.236,1754817146,664d29dc
1910306040881807360,忍。哈哈哈哈哈哈哈哈哈哈哈,3034.062,1754817425,375127a9
1910306198109537280,濑濑刚来时候的梗,3034.062,1754817444,375127a9
1915449847520377088,动物名+肉表示某种动物的肉。这是几千年沉淀下来的智慧,3051.605,1755430615,aa8cb2c6
1915991236444326656,萨沙好搞笑哈哈哈哈哈哈哈,3217.489,1755495154,cd971f7f
1916226599335198464,donde donde,2931.706,1755523211,41d23346
1916228677268589568,wow,3173.682,1755523459,41d23346
1916315156007532032,前面的，除了没有小贝拉逻辑,3181.139,1755533768,299590f4
1916619295518292480,哈哈哈哈哈哈哈,2919.677,1755570024,51f2909e
1919962561386910208,不安,3011.16,1755968572,3bd57624
1920500537993289984,这个就是我想吐槽的，英语的日期真的好难记,3060.432,1756032704,7b3cb016
1923466522425711872,伦儿才是真正的博学学霸,3150.234,1756386277,a82a2ebb
1929348917360019200,其实中文更没有逻辑，就是你想怎么说都可以，主要就是看积累量了,3057.608,1757087513,467053b4
1932308120081196032,我第一次在国外吃牛排 说五分熟 five，服务员大问号,3201.353,1757440278,52ac390e
1938326182697830400,对对对，这个很麻烦,3032.573,1758157687,69dfa122
1944620545828698368,10个月 那年都要过错,3124.155,1758908033,1875fd96
1960152989767726848,词源太多，还要混着不统一,3101.673,1760759645,7bf5ae5
1960315171222860288,商务对话,2985.653,1760778978,99cb8cc6
1970391830956991744,英语学渣产生了一些不好的回忆……中文换个字就能表达清楚的事儿，在英语里面要挨个背单词,3201.922,1761980210,f517d2b4
1971032280625968128,这不叫逻辑，这叫历史渊源，如果英语本身有逻辑，他就该根据自己的语法规则来解释这些东西，而不是照搬别人的,3173.232,1762056557,9574db04
1986522542408234752,著名“星期八”哈哈哈哈,3064.179,1763903140,2a9d92f9
1988680519910594304,好可爱的语气啊,3211.732,1764160391,c847ffba
2015997122545654016,凯撒大帝修改了历法，十个月变成12个月,3118.741,1767416784,ae954710
2029776380103077120,都去店里吃饭了还不让用WiFi确实不厚道,3021.134,1769059400,361d239
,,0.0,1775683732.8000336,
lb.c,,0.0,1775683732.8000336,
,,0.0,1775683732.8000336,
1895737449360363776,哈哈哈这个音效,3434.307,1752989690,dd38837b
1895737554259906816,汉语自带超链接,3502.689,1752990382,7e894dc7
1895737698191642880,英文不是也有一些语气词吗,3463.7,1752993765,534bf33e
1895737702964760832,现在小孩学典故也是这样的,3515.271,1752993777,5866b398
1895737848280617216,所以他们上大学贵的要死,3301.863,1752995548,136254b6
1895737891691663616,如果目标是跟人勉强交流的话，很简单,3388.746,1752996103,7864b331
1895737902630408448,哈哈哈哈哈哈,3542.495,1752996835,e868d6e6
1895737928165331200,对啊对啊，本来就是啊，所以那些鼓吹国外如何教育平等的，本来就是扯别的，首先连语言就是不平等的门槛很高的,3270.78,1752996508,e868d6e6
1895738086819074304,感觉我和听英语一样,3398.682,1753007529,2f987c3c
1895738104141549824,我听英语听力也这样,3398.818,1753008039,fbf9b322
1895738124207100160,这里应该是well,3591.94,1753002948,90a344d5
1895738260068995328,语言浓缩ww,3415.286,1753013167,58c62de
1895738461571748096,亚洲语言普遍是这样的，主要还是大中华地区辐射,3581.0,1753014800,b345a1e6
1895738525392277760,我也发现了这个问题,3257.235,1753015917,6ee65ea5
1895738653964472576,此处BGM已经日本风格,3569.688,1753025562,226099f9
1895738823556960512,太where了哈哈哈哈哈哈,3558.444,1753026489,8ad6ba0b
1895738935712649472,我感觉老王就这几期非正下来汉语都有进步了,3428.469,1753027972,8d665d98
1895738962153541888,其实我现在在英国生活，无论是跟哪个国家的人说话，我经常回答嗯，他们都可以听懂，真的很方便很中文的表达,3471.945,1753054895,973da82
1895738991337509120,前面啊？的点在哪里？？,3505.733,1753067454,43cb6c93
1895739004096581888,我也才知道,3285.669,1753033782,d5c5e535
1895739009565954304,哈哈哈哈哈哈哈哈哈哈,3317.609,1753068397,f7934ca3
1895739326890217728,成语是超链接，所有熟语俚语和歇后语才是压缩包,3537.481,1753078668,1ea53aa5
1895809281815646464,最惨的是日本人，在这些基础上还要翻译成片假名背,3285.983,1753089277,d2fc1204
1895891365066548224,汉字自带压缩包超链接,3506.18,1753099062,1eeaccb8
1895906708459891456,哈哈哈哈哈哈哈哈哈哈哈哈,3542.014,1753100891,8223018c
1895917280982994176,弹幕呢？,3380.471,1753102152,4365b2b7
1895937886776867584,戴卢可是佛拉芒人,3461.641,1753104608,be52f108
1895945065151751424,1,3469.14,1753105464,83719079
1895974459136292096,老王这个手指的动物太萌了哈哈哈哈哈,3368.702,1753108968,c5fcbd94
1896736230398801920,迪伦想介绍哈哈哈哈哈哈,3285.135,1753199778,b9816bbd
1896738375130942976,哈哈哈哈哈哈哈哈哈哈杨迪太有梗,3552.143,1753200034,b9816bbd
1896773498131941888,不想听，不想了解医学法学这类太专业性的东西,3330.832,1753204221,b176604b
1897146857139167488,吧 吗 哦 ,3449.353,1753248729,35645b71
1897148948762767360,中文常用字2千～三千字，医学法律都能看懂（每个字）英文你得重学,3300.605,1753248978,729e3ab7
1897240958723524864,他是整形医生,3245.183,1753259946,c05066cc
1897344309032788992,HHHHH,3548.929,1753272267,e724095e
1897353674855129344,老王的汉语是靠“百家饭”成长的啊,3413.629,1753273383,d403eb94
1897959016110826496,我感觉日语表达比中文更模糊，但欧语系应该比中文清晰,3481.107,1753345545,9cdf46e6
1898037661450136320,没有语言是难的，融入当地都很容易学会,3360.179,1753354921,6ba6f998
1898147251440773632,学医的英文巨长一个单词,3249.832,1753367985,33c2f0de
1898595100549340416,yeahhh和“え？”的洗脑率也很高,3442.216,1753421373,a18ccce
1898595474438069760,好的，收到,3466.201,1753421417,a18ccce
1899889882369721088,然,3577.428,1753575723,3e3ca627
1899940569846165248,英文里的humm不就是这种意思吗,3483.17,1753581765,ae954710
1900248293867858176,看吧~,3476.886,1753618449,1bd801ae
1900268259098969856,大学学心理学法学，专外学的人想死，开卷我都累死，必须背一些，不然翻都翻不到,3309.209,1753620829,68efaa5c
1900386229888349440,害,3588.413,1753634892,33977ab
1900504034642194432,而且现在还在一直造新词 网络迭代也很快,3536.387,1753648935,8205cc06
1901038009001065984,确实，会有专业壁垒,3267.74,1753712590,c35a3236
1901043281199645696,整形医生不背专业医学词汇吧,3248.477,1753713218,ae954710
1901055028312566528,嗯 用英语的yeah 不行吗,3513.992,1753714619,bba3e7b3
1901699298253806080,哈哈哈哈哈哈哈哈哈,3555.241,1753791422,bb1af361
1902215296740708608,中文一个哦～～～能表达很多意思,3489.451,1753852934,167a1194
1902491000623422720,生物学全是拉丁语,3260.405,1753885800,59b380d7
1903115360002498048,汉文人点了,3530.814,1753960229,95e70b5d
1904402415873511680,哈哈哈哈哈哈,3438.59,1754113659,6327891d
1904520475078927360,我也想听伦儿讲历史,3336.829,1754127732,3e5e834
1904713978178131968,你会不会说重要的是环境问题，像我现在的应试教育，会看和阅读英文，写和说就很差,3417.528,1754150800,1606bf27
1904714897275852288,很多更复杂的，很多中国人也不知道,3523.445,1754150909,1606bf27
1904715420767052544,不就是看语气的吗,3577.83,1754150972,1606bf27
1906688697462662912,小姐姐英文很好好听 不是脖子右柠哈哈哈,3466.311,1754386205,1327ee61
1907359113126774016,粤语无障碍～喺！,3563.437,1754466124,d9a3acb1
1908669758451742720,还有古希腊语,3297.211,1754622365,f41917e3
1910307226334185216,让伦讲下历史,3294.697,1754817567,664d29dc
1915992112592547840,我想听伦说,3296.419,1755495258,cd971f7f
1915994372726802176,四姐reaction好棒,3542.21,1755495527,cd971f7f
1916230844314519808,语言还是要在环境中学,3421.751,1755523717,41d23346
1919282737379220480,匈牙利语也非常难,3351.111,1755887531,8ff620f
1920520378267664128,意群,3403.007,1756035069,99536495
1921097014738263808,陈铭老师说的吧,3438.683,1756103810,bc1232f7
1921950390136930304,就跟中国的好字一样，有时只是表示听到你话里的信息而已,3576.112,1756205540,91f228fb
1926835259497439744,经常看着看着觉得他们几个老外把中文说这么溜好厉害,3412.989,1756787862,b97e7a27
1938829039104673792,笑死我了，这句话谁说的？,3434.256,1758217632,c1c7a66
1996737031745336320,并非,3352.126,1765120802,74ba3500
2011293092187681536,哈哈哈和我对日语的感觉一样，，，呆了10年多 后面觉得是没有尽头的,3529.002,1766856020,1bdc989c
2012585087044033536,这个确实 日本的法律和医学基本是学习德国 舶来词也是基本用德文音译,3321.095,1767010038,83537bde
2018529617530469888,秦嗨汉诺,3562.248,1767718681,a29de8f8
2021310047682553600,是的,3262.826,1768050134,9ae24a60
2035768047671333888,法律也是一样的。中国法律也一样,3275.017,1769773662,f466f7d8
2038743529190839040,先学字，以字正音，阿拉伯人有这个意识，所以他才能学这么快，欧美人完全没有文字的概念，所以觉得中文最难,3384.196,1770128367,7966ad44
2038746329182394624,表情语言，本来也不用翻译,3590.184,1770128701,7966ad44
,,0.0,1775683732.8000336,
lb.c,,0.0,1775683732.8000336,
,,0.0,1775683732.8000336,
1895737386328363264,哈哈哈哈哈哈,3617.105,1752987469,882cd619
1895737509229859072,哈哈哈哈哈哈哈哈哈哈,3676.144,1752989498,59dfb4d2
1895737583057998080,天啊，67个字母组成,3637.073,1752989336,eb069b0d
1895737632492065024,来个短的,3853.378,1752993748,6cf1571
1895737693435302144,哈哈哈不许总结,3609.164,1752993497,6cf1571
1895737816580067584,这里字幕错了，表音文字,3890.122,1752995204,5579ad8f
1895737979226788096,这一季字幕太多错误了，怎么回事啊，中文外文都错,3896.211,1753006124,aab7b18b
1895738066770301184,日语和韩语是不是也是？只要会拼都会读，但是意思得再记,3906.105,1753001542,545954c8
1895738087733432576,哈哈哈哈哈哈哈哈哈,3845.99,1753000556,7b5f275c
1895738152468320512,哈哈哈哈哈哈哈好可爱,3651.946,1753012041,d93d12d4
1895738180737929472,巴别塔,3742.261,1753008044,a62ceb35
1895738275562754304,英文就有刚刚说的英法问题导致逻辑混乱,3943.0,1753015298,b345a1e6
1895738327530180864,日语是半拼音，保留部分中文,3886.0,1753015152,b345a1e6
1895738332093583616,象形文字就是比拼音文字要方便的,3886.0,1753015173,b345a1e6
1895738336648597760,所以传播效率很高，且没有文化断层问题，所以逻辑一直能保持,3943.0,1753015269,b345a1e6
1895738357620117760,想起之前看的用各国语言唱知否。到俄语就跟念咒一样,3849.285,1753016974,910793e9
1895738458845450496,啊啊啊最喜欢听大家聊各语言的特点！这是我当年看非正的初心,3614.056,1753016407,a354f0d2
1895738658519486720,愚者无畏也是一个压缩包呀，它不是常规的意思，俄语也可以生成一个压缩包,3826.746,1753025972,fe92a296
1895738785262964992,哈哈哈哈哈哈,3817.962,1753023551,ef8f951e
1895738933883932928,头晕了,3644.316,1753035085,13a0d4c4
1895738979476017408,确实，看小Q联合国的时候同传俄语的信息密度好低,3838.236,1753041245,cdfc31da
1895739066096783616,哈哈哈哈哈有意思,3612.271,1753067134,91850ea9
1895739104407556352,突然想起之前埃及代表穆小龙的名字也很长,3658.216,1753041498,4e76690
1895739162750324992,尼采：事情没有对错 只有视角不同,3726.186,1753073245,cb0b74b0
1895739177338114304,哈哈哈哈哈大家注意有位烫嘴的德国人要来啦,3629.774,1753067187,91850ea9
1895792428078861312,还真是,3941.511,1753087268,3a31dcb7
1895853082563739136,好漂亮啊,3705.421,1753094499,dc02669c
1895873710125642496,湖南话“搞”也有好多意思。,3601.591,1753096958,29a218df
1895907346799683328,翻译是代表自己翻译的,3697.145,1753100967,d0a706e0
1895978079743661568,decode（语言学人惊坐起,3717.032,1753109399,c5fcbd94
1896108421095192320,姐姐的专业和今天的话题好适配，语言差异,3706.185,1753124937,7388c77a
1896515341271146240,我喜欢这个话题，有意思,3616.444,1753173446,b99d4a1f
1896518162234223872,信息熵,3876.963,1753173782,b99d4a1f
1896543132645330432,这颜值，太好看啦！！！！,3695.311,1753176759,832cc876
1896780626377012736,不动产超级抵押,3636.607,1753205070,1f9c8d2e
1897154366721285632,我又要骄傲了，联合国文件里，就属中文那本最薄（叉会腰）,3813.058,1753249624,729e3ab7
1897941956827989760,都在酒里了,3865.043,1753343512,8b93c9d9
1898002374233537280,好像现在学校初学英语不给学音标了？,3917.24,1753350714,2a453a04
1898102017021935872,满分5,3789.416,1753362592,b29ebb7b
1898156268347363072,我记得我初中那会有学音标 但是不会重点去考,3923.454,1753369060,33c2f0de
1898512243499875328,大左表情笑死我了哈哈哈哈,3865.395,1753411495,4b7d9bf5
1899331643441710592,哈哈哈哈哈哈好可爱,3679.808,1753509175,1091612d
1900180799328848384,确实像吕一,3719.965,1753610403,115a0075
1900386773294106880,不对不对,3653.208,1753634957,33977ab
1901012436203785984,强行闭麦,3615.255,1753709541,2c9403ee
1901013060701833216,字幕乱回了,3657.418,1753709616,2c9403ee
1901170929900720384,还确认下对不对哈哈哈哈,3831.848,1753728435,aa15251e
1901171333829032960,给陈铭总结累了,3859.411,1753728484,aa15251e
1902159930518213632,六书,3947.484,1753846333,705b52ba
1902331185083402240,大学选修语言学讲过这个区别,3951.181,1753866749,92f8c01f
1902335700813538048,分析语,3890.528,1753867287,89ed58e
1903671238854313216,大学老师也一直强调要用外语的语境去理解外语不要纠结于对应中文是什么,3741.737,1754026495,b7a9b2eb
1904763067708153600,萨沙真一点口音没有啊,3759.038,1754156652,ddee2dcd
1905858903875679232,梅丽莎中文好好,3688.86,1754287285,7becfa2e
1906691517007991808,德语也是,3801.725,1754386541,1327ee61
1908906630024663808,俄语∶入门即入土，但不得不说俄语听起来是真的好听,3783.319,1754650603,43d421ca
1913917196015940096,法语也是,3808.423,1755247909,62e4d313
1915995900275556352,好喜欢梅丽莎,3713.265,1755495710,cd971f7f
1916030022574273280,语言的背后是思维逻辑,3695.995,1755499777,272ec1ba
1916079700078810368,忙啊，忙点好啊（doge）,3835.762,1755505699,746f4806
1916625392777953536,很有意思这趴,3621.459,1755570751,51f2909e
1920356151963837440,韩语就是,3912.685,1756015492,954b058c
1920523017751516672,专业的来了,3686.052,1756035384,99536495
1920524371614198784,对!!!!!!,3843.108,1756035545,99536495
1921484775709746688,又美又有学识，太厉害了姐姐,3711.137,1756150034,d0352b3
1921487725823974144,标注拉踩还是没必要哈哈,3945.676,1756150386,d0352b3
1924956553183220992,俄语语法确实难,3781.888,1756563903,e498a6f4
1928311481842799872,我怎么看到了autumn,3673.982,1756963841,272b951b
1929831823954261248,终于说到重点了，一维语言与二维语言,3932.368,1757145080,df7cc456
1937964820096246784,及格了,3795.295,1758114609,ea665755
1940204146955817728,这段话题讨论味道对了！！,3623.895,1758381557,add21500
1947129987367245056,萨沙有口音的，东北口音哈哈哈哈哈哈,3767.265,1759207182,ecb24fe1
1954999544181936896,我们是造字，其他语言是造词，我们是组词,3892.371,1760145306,fb6e727e
1960973806940170496,还有俄语的字感觉都一模一样233,3802.199,1760857494,8b1c7d51
1965271622538264320,字和词不一样啊，汉语的词能数清吗,3769.495,1761369833,b509e6de
1966180469729066752,对的，中国还有很多种方言呢，都是文化,3734.607,1761478176,33978299
1983664562083361280,老王的哇太可爱了,3664.275,1763562443,c53f17b0
1985149511878330880,陈铭没有总结的终究还是要来的,3681.241,1763739462,55203a50
2004619822436624640,上文言文,3868.638,1766060504,ffa3828d
2038747074585654784,这更像造了个固定搭配短语，而不是单词,3646.077,1770128790,7966ad44
2057933376119917312,好漂亮,3689.333,1772415975,dc69dd68
2072056217312398080,母语是汉语好骄傲啊,3882.558,1774099549,f82fb2da
,,0.0,1775683732.8000336,
lb.c,,0.0,1775683732.8000336,
,,0.0,1775683732.8000336,
1895737662774939904,再次安利陈老师的有聊，想了解陈老师对一些话题或者事物的看法的一定要看,4023.906,1752994396,534bf33e
1895737685701005568,俄罗斯女排功勋教练卡尔波利,4271.389,1752994558,7b2fe900
1895737697243730176,俄罗斯队那几年发挥起伏很大，拦防水平下滑了很多，换谁谁都得生气，卡尔波利老爷子不生气才怪了,4283.614,1752994661,7b2fe900
1895737894426349824,还真想听下去,4177.285,1752997978,c7bc6e63
1895737925430644992,不想听,4197.99,1752997336,ca646aae
1895737966459326720,哈哈哈哈哈 我开始逐字学习  doge,4196.912,1752998636,fbf64f60
1895738073137254656,中文是超链接语种,3984.747,1753006704,39499903
1895738140615217408,哈哈哈哈哈哈哈哈哈哈哈哈哈哈哈哈哈哈,4310.057,1753009910,259fe52
1895738233619714304,陈铭老师还想听！,4182.484,1753007774,53b79af0
1895738266444337408,的确，中文很感性,4124.538,1753015157,ef682fb2
1895738305652691200,这个好有意思哈哈哈,4208.39,1753014222,b1b00e21
1895738500780101888,man,3975.847,1753018973,f4eb18b5
1895738511718846720,音译在中文里很少见的，因为我们几乎啥都有对应的,4145.0,1753015534,b345a1e6
1895738631164236032,所以中文真的很美,4112.951,1753025099,a7349199
1895738649401069824,喜欢听陈铭老师说,4192.35,1753025462,105f8ab8
1895738683140051200,粤韵风华请你来学,4228.784,1753024098,99272c49
1895738787997651200,语言这个可以多出几期,4134.263,1753026762,d6bfe3aa
1895738869149044992,偏误,4027.411,1753027772,838e3436
1895738996798492928,哈哈哈哈哈,4203.489,1753035239,187c324
1895739035092488448,还想听,4147.312,1753067760,91850ea9
1895739036006846720,喜欢陈铭老师这期的总结,4148.159,1753035184,187c324
1895739102570451200,哈哈哈哈哈哈哈哈哈哈画,4154.529,1753069234,f7934ca3
1895739191011545344,Hahahaha ,4072.191,1753068882,8c10ef2b
1895793939530218240,嗷～都是……   太地道了萨沙哈哈哈哈哈,4258.574,1753087448,d8c0c6fa
1895917244123625472,希望陈老师说完，简直是精华部分哇,4200.455,1753102147,7d881d54
1895984355831034368,白帝圣剑，御剑跟着我,4280.148,1753110148,25b891ad
1896017901253990656,优先使用枝丫哦,3982.02,1753114146,487f1d6
1896022503672487424,这里也有佛（,4070.515,1753114695,698bab0d
1896322597734351360,中国诗真的作为一个中国人很骄傲，太美了，意境美，有的读起来也美,4105.965,1753150469,996c2fe2
1896460121219883008,好像是这样,3981.646,1753166863,9ec95bfa
1896520846001502976,但是这个总结我喜欢，涨知识,4086.27,1753174102,b99d4a1f
1896521961702968320,还想听，再说个五块钱的吧,4156.119,1753174235,b99d4a1f
1896676574695453952,普希金,4263.726,1753192666,54d3f224
1896725566901062400,哈哈哈哈哈哈哈哈哈哈哈哈哈哈哈,4310.07,1753198507,22445c1f
1896730106723395328,哈哈哈哈哈哈哈这期太有意思了,4209.816,1753199048,9cb4590f
1897010015916183808,对对对跟机关枪似的整个赛场都能听到,4272.545,1753232416,d539e6d1
1897077275255051776,哈哈哈哈哈哈哈哈哈,4190.698,1753240434,3c157400
1897174036765635072,陈老师的总结太棒了,4168.585,1753251969,edbe14cb
1897392318966345984,或许是“道”，但也确实不完全一样,4138.271,1753277990,bbeae81b
1897423909876315136,语言都基于一定逻辑啊，像一个公式往上套，怎么没逻辑了，汉子的构成组词都有逻辑思维啊,4200.979,1753281756,d849b843
1897862636431858688,没听够哈哈哈,4177.458,1753334056,c7d94c30
1897882039651485952,鸟语花香,4319.548,1753336369,5e6db3f9
1897898935013042688,可恶啊这次刚好是我感兴趣的话题,4161.582,1753338383,47a0e8bd
1898160146023362048,这点我作为留子真的深有体会 写英文论文的时候真的是一连二 二连三的感觉 不然会扣分的 但中文很少直接表达这么明确的,4143.613,1753369522,33c2f0de
1898164993313185792,其实古人造字也走过这条路，比如光马就有一百多种，骢骊骓骏骥骁，后来发现这样下去不是个事儿，太麻烦了,3975.043,1753370100,a725bfc4
1898638624019697408,我还没听够,4148.66,1753426561,71afd37d
1898787820446409728,反而英语会听就能拼写出来,3998.591,1753444347,636af638
1899369447870135552,涡轮苏卡！,4306.429,1753513682,3873c0bd
1899754244643268352,我也特喜欢听,4184.346,1753559553,a03bc12f
1899892586974535168,萨沙,4214.495,1753576045,3e3ca627
1900097116832440064,可恶，真的回味无穷啊，陈老师你再讲会儿吧,4169.039,1753600427,664e896
1900296271730859520,哈哈哈哈哈哈哈,4317.511,1753624168,cd73212b
1900392088978706688,笑鼠了,4276.249,1753635590,33977ab
1900392259451958016,太好笑了哈哈哈哈,4296.513,1753635611,33977ab
1901016738342964736,中文是体验,4037.216,1753710054,2c9403ee
1901019576444265728,过分了过分了,4306.717,1753710393,2c9403ee
1901803584791174912,一点也不短，(◐‿◑)﻿,4062.857,1753803854,f40bc1cc
1902041048625348864,不是道，更像理,4143.516,1753832162,18259142
1902331840049217792,感觉中文好美啊，艺术,3990.092,1753866827,92f8c01f
1902332906249409792,中文是瑰宝,4117.378,1753866954,92f8c01f
1902468908746143744,下次是什么时候,4190.613,1753883166,23568bd4
1902949917157764864,言有尽而意无穷,4173.006,1753940507,ca017a5
1903624783280088832,喜欢这个总结！,4097.385,1754020957,f0de91b3
1903829280824533504,我也喜欢看总结,4089.384,1754045335,5f529759
1904583630937199616,赞同，中文逻辑不严谨，甚至会出现颠倒黑白的情况,4118.207,1754135261,b6ee8bbd
1904685207156790528,西班牙拿铁,3995.688,1754147370,7bcfa025
1904719537870318848,中文里面的山有很多很多种,4043.343,1754151462,1606bf27
1904720340727399936,是的，我们中文文字逻辑不强,4117.347,1754151558,1606bf27
1905164537058565632,主持人就是控场的，时长要他负责控制的，没办法的,4223.159,1754204510,630e768b
1905314751845161728,元素周期表,3987.742,1754222417,2eb47862
1905861314233136128,陈铭懂得好多,3967.821,1754287573,7becfa2e
1905869100798891776,你们要聊这个我可就精神了,4216.222,1754288501,acf5d39a
1906539827319374592,哈哈哈哈,4241.001,1754368458,58d57e1c
1906540589273325824,哈哈哈哈哈,4310.782,1754368549,58d57e1c
1906688755184680448,桶装水瓶装水.v,4007.948,1754386211,819e3004
1907523442576883968,绝了,4169.636,1754485714,f5dd2f0d
1907644947604512512,等红灯是在等绿灯,4082.438,1754500198,ff8d4f0a
1907980387771732224,苏卡起手23333,4316.445,1754540186,e06c8437
1910170930404237824,圈粉le,4176.937,1754801319,738a73b
1910230441924162816,陈老师唱了一段跳一跳,3992.914,1754808413,f1feee36
1914555673774369536,山峦峰,4041.505,1755324021,c8be969c
1914633198378391552,白帝圣剑哈哈哈哈哈哈哈,4283.877,1755333263,39959bed
1914709549752189952,太好玩了哈哈哈哈,4297.298,1755342365,7dd1e666
1915999561113992960,哈哈哈哈哈哈哈哈哈,4246.601,1755496146,cd971f7f
1916629292717141760,不会这集都是滴滴滴滴滴吧,4207.55,1755571216,51f2909e
1916847819730828288,老王对中文的运用很通感,4059.05,1755597266,b575b51f
1919200580753647360,喜欢的话题总是听不够，不喜欢的好长，譬如什么信息信息，看到就头晕,4182.566,1755877737,ab909100
1920259340867743488,哈哈哈哈哈,4082.777,1756003951,6fe7767c
1920526322502341120,如如不动,4063.914,1756035778,99536495
1921992866163510272,哈哈哈哈哈,4082.943,1756210604,82b54504
1928582631055161600,我不同意，山我可以解释为突出地面很多的土或者石头,4048.353,1756996165,cfd3a899
1929016966887768832,喜欢语言期,4125.882,1757047942,bd775eca
1929832194772670464,这就叫降维打击,3960.908,1757145124,df7cc456
1932317703025618944,哈哈哈哈哈哈哈哈哈哈,4305.693,1757441420,52ac390e
1937429935681908224,好喜欢陈铭老师的总结 学到很多,4147.093,1758050846,664fbc21
1937697910745701120,其实还是有点口音,4237.83,1758082791,aeeff0bc
1938017766129012736,你不是外国朋友吗？,4224.433,1758120921,bd77f5f3
1943402323418697728,我认为中文是活字印刷术,4043.986,1758762810,fe599c6c
1952092445781283584,苏子开头列字结尾,4254.784,1759798753,b1e41dca
1960114288949624320,我也看了那个视频！！！！俄罗斯教练太凶残了！！！你们可以去网上搜,4271.027,1760755031,6a7c628d
1970983019397520896,听不懂俄语，主要看表情和神态啊哈哈哈,4293.443,1762050685,f517d2b4
1987896814821010944,记笔记。,4214.037,1764066966,a87e4250
1992810780202441728,哈哈哈哈哈哈哈哈哈,4311.986,1764652757,b087944c
1998380675866813952,四姐咋回事，怎么剪这个发型了，还是长发好看,4266.798,1765316740,ffa3828d
2005918499490857216,还得是秦始皇,4012.384,1766215319,11aba778
2027816003223746816,logic,4125.294,1768825705,8f58d927
2035829821229662976,不垢不净，不增不减,4079.032,1769781026,f9735bbb
,,0.0,1775683732.8000336,
lb.c,,0.0,1775683732.8000336,
,,0.0,1775683732.8000336,
1895737401436246272,怎么可能放出来,4342.782,1752987653,5aaa7626
1895737677907988736,啊？不是爷爷辈吗？,4418.736,1752994538,591a47e1
1895737751501246720,哈哈哈哈哈哈哈哈哈哈哈哈哈,4437.159,1752993639,c76f245a
1895737760066015488,爸爸的哥哥不是大伯吗？大爷不是爷爷的兄弟吗,4416.924,1752994737,5866b398
1895737777631760640,那应该听不了泰勒斯威夫特的这首歌吧哈哈哈哈哈哈,4668.85,1752994975,534bf33e
1895737803896492288,老王大好人啊,4585.286,1752995672,ce21b857
1895737832879132928,哈哈哈哈哈哈哈哈哈哈哈哈哈哈哈哈哈,4627.772,1752994815,534bf33e
1895738113259966720,不愧美食博主，这都能跟吃的联系上,4448.927,1753008271,13ee2db9
1895738151553962240,哈哈哈哈哈哈哈陈老师,4623.234,1753004086,e967e3fc
1895738287424246016,哈哈哈哈哈哈哈,4660.359,1753013919,fbf64f60
1895738324795494656,不像演的,4542.675,1753011315,47aef417
1895738367652892928,哈哈哈哈哈哈哈萨沙,4524.058,1753014007,5041b929
1895738494396371200,哈哈哈哈哈哈哈哈,4648.252,1753020067,eabe6363
1895738752438341888,大爷就是伯伯的方言啊,4420.588,1753027986,302e2cd4
1895738870055014656,哈哈哈哈哈哈哈哈哈哈哈哈哈哈,4627.886,1753030164,ea25d4d6
1895738921124860160,鸟语花香,4334.495,1753038594,23ddeab7
1895738943002349824,我笑的不行了,4567.735,1753035604,187c324
1895739028708757760,那确实不好，癌症很痛苦的,4375.493,1753037991,7a1afabc
1895739033272160512,北方大爷就是爸爸的哥哥，还有些地方会叫大爹,4422.924,1753038056,7a1afabc
1895739051508994304,比利时，荷兰，不由自主地dudududu,4370.072,1753045018,cdfc31da
1895739054243680512,这期太好看了哈哈哈哈,4582.978,1753035619,187c324
1895739071566156032,全世界的趋势哈哈哈哈哈哈哈,4405.411,1753069485,f7934ca3
1895739076129558784,看来还是妈妈重要哈哈哈哈哈,4448.138,1753069527,f7934ca3
1895739088888631552,靠北不算？,4416.782,1753068705,d4e31129
1895739092537676032,笑得我肚子疼,4397.34,1753062755,928dfa68
1895739105305137408,是红大爷,4418.911,1753072489,63882395
1895739118072598784,哈哈哈哈 老王太可爱了,4587.157,1753061525,67cfac19
1895739125362299136,哈哈哈,4564.19,1753070523,86ed341b
1895739337812185344,哈哈哈哈哈不愧是学霸,4661.75,1753080270,928ebf4c
1895833647970618624,哎 闽南话林北就是 可惜唐大哥不在了,4408.122,1753092182,717a589b
1895902750144143360,这个还……,4321.524,1753100419,738625c6
1895907869804003328,本来就听不懂，那听不听得到又有什么关系呢，在公共场合说脏话本身就是不文明的行为,4360.674,1753101030,b41d23bf
1895908179586673152,哈哈哈哈哈不行了笑哭了,4388.324,1753101067,8e85fd5f
1895927466716137216,哈哈哈哈哈哈哈哈哈哈哈哈哈哈哈哈哈哈哈,4394.076,1753103366,4365b2b7
1895928548712294912,哈哈哈哈哈哈哈哈哈哈哈哈哈哈哈哈哈哈哈,4520.928,1753103495,4365b2b7
1895982829658685952,我也是,4675.5,1753109966,42cad9e5
1896001296768195840,哈哈哈哈哈哈哈哈哈哈哈哈,4677.235,1753112167,ee1f6f9b
1896400773932488448,哈哈哈哈哈哈哈哈哈哈哈,4598.659,1753159788,e1f0140c
1896512698288793600,跟我们见外了不是,4365.396,1753173131,6a042d86
1896514385674094080,老王又拿吃饭举例哈哈哈哈哈哈哈,4454.776,1753173332,272cb156
1896608734999507456,满意满意特别满意,4371.008,1753184579,6958d185
1896642155020717056,苦肉计哈哈,4590.242,1753188563,445a39f6
1896642936713124608,对对对,4676.515,1753188657,445a39f6
1896696260124513024,自爆型劝架,4561.628,1753195013,fc5c5aac
1896763454762194688,他们不会哈哈哈哈哈哈哈哈,4569.196,1753203023,b9816bbd
1896765768927379200,哈哈哈哈哈哈哈哈哈哈哈哈公费报仇,4542.799,1753203299,e8be185e
1897011300463673856,有带大爷的,4411.438,1753232569,d539e6d1
1897013120430860032,老王好吃的没白吃还挺有劲,4613.994,1753232786,d539e6d1
1897218638458098176,讲的好可爱呀哈哈哈哈哈哈哈,4468.158,1753257286,d9749c34
1897324740884846080,我也是,4678.681,1753269934,8693b549
1897363774932184320,想了解的可以自己找找一些俄的生活vlog之类的,4361.289,1753274587,d403eb94
1897426030323611648,哈哈哈哈哈哈,4387.518,1753282009,d849b843
1897430303178371840,陈老师梦开始的地方,4635.859,1753282518,d849b843
1898107734009310976,有的，闽南话里面的靠北就是,4409.048,1753363274,b29ebb7b
1898140754749313024,拉开了已经,4552.403,1753367210,9a457285
1898604176352239360,风和日丽，鸟语花香,4320.185,1753422454,a18ccce
1898604469584211456,这么长一段吗救命怎么还没完啊哈哈哈哈哈哈哈哈哈,4334.886,1753422489,a18ccce
1898827115965592320,大爷，不是大爷爷啊,4423.334,1753449031,1ffa9383
1899264598080031232,果然是美食博主,4449.549,1753501183,d04c374a
1899496872319092736,凉菜哈哈哈哈这个比喻,4441.171,1753528872,3820b86
1900043563572775680,到底是啥？好想知道,4348.134,1753594043,3ad68769
1900320971148192768,被带歪了，哈哈哈,4644.234,1753627112,968d7bd9
1900998015238881792,0帧起手,4521.96,1753707822,478a57e2
1901003546199856128,北方不说大伯，都是说大爷,4429.826,1753708482,2216f793
1901074396593528576,坑爹只是调侃 上升不到骂人,4438.056,1753716928,bba3e7b3
1901091973570498560,放出来吧，反正听不懂,4334.352,1753719023,18259142
1902337660274969600,哈哈哈哈哈哈哈哈,4604.007,1753867520,92f8c01f
1903081973443330560,哈哈哈哈哈哈,4535.647,1753956250,623dd44
1903082273570880768,哈哈哈哈哈哈哈哈,4568.091,1753956285,623dd44
1903781401921761536,其实有用,4589.383,1754039628,1ddd0afb
1903806233291993600,老王那么有力吗,4603.096,1754042588,29c7c55b
1903952397949739520,这个情节 解放西 看过一样的，哈哈哈哈哈哈,4560.019,1754060012,e1245ea0
1904516717376838400,因为妈妈是孩子的第一位老师啊！,4403.275,1754127284,9e41d483
1904530899417644288,哈哈哈哈哈哈哈哈哈哈哈哈哈你个感冒,4385.563,1754128975,3e5e834
1904530978748724992,和哈哈哈哈哈哈哈哈哈哈哈哈哈哈哈哈哈哈哈哈哈哈哈哈哈哈哈哈哈哈哈哈哈哈哈哈哈哈哈哈哈,4384.499,1754128984,3e5e834
1904532923857065216,没有妹妹呢,4492.766,1754129216,3e5e834
1904538811812607744,哈哈哈哈哈哈哈哈哈哈哈哈哈哈哈哈哈哈哈哈哈,4645.546,1754129918,3e5e834
1904722568506592768,不是，这有什么可防的呢,4341.418,1754151824,1606bf27
1905449384062253056,新疆好像也是,4496.703,1754238467,a48719d1
1905497931360905728,伊朗和俄罗斯打起来啦,4529.621,1754244254,c0863c00
1906542784094295808,哈哈哈哈哈,4559.017,1754368810,58d57e1c
1907526196715882496,哈哈哈哈哈哈哈哈,4523.519,1754486042,f5dd2f0d
1908679452259804928,xx日记,4362.117,1754623521,f41917e3
1908744384842053120,你们听不懂，别人听得懂啊，我就是学俄语的，很多人学俄语日语,4357.8,1754631262,6ba6f998
1909668420170398720,四个层次,4433.428,1754741415,d7fb52ee
1911359300216006400,哈哈哈哈哈哈,4447.784,1754942984,984e8387
1911359604252789760,太逗了,4455.784,1754943020,984e8387
1913398067118770176,马月！受到严格保护,4495.758,1755186024,e540d7cc
1914634620675197952,爸爸好惨,4409.305,1755333432,39959bed
1914635448362681088,老王好有意思啊,4468.254,1755333531,39959bed
1914637087353891840,陈老师好帅好可爱,4628.134,1755333726,39959bed
1916001994548683520,萨沙现在好有效果啊,4525.363,1755496436,cd971f7f
1916630927698902784,哈哈哈哈哈哈哈哈哈哈哈哈哈哈,4395.624,1755571411,51f2909e
1916852277454065152,骄傲的小表情,4513.962,1755597798,b575b51f
1918109775393509888,加长版都听不到,4327.512,1755747703,e10ac76a
1919292270814105600,三句话不离老本行。老王就是老王,4441.278,1755888668,8ff620f
1920360764641292800,大爷（轻声）和大爷（二声）是不一样的辈分,4424.525,1756016042,954b058c
1920530535504589824,苦肉计,4559.312,1756036280,99536495
1924962263669318912,确实,4378.913,1756564583,e498a6f4
1928317987325752320,爸爸不重要和哈哈哈,4437.715,1756964617,272b951b
1928473381473163008,陈铭老师哈哈哈哈哈哈哈哈哈哈哈什么叫你个感冒啊哈哈哈哈哈,4387.472,1756983141,27acc97c
1930119365563671296,关键有个俄罗斯妹子全能听懂，哈哈哈,4350.281,1757179358,5f57ee63
1932318721125803008,哈哈哈哈哈哈哈哈哈哈哈,4386.414,1757441541,52ac390e
1937685851845080064,肺结核我们叫痨病,4387.045,1758081353,748c3342
1937711880739083008,现在有了,4411.543,1758084456,e8f1e80f
1937713293271636224,以身入局,4575.73,1758084625,e8f1e80f
1946610506567641600,哈哈哈哈哈哈哈什么鬼，好搞笑,4396.361,1759145255,3a0f6945
1946616695774839040,毕竟母亲是生你养你的人，是个人都不希望。除非你原生家庭环境不好,4477.17,1759145993,eb269b47
1954247216982614016,就好像放出来我们能听懂一样,4348.708,1760055622,99c7f039
1967670342588077312,阿阿阿啊啊，我要听,4342.408,1761655783,eb09f285
1977879332269668864,哈哈哈哈哈哈哈哈哈,4648.638,1762872790,aedabb3d
1986532170919592192,想听啊,4334.675,1763904288,2a9d92f9
1993856239851235072,哈哈哈哈哈多少是有点私人恩怨了哈哈哈哈哈哈哈哈哈哈哈萨沙,4520.851,1764777385,ed5612f4
1996746304319704576,有的 中西部地区很多,4410.686,1765121908,74ba3500
1999494019419440896,盲猜第四个祖先,4482.623,1765449461,29cd0eb
2004628390627918080,老王男友力爆棚啊，华波波都有150 6了,4609.39,1766061526,ffa3828d
,,0.0,1775683732.8000336,
lb.c,,0.0,1775683732.8000336,
,,0.0,1775683732.8000336,
1895737548723425536,哈哈哈哈哈什么是我们不能听的,4749.619,1752990264,1549437e
1895737557581795584,来啦来啦,5024.737,1752990286,a1639211
1895737558689091840,哈哈哈哈哈哈哈哈哈哈哈哈,4902.274,1752991699,eb069b0d
1895737576405831936,哈哈哈哈哈哈哈哈哈哈笑飞了,4980.356,1752990608,39108e46
1895737633507086592,免礼免礼,5039.074,1752990708,59dfb4d2
1895737685701005571,哈哈哈哈哈哈,5002.412,1752993137,98f16374
1895737800272613632,哈哈哈哈哈哈哈哈哈哈哈哈哈哈哈哈哈哈哈哈哈哈哈哈哈哈哈哈哈哈,4982.027,1752995330,a4557f7c
1895737802998911232,万一听不懂怎么办,4874.018,1752994933,81bc2129
1895737948222492928,什么梗？,4748.329,1752998164,d6922fe2
1895738125113069824,就这个湖北味正宗,4711.305,1753011041,7a763aee
1895738285595529472,双板确实可以倒着滑,5008.25,1753011373,43686648
1895738620225491200,哈哈哈哈哈哈哈哈哈,4984.609,1753022510,65fd9e50
1895738757907714304,太损了,4985.149,1753022518,65fd9e50
1895738832675377408,来来来来,5036.598,1753027077,8a513c81
1895738966708556032,太可爱了超超,4747.358,1753060176,4f7b0147
1895738992243478784,就是歇后语,4867.877,1753034556,c7bc6e63
1895739080684572928,哈哈哈哈哈哈哈哈哈哈,4918.722,1753069998,f7934ca3
1895739131746029824,哈哈哈哈哈哈哈哈哈哈哈哈哈哈哈哈,4994.089,1753062512,3bd1c757
1895739196480917760,这段发出杠铃般的笑声,5030.092,1753075104,28ad2a59
1895739201044320512,斑马斑马，你回到了你的家,4704.204,1753075169,c2cf2fbe
1895739208334020864,突然好凶的超超,4710.536,1753075185,c2cf2fbe
1895739269428252928,哈哈哈哈,4730.776,1753075210,df6e1fa7
1895739282195714304,个斑马 武汉读书学会的第一句武汉话,4704.434,1753073116,76b350d2
1895771221057041664,歇后语骂人是吧hhh,4865.028,1753084740,ea88348b
1895892382798022400,真的很像用歇后语骂人,4858.534,1753099184,1da0b061
1895904636515565824,四姐镜头太少了，感觉他的观点还没开始就没了,4765.842,1753100644,58b836f8
1896404829505373952,哈哈哈哈哈哈哈哈活学活用,4949.724,1753160272,f1957628
1896405288303884800,哈哈哈哈哈哈哈哈哈哈哈哈哈哈笑死我了,5003.653,1753160327,f1957628
1896468623779084032,哈哈哈哈哈哈,4981.223,1753167877,9ec95bfa
1896588932171657472,Dylan好帅,4935.291,1753182219,bd4e22b9
1896649488324662272,非正“倒着哥”,4978.032,1753189438,280fcb51
1896737496214828800,哈哈哈哈哈哈哈哈哈哈哈哈哈哈,4982.203,1753199929,9cb4590f
1897014030158811904,你瞅啥的意思吗,4715.633,1753232894,d539e6d1
1897014233171284992,想咋的,4732.518,1753232919,d539e6d1
1897019864125305344,胖跟秃顶？华波波？哈哈,4804.17,1753233590,88971e98
1897165318887847424,哈哈哈哈哈哈每次都要拿出来反复“鞭尸”,4994.106,1753250929,729e3ab7
1897254941232950272,哈哈哈 杨杨很合适,4903.28,1753261613,2a986023
1897344532589414144,又狠又能播哈哈哈哈，好绝,4852.883,1753272293,55d83f10
1897762938228495616,哈哈哈哈哈哈超超你咋这么可爱呀,4748.926,1753322171,3c4a8341
1898076422447444224,这个味太对了，喵莫斯喵,4713.793,1753359541,49e5e8b6
1898116838467539200,哈哈哈哈哈哈哈,4959.312,1753364359,8d117f15
1898162780163908608,笑晕了这个梗,4843.97,1753369836,b71cfd89
1898407579726848000,我也是！本来已经冷静下来了听到这句话又会死灰复燃,4680.153,1753399018,28dcc9f6
1898620921531941120,哈哈哈哈哈哈哈哈哈哈哈哈哈哈哈哈,4990.806,1753424451,a18ccce
1898621235324599808,萨沙：我这一生如履薄冰,4998.994,1753424488,a18ccce
1898621702788319488,这里就很适合配个bgm：长江黄河还有黑龙江~~~,5007.924,1753424544,a18ccce
1898674081130886656,auv真地儿道～,4950.016,1753430788,2738fae5
1898686192863140864,伦儿,5032.685,1753432232,b0850c04
1898718675599884544,喵喵喵  喵莫比,4716.685,1753436104,f83ddc9a
1898842469316472832,这是歇后语啊,4860.486,1753450861,17e2fe2c
1899339586950643712,喵帕斯,4719.067,1753510122,7ef1f30f
1899599321197446144,谎言不会伤人，真相才是快刀,4805.355,1753541085,bc31ead9
1900380122948168960,是LULU!,4784.341,1753634164,81aeaa1b
1900503618960948736,梅林的胡子,4886.484,1753648886,fcdaa08a
1901024484039726336,哈哈哈哈哈哈哈,4942.838,1753710978,2c9403ee
1901079414683921152,给你俩窝窝是“傻瓜你看什么，你走开”的意思,4779.862,1753717526,e67086c2
1901079829685023488,老王可以啊,4824.392,1753717575,e67086c2
1901079976536206080,盆景的伐木工赢了,4830.592,1753717593,e67086c2
1902231732707858432,啥意思没懂,4835.101,1753854893,c1f2fe77
1902338815436637184,动物吵架哈哈哈,4741.721,1753867658,92f8c01f
1902339230270251776,好可爱,4791.413,1753867708,92f8c01f
1902465103329566464,哈哈哈哈哈哈哈,4900.32,1753882713,24d07282
1902505877391889664,我懂！不仅是吵架，平时明明一件事已经在做了，非补一句你去做一下，我也会生气,4683.771,1753887574,29c4c024
1902512598906821376,翻旧账了,4925.858,1753888375,d89f1503
1902594920603297792,这一段巨好笑,4932.927,1753898188,26f5d348
1903085253296941312,哈哈哈哈哈哈哈哈哈,4913.221,1753956640,623dd44
1903422713532604160,完全沉浸在自己的艺术创作里了,4892.961,1753996869,bb961bc8
1903895399203318784,沉浸在自己的艺术,4885.319,1754053217,c51a6472
1905868802760226304,好有趣,4725.221,1754288465,7becfa2e
1905869663649455104,哈哈哈,4823.731,1754288568,7becfa2e
1906076866142587904,超超好美～～～～～～,5033.296,1754313269,ba077aef
1906843327282730752,不知道两个buff梗被萨沙听到了会怎么样哈哈哈哈,5018.175,1754404638,4ad5b7c7
1906853502798462464,笑飞了这期哈哈哈,4973.051,1754405851,de5d2566
1907283657380028416,个斑马是吧哈哈哈哈,4741.914,1754457129,654346f5
1907369347933021696,咩啊～,4736.208,1754467344,d9a3acb1
1907528459920721920,中文也是哈哈哈哈哈哈,4843.019,1754486312,f5dd2f0d
1907988977269993984,就跟吵架的时候对方说你冷静一点,4687.296,1754541210,952047f4
1909012552659049984,你看看！,4887.06,1754663230,a30a61d9
1914639175487860992,好艺术,4868.566,1755333975,39959bed
1914699145797749760,免礼免礼,5038.536,1755341124,6a35cdb9
1916331482058605056,去五常,4934.547,1755535714,299590f4
1920572473301738496,你别急哈哈哈哈,4680.084,1756041280,bc587f4c
1921150194511518720,无效消音,4767.931,1756110149,cc860fab
1921999990281070336,膝盖脑袋哈哈哈哈哈,4820.756,1756211453,82b54504
1922699810163473408,哈哈哈哈哈哈这个好玩膝盖脑袋哈哈哈哈哈哈哈,4821.902,1756294878,bc17ebe1
1922718678232065536,buludo在大力水手里面就是大块头,4769.819,1756297127,990a1ffc
1924745898970591232,吼吼吼吼吼吼吼吼吼吼吼吼吼吼吼吼,5002.511,1756538791,90bb401c
1924967089098646016,哈哈哈哈哈哈哈哈我懂了,4839.73,1756565159,e498a6f4
1928431833856027648,四川话 哈哈哈,4802.515,1756978188,272b951b
1930122968890291968,一般是表和马,4760.893,1757179787,5f57ee63
1932207309505761536,真不用客气，哈哈哈哈哈哈哈哈哈,5037.71,1757428260,5b4783e3
1932323510836293120,歇后语骂人 在中国能把我骂笑，没有杀伤力,4856.499,1757442112,52ac390e
1938651722562595840,这个环节好想看英国代表,4803.651,1758196494,7514575b
1941575577676902144,中国好像也是,4880.714,1758545045,7a001e02
1956604467680680960,哈哈哈哈哈哈哈哈哈哈哈哈哈哈哈哈哈哈哈哈哈哈哈哈哈哈倒哥,4987.29,1760336628,d35c8a9
1957521618251751424,有备而来,4898.296,1760445961,ae02b522
1963046567418170368,完全get不到哈哈哈，太艺术了,4878.238,1761104586,54f7b9d0
1963047484477570560,卧槽哈哈哈哈哈哈太搞笑了,4987.548,1761104695,54f7b9d0
1963047606246712832,太有梗了我的天啊,5002.101,1761104710,54f7b9d0
1988704206604970240,萨沙现在好大方,4966.483,1764163215,c847ffba
2005156528713694464,形成内部梗了 哈哈哈,5015.259,1766124485,32b92588
2018407658939996416,武汉话好好玩,4761.811,1767704143,964a8dca
2027838086511379968,哈哈哈哈哈哈哈哈哈哈哈哈哈哈,4860.422,1768828337,8f58d927
,,0.0,1775683732.8000336,
lb.c,,0.0,1775683732.8000336,
,,0.0,1775683732.8000336,
1895737252798501120,一个轴打起来了,5382.658,1752985054,7e19df34
1895737399926296832,老王居然赢了哈哈哈哈哈,5194.259,1752987261,f69ff094
1895737549830721792,众爱卿平身,5040.701,1752988640,1f930d45
1895737559796388096,买不完了,5324.051,1752990445,3f8c2705
1895737585272590592,这个除了买卖还能组什么？,5347.699,1752990663,1549437e
1895737629463777536,买了锅巴,5269.404,1752992283,7e894dc7
1895737792127275264,这也太难了除了脏话我一个也想不到,5250.819,1752994250,4374cf64
1895737809332310272,伤疤,5096.912,1752995497,a4557f7c
1895737812956188928,艾丽莎还比了个功夫出招动作，好可爱,5228.918,1752995826,5866b398
1895737818392006912,这下真的势均力敌王不见王了，战力很均衡,5221.14,1752995797,5866b398
1895737822913466624,怎么不把小贝喊回来哈哈哈哈哈 全国总冠军,5232.53,1752995811,ca18aa72
1895737839220920576,随便,5103.405,1752995510,a4557f7c
1895737861601726720,哈哈哈哈哈,5280.223,1752995737,a4557f7c
1895737870728532224,哈哈哈哈哈,5357.137,1752995819,a4557f7c
1895737878009843968,这个难度好高我一下没想出来,5250.43,1752995861,5866b398
1895737975577743616,太搞笑了这段，会长帮得也真是不明显哈哈哈,5309.076,1752998714,d5478533
1895738014786097408,我都想不出这么多orz,5177.407,1752998128,cda41c26
1895738146998948096,富贵使我们相遇,5054.133,1753003938,94179e93
1895738222680969472,上边其实可以的...至少广东话里可以这么讲哈哈哈哈哈,5132.578,1753012151,f11a2bc3
1895738259154637056,那我必须得发个弹幕,5045.758,1753013226,4c2d7347
1895738280117768448,哎哟喂排面是自己给的,5053.218,1753015344,2394c70f
1895738286535053568,我都想不出来,5361.944,1753014671,635d7cfe
1895738288321827072,大左感觉好疲惫呀,5089.831,1753010259,2275038b
1895738300183318784,买了个包,5277.18,1753014758,73e9b877
1895738319326122240,哈哈哈哈哈哈哈哈哈哈哈,5333.776,1753014745,fbf64f60
1895738331187613952,水表,5101.409,1753013084,8f071823
1895738358542864640,哈哈哈哈,5289.412,1753013835,fc1db046
1895738420534677760,厉害,5362.198,1753013915,fc1db046
1895738453367689472,手臂,5083.725,1753019015,c2db3739
1895738483457626368,散步,5110.21,1753018989,c2db3739
1895738492567654656,私奔,5156.474,1753019088,c2db3739
1895738497131057408,散步,5178.373,1753019110,c2db3739
1895738523571949824,伤悲,5147.874,1753019080,c2db3739
1895738528126963968,帅爆,5171.778,1753019103,c2db3739
1895738537287323904,松柏,5115.542,1753019154,c2db3739
1895738560959975680,那么棒,5397.279,1753020515,c2db3739
1895738573719048448,迷恋改编,5350.312,1753020373,c2db3739
1895738581931495680,美丽古堡,5344.655,1753020257,c2db3739
1895738616576446720,雷妃：嬗变的女人,5152.275,1753018117,6ee65ea5
1895738643931697408,上榜,5139.362,1753019071,c2db3739
1895738657605128448,塞北,5125.34,1753019163,c2db3739
1895738663988859136,三百,5114.292,1753022376,fd2dafbb
1895738781613920512,买了个包,5269.515,1753030952,ea25d4d6
1895738925679874304,会长喜欢俄罗斯人哈哈哈哈哈哈,5280.092,1753038953,7a1afabc
1895738932969574656,笑死我了,5378.09,1753029813,bde1c345
1895738939353305344,哈哈哈哈救命笑死我了,5309.07,1753045893,23ddeab7
1895739014146134272,散步,5114.314,1753068800,91850ea9
1895739130831671552,想不出来,5264.519,1753072461,9f25c571
1895739175509397760,会长明目张胆啊哈哈哈哈哈,5276.576,1753072003,9f04a8dc
1895739183721844992,？,5103.33,1753070183,f7934ca3
1895739216546468096,麻辣锅巴？,5317.463,1753073025,39c07fe7
1895739235689271552,思辨,5100.653,1753075567,bf28894c
1895739250285449472,这是真的强……,5354.932,1753072572,9f25c571
1895739315020337408,老王的食物词汇库太丰富了,5202.207,1753075106,cb0b74b0
1895806227742127872,不愧是全球总冠军哈哈哈,5355.453,1753088913,20dfe047
1895865772513874176,呵呵哈哈哈,5295.841,1753096011,f81c7508
1895865835151917056,笑死我了,5302.521,1753096019,f81c7508
1895905592497846784,波波超级不想输给老王啊哈哈,5168.56,1753100758,e1c79dc9
1895913210587020800,厉害也,5356.678,1753101666,738625c6
1895940028228628736,哈哈哈哈杨迪笑死我了,5331.187,1753104863,9a7995d3
1896001709957121536,这个游戏确定不是在考验旁边的观众吗哈哈哈哈哈哈哈,5169.79,1753112216,692c8ed6
1896005638208190720,哈哈哈哈哈哈哈哈哈哈哈哈哈哈哈哈哈哈,5309.536,1753112685,ee1f6f9b
1896037717519832320,我不行了,5303.486,1753116509,35861f7e
1896103813057326080,众爱卿平身,5055.166,1753124388,272d704
1896266853488527360,买了个包,5255.593,1753143824,136938f4
1896397577185262080,买了个表,5252.363,1753159407,8c816764
1896398972085054976,买了个布,5322.799,1753159574,8c816764
1896487745384687360,是全世界冠军强啊  这个怎么可能平衡？,5225.606,1753170156,3f43cf38
1896518030927038976,哈哈哈哈,5287.335,1753173767,6a042d86
1896647238626065664,散步,5186.384,1753189169,445a39f6
1896700332483297024,买了个表,5262.862,1753195499,fc5c5aac
1897110671595089408,买了个饼,5303.296,1753244415,42da3e49
1897164510704274176,会长，真的一点都不偏心,5318.682,1753250833,35645b71
1897465344239936512,这里为啥正片没有啊很好玩,5316.955,1753286695,9c3b5844
1897907599363012096,加长版不是没人吗？,5061.923,1753339416,47a0e8bd
1897994325766477824,应该的应该的哈哈,5048.248,1753349755,4abc64a0
1897996747196894720,哈哈哈哈哈哈哈哈逛超市,5307.543,1753350043,4abc64a0
1898119123121513216,波波太搞笑了,5193.237,1753364632,8d117f15
1898135047518137856,免礼免礼,5075.625,1753366530,eedeee86
1898384560598181888,平身,5075.322,1753396274,b2d05ef3
1898624478083756544,超市逛的差不多了哈哈哈哈哈哈哈,5326.782,1753424875,a18ccce
1898641201796753152,密林古堡,5368.404,1753426868,8d9a3176
1898884709665421312,哈哈哈,5068.504,1753455897,ef9aebaa
1898897792614057216,S 和sh不算一个声母吧,5137.151,1753457456,90af0186
1898916617254438656,平身吧,5045.044,1753459700,22a3160b
1899502490740164608,比芒果台的明星们厉害,5090.131,1753529542,3820b86
1899503928598076672,好难！,5256.872,1753529713,3820b86
1899529220980670720,美丽告别,5329.076,1753532728,3860f01a
1899556139150926336,买了个包,5262.774,1753535937,c8a83ae1
1899575159195537664,我就说梅丽莎眼熟哈哈哈哈，我看过她,5237.393,1753538205,fbcf58ae
1899948884919695104,字幕靠点谱啊,5152.318,1753582756,ae954710
1900027691504725760,随笔,5111.845,1753592151,2b2c365c
1901026696434365696,哈哈哈哈哈哈哈哈笑死我了,5177.66,1753711241,2c9403ee
1901048621018345216,来了,5068.436,1753713855,53f028f4
1902279610704792320,哈哈哈哈哈哈哈哈哈哈哈哈华波波提高笑了 这个节目不能没有他,5287.656,1753860600,c78fc6cd
1902280109591719680,哈哈哈哈哈哈哈哈哈哈杨迪太有梗了,5336.723,1753860660,c78fc6cd
1902422537695188480,哈哈哈哈哈哈哈快乐了,5041.893,1753877639,ddafd2e4
1902693614774649856,这就是冠军局吗,5308.838,1753909954,13f56837
1903910791510760448,果然是冠军,5323.393,1754055052,117508bc
1903911183124587264,冠军！！！,5370.074,1754055099,117508bc
1904583799472911360,那这样没完没了了 卖了个包也可以啊,5323.205,1754135281,3e5e834
1904731512910551296,买了钢笔,5296.383,1754152890,1606bf27
1905066977614457088,瀚笙给的,5216.827,1754192880,f13424e0
1905263256428680192,哈哈哈哈哈会长假装淡定,5280.272,1754216279,aa36fe3a
1907445196561016064,生病,5096.403,1754476386,aff6fc4
1907655909418110976,描了个边，密林古堡,5369.951,1754501505,ff8d4f0a
1907988948337628160,买了个饼,5269.577,1754541206,e06c8437
1907994271211606272,买了广告,5264.943,1754541841,952047f4
1908432339672427264,这都是我应得的,5050.366,1754594063,9342b3c4
1910180167972956160,买了个表,5278.063,1754802420,738a73b
1910181115902401024,这个好玩,5385.844,1754802533,738a73b
1913125294877852928,爱卿平身,5060.819,1755153507,54a9596e
1914074693993248256,华伯伯笑死我,5210.801,1755266684,9d8aa9dd
1919614221571346432,哈哈哈哈哈哈哈哈哈，买买买，都买,5296.307,1755927047,3ae4c2e2
1921022768267938048,我都想不到,5361.449,1756094959,bc587f4c
1924779962440228352,设备,5089.709,1756542851,e8f6d141
1925468671896090112,看似法国vs中东，实则两伊战争,5183.768,1756624952,24f302e9
1928594371599874304,不愧是世界冠军,5361.448,1756997564,cfd3a899
1932625767037357824,太有牌面了,5107.729,1757478144,f487febd
1932832749916950784,波波笑死我了,5190.952,1757502818,75a35b32
1932833280899017472,想念小贝和田田,5232.806,1757502882,75a35b32
1948196474001477888,哈哈哈哈哈哈哈,5316.907,1759334317,2edb9fb1
1949690376261184256,没了个饼 哈哈哈,5334.374,1759512404,c9c423cb
1952273205201067264,上边其实是，他们搅混了,5164.153,1759820301,5ff286de
1956607870947309056,哈哈哈哈哈哈哈哈哈哈哈笑飞了,5336.797,1760337034,d35c8a9
1957526017011285504,发币，顺发nb,5390.776,1760446485,ae02b522
1999460690884832000,哈哈哈哈哈哈哈哈好搞笑哈哈哈哈哈,5054.438,1765445488,14f3cf30
2002097945549358592,前面外国小学生一人一句汉语那个真的哈哈哈笑死我了,5392.207,1765759873,1bae6291
2031437688779518208,满意,5047.429,1769257443,ec44781a
2036248800440067584,手办,5123.573,1769830972,f9735bbb
2036249860122444544,似是故人来,5248.255,1769831099,f9735bbb
,,0.0,1775683732.8000336,
lb.c,,0.0,1775683732.8000336,
,,0.0,1775683732.8000336,
1895737395396448512,jhhhhhhhhhhh,5592.303,1752988526,a7ab481d
1895737412022669568,我都想不起来这么多,5460.772,1752987439,a1639211
1895737441869336832,因为想不起来哈哈哈哈,5481.576,1752987556,f69ff094
1895737443119239424,波波好可爱,5457.3,1752989533,e9b5076c
1895737485532041472,不够看哈哈哈哈哈哈想看轮番制回合,5670.743,1752987808,fcfebb41
1895737626443878656,]',5625.691,1752991166,967ceef9
1895737643598582016,为啥我的弹幕带框框,5614.122,1752990985,3f8c2705
1895737666809860352,文创书包,5664.861,1752992253,88230e29
1895737685701005569,笑死，好像那个两组外国人比中文的视频,5594.036,1752991870,6c6d890c
1895737696287428864,想看陈铭和陈超的,5515.841,1752993725,b594b266
1895737720085909760,我吃柿饼,5633.349,1752993925,4f3c338d
1895737730554892544,我才十八,5654.687,1752994895,f3d0b903
1895737779443699968,哈哈哈哈哈哈哈哈哈,5736.412,1752996216,a4557f7c
1895737794836795648,还好，我来看了加长版,5683.765,1752995605,6cf1571
1895737843750768896,无偿上班,5638.111,1752995528,8eb43737
1895737876189516032,他不会是在拿你重温日语吧233,5757.212,1752997386,4944442d
1895737884393574656,？哈哈哈哈哈,5656.724,1752996132,a4557f7c
1895737888042619136,拿眉笔,5442.43,1753001707,d7f8343a
1895737898075394304,用一之濑当外教是吧哈哈哈哈,5759.226,1752996601,5866b398
1895737912679960832,发币厉害哦,5491.201,1752998959,e868d6e6
1895737956426551552,哈哈哈哈哈哈哈哈哈哈哈哈哈哈哈哈,5736.542,1753005397,e549f4d8
1895738018435141888,我才上班,5615.672,1753004949,4c54570f
1895738042141348096,发币好厉害！,5451.412,1752998910,d5478533
1895738055814779136,游戏能多玩一点吗？来个车轮战了。,5682.602,1752999172,e868d6e6
1895738163407065344,朕心甚慰,5668.633,1753010633,ca2efdba
1895738188941988096,留学生可以打工，就是时间限制很严格,5745.238,1753013337,450eca7a
1895738207178821888,我吃烧饼,5569.522,1753014025,97afe170
1895738304738332928,笑疯了,5717.724,1753014888,c5fcca58
1895738349416059136,我查设备,5603.283,1753013524,20dffd1e
1895738529041322240,我吃柿饼,5549.573,1753019787,c2db3739
1895738564600631552,我曾上榜,5583.306,1753019726,c2db3739
1895738572829856000,五彩书包,5578.215,1753019676,c2db3739
1895738618405163264,哇小熊好棒,5453.439,1753021183,6474f847
1895738628454715648,满意满意,5683.919,1753021786,d3e0ea9e
1895738771581145344,在燃什么啊,5467.292,1753022738,56239c78
1895738808969171200,无偿上班,5557.94,1753033292,8be21198
1895738855467225344,满意满意啊,5669.129,1753027481,8a513c81
1895738904708354304,无偿上班,5550.733,1753055909,a05c4e50
1895738919296143616,厉害,5458.113,1753029509,d0eeaf61
1895739073386483968,外出上班,5662.292,1753071341,86ed341b
1895739233868943616,跟武昌过不去了哈哈哈哈哈哈,5559.595,1753072312,9f04a8dc
1895739271248580864,前面那个五厂上班太痛苦了。,5650.181,1753072906,9f25c571
1895739280375386368,我吃烧饼,5528.493,1753076329,c2cf2fbe
1895739287665086720,哈哈哈哈,5585.042,1753076389,c2cf2fbe
1895739297697861888,666,5456.592,1753076238,c2cf2fbe
1895835379563980800,围城士兵,5651.483,1753092388,182693f5
1895851890223828736,我吃烧饼,5601.387,1753094356,cc93cef3
1895867141996042240,法币好可爱哈哈哈哈,5442.503,1753096175,f81c7508
1895941503516821504,想看华波波,5502.962,1753105039,3c5a3395
1895954531570156032,玩游戏没人能赢得了杨迪吧,5516.139,1753106592,be52f108
1895962419218839040,好可爱啊小熊,5481.88,1753107533,83719079
1896048714238634240,文创商标,5603.24,1753117820,24b0ce4c
1896048828952522752,发币比我厉害,5489.092,1753117833,e871e898
1896387736265527552,好可爱小熊,5433.348,1753158234,f608a6a7
1896401899398836992,我创商标,5627.201,1753159923,8c816764
1896523232526567168,四姐笑死我了,5461.734,1753174387,272cb156
1896696361970702080,真的好喜欢法币啊啊,5497.907,1753195025,ec077e8b
1896969714811750144,哈哈哈哈哈哈哈哈特别满意,5683.167,1753227611,cef95630
1897110417386297344,你。,5404.486,1753244385,2bf6365a
1897182469959562240,农民办（农业民生办公室）,5439.96,1753252974,af7c4445
1897184104504922112,无此设备,5617.079,1753253169,af7c4445
1897351985011783168,他发音不但好，调也对,5725.673,1753273182,55d83f10
1897377089222017024,How much?,5715.06,1753276174,7566605b
1897422756426506496,我常上班,5558.897,1753281618,fc5c5aac
1897422918418934784,我出书吧,5568.62,1753281638,fc5c5aac
1897458025171003136,满意满意,5677.512,1753285823,b5323672
1897465090669115648,武昌社保,5582.953,1753286665,d844b0d7
1897769479799142144,法币：let's 骄傲,5481.513,1753322951,3c4a8341
1897938668409864704,哈哈哈哈哈哈,5572.82,1753343120,87627e63
1898060457676681728,这反应怎么那么像外国小孩中文对决哈哈哈哈哈哈,5462.655,1753357638,9cdf46e6
1898138011901385472,怎么没有伦儿,5665.598,1753366883,a0901713
1898178762122903296,我超帅吧！,5632.839,1753371741,a725bfc4
1898423743408421376,这Part这么精彩居然没在正片,5650.83,1753400945,28dcc9f6
1898625744000134400,到底在燃什么哈哈哈哈哈哈哈哈,5464.166,1753425026,a18ccce
1898626550623448832,我测试吧,5559.064,1753425122,a18ccce
1898652728138751488,一之濑刚才输了可能情绪不稳定,5549.571,1753428242,915050e3
1898689587413796352,拿面包,5423.287,1753432636,b0850c04
1899319571606164480,全德国总冠军,5480.43,1753507736,f21b3ea5
1899535640992131840,晚餐随便,5520.474,1753533494,3860f01a
1899602976826559232,会长忍不了了,5665.041,1753541521,89699852
1899607193679394816,很满意，但是不够看啊哈哈哈哈哈,5681.754,1753542023,bc31ead9
1899951105459742976,我查书包啊,5602.221,1753583021,ae954710
1899999679023416320,无偿上班,5655.703,1753588811,87413e4e
1900766299857394432,我出师表,5622.888,1753680200,33977ab
1901031541963149056,无偿上班太有才了,5661.33,1753711819,2c9403ee
1901464422439217664,乃木坂,5411.02,1753763422,80000882
1901466327198751744,五彩水笔,5622.899,1753763649,80000882
1901505084160859136,卧床上班,5635.369,1753768270,a9930091
1901667443429404672,赖赖笑死我了哈哈哈哈哈,5462.246,1753787624,c475edd4
1901688907461504000,绝,5594.196,1753790183,6bdd20d4
1902191443406318080,我才十八,5536.747,1753850090,23b7cf3c
1902282980836447232,想看所有代表玩哈哈哈哈,5692.99,1753861002,c78fc6cd
1902972836168174592,好喜欢发币啊啊啊啊可爱小熊,5497.535,1753943239,94613f3a
1903814713050594560,我吃烧饼,5527.927,1754043599,29c7c55b
1904240408750914304,我吃烧饼,5520.633,1754094346,4213efaf
1904400734091486464,哈哈哈哈哈哈哈哈哈哈哈,5444.369,1754113458,21f73640
1904733937142578688,……,5572.108,1754153179,1606bf27
1907275934575481856,那么棒,5475.248,1754456209,818eee32
1907503311805048832,哈哈哈哈哈哈,5433.297,1754483314,6816ab2b
1907504852112736768,好搞笑,5670.051,1754483498,6816ab2b
1907628097827065088,华波波好搞笑,5413.673,1754498190,ea7aa49a
1907629029776458752,这个游戏好玩！！以后经常,5503.358,1754498301,ea7aa49a
1909211300433862656,文创手办,5641.868,1754686922,2ad516b
1910183692849001728,每期都来这个游戏,5693.155,1754802840,738a73b
1911661393863138816,我才十八,5635.78,1754978996,67c7bc24
1911940037441274368,我常说不,5577.471,1755012213,319d79a8
1916862547517593344,无偿上班这个太狠了哈哈哈哈哈哈,5640.532,1755599022,b575b51f
1916886203115027456,不满意太短了！,5691.918,1755601842,41d23346
1919615919593383936,法币好厉害,5491.366,1755927249,3ae4c2e2
1919874236307270400,太搞笑了,5709.81,1755958043,c4469e21
1924973871791438336,五彩水笔，无偿上班,5634.207,1756565967,e498a6f4
1928489303462333440,武昌酥饼啊,5649.501,1756985039,27acc97c
1931182947986193664,前面说文创的好厉害,5633.131,1757306147,d9c08631
1932631454336961792,满意满意,5684.543,1757478822,f487febd
1936645971006506240,你忙吧,5443.395,1757957390,cc3af606
1938432632782593280,完成设备,5697.579,1758170376,a3545458
1945259887495943936,龙颜大悦,5676.325,1758984249,deea00f
1957526892588923392,他俩这么强的吗？直接加时赛了,5475.556,1760446590,ae02b522
1977901549582004224,关税哈哈哈哈哈哈,5436.202,1762875438,aedabb3d
1977901725834636800,小熊好棒！,5457.17,1762875459,aedabb3d
1988742475853880320,哈哈哈哈这个是Dylan在后面说的,5609.534,1764167777,c847ffba
2002100048816625408,外国小孩中文对决真的，太形象了，这俩都笑死,5467.471,1765760124,1bae6291
2015436799140933120,高级词汇,5450.301,1767349988,a9603673
2018415095944305664,无偿上班(,5616.425,1767705029,964a8dca
2035137440129502976,弄明白,5418.548,1769698488,ca126b
2035137714621479936,你明白,5451.275,1769698521,ca126b
2068517489595502592,那么棒,5472.838,1773677700,471d6181
2077821577877208320,朕很满意,5679.263,1774786834,585cded5
,,0.0,1775683732.8000336,
lb.c,,0.0,1775683732.8000336,
,,0.0,1775683732.8000336,
1895737858867040512,哈哈哈哈哈哈哈哈哈哈哈,6096.333,1752996585,a4557f7c
1895737880752918784,沆瀣一气这词还是能用得到的233,5937.428,1752997598,4944442d
1895737919046914304,哈哈哈哈哈哈哈哈哈哈哈哈哈哈哈哈哈哈哈哈哈哈哈哈哈哈哈,5870.631,1752996356,a4557f7c
1895737949136851200,德国人太好笑了,5863.154,1752999715,8b34e573
1895737969194012928,阿雷真的动漫影视资深中毒哈哈哈哈哈哈,5838.142,1752997069,5866b398
1895738141521187072,犄角旮旯很少用吗？上海话里经常用到啊,6049.474,1753008868,39499903
1895738273742426368,除了呶字都认识,6060.585,1753013759,20dffd1e
1895738364003848448,踽踽独行这种基础词大左一个主持人不认识不应该吧,6002.5,1753015847,e69ebdef
1895738431481811200,圭臬感觉也很常见,6014.236,1753015872,e69ebdef
1895738444249272576,好厉害 卢可！,5923.251,1753018736,1c68567a
1895738555482214656,我觉得奉为圭臬还挺常用的,6019.476,1753019682,79d441b5
1895738669466620160,新梗出现了,5963.161,1753023686,65fd9e50
1895738727817777408,哈哈哈哈还拆啊哈,5877.108,1753023916,5ec74794
1895738740585238784,还得是总冠军！,5923.556,1753029089,d6bfe3aa
1895738798936396032,这期好搞笑,5880.071,1753023927,5ec74794
1895738800765112576,魔法小樱,5811.727,1753025778,ef8f951e
1895738804405768448,Latino American也是American哈哈哈,6088.033,1753033291,5404f33
1895738847263166720,哇好久不见的歌，我现在还全知道且会写呢,5922.622,1753029406,302e2cd4
1895738994978164992,戴卢可好会串场,5918.405,1753033135,5404f33
1895739036921204992,口语里很常见 但书面很少写 才叫生僻字,6084.412,1753069602,221a9f5
1895739067917111552,犄角旮旯哪个地区都用啊,6076.904,1753036132,37b64554
1895739303167234304,超超可能只是重影看成垚了哈哈哈,6025.872,1753080031,3f6b3267
1895803686740271360,德国人神奇的笑点出现了,5860.314,1753088610,677e1eff
1895940938636112896,哈哈哈哈哈哈哈哈哈哈哈哈哈哈哈哈哈哈哈,5956.417,1753104972,4365b2b7
1896006384517540608,哈哈哈哈哈哈哈 太好笑了,5877.08,1753112774,e10bb37e
1896394704246373888,往里玹,5888.848,1753159065,45f0e9c9
1896525961894243328,还记得穆小龙的也特别长,5863.237,1753174712,9c5bc011
1896526792475403776,突然感觉和一个母语者说对方的母语好刺激。,5849.288,1753174811,272cb156
1896528996767018496,伦反应好可爱,6093.046,1753175074,272cb156
1896694142336784640,我为什么这么黑,5850.046,1753194761,16f0b446
1896746298607480576,哈哈哈哈哈哈小魔女dorimi我的童年,5817.55,1753200978,9cb4590f
1896782108769874944,哈哈哈哈阿雷好棒,5823.344,1753205247,5856c37c
1896837444775896832,沆瀣一气，绵绵瓜瓞什么的其实也蛮常用的，都是会读，不一定会写,5963.667,1753211844,9450640
1897302336104199424,原来阿雷也是个二次元啊，圈粉,5807.807,1753267263,729e3ab7
1897408696875986688,bgm是星矢。。。,5826.178,1753279942,7ea9d3d5
1897539050743992576,是真的 喜欢看番剧随便都有N3了 日语听懂会说不算难,5774.395,1753295482,6f99a845
1897540654679205376,碗里选,5906.056,1753295673,6f99a845
1897941885038393856,哈哈哈哈哈德国人,5869.457,1753343503,4227b274
1898063552024567040,善逸！,5827.305,1753358007,9cdf46e6
1898064079399573504,xs我的笑点是发币笑,5864.169,1753358070,9cdf46e6
1898097346118832640,生僻字那个歌词的选择标准太不统一了所以体感好不好也是一阵儿一阵儿的hhh,5931.174,1753362036,45af011b
1898114145447495424,紧跟时事哈哈哈哈,5827.651,1753364038,ba542c3c
1898161274299396864,考试会用到吧，或者语文老师,6051.412,1753369656,9a457285
1898467852772804608,哪里常见？你平时都会说这些吗？我只能读一些，意思知道的就更少了,6031.791,1753406203,a725bfc4
1898468393661528832,确实是American,6081.24,1753406268,a725bfc4
1898544657131158528,会长日常开始挖坑了,5973.106,1753415359,e68aeabe
1898792509870598400,魔法少女小圆，魔法少女奈叶，魔卡少女樱，憧憬成为魔法少女,5789.357,1753444906,c1c112d8
1898950122260736256,我的天啊,5932.388,1753463694,eeae67ec
1899611716883880704,哈哈哈哈杨迪这个变声,5986.176,1753542563,5ebece69
1899953432166147328,怎么难的都会，简单的反而错了超超,6015.364,1753583298,ae954710
1900078198046300160,哈哈哈少女雷,5809.075,1753598172,1091612d
1901032821930525952,哈哈哈哈哈哈哈哈哈,5810.507,1753711972,2c9403ee
1901035550375286784,格局,6102.475,1753712297,2c9403ee
1901038084020175104,笑死,6081.102,1753712599,2c9403ee
1902445816619673088,可爱的四姐,6110.63,1753880414,c085033b
1902473656388011520,哈哈哈哈哈哈哈哈哈哈,5884.153,1753883732,24d07282
1902507918574530560,鬼灭！！,5827.326,1753887817,ecae7fb8
1903092981570356992,哈哈哈哈哈哈哈哈哈,5817.734,1753957562,623dd44
1904588337600721664,中二哈哈哈,5768.847,1754135822,3e5e834
1904588540294738176,和红红火火恍恍惚惚哈哈哈哈哈哈哈哈,5787.755,1754135846,3e5e834
1904607506802715648,xswl,5877.161,1754138107,2f77163b
1904738394345604608,不考生僻字没意思呀,6059.583,1754153710,1606bf27
1905360955819970304,先笑了,5858.11,1754227925,95e70b5d
1906556910518333184,哈哈哈哈哈,5871.662,1754370494,58d57e1c
1907415837069982464,不会是飞天小女警z吧,5820.521,1754472886,43d8243f
1908251049396513536,哈哈哈哈哈,5828.769,1754572451,d8a8f583
1913315501447857152,奉为圭臬不是很常见吗，，,6018.38,1755176181,9b40c598
1916341011081184256,这里阿雷莫名的像唐大哥,5760.723,1755536850,299590f4
1916656189127610112,哪里常见了，只有几个是常见的,6036.563,1755574422,51f2909e
1922655339275858176,犄角旮旯也会，只是不太会写,5941.477,1756289577,99536495
1923491622692854784,歌里的都会比较熟啊,6044.668,1756389269,a82a2ebb
1924750576206771968,哈哈哈哈哈哈哈哈哈哈哈哈哈哈哈哈哈,5819.439,1756539348,90bb401c
1924751062737679616,吼吼吼吼吼吼吼吼吼吼吼吼吼吼吼,5873.51,1756539406,90bb401c
1929398244665353728,初中的时候我们也学这个表演过,5947.352,1757093394,bd775eca
1954296916465043200,戴卢可的承上启下可太中国了哈哈哈哈,5910.649,1760061546,99c7f039
1957531727765723136,哈哈哈哈，陈超其他生僻的都知道奉为圭臬这么日常的居然不会,6007.196,1760447166,ae02b522
1963056219074066944,我的天啊，怎么会有这些这么多语言超能力者,5857.992,1761105737,54f7b9d0
1967686962006220544,笑死，反正我认不全哈哈哈,5978.628,1761657764,eb09f285
1977904572307833856,魔法少女哈哈哈哈哈,5795.978,1762875798,aedabb3d
1977905919635666176,哈哈哈哈哈哈哈哈哈,5956.683,1762875959,aedabb3d
1994610009833088768,超超好厉害,6041.25,1764867242,51701351
2010424270157225984,奉为圭臬这个，我感觉应该都知道啊，看古装剧什么的,6007.049,1766752448,a0b99804
2016016522979979008,超超怎么不认识圭臬，这是固定组合啊，垚涅是啥意思,6007.162,1767419097,ae954710
2026860148143955200,穆小龙？？？,5856.924,1768711758,c0ad9fc7
2036277408915183872,我只会醍醐灌顶和犄角旮旯,5991.627,1769834383,f9735bbb
2038025793061976064,德国人莫名其妙的笑点笑死我了,5864.035,1770042806,b8b5200d
2057973005103436544,高中语文考了你还能记得？反正我是感觉上大一就修为散尽了,6045.684,1772420699,dc69dd68
2058963017848770048,我可能知道他咋学的语言了,5843.198,1772538718,60c31dff
,,0.0,1775683732.8000336,
lb.c,,0.0,1775683732.8000336,
,,0.0,1775683732.8000336,
1895737596345553152,哈哈哈哈哈哈哈,6195.466,1752991046,a1639211
1895737605254254848,笑到捶床,6248.056,1752991132,a1639211
1895737756257587456,哈哈哈哈哈哈哈哈,6247.548,1752993724,46e1d41a
1895737873454829824,这表情包加的哈哈哈哈哈,6247.145,1752995808,591a47e1
1895737955520581888,哈哈哈哈晚上睡觉起来扇自己一巴掌。,6242.077,1752996766,a4557f7c
1895738234534072576,美国的刻板印象又增加了哈哈哈哈哈哈,6262.432,1753014661,d93d12d4
1895738291970871552,地大物博吗哈哈哈,6424.625,1753014057,450eca7a
1895738441514586368,美式英语跟英式的相比是真挺村儿的,6304.472,1753017646,6ed7a38b
1895738527220994304,这句话感觉很深刻,6342.095,1753018411,9cfc41f8
1895738529955680512,好惨,6240.329,1753015944,e967e3fc
1895738545457828096,洋脸在身我心依旧是中国心,6343.404,1753019165,b3e76332
1895738814438543616,伦儿好漂亮,6121.658,1753026098,ef8f951e
1895738827214393600,还好我们中文故意说别的口音腔调不会被说,6221.909,1753034289,9ef562ec
1895738931149246720,哈哈哈哈哈，绝,6261.929,1753027770,105f8ab8
1895738994063806720,以前好像聊过,6323.611,1753065947,c76f245a
1895739099835764992,感觉四姐马上就要入党了,6358.412,1753041164,f2cbd317
1895739164570652928,北京啊，都鼓楼钟楼和胡同了,6466.915,1753074268,cce57685
1895739223836168448,哈哈哈哈,6185.472,1753075358,b465a5f8
1895876772915284736,好红,6342.445,1753097323,f81c7508
1895891145075744000,完啦！漂亮国居然是我自己,6332.931,1753099036,720bb977
1895911263230715648,这一期可太好看了哈哈哈哈哈哈哈,6293.681,1753101434,cc998cf0
1895977013316171008,真的 我现在在英国 班上有美国同学老师都问为什么来英国哈哈哈因为感觉美国人很少来,6233.393,1753109272,7021661
1895996712578404608,哈哈哈哈,6191.243,1753111621,42cad9e5
1896011026604849152,哈哈哈哈哈哈哈哈哈哈,6248.296,1753113327,692c8ed6
1896053738805025792,笑死我了,6338.26,1753118419,35861f7e
1896348810541099264,盆栽伐木工,6185.449,1753153594,b7453a45
1896660913071964928,入党！马上入党！,6335.06,1753190799,280fcb51
1896752974823802112,萨沙真的长大了哈哈哈哈哈还劝架了,6286.28,1753201774,9cb4590f
1897031264495085056,英魂不散,6129.09,1753234949,88971e98
1897172399880213760,缘分,6350.275,1753251773,fe4eee91
1897191079833737984,伦儿好好看,6141.739,1753254000,edbe14cb
1897329347598687232,四年英伦行 一生英国情,6138.756,1753270483,cdc452f4
1897379646639815168,英美日常共轭嫌弃,6150.158,1753276479,d403eb94
1897470722797396480,就像有些人说着说着说英文感觉自己很能似的,6155.088,1753287336,9c3b5844
1897881482706794240,反复播放，笑发财了这段,6120.382,1753336303,a5babba0
1897980178177896192,哈哈哈哈哈哈哈哈,6134.889,1753348068,290bcf14
1897990451865073152,主要是大部分的美国人会对英音有滤镜,6302.454,1753349293,c5e94360
1898037108598766848,我觉得英音比美音好太多了，主要是美式英语有种不好好说话的感觉,6151.32,1753354855,e3a9f12d
1898068025727885056,也没有r音好像,6268.82,1753358540,9cdf46e6
1898469431701780736,四姐吐槽笑死我了,6195.492,1753406392,a725bfc4
1898638472119025920,B+可以了，我的二外只有及格，但我还是往简历上写我会,6389.578,1753426543,a18ccce
1899515964723618304,很多去台湾上大学的人也会有台湾腔,6237.288,1753531148,3820b86
1899583646470362112,哈哈哈哈哈哈哈哈,6195.813,1753539216,fbcf58ae
1899589769240256768,政审吗,6331.689,1753539946,80311199
1899903850559699712,英音好听啊,6271.685,1753577388,3e3ca627
1900743884129465600,东北腔,6156.205,1753677528,fc5824e9
1900962778974280704,“再给我上颚共鸣试试看呢”,6139.283,1753703622,7c263e9f
1901039338478048256,缘分,6410.357,1753712748,2c9403ee
1901092486005857536,这一趴杨迪和大左配合好默契好好玩,6240.882,1753719084,bba3e7b3
1901111475482086656,东北菜好吃不辣,6470.381,1753721348,18259142
1903696970439590656,我以为这个词是 可以,6419.591,1754029563,b7a9b2eb
1903909804733164032,哈哈哈哈哈哈哈哈哈这么严重吗,6142.532,1754054935,c51a6472
1903912608323439360,这个讲过，老师说他没天赋他吃激将法非要学哈哈哈哈,6350.203,1754055269,c51a6472
1904470534801020416,温文尔雅温润如玉钟逸伦,6222.688,1754121779,cc2734ec
1904581796449178880,没事萨沙会倒着说,6144.19,1754135042,5bd65cde
1904592053267419392,伦儿比较像英国的,6176.889,1754136265,3e5e834
1904592758221061888,哈哈哈哈哈哈哈哈哈,6240.501,1754136349,3e5e834
1904741835662920192,中国其它不说，论美食绝对世界第一,6444.448,1754154121,1606bf27
1907997071420911104,很明显是要伐木哈哈哈哈哈,6187.912,1754542175,e06c8437
1910189102486362880,大漂亮,6338.048,1754803485,738a73b
1910189214340135424,漂亮过,6351.282,1754803499,738a73b
1914652145542984448,这期好好看,6310.42,1755335521,39959bed
1916890106191840512,来了来了 入坑点,6131.6,1755602307,41d23346
1938459317036858368,4,6137.704,1758173558,7ce065f9
1942844325235513600,我真该死啊哈哈,6254.36,1758696291,1448c64
1967689487748992512,口音会混也正常，在外地待久了回家就会被说口音变了,6211.908,1761658065,eb09f285
1971860351436493056,真好,6405.79,1762155271,83beff44
1975472819102343680,我喜欢这期的所有！！,6331.166,1762585911,75855fc6
1988749246333072384,可怜的伦儿,6254.717,1764168584,c847ffba
1988750225619440640,支持Dylan，英音好听,6272.114,1764168701,c847ffba
2011318177330127616,好家伙哈哈哈,6456.191,1766859010,1bdc989c
2024979683494084864,这话题能客观的聊吗,6321.496,1768487589,4756a90
2069095069641645568,有没有可能美国人不说纯正的英语才是违背了自己的故乡,6150.449,1773746553,6b2b33d2
,,0.0,1775683732.8000336,
lb.c,,0.0,1775683732.8000336,
,,0.0,1775683732.8000336,
1895737660753285376,这一期真的很好看,6541.435,1752992583,a8f5ef7c
1895737685818446080,享受2025，好戳人的表达,6794.065,1752992554,dd38837b
1895737804802461952,哇哦，好想听一听,6713.441,1752995454,98f16374
1895737829255254272,老王算最有发言权了，毕竟经历过生死后来的,6760.292,1752998269,4944442d
1895737865259159808,但是这种速度也会有很多后遗症,6628.733,1753000515,8b34e573
1895737968288043264,那还是不一样的，中国贫富差距大，但基础建设都很好，欧美可不是,6678.52,1753002110,5e592343
1895738173439840512,应该是说医疗不便利，拖着拖着很多病人就错过最佳治疗时间,6709.748,1753010160,20af4969
1895738642102980864,哇，好会说,6794.595,1753022472,755ab053
1895738734201508096,和平,6749.651,1753027321,d89d8cbd
1895738795295740160,兼容并包,6823.86,1753032301,177de300
1895738872798089472,对自己深爱的国家有反思是很好的一件事,6721.795,1753038055,187c324
1895738902879637760,喜欢这样的真诚分享,6543.19,1753037588,187c324
1895738912006443264,希望都能变得更好,6721.795,1753038063,187c324
1895738932063604992,哈哈哈哈哈在一个伊朗人的房间里两个美国人吵起来了怎么这么好笑,6711.525,1753063546,f032f0af
1895739024153743616,其实这种对速度的适应能力也是一种温水煮青蛙。,6620.268,1753037869,187c324
1895739090717348096,不知苦所以不能言苦。,6622.315,1753037904,187c324
1895739095272362240,来郑州吧，郑州地铁是真的很有人文关怀,6736.904,1753040485,7a1afabc
1895739168219697408,五千年,6837.086,1753066340,e94d0ef6
1895739195574948096,都一样啊，大部分资源掌握在少数人手里，底层挣扎求生,6685.378,1753069042,3e15afd5
1895739298603831552,贫富差距...真的很难缩小,6671.593,1753077459,f04b19be
1895739300432548096,战乱国家的人要考虑的是生存，和平的国家才配谈生活,6772.315,1753073897,f8b0e6b0
1895739333257171200,唉...,6667.752,1753077438,f04b19be
1895916809107255552,来成都坐地铁吧,6741.512,1753102095,cc998cf0
1895922409224457984,幸存者偏差罢了。跟不上的会被毫不留情抛弃消失,6635.987,1753102763,9cc53f64
1895927999803579392,看了饼叔和老王的视频，很感慨,6763.186,1753103429,2f51f428
1895937469820941824,喜欢陈老师每次认真的聆听大家的发言,6547.615,1753104558,7d881d54
1895945543797188096,哈哈哈哈哈哈哈哈哈哈哈哈哈哈哈哈哈哈哈,6503.187,1753105521,4365b2b7
1895971705936303104,中国自己外宣也是重点在传统文化，对内也强化传统文化在中国文化中的代表性，青年文化一定程度上缺失，也有舆论环境的因素，外国人误解也很正常,6589.994,1753108640,108016b
1896042506861772032,这个我居然有点不信,6824.197,1753117080,698bab0d
1896055550030980352,中国也一样只是程度问题罢了,6658.388,1753118635,35861f7e
1896115798288929536,只缘生在此山中我没觉得变化很快但是回头看好像也变了蛮多,6649.705,1753125817,cc2734ec
1896346407598641152,说一样的去认真了解一下中美差异吧，本质是不同的，中国在努力缩小贫富，美国不是,6687.136,1753153307,996c2fe2
1896389793135554816,哎也不是每个中国人都过得很幸福，我就很累,6804.345,1753158479,671e7525
1896445143561997056,每个国家都需要伦这样的理性主义,6735.808,1753165078,2babe5d1
1896692445161556736,未知全貌 不予置评,6500.385,1753194558,d10e6859
1896713597632456448,前面那个为什么不信啊？就用大类来说，南北方的很多人了呀，更别说这么多省，每个省，每个城市，甚至每个村的文化都不一样。,6830.016,1753197080,c93b4313
1896713718285980672,很多元了,6834.261,1753197094,c93b4313
1896732865308570624,AUV,6591.584,1753199377,54d3f224
1896762050744070656,哈哈哈哈哈哈哈在一个伊朗人的房间里,6709.359,1753202856,9cb4590f
1897033430391823872,每个人都累换个地方你会连觉得累的功夫都没有还要担心能不能活到明天,6812.842,1753235207,d539e6d1
1897036751005286656,投共一念起，顿觉天地宽,6735.699,1753235603,c50570d0
1897124829325385984,国外一些媒体的刻意描绘,6600.162,1753246103,42da3e49
1897224976302927360,这俩私下可一定要还是好朋友啊,6713.528,1753258041,e6299164
1897398342565690112,真的，我们被保护得很好了^ω^,6774.265,1753278708,ca23a4
1897434692518111488,苏丹的游戏你是不是原型哈哈哈哈,6776.575,1753283041,b7b7e82b
1897549057816156160,鼓楼钟楼是西安,6483.967,1753296675,6f99a845
1897599146278760704,中国内部当然也有问题，但和国外的程度还是不一样的，多去了解一点再发言吧,6682.239,1753302646,68f3b35d
1897599835788886016,一个江苏各个市县方言文化都不一样,6838.453,1753302728,a12485dc
1898072217221687552,想起luigi,6699.647,1753359040,9cdf46e6
1898085967332604160,这后面的话题多来几期，说不完啊,6609.427,1753360679,d849b843
1898126853265714176,没办法拒绝变化/dog,6625.936,1753365553,ba542c3c
1898641050416426752,人民的愿望都相似。。,6675.15,1753426850,a18ccce
1898785992081696768,英国：勿cue，谢谢,6689.673,1753444129,cc3adea9
1899394054693909504,不接受也很好办，慢慢被淘汰咯,6624.492,1753516615,3873c0bd
1899524978576745984,可能是荒诞吧，比较合适,6523.504,1753532223,7cf865be
1899569833494887168,梦幻不好吗？,6573.202,1753537570,3860f01a
1899644931426164480,中国也不能避免,6661.822,1753546522,d5bc7b78
1899645448348985344,当然我们现在正在努力让中国不一样而且也有了成效,6689.47,1753546584,d5bc7b78
1900034195536137984,Dylan是一个真诚的好人 支持,6720.402,1753592926,2c9403ee
1900231076526713344,美国很多人相当爱国的，其实恰恰是我们。。。。。。,6649.902,1753616396,395ce43e
1900245252292511232,这里的荒谬应该是指外国宣传的中国和实际的中国不一样的意思吧,6582.739,1753618086,fc0b135a
1901033036209402880,“神奇”,6522.2,1753711997,1b6940fa
1901478076861790976,中国禁枪是最明智的选择，而且摄像头多也是为了保护好人，监视坏人,6802.453,1753765050,80000882
1901700931155311616,变差,6642.612,1753791616,105f52db
1901734966363358208,他是个理想主义者，社会需要理想主义者的存在,6719.916,1753795674,71f360aa
1901862417940697600,感谢国家，每有一个新技术出现都是先向全民普及的,6630.792,1753810867,4a4e6679
1902365496134297344,我们不要身在福中不知福了,6793.653,1753870839,92f8c01f
1903699234281745920,很多国家都这样,6658.438,1754029833,b7a9b2eb
1903827465546625536,每次波波玩这种政治梗我都好想笑,6715.322,1754045119,29c7c55b
1904592752574914304,中国不一样,6686.195,1754136348,357dee8e
1904596883444749312,。。。。。。。。。,6636.436,1754136841,3e5e834
1904597355127841024,哪里不都这样,6661.546,1754136897,3e5e834
1904599138847969024,没有说过的多幸福 要求就是没有战争就很幸福了,6809.822,1754137110,3e5e834
1904743391271399168,中国可使用短短30年走完了西方国家的很多路,6615.568,1754154306,1606bf27
1904746212788497664,确实多元化，不同地区不同民族,6820.44,1754154642,1606bf27
1905466819909765888,要哭了 老王,6796.692,1754240545,a48719d1
1905516364379104512,中国和美国还是很不一样的，美国可以说整个政府和社会就是一个企业,6688.725,1754246452,c0863c00
1905590443236882944,华波波接的好哈哈哈哈,6728.909,1754255282,55f41f2d
1905708190906021888,是的，明明有新兴的社群文化，小说影视在海外也有不少受众，但只拿传统文化宣传,6558.317,1754269319,92638f93
1905733248072848128,伦好可爱啊,6721.098,1754272306,f5b9996
1905886098668937984,伦儿很有国家情怀,6698.429,1754290527,7becfa2e
1905887294179910912,阿雷文艺人,6824.672,1754290670,7becfa2e
1906070010057587456,基建狂魔可不是贬义(而是汗颜),6743.759,1754312451,c8137052
1906621653182534144,国内也一样，只是国家投入民生的更多,6672.825,1754378212,da947e05
1909689848987148544,他想表达国家或者政府没有投入更多到基础设施建设或者卫生安全上面,6674.879,1754743970,d7fb52ee
1911377903472814592,真好,6720.915,1754945201,984e8387
1911378403299548928,伦的发言太棒了,6767.166,1754945261,984e8387
1913571332298825216,不予置评  但我家过得很好,6816.41,1755206679,a406af70
1915971349722081024,但是在武汉记得出门的时候手不要插在兜里,6731.172,1755492783,aa8cb2c6
1918412477759778560,对老王来说这里很有烟火气,6809.441,1755783788,dcc7e0e1
1921056285831728384,不接受就会被淘汰,6630.638,1756098955,954b058c
1921056623968288000,中国也差不多,6657.996,1756098995,954b058c
1929404679826503424,我们也是啊 程度没那么离谱就是了,6668.628,1757094161,bd775eca
1945264582373671936,每次听这个方面都想哭,6771.747,1758984808,e84d2ff
1967694729680788480,卢可的共情能力很强,6785.668,1761658690,eb09f285
1967694847532478464,老王好真诚,6789.668,1761658704,eb09f285
1975476124088230656,好棒老王,6795.251,1762586305,75855fc6
1977911950214243328,其实中国也是,6675.488,1762876678,aedabb3d
1986558931577298944,确实，只有一部分人在享受当代,6804.09,1763907478,2a9d92f9
1988754506963415040,Dylan反应好快,6661.622,1764169211,c847ffba
2011320470867702016,世界因你而美好 ,6720.212,1766859284,1bdc989c
2016952177930965504,广州都一直在开新的地铁线路！,6708.314,1767530636,8947ce87
2022025891484004352,什么叫老是说这个？经历过的最深感悟说不是很正常吗？,6786.513,1768135469,6d4f31dd
2027056310750973952,这是一个制度问题 美国的资本主义体制下永远不可能达到钟逸伦想要的这些平等和普惠,6727.425,1768735142,aef87158
2027056891695612928,老王一说话卢可就哭,6782.978,1768735211,aef87158
2029865597738983936,外宣确实做得不好,6562.312,1769070035,361d239
2056133097778429440,荒诞是离谱且可笑，也不好,6531.028,1772201365,fa9ad547
2066239338295500544,中国没美国那么夸张,6675.024,1773406123,a16be46f
2085131327899985664,荒诞,6523.597,1775658224,91e1ddec
,,0.0,1775683732.8000336,
lb.c,,0.0,1775683732.8000336,
,,0.0,1775683732.8000336,
1895737518549602560,中俄那说不清道不明的羁绊呐,6875.785,1752989565,9e8cd452
1895737942753120512,虽然但是这些基建应该都不是白给，还是要考虑利益的。,7087.97,1753004822,545954c8
1895737954606223616,萨沙已经不是老外啦，他是老内,6917.492,1753001311,e4ff31ac
1895737962810282240,给陈老师投币,7148.543,1753000815,e868d6e6
1895738337562956032,萨沙的面相都很中国了,6921.078,1753014984,73e9b877
1895738415065305344,非正不就是这样吗hhh正经起来很正经,6951.491,1753017172,638576ba
1895738442420556032,这已经是精中了自豪了,6856.334,1753017521,47376c28
1895738515367891200,现在的节目越做越大，主题也越来越大了,7111.306,1753019293,193ffd61
1895738546372186368,萨沙越来越老干部了,6860.051,1753019535,1c68567a
1895738560079171840,完全变成中国人了呀萨沙,6854.884,1753019690,b3e76332
1895738708666585344,但中国的利益都是双赢的，大多是经济上的，不能说有利益就是不好的,7102.081,1753028422,a7349199
1895738749695267072,基础在民间，未来在青年,6909.082,1753029610,b77da815
1895738798022037760,东北人来了,6857.033,1753029957,d0eeaf61
1895738808063201536,唐朝那会真挺多的，服饰饮食娱乐活动都交流的特别深，互相影响很大的,7030.588,1753023996,11c5072
1895738836324421888,偶尔有一些宏大深入的话题也挺好的呀,7125.054,1753034905,9ef562ec
1895738864585642240,灵笼,7118.112,1753027731,7bf03337
1895738874618417408,肯定是有利益的，但是我们追求共赢，而不是强取豪夺,7091.369,1753030554,516113ea
1895738916561457408,宏大叙事会让人感动，但也会让人迷失的，感觉没必要一直升华,6997.048,1753038389,187c324
1895738967622914304,这一年真的是舆论反转,6903.166,1753030294,516113ea
1895738974912614656,近代中国的版图就是清朝定下来的，相当部分依赖于乾隆的十全武功，感兴趣可以搜一搜乾隆朝名将,6979.544,1753040743,7a1afabc
1895739005916909824,没有宏大的背景下个人还会存在吗？,7125.643,1753036925,c7bc6e63
1895739146333819136,咋样了。。。挺好的啊人家,6949.86,1753073352,892b4073
1895854446332840192,相信老王说的是话是发自内心的，毕竟亲身经历过战火,7170.238,1753094661,3a31dcb7
1895859660172023808,据说他的老爸是中俄混血？,6880.681,1753095283,1df8460d
1895878303215493376,迷失是因为你自己内核不稳，如果你连听到一点赞美的话都觉得心虚、不适，那是因为你配得感太低了,7007.214,1753097505,68ab50d8
1895886991573313536,萨沙已经入党了，自豪感都有了哈哈哈哈哈哈哈哈哈哈,6853.737,1753098541,ac1ed4e7
1895914456186862592,确实，有过大唐的鼎盛，也有侵华的耻辱，太复杂了这几千年和近两百年,7072.87,1753101815,4f7b0147
1895939496005433088,我发现很多人很抗拒对个人的赞美哈，宏大就是由个人构成的,7124.197,1753104800,d0a706e0
1895962862170590464,是的,7064.0,1753107585,3c890e32
1896057229271011584,从先秦开始的华夏认同,6997.054,1753118835,35861f7e
1896057475954741760,让我想到了威斯特伐利亚和约,7027.006,1753118864,35861f7e
1896138358434982144,一点都不过，中国就是很好。,7190.899,1753128506,7388c77a
1896282581490515456,导播直接不敢切其他人的画面了 大左也管管 心里知道就行了,7189.779,1753145699,c585eb07
1896371636178174208,为什么过了 前面的是配得感太低了吗 陈述事实而已 为什么会觉得过呢,7195.88,1753156315,c0abd974
1896444073528258560,才注意到这个地图中国好大,6967.583,1753164950,a7969c95
1896444504300081408,超棒啊这期话题 很有意义和深度,7003.209,1753165002,a7969c95
1896487634579302400,这个地图也让我印象很深刻,6965.677,1753170143,9ec95bfa
1896489246634756864,说得好,7151.185,1753170335,9ec95bfa
1896515622197177856,他是真的入党了吧，发言太官方，哈哈哈,6917.303,1753173479,8a80d98c
1896527134873361920,萨沙太中国了,6883.176,1753174852,6a042d86
1896527607890110720,真的很震惊,6985.76,1753174908,6a042d86
1896528590154207232,不愧是在世界中心呼唤爱,7171.882,1753175025,6a042d86
1896549573058051072,求同存异,7081.105,1753177527,b99d4a1f
1896678634124171776,说的太好了,7089.925,1753192912,ef5b873
1896689226226035968,为什么要说过了，如果作为国人的我们都不够有自信，都不够乐观自豪的话，这个世界上还有谁愿意更相信我们可以做到这些呢？,7191.378,1753194175,4de79949
1896700212652189440,中国最牛逼的一点，就是同化,6948.592,1753195484,c3929b2
1896846755031494400,天下大同，世界人民大团结，万岁！,6951.603,1753212954,9450640
1897038302151448064,让我想到了高佑思…哈哈,6842.739,1753235788,88971e98
1897132711857199616,因为我们原本就是一个多民族的国家，每个民族存在各自的文化差异，每种文化相互包容,6938.97,1753247042,42da3e49
1897313694656990464,北京欢迎你，为你开天辟地（开放怀抱）你会爱上这里,6908.793,1753268617,729e3ab7
1897402914356966144,love ,7173.813,1753279253,ca23a4
1897552673700808704,执着 信任,6868.324,1753297106,6f99a845
1897601588529782528,现在人真是戾气重了，以前从来不会有人莫名其妙的打问,6997.266,1753302937,a12485dc
1897859954988690432,家国情怀大部分人有，有一部分人确实因为从小的狭隘，自然也看不惯这些,7191.085,1753333736,e0632c99
1897866933580394240,非正这一季带着任务了,7011.467,1753334568,8562c6e6
1897897775447236608,那外国人和自己国家对比就是觉得中国更好啊，看见中国更好的一面讲出来啊，代表们都说的那么真挚真诚,7021.288,1753338245,2aa70d44
1898088222609748480,可以倒着说中文,6878.916,1753360948,8f9aba91
1898092720329620224,带啥任务真好笑,7021.416,1753361484,d849b843
1898132201112459520,宏大背景就是我们每一个中国人的骨血，为啥不能谈,7130.926,1753366191,ba542c3c
1898580836409316096,守正创新 不忘初心,6939.247,1753419672,6126b659
1898666323538942976,用今人的生命还古人的债，这个真是精辟,7155.601,1753429863,915050e3
1898788297942440448,他不是混血儿，是老爸在他很小的时候就“巨星标配”了，但是很小就开始接触中国文化,6894.038,1753444403,cc3adea9
1898791671513404160,宏大和个人不是对立的，而是互相成就，这就是精致利己主义为什么要摒弃,7136.041,1753444806,cc3adea9
1898822681655529728,这太好了！,6843.84,1753448502,636af638
1898910387244854272,莎莎接近中国人了，完全中国化了,6921.603,1753458958,e3470321
1898911684559693568,陈老师真的满腹经纶啊,7076.15,1753459112,e3470321
1898957673719325184,有些弹幕是觉得说坏的才是真吗？坏的好的都是,6994.673,1753464595,6b40ebca
1899330667008161024,已经是东北人的模样了,6896.769,1753509059,8ed82815
1899443844664460800,中俄CP,6903.562,1753522551,e4d84d7d
1899524549423779584,太深了！,7053.949,1753532172,3820b86
1899609802536100352,萨沙太像中国人了,6868.96,1753542334,64c6b79c
1899623826770786560,一点都不过好吗，现在的时代背景下世界是否能和平确实要看中国,7192.147,1753544006,bc31ead9
1899647684927755520,前面的想说啥啊，陈超咋样了？不要引战可以吗,6952.723,1753546850,d5bc7b78
1900087323199353344,哪里过了？自己去了解一下我们在国际事务上做出的贡献，不要这么自卑,7189.371,1753599259,422009b7
1900214028308531712,古代也有疆域图吧 也是有地理分界线的,7038.06,1753614364,b927edf8
1900303293918964224,老王又动感情了,7179.652,1753625005,68efaa5c
1900974547218661632,中国真的格局太大了,7161.167,1753705025,62699b20
1901012750474195456,萨沙就是中国小伙啦 ,6871.084,1753709579,9265523d
1901040459380750080,天下大同！！！世界和平！！！,7183.616,1753712882,1b6940fa
1901066877699254528,近代史 是一个伤痛,7072.148,1753716031,539dfda8
1901118523019670016,互利互惠嘛，有何不可,7108.686,1753722188,18259142
1901639283426035968,我的弹幕呢,7003.772,1753784267,4d2041c5
1902755038712239872,萨沙说的已经得到了国人大会演讲的精华,7009.141,1753917276,3f3063c2
1903662376340233216,陈老师讲得太好了 ,7199.012,1754025439,2e93938c
1903701780291417856,夸得我都绷不住了,6921.694,1754030136,b7a9b2eb
1903776104272515072,中国自古并没有国境线的概念都是以势力范围划定大概的区域，真正接触到把国境化为一条线的应该是清朝的尼布楚条约,7040.655,1754038996,b9df69aa
1903804183300627712,中国是文明型国家,7009.325,1754042344,1ddd0afb
1904413756096572672,会长眼眶红了,7182.497,1754115010,21f73640
1904600175142915328,萨沙这段话 好,6931.724,1754137233,3e5e834
1904602111367773184,哈哈哈,7116.424,1754137464,3e5e834
1905340308922234368,speed不是来了吗？,6912.659,1754225464,2eb47862
1905890199146212096,天下大同！,7147.37,1754291016,7becfa2e
1906120801997426176,倒着说中文笑鼠我了,6883.518,1754318506,712b33d4
1906866720434670336,他爸爸混血,6884.042,1754407427,4ad5b7c7
1907440916215114752,必须得是陈铭,7057.295,1754475876,9adcf5e9
1907441055340190464,没有陈铭可咋整！！！,7062.323,1754475893,9adcf5e9
1907927474462215424,萨沙爸爸好像是中国人,6888.991,1754533878,edceba01
1908264231959804928,不然呢 你想听到什么？,6956.994,1754574023,d8a8f583
1909738694962297344,因为我们的认同不是建立在血缘，种族之上的，是文明,6947.309,1754749793,e06a0bba
1910516879710106368,天下大同,7156.667,1754842559,4cd26c1a
1911108155258463488,愿祖国永远繁荣昌盛，愿人民安居乐业，希望真的能有老吾老以及人之老，幼吾幼以及人之幼的天下大同,7199.845,1754913045,34be5d10
1911383357871574272,说得太好了,7156.072,1754945852,984e8387
1912644363784642048,这个bgm有点宏伟啊哈哈哈哈,6896.867,1755096175,aca1d8af
1912646653195192576,说得太好了！！！,7161.315,1755096448,aca1d8af
1913030470246605824,只有经历过才知道的,7176.765,1755142203,cdc7bc83
1913350480247959552,李白是吉尔吉斯斯坦那边的人,7021.62,1755180351,3302ae89
1914864527842332928,国破家亡，固定搭配，望周知。也不妨看看今天的加沙人民，里面也不乏战争前家境优渥的。,7145.64,1755360839,dfe2ddbf
1916898949210434048,萨沙太老干部。。。,6868.229,1755603361,41d23346
1916900671467390976,读人类简史就知道 国家是人类构造的概念罢了,7052.699,1755603567,41d23346
1921250021379576576,说硬夸的历史及格了吗,7002.11,1756122050,bc587f4c
1923930412557231360,但是听说意大利街上小偷特别多,6841.225,1756441577,99536495
1924986993839221504,陈铭老师口才好，说话才快，没有语言屏障,7130.674,1756567531,e498a6f4
1926357441114275328,投币了,7154.131,1756730901,9eb4a117
1939601543464800000,说的好好,6936.456,1758309722,19031c9a
1971050491086146048,感觉萨沙真的是完全融入中国了,6891.029,1762058728,9574db04
1977023081524779264,都是地球上的人类，没有哪个国家比其他高级,7161.416,1762770716,da85f3fd
1977913530325766400,萨沙已经入党了吗哈哈哈哈哈,6863.869,1762876866,aedabb3d
1985165235720048640,太纯了还是,6863.268,1763741337,55203a50
1992880039746138112,东北代表这一块,6856.653,1764661013,b087944c
2011869610512769024,看哭了,7140.057,1766924746,cc26b091
2011870073975098624,说的太好了,7150.2,1766924802,cc26b091
2026026976464848128,这一期太棒了,7064.553,1768612436,1ca31636
2027856872027209728,非常漂亮的总结,7094.328,1768830577,8f58d927
2035149943106573568,他真的说得好标准,6879.309,1769699978,ca126b
2036292303651953664,我突然意识到中国的中立也是一种和平,7197.221,1769836158,f9735bbb
2082391271548932096,包容  但是有一条你只可意会不可言传的高压红线    触碰即死亡,6946.344,1775331584,6d6f1ac6
2082391448967843072,包容  但是有一条你只可意会不可言传的高压红线  触碰即死无葬身之地,6950.611,1775331605,6d6f1ac6
,,0.0,1775683732.8000336,
lb.c,,0.0,1775683732.8000336,
,,0.0,1775683732.8000336,
1895737650661789952,下周见,7295.403,1752992285,a1639211
1895738054900420864,陈老师说的真好,7214.561,1753006171,255b01e
1895738988594434304,那挺羡慕那个厅结婚的新人了~,7250.967,1753048041,23ddeab7
1895990467888831488,哈哈哈哈哈哈,7243.15,1753110876,99272c49
1896502871931897088,精彩的节目,7207.788,1753171959,bda137c9
1896528826075226624,好看,7223.428,1753175053,6a042d86
1897388807511572224,很客观啊，这就是事实,7202.296,1753277571,d403eb94
1897967201404250624,好看好看,7214.407,1753346521,bdfa401c
1898090557780690176,哈哈哈哈哈哈哈,7364.777,1753361226,9cdf46e6
1898096271319938304,伦儿记词能力这么强啊,7425.896,1753361907,d849b843
1898122321471151616,战歌起泪目了,7222.706,1753365013,66a85677
1903097630284788992,真棒！,7232.354,1753958116,1e5860b0
1910196463095640064,可真正的世界还是弱肉强食,7214.027,1754804363,738a73b
1962554409448054016,旷野的规则是永不回头,7256.422,1761045916,9caedba
1977916378484578816,精彩！,7203.354,1762877206,aedabb3d
,,0.0,1775683732.8000336,
lb.c,,0.0,1775683732.8000336,
,,0.0,1775683732.8000336,
1895737229310398720,一日代表好漂亮！像玛丽莲梦露,36.018,1752985309,59dfb4d2
1895737236021285120,来了！,197.636,1752984891,781e03c0
1895737280388632832,来哔哩哔哩只为了非正,23.323,1752985268,882cd619
1895737340836942080,竟然没有弹幕,102.734,1752986130,7c88818c
1895737356095820032,太美了啊啊啊啊啊啊啊啊啊啊啊,129.037,1752986855,63882395
1895737381790126336,哈哈哈哈我也喜欢测试,330.419,1752986736,4f7b0147
1895737392368161024,再看一遍加长版,74.113,1752987164,6261fc3d
1895737440627822848,就等加长版了,15.67,1752988220,a8fd71fe
1895737488023458048,沉默是最好的回答,188.466,1752989859,5cde034e
1895737757213888768,濑濑晒伤妆？,296.894,1752994571,13ee2db9
1895737813862158592,天呐，杨迪好好，还帮会长解释一下,262.251,1752995588,ef576978
1895737852827242753,濑濑可爱,315.191,1752995616,1091612d
1895737914483511552,我怎么第一反应就知道他要说学历,139.779,1752996339,2775914b
1895737947308134656,果然还是斯拉夫人长在我们的审美上！,73.86,1753005031,2394c70f
1895738002018636032,哈哈哈哈哈哈哈哈哈,195.646,1753006609,bc56a2e1
1895738089553760512,加长版！终于 走起～,118.271,1753002959,ea88348b
1895738128770502912,哈哈哈 让我们说中文,233.897,1753003085,ea88348b
1895738201701060864,哈哈哈哈哈哈,178.352,1753005984,61f1cb93
1895738215382880512,来了,60.699,1753006389,bc56a2e1
1895738423277752576,怪不得,264.523,1753017327,ef8f951e
1895738450633003264,弹幕呢,94.954,1753017693,6474f847
1895738460665778432,来了,9.0,1753017972,d2eb3f6c
1895738543637500160,超超看起来很聪明的美女,286.398,1753016280,a9208369
1895738587400868096,我说会长怎么有种被夺舍的感觉呢,275.37,1753020529,fc5c5aac
1895738736936194304,罗世杰也是博士吧,170.656,1753024489,8d665d98
1895738941182021888,再听一遍哈哈哈哈哈,211.547,1753064144,91850ea9
1895739043304935680,大左你堕落了 居然问出这种问题,183.625,1753066311,c585eb07
1895739119892926720,直接看加长了,50.901,1753065450,532bb614
1895739159101280512,直奔完整版！,2.008,1753066177,df6e1fa7
1895739170954383616,高情商：还在研究中...低情商：懂得都懂,196.746,1753071998,2b09e628
1895739227485212928,想起大不溜，小不溜，哈哈哈,313.856,1753071380,42da3e49
1895739240252674304,本来就是这个议程,275.175,1753075611,9cc5a9be
1895739294963175680,让我们说中文,230.803,1753077391,7d0b1ed6
1895741767471711744,好漂亮我的吗,123.454,1753081229,35861f7e
1895878472815905536,我就说会长怎么突然那样哈哈哈哈哈哈,285.477,1753097525,e1f0140c
1895902343950621952,小姐姐有点用哈利波特的露娜,260.69,1753100371,7bf5ae5
1895913944380697088,全世界都在说中国话。,240.019,1753101754,83719079
1895923691389856000,这封面有点像火仔和托子啊,7.553,1753102916,f48e83fe
1895925654231755520,俄罗斯娜娜什么时候来,123.096,1753103150,9a5f75b6
1896126772140527360,soul说是,314.381,1753127125,757770bd
1896432713985696000,厉害了,157.364,1753163596,d844b0d7
1896548500188124672,头发好美,170.792,1753177399,7be9809b
1896549652783060480,杨迪火是有道理的 尊重人,272.254,1753177536,7be9809b
1896671118996624640,哈哈哈哈确实幸好解释了,273.442,1753192016,9cb4590f
1896702989247416832,超超很适合这个衣服的颜色哦,102.804,1753195815,3c4a8341
1896834873642632704,有俄罗斯美女啊…,35.454,1753211537,88971e98
1896836266168177664,让我们说中文,232.165,1753211703,88971e98
1897134881856050432,漂亮小姐姐～,64.387,1753247301,c76fd2
1897334937960030976,濑濑这个妆真好看,301.592,1753271149,bbeae81b
1897409888377011200,冒犯,196.202,1753280084,4dd44e23
1897435333340270848,约基奇,348.778,1753283118,182ab5fd
1897520115852190208,完蛋，没有提示我怎么看？,116.489,1753293224,28dcc9f6
1897545623813818880,这就冒犯了？弹幕真是敏感肌,201.287,1753296265,d14d0ec
1898012492027085824,赖赖的妆好可爱,336.596,1753351920,4fcac017
1898069933423117568,杨迪预判了弹幕哈哈哈哈哈,271.58,1753358768,ba542c3c
1898129671619960832,这个问题就跟 这是博士，你谈恋爱没？结婚没？一个意思,190.406,1753365889,c4640bae
1898480150421808896,来了,16.649,1753407669,6a79158e
1898575317955005440,超超好好看！,109.88,1753419014,69896d2c
1898577690152768512,花仙子从动画里跑出来了,128.022,1753419297,ae954710
1898649691060092160,西伯利亚可老大了,219.328,1753427880,2391701c
1898711585640666112,陈超这次妆发好可爱啊,102.634,1753435259,6bc89832
1898754234095442176,羌族小煞,92.976,1753440343,2c9219d7
1898798214510129920,你是菠萝的颜色,82.099,1753445586,3665527f
1898849081846541312,萨沙爸爸本身就是中国人，只是他自己从来不提,250.247,1753451650,b47738e
1898894497392836608,哈哈哈哈哈哈,177.674,1753457063,b7a9b2eb
1898943849687043840,一直是这样就得改呀，与时俱进哦,224.299,1753462947,b698ce63
1899364840469068288,这个发量绝了,134.718,1753513133,2a7b6daf
1899448788037526016,超超每期都好美呀,99.793,1753523140,d00654d8
1899516166050156032,不是第一次看 而是第一次意识到 以前太麻木了,216.063,1753531172,118b96e
1899527485797073152,笑死 中文是母语 俄语是二外,237.713,1753532522,568a8045
1899528308618886912,敏感是好事,303.526,1753532620,568a8045
1900192036414916352,一之濑这妆怎么回事,293.915,1753611742,29c7c55b
1900289648556262400,直接看加长版,0.154,1753623378,e67086c2
1900919121772592640,好漂亮,127.615,1753698417,c1f2fe77
1901083258352320512,好厉害的姐姐,153.737,1753717984,80000882
1901138676046841344,好想念松鼠啊,100.073,1753724590,be45fcd2
1901541018550427904,学霸,158.824,1753772553,92f8c01f
1901541640448327936,哈哈哈哈哈哈哈哈哈,233.0,1753772627,92f8c01f
1901557020667466240,口音重成这样吗hhhhhh,247.784,1753774461,28c7b5ab
1902390692148829184,杨迪，综艺没了你可怎么办啊,266.775,1753873842,d89f1503
1902390841935725312,这个家不能没有杨迪,269.141,1753873860,d89f1503
1903658867167214336,萨沙俄语有东北口音,222.721,1754025021,19790be1
1903884035399163392,弹幕确实很敏感（摊手）但本来每个人的敏感度确实都不太一样,210.495,1754051863,c29ddf0d
1904491649607379968,哈哈哈哈说不出来,179.099,1754124296,3e5e834
1904491705198666240,太真实了,185.705,1754124303,3e5e834
1904530408591864832,别说的是人均美女，俄罗斯人一到中年，你看什么样子,267.292,1754128916,45953387
1905824218038253568,一之濑脸咋了？？？,293.709,1754283151,7becfa2e
1906658172484245248,斯拉夫出美女,75.635,1754382566,1327ee61
1906659219936198400,俄罗斯男女比例失衡 现在男人可能更加少了,182.722,1754382691,1327ee61
1909373597710577920,杨迪真懂弹幕啊,277.498,1754706270,8dd2ba4e
1910460639663627264,陈老师在模仿一之濑,45.076,1754835855,922f6f0b
1913105683772238336,希尔顿借了这么久啊,64.327,1755151169,7c712eec
1918431810531300864,这集时长好评,75.498,1755786093,15362246
1918442564634446336,最好看的,148.186,1755787375,15362246
1933845929732174848,什么文化？能不能翻译成中文,304.009,1757623599,d7c947c1
1937313621231702528,丽莎非常漂亮又可爱，前几天在三亚看到本人，很惊艳,124.308,1758036980,ba02a15
1937929668699405312,卡尔波利,48.444,1758110419,32e2455b
1937963074376466688,好漂亮,134.143,1758114401,945a6cd2
1944416070370790912,？？？？？？,169.166,1758883658,ee18cbf2
1946034063152715520,漂亮,127.189,1759076538,eb269b47
1948170065589943552,这就是敏锐，情商和敏锐并不相关,311.502,1759331169,ffdfce2e
1953129821739839744,为啥一之濑是asuka明日香,324.492,1759922418,83b4cbbf
1954420562860454400,好喜欢她,134.846,1760076286,915cc525
1956594679777072128,别太敏感肌,205.333,1760335461,d35c8a9
1960344697746654976,萨沙爸爸是混血,212.087,1760782498,f8089327
1961200116493380096,？？？,189.014,1760884472,a187841b
1963248930037173504,故意的，节目就这样，多少年了还不懂这个套路吗,196.252,1761128710,65b78c7
1968970682843311616,哇俄罗斯美女姐姐,34.602,1761810796,269700bc
1977838097261843200,来了来了,8.955,1762867874,aedabb3d
1977839385668188416,好有才华！好漂亮！,162.561,1762868028,aedabb3d
1992655007401061120,让我们说中文,231.845,1764634187,b087944c
2002223379507534848,超今天的发型好看,289.421,1765774826,8d79c5f3
2004575798560393984,怀念以前长头发的四姐,174.74,1766055256,ffa3828d
2021928450646454528,确实不太好。。。这是啥敏感，之前男代表啥的也没问（从非正第三季开始追的）这本来就不尊重人，敏感也不是什么坏事,202.128,1768123854,6d4f31dd
,,0.0,1775683732.8000336,
lb.c,,0.0,1775683732.8000336,
,,0.0,1775683732.8000336,
1895737342925705472,严谨的德国人,476.148,1752986028,fe4eee91
1895737483040624896,大气,487.444,1752989145,193ffd61
1895737545401536768,怼脸拍，真的好看doge,689.139,1752990986,591a47e1
1895737746736517376,两位的瞳色都好好看,397.339,1752993592,2f3ca03c
1895737759118102784,梅丽莎小姐姐头发太美了，像洋娃娃,677.759,1752995462,13ee2db9
1895737805708431616,呆楞是真的  成熟了！！成熟的帅！！,611.617,1752994452,fbf64f60
1895737827443314944,那真的我们很难这样,466.779,1752995951,1091612d
1895737952785895680,花期短但是开得艳,585.749,1752998353,4eba2802
1895737970108371200,可以一个人买单，然后有空了拿小票算,428.926,1753005751,90af0186
1895737994720547072,split the bill是吗,414.975,1753003281,ea88348b
1895738146084589824,梅丽莎真的太好看了,642.72,1753009208,d93d12d4
1895738169790796032,哈哈哈哈,434.814,1753004847,2f987c3c
1895738187113271552,这个妹子好养眼啊！！,500.242,1753010552,85e3c44a
1895738250027831552,真的，我追过不少外国演员，白人很少有保养好的,603.652,1753012927,302e2cd4
1895738309293347072,男生应该说平权吧,410.11,1753014904,26cd4125
1895738312942391552,这蓝色眼睛真漂亮,701.403,1753012513,68efaa5c
1895738379505996032,小姐姐！10分好看！,681.33,1753013023,302e2cd4
1895738488926998784,听着还挺浪漫的,529.594,1753015004,26cd4125
1895738489832968448,哈哈哈哈哈,621.823,1753019961,ef8f951e
1895738508984160512,五官太美了,684.493,1753017972,8d117f15
1895738562780303616,四姐稳定发挥,422.981,1753022338,fbd7fd41
1895738589221196032,太好看了她,677.254,1753017957,8d117f15
1895738746054611200,陈铭看了一眼梅丽莎哈哈哈哈哈,590.106,1753024833,8d665d98
1895738822642602240,白人皮肤薄，再加上骨相起伏明显，没有胶原蛋白很快就垮了，黄种人只要保养得当一般四十多岁还是没问题的,615.648,1753034058,7a1afabc
1895738826291646720,严谨的德国人哈哈哈哈,462.399,1753024355,bde1c345
1895738886471520512,而且他们生很多孩子 生的女儿也多 我俄罗斯同学她有三个姐妹,706.277,1753041605,7021661
1895739008659984640,这种情况的话一般就是那个吃的多的全付了，关系好的话分别人一口吃的很正常,469.305,1753033834,7a1afabc
1895739055158038784,好问题,629.722,1753070638,bdcbba7
1895739211068707072,萨沙有几分像吉洪诺夫老爷子年轻的时候,649.648,1753071778,9e41d483
1895746442224785664,让我想到了鹊桥仙,527.913,1753081786,35861f7e
1895778905819131904,超超有点星期三的味道好喜欢,385.96,1753085656,73e93c18
1895840500003377408,哈哈哈哈哈哈哈哈哈哈哈,519.208,1753092999,ac1ed4e7
1895840530647078656,紫禁城风水养人,590.76,1753093002,c0d2264f
1895945062736117760,aa就是每个人付自己的，传到中国才变成均分,412.606,1753105463,84633020
1896015890890314496,新代表好可爱,639.956,1753113907,e871e898
1896039919974262784,哈哈哈哈,427.498,1753116771,415655f0
1896457049043406080,活泼可爱美丽，常驻！刷起来,688.508,1753166497,8cb4abb9
1896471204483626240,萨沙确实帅啊 是我喜欢的长相,657.64,1753168184,4ca66879
1896710320119313920,魂断蓝桥,514.263,1753196689,491addc9
1896934522319112192,哈哈哈，是我了,375.813,1753223416,a075ec79
1897173951436752640,一之濑这个妆造没之前的好显得臃肿突出,369.849,1753251958,6f99a845
1897176064527120128,这才是真正的AA AONE 各付各的,417.466,1753252210,6f99a845
1897249138144757248,哎呀超超好美呀这套,372.158,1753260921,d67a388
1897255003031584000,太可爱了,643.527,1753261621,290bcf14
1897330516752267008,四姐没变化，从以前就成熟,627.007,1753270622,7ea9d3d5
1897377323800974592,主要是德国比较严谨,427.117,1753276202,c76fd2
1897409726736857856,原来都是搜来的,571.539,1753280065,be125094
1897789980114699776,哈哈哈 不记得,540.606,1753325395,4227b274
1898072148510532864,高配版星悦,691.839,1753359032,2738fae5
1898073640089037312,我的男生同学也是，大学4年过去之后都不同程度发福了哈哈哈,603.928,1753359210,ba542c3c
1898583508701119488,最漂亮的不是五官吗，尤其眉眼,683.896,1753419991,ae954710
1898652758169973248,deepseek打钱,575.04,1753428246,2391701c
1898755732108109824,因为他们爱晒太阳 高油高甜 亚洲普遍相反,616.917,1753440521,636af638
1899233687024352256,法币还帅好可爱,403.744,1753497498,ad67615a
1899377441013676544,哈？,702.185,1753514635,2a7b6daf
1899524857746892032,我喜欢这种方式，不过最好点一些价位差不多或者好算的,476.688,1753532208,fbcf58ae
1899526800288205568,参考小李子,615.613,1753532440,fbcf58ae
1899527783693058816,好像俄罗斯婚礼和登记是同一天,703.421,1753532557,fbcf58ae
1899611392370790912,4,635.097,1753542524,82c776d
1899956477675331840,是晒伤妆啦,360.467,1753583661,9e6467db
1899975255272139008,这个好,400.959,1753585900,2c9403ee
1899976001933586944,那是因为西方吃饭（夹菜）的模式不一样 每个人分的很清楚,422.475,1753585989,2c9403ee
1899977800535069184,风大,542.187,1753586203,2c9403ee
1899980015152740352,测的好，就是真的好，测的不好，要相信科学,375.102,1753586467,3ad68769
1900241357915115264,怪浪漫,530.228,1753617622,5eebbb86
1900924116316678144,他也是混血吧,597.346,1753699013,c1f2fe77
1900991742497444096,老王好认真,506.845,1753707075,f6eb3d24
1900996645152891136,这个好！我喜欢这样,418.409,1753707659,59b380d7
1901491110711870976,引火烧身,657.108,1753766604,3465c430
1901544698834279680,哈哈哈哈哈哈哈,597.382,1753772992,92f8c01f
1901692904028990720,都一起吃饭的关系了感觉不用太计较吧，这是date诶,487.282,1753790660,71f360aa
1902424479079549184,是帅的啊，五官比例很好,657.34,1753877870,24d07282
1902473228065647616,我喜欢这样，感觉婚礼是给外人看的，不是给自己办的,717.867,1753883681,59b380d7
1903182158839680512,我和一位少年，漫步树林外,487.925,1753968193,a6894687
1903203390071653888,饮食问题,600.437,1753970723,5e85aa98
1903650610780700160,白人虽然不注重保养但没有容貌焦虑可以做自己就很好啊,633.202,1754024036,98decb5
1904495513727200768,这个小姐姐真的好漂亮啊 白白的,603.059,1754124757,3e5e834
1904532634147952640,堵桥来,511.379,1754129182,5bd65cde
1905080521651165952,喝酒喝的吧,597.515,1754194495,39d99fac
1905349996455302912,好喜欢去这样的，有人能懂吗,434.037,1754226619,6d90be6a
1906661267888835072,法币和一日代表眼睛一个色系,393.932,1754382935,1327ee61
1906662046133447168,这次总算到德国人震惊意大利人了,469.062,1754383027,1327ee61
1910284368769920256,因为花期短,698.558,1754814842,664d29dc
1912279399659960064,风在哪不都是一直在吹的么,542.249,1755052668,a8fe5ea9
1913210705083992832,萨沙确实帅，而且帅得很客观，这但没法否认,650.002,1755163688,d88d4d24
1913223966307712512,同事之间可以这样，朋友之间就没必要了,449.744,1755165269,96a9a0bf
1913292098959548672,萨沙确实是特别帅！,660.617,1755173391,7b914c00
1913346863013150208,这个真好,405.051,1755179920,fcf22efb
1916178758985921792,德国人哈哈哈哈,470.385,1755517508,41d23346
1921042340266008320,国外是各点各的套餐，适合aa，中国是一起吃同一盘菜，胃口不同，不适合粗暴的aa,412.351,1756097292,eea468e3
1921042881901795072,中国更难算，所以流行请客而不是aa,441.898,1756097357,eea468e3
1941566684721332736,这两个俄罗斯代表应该就是中国审美里最好看的那一类了,667.832,1758543985,e2e301a6
1944428565982548992,Dylan在写什么,388.052,1758885147,73aed9f3
1953188451575386624,确实帅,649.868,1759929407,194d9898
1960064942610599168,我29岁，孩子10岁。,709.896,1760749149,6a7c628d
1961074382902701824,啊啊啊这个音效好可爱,639.808,1760869483,c8711e27
1965454987081423872,我就这样，各算各的。跟朋友其实我也想这样，不然我感觉不太舒服,456.746,1761391692,d0b3063b
1969275411209221120,hhhhhh,585.68,1761847122,1e751c6e
1977842088578297088,严谨的德国人,480.692,1762868350,aedabb3d
1988648613126933248,妈呀，漂亮姐姐好可爱,643.948,1764156588,c847ffba
1996421042478379264,比aa更aa哈哈哈,415.493,1765083134,7177deef
2025581688474307072,亲兄弟明算账,428.978,1768559354,e5ebf93c
2066188182139764224,你也是 和前几季对比明显,589.72,1773400025,a16be46f
2068219040748953344,我喜欢这样,442.196,1773642122,f2fcfff8
,,0.0,1775683732.8000336,
lb.c,,0.0,1775683732.8000336,
,,0.0,1775683732.8000336,
1895737309572600064,哈哈比利时淡淡吐槽好搞笑啊,864.838,1752985668,47bbec08
1895737494264582400,2333333,743.492,1752989946,c76f245a
1895737546508833024,只能说世界之大无奇不有了233,828.615,1752990204,4944442d
1895737690583175424,？,788.371,1752992554,dbe23620
1895737828349284608,哈哈哈哈哈 就非要有证吗这,788.883,1752994668,fbf64f60
1895737890777305344,这么闭塞吗？,805.983,1752997401,ba65b856
1895738004753322240,比较严重的程度哈哈哈哈哈,1016.022,1753004556,94d50217
1895738144264261888,男：天王盖地虎 女：宝塔镇河妖,875.819,1753006816,47376c28
1895738162501095680,伊拉克也是什叶派国家,830.79,1753007084,43686648
1895738377685668096,对对对,886.688,1753016087,bc9fd41c
1895738640282652928,哈哈哈哈突然想起来戴卢可是不是对dating文化很懂,952.295,1753025347,fe4eee91
1895738693172826368,哈哈哈哈哈《这个华波波不一样》,729.19,1753024957,8d665d98
1895739065182425344,越压抑越开放,844.47,1753052006,65ec0af4
1895739149982863616,哈哈哈哈哈哈哈,907.322,1753065403,f7934ca3
1895769540794055680,前面俄罗斯遍地帅哥美女是真的,769.796,1753084540,4422ff62
1895824043836972544,弹幕突然收声了红红火火恍恍惚惚,734.198,1753091037,cc93cef3
1895828587920556800,这真的不是菠萝卖不出去的营销吗？,871.762,1753091579,1da0b061
1895947042497947392,第三次见面还是第三次嗯嗯？,1049.141,1753105699,c750ae38
1895949991009590528,宗教警察吗？,776.638,1753106051,9e41d483
1895971024152074240,中国人的经商天赋哈哈哈哈哈,917.26,1753108558,5a31e3ac
1896425506115668224,村？哈哈哈哈,953.332,1753162737,42570b8b
1896427127877063168,招展笑死我了,743.277,1753162930,9ec95bfa
1896494509345332736,开放啊,1029.735,1753170963,6a042d86
1896637560244685568,充话费式的结婚,813.804,1753188016,89807551
1896692754986387712,哈哈哈哈哈哈,983.273,1753194595,eac1fc5d
1896706299065560320,老王的眼神在冒星星,838.313,1753196210,d8e5f363
1896713955582526208,天逊尼派和什叶派，想到追风筝的人了,829.491,1753197123,491addc9
1896841388705377280,这跟我们这的警察查房有点像…哈哈,805.028,1753212314,88971e98
1896937991939779840,？？？？,786.906,1753223830,a075ec79
1897123754787030016,哈哈哈哈哈哈哈哈哈哈哈哈哈哈,1020.411,1753245974,45654410
1897176574395630080,来了，直接加长版,974.739,1753252271,d9749c34
1897380653918993152,哈哈哈哈～lady first～,753.071,1753276599,c76fd2
1897380942050808832,短期啦～长期啦～,765.871,1753276634,c76fd2
1897383124666121728,哈哈哈～A到Z～,976.347,1753276894,c76fd2
1897383569446710784,比较严重的程度～红红火火恍恍惚惚～,1015.942,1753276947,c76fd2
1897383907826628352,姐妹们～,1052.127,1753276987,c76fd2
1897551369599046400,可以鼓掌了,1016.475,1753296950,d14d0ec
1897727145607336704,搞对象笑死我了,941.281,1753317904,68db616f
1897898291362938112,YOYO,769.419,1753338306,3dc677eb
1898076736198329856,哈哈哈哈哈哈四姐,967.648,1753359579,ba542c3c
1898220515982619136,哈哈哈哈什么时候看到这个lady first才不会笑啊哈哈,749.918,1753376719,e8cc9494
1898515580160908800,真就体验卡,785.517,1753411893,a18ccce
1898531542490707712,太好笑了hhhhhh,995.742,1753413796,8020f1b7
1898584831534084096,感觉和苏格兰那种男女校联谊会挺像啊,958.956,1753420148,ae954710
1899333614798306816,哈哈哈哈哈哈哈哈,890.75,1753509410,48caf715
1899493708169050112,这是真的 ,810.963,1753528495,49612456
1899558765339352320,哈哈哈哈哈哈哈哈哈哈，有点太诚实了哈,1041.266,1753536250,37dfb466
1899559089802601216,雷妹妹～,1054.905,1753536289,37dfb466
1899632198056381952,华波波很可爱,860.822,1753545004,ddcb952e
1899690611263457024,这个是真的，我伊朗朋友们都证实了,809.166,1753551968,881ef171
1899980184409419520,我还记得诶,767.393,1753586487,2c9403ee
1899980554649404160,救命,801.518,1753586532,2c9403ee
1900176913918403840,老王。我喜欢的,836.184,1753609939,d7c68202
1900207702098475264,什叶派和逊尼派能坐到一起聊天也只有非正式会谈。,831.444,1753613610,253cfa97
1900855482026004736,挖坑了开始，准备回家跪搓衣板了卢可,963.641,1753690831,18259142
1900982139454146048,以前就说过啦,795.933,1753705930,1606bf27
1901030304811390976,真敢问啊大左,1041.459,1753711672,bba3e7b3
1901030501683674368,特殊类的hhhh,1063.512,1753711695,bba3e7b3
1902475393005930752,认真，不是严肃,1021.238,1753883939,59b380d7
1903582328761517312,讽刺的不是波波是国情,851.615,1754015897,1ddd0afb
1904394075097533952,哈尼克孜,728.514,1754112664,712639ae
1904496876288851456,哈哈哈,729.753,1754124919,3e5e834
1904516940261635328,哈哈 被说中p图了,897.961,1754127311,357dee8e
1905292868248203776,哈哈哈哈哈温州人也是站起来了,922.793,1754219809,94dc5d7b
1907465783345827584,大左池州人，差一个字,930.583,1754478840,e06a0bba
1909633575939544320,哈哈哈哈扬扬补刀,729.343,1754737261,d7fb52ee
1909637115907104000,哦～,1068.756,1754737683,d7fb52ee
1910217713125871872,不愧是北欧,991.337,1754806896,7419d9b6
1910285333971808000,开放式保守,800.19,1754814957,664d29dc
1916182003120834304,好神。。。,800.571,1755517895,41d23346
1918092995408932352,买菠萝是吧哈哈哈哈哈,841.599,1755745703,cae536f2
1919839034780907008,哈哈哈哈哈哈哈哈哈哈,1016.446,1755953847,b9f358ce
1920303224746295040,BGM怎么这么燃？,900.242,1756009183,99536495
1929266071559254528,比较严重哈哈哈哈哈哈哈哈,1020.019,1757077637,467053b4
1932278720392444672,严重哈哈哈哈哈哈哈哈,1008.878,1757436773,52ac390e
1933442446847667968,华波波像非正的逗号，哈哈哈,734.125,1757575500,df58247e
1939900940560154624,搞对象哈哈哈哈哈哈,944.041,1758345412,add21500
1941083294070661888,熟悉的音效又回来咯,760.233,1758486360,50b86bf5
1961012560908661760,肯定有,975.077,1760862114,bfa2ee3f
1969395654430585856,大家都知道的话还叫暗示嘛哈哈哈哈哈哈哈,861.564,1761861456,7ed3ebc
1969396057905913344,华波波每次发言都特别有梗 综艺里缺不了这样的角色,868.073,1761861504,7ed3ebc
1977846831144786688,哈哈哈哈哈哈哈哈哈哈,1044.084,1762868915,aedabb3d
2024171551549188864,！！！,787.638,1768391252,6151813e
2026922242222668544,米兰的男模大部分超级无敌穷,1070.323,1768719160,aef87158
2059722213967966208,啊？,1009.869,1772629221,75a3ab51
2059722648640373248,stop 哈哈哈,1044.827,1772629273,75a3ab51
2068224214867537408,感觉这样离婚率好高,1056.652,1773642739,f2fcfff8
,,0.0,1775683732.8000336,
lb.c,,0.0,1775683732.8000336,
,,0.0,1775683732.8000336,
1895737366690631936,被杨迪笑死，哈哈哈哈哈,1112.633,1752986394,eb069b0d
1895737511729664256,婆婆选好了，双方家长见面一次就订婚了？？这么快，和父母之命有啥区别,1166.095,1752990929,5866b398
1895737822007496960,保持神秘感么,1177.151,1752996054,13ee2db9
1895737846460289280,想起唐大哥开车尾随着送老婆哈哈哈哈哈,1216.937,1752995154,fbf64f60
1895737857038323968,陈老师还是会  doge,1334.87,1752995706,fbf64f60
1895737911757213952,哈哈哈哈他吓死我了,1277.525,1752996969,1091612d
1895737960989954304,哈哈哈哈哈哈,1249.715,1753005457,81e32263
1895738084084388096,那怪不得有些时候会吃西餐，因为这样不能玩手机，就会被迫了解对方哈哈哈哈哈哈哈哈哈哈哈,1364.499,1753010046,4e76690
1895738115080294656,说得我都心动了,1313.062,1753001868,755ab053
1895738130582442240,阿雷是真的在为姐妹们考虑啊！,1091.08,1753006285,2394c70f
1895738138786500864,打羽毛球！双打！,1265.968,1753011691,3820b86
1895738178909212928,四姐好喜欢陈老师感觉哈哈哈,1293.779,1753005068,34ea35bf
1895738260974964992,好像伦和四姐都没说？,1306.348,1753009512,e9983320
1895738350330417408,那岂不是完全不了解彼此,1188.238,1753015487,7e01a787
1895738449718644992,还是不一样，父母之命很多面都没见过,1191.878,1753016191,eabe6363
1895738783434248448,知道的不少,1094.625,1753026745,1952548b
1895738787083292928,《再见XX》那段时间的经历给陈老师整工伤了,1245.564,1753025428,8d665d98
1895739087068303616,难怪爱密室剧本杀呢,1281.948,1753071847,a05ec9c0
1895739136301043968,我喜欢看电影，因为不想交流,1267.296,1753063459,3e15afd5
1895739137215402240,赶鸭子上架,1347.576,1753073156,2b09e628
1895739334171529472,有点难评,1318.96,1753077674,6d52a3e9
1895842592684773632,老王好搞笑,1207.55,1753093248,a384683a
1895888808210444032,跟古代似的,1200.836,1753098757,80d76961
1895902850890865152,…男方视角吧，感觉作为女生并不喜欢,1329.906,1753100431,e1f0140c
1895907698449826816,唐小强好像也是这样认识老婆,1154.003,1753101009,7bf5ae5
1895953890084972544,得有个电灯泡,1201.966,1753106516,9e41d483
1895962814724877312,那大家性格都还没合得来咋办,1185.106,1753107580,70be7902
1895975507275771648,杨迪这个上热搜了哈哈哈,1108.05,1753109093,ab62fb5b
1895988325479763456,去逛宜家,1339.945,1753110621,24b0ce4c
1896001397800507136,真的，太套路了,1348.596,1753112179,b7453a45
1896033498947616256,我服了华波波了哈哈哈哈哈哈哈太搞了,1272.126,1753116006,11d561a5
1896422520862296576,陈老师说的前提是两人暧昧期只是临门一脚而已,1358.888,1753162381,2aa70d44
1896426994623953152,好古老的相亲模式hhh,1133.837,1753162914,42570b8b
1896548231191151360,爱情保安,1196.722,1753177367,445a39f6
1897115090000851712,经典来了,1111.63,1753244942,e0632c99
1897117071960705280,人家举例，只是解释吊桥效应,1318.362,1753245178,e0632c99
1897186435279557632,吃完再喝一点 酒壮怂人胆,1334.617,1753253447,6f99a845
1897384505070132992,红红火火恍恍惚惚,1112.117,1753277058,c76fd2
1897392014317188864,陈超好美好美！！！,1426.702,1753277954,dc39d7d8
1897729822839930624,世界的参差，有趣,1233.017,1753318223,68db616f
1897855084101036544,来自游牧的习俗,1150.008,1753333156,5e6db3f9
1898585785360270080,母单：别碰我的拼图！！,1322.878,1753420262,d5851018
1898586013228955136,非诚勿扰哈哈哈,1245.808,1753420289,ae954710
1898765709031333376,哈哈哈哈哈哈哈哈哈哈哈哈哈哈哈哈哈,1275.348,1753441711,da4a6923
1898851449120022784,真的好合适啊,1430.582,1753451932,85cd1b5c
1899312175110448384,伦儿呢,1370.097,1753506855,7b9475a0
1899329727408561920,\,1359.942,1753508947,4a475a07
1899340591771536128,对对对,1347.304,1753510242,48caf715
1899531646009486080,哈哈哈哈哈哈哈哈,1119.064,1753533017,fbcf58ae
1899651269212594688,做ai算不算呀,1266.478,1753547278,395ce43e
1899780832588526592,想到阿拉丁,1168.616,1753562723,fdcf0543
1899876594664020224,二十年前，唉，可怜的伊拉克人,1125.95,1753574139,51a708fa
1900212638299047936,在说什么？？？。？,1322.045,1753614198,75f02d2b
1900722697047418624,毫无违和感,1415.779,1753675002,29c7c55b
1901576106294143488,短期太奇葩了,1240.402,1753776736,92f8c01f
1902428555867433472,哈哈哈哈哈哈哈哈哈哈哈,1118.455,1753878356,24d07282
1902447002861027584,哇哦,1434.024,1753880555,623dd44
1906668414924016896,中东保守很多了,1144.039,1754383787,1327ee61
1907251422123737856,又到了羞耻小游戏环节哈哈哈哈哈,1398.192,1754453287,654346f5
1907263650541381888,小手段其实是感情蛮好的调剂，但不能没有真心，完全带着戏耍的心态去对待这段感情,1349.382,1754454744,952047f4
1910146676505643008,我要随时看华波波表现,1317.301,1754798428,738a73b
1910248152247194112,波波好可爱啊,1281.79,1754810525,edd6e64f
1911636225866354432,大左嘴替,1348.514,1754975996,954b058c
1911638478308513280,会长太懂女孩儿了哈哈哈,1347.81,1754976264,67c7bc24
1915402208338718720,卢可感觉又风流又老实,1084.624,1755424936,ef46f1d4
1916203344989683968,哈哈哈哈哈哈哈哈哈哈,1329.324,1755520439,d775399
1916742088792471552,牛蛙,1362.372,1755584662,613512da
1925311132990941184,逛宜家 看着那些温馨的家具 很容易构想两个人的未来,1337.444,1756606172,df324538
1929268457724077056,哈哈哈哈哈哈哈哈哈哈,1275.517,1757077922,467053b4
1937975455273985792,哈哈哈哈哈哈哈哈,1106.973,1758115877,945a6cd2
1943658342291830528,希尔顿环境真好,1399.929,1758793330,67fd89f
1953022555216956416,华波波哈哈哈哈哈哈哈哈哈哈哈哈哈哈哈哈,1282.728,1759909631,6e0df0f6
1958150579830921472,太功利性了,1332.809,1760520939,b2d06e53
1969280974567563776,梅丽莎真的好漂亮天哪,1208.194,1761847785,1e751c6e
1988656174098097408,小强也说过类似的，不敢多跟未婚妻见面，都是开车去接她然后远远停在家门口,1175.521,1764157489,c847ffba
1990319103688432128,妈妈结婚的时候？,1147.433,1764355726,d584df77
1995218600776512512,这眼罩好，能不能打包给酷滕送去,1420.12,1764939791,1dcdda72
2003692298001184000,我想要逛海洋公园的时候，他悄悄塞给我一个戒指,1341.086,1765949935,989ff3be
,,0.0,1775683732.8000336,
lb.c,,0.0,1775683732.8000336,
,,0.0,1775683732.8000336,
1895737232665841920,说了什么,1594.545,1752985968,8d60efce
1895737282477396224,哈哈哈哈哈哈哈老王搂住,1716.563,1752986236,f69ff094
1895737326240764160,老王：和我有什么关系,1743.272,1752986542,f69ff094
1895737564225573120,哈哈哈哈哈哈哈哈哈哈哈哈哈哈哈,1663.052,1752991877,a4557f7c
1895737579727720704,哈哈哈哈哈哈哈哈哈哈哈哈哈,1636.993,1752990432,534bf33e
1895737602217578752,吊桥效应,1656.035,1752993518,e967e3fc
1895737608274153728,这里为啥不放正片很好笑啊,1789.469,1752990046,1549437e
1895737615337361664,安全,1603.757,1752991580,6cf1571
1895737656718364928,哈哈哈哈哈哈哈哈这个眼罩哈哈哈哈哈哈,1749.409,1752991974,a4557f7c
1895737658731630848,哈哈哈哈哈哈哈哈哈哈,1497.584,1752991702,a4557f7c
1895737668823126272,哈哈哈哈哈哈哈哈哈哈,1545.58,1752991754,a4557f7c
1895737706764800256,看热闹不嫌事大哈哈哈哈,1701.323,1752994786,e868d6e6
1895737718181695744,笑不活了哈哈哈,1671.507,1752992796,4ae1ebd8
1895737814768128256,哈哈哈哈,1782.453,1752994589,b594b266
1895737824725405952,老王：我尽力了啊,1754.151,1752997563,1091612d
1895737939104076032,哈哈哈哈哈,1709.189,1752997498,1091612d
1895738000198308096,哈哈哈哈哈哈哈哈哈哈,1628.753,1753004360,71c28bd0
1895738021169828096,哈哈哈哈卧槽杨迪哈哈哈,1492.948,1753000323,6cdd056d
1895738075871940864,贴贴好可爱,1567.309,1753002223,2f1c4333
1895738098672177408,原来加长版加在这里,1699.212,1753003076,5465c709
1895738121464025344,哈哈哈哈哈哈哈哈哈哈,1656.539,1753006018,81e32263
1895738373122265344,波波刚刚说话好像老王的口音哈哈哈,1796.676,1753015888,5404f33
1895738395922501888,米可！！！！,1494.288,1753016707,d89d8cbd
1895738397742829824,米可，危，速回！,1492.03,1753013682,6ee65ea5
1895738456102375680,四姐说了啥！,1582.96,1753017881,f81c7508
1895738627515191552,牛,1558.58,1753021306,7d9f8a33
1895738699556557056,讲什么！哈哈哈哈哈哈,1774.953,1753027907,516113ea
1895738810789499136,非直男会谈,1748.073,1753027865,516113ea
1895738985868136704,怪不得没放到正片,1789.951,1753031556,b92fb27d
1895739133566357760,哈哈哈哈哈哈哈哈哈哈,1762.617,1753066553,f7934ca3
1895739144513491200,拦精灵,1581.015,1753073028,f48d5c83
1895739149068505344,拦精灵,1582.704,1753073049,f48d5c83
1895739154537877760,哇,1560.601,1753066056,f7934ca3
1895739172774711552,华波波哈哈哈哈哈哈哈哈哈哈或或或或或或或,1799.497,1753066590,f7934ca3
1895739264873238784,中东组合,1693.461,1753073158,f48d5c83
1895739308636606720,华波波啥都说啊哈哈哈哈哈哈,1775.347,1753078501,5b74304e
1895739310456934656,海带也不是植物,1531.538,1753076872,9cc5a9be
1895739313200009472,？！,1776.766,1753076889,3f6b3267
1895739330522484992,果然是加长版才能看的,1781.375,1753076921,3f6b3267
1895906831025530112,口水哈哈哈哈哈哈哈哈哈哈哈哈哈,1739.304,1753100906,e1f0140c
1895940225822895104,发币好可爱,1554.87,1753104887,9a5f75b6
1895974871134098176,梅丽莎真的好可爱好漂亮,1474.056,1753109017,5a31e3ac
1895977277180010240,这一期简直好笑到爆炸,1743.416,1753109304,5a31e3ac
1896089730320659968,好萌的两个人。。,1564.681,1753122709,7388c77a
1896307287158110464,俄罗斯小姐姐好有节目效果哈哈哈,1702.016,1753148644,13ab9171
1896334982533370624,给我笑岔气了,1755.375,1753151946,708e4a48
1896396461777172992,啊啊啊啊啊啊啊啊啊啊啊啊在干嘛,1496.598,1753159274,fe4eee91
1896555342020727040,直接笑喷哈哈哈哈,1562.963,1753178214,ff3287e5
1896610434808184320,伦想说毛肚吧 因为他那面是有颗粒的,1620.755,1753184782,c89ae7d7
1896662305044209920,每次会长都害怕的掉了,1527.119,1753190965,273d9554
1897190863994496256,这个太好猜了,1574.051,1753253975,6f99a845
1897283620088294144,美国内战,1568.439,1753265032,9c211b2d
1897402826846586880,这能播吗华波波,1775.465,1753279242,3c4a8341
1897475776413565696,我不行了哈哈哈哈哈哈,1768.852,1753287939,9cdf46e6
1897754977691536640,杨迪真的鬼点子一箩筐,1641.181,1753321222,ecd0b892
1897864109346135552,小姐姐气氛组的～,1695.088,1753334232,c76fd2
1898059525744480512,哈哈哈哈哈哈哈哈哈,1472.659,1753357527,60ea1822
1898060394963528192,为啥不让佛罗伦萨上啊,1576.261,1753357631,60ea1822
1898130261355317248,哈哈老王想说暴雨,1538.209,1753365959,a725bfc4
1898587923558453760,杨迪直接尝出来了哈哈哈哈,1542.474,1753420517,ae954710
1898588979633806848,哈哈哈哈哈这段Dylan小女生的感觉太好玩了,1656.928,1753420643,ae954710
1898633274117548032,西八 笑不活了 哈哈哈哈哈哈哈哈哈哈,1782.398,1753425923,60e24333
1898657403714124288,发币好厉害,1536.51,1753428800,470dd9de
1898864820091084288,涛涛,1594.511,1753453526,e3470321
1900014385343060224,弹幕呢，怎么没有弹幕？,1474.018,1753590565,3ad68769
1900014950055944192,我都没有看清是什么东西,1520.297,1753590632,3ad68769
1900015779680882944,猜得太大胆了,1611.896,1753590731,3ad68769
1900016341843597568,看起来好想笑,1648.607,1753590798,3ad68769
1900078932972598272,哈哈哈哈哈哈哈,1776.629,1753598259,ecc35430
1900293250909070848,老王稳如泰山,1723.35,1753623808,968d7bd9
1900353048833126144,味道应该有的,1618.131,1753630936,10c54e37
1901001124350363392,发币好可爱啊,1578.257,1753708193,2c9403ee
1901002382926510592,太可爱了,1672.273,1753708343,2c9403ee
1901764467755164416,哈哈哈哈哈哈哈哈哈哈哈哈,1750.736,1753799191,ddafd2e4
1902238942640826880,这个眼罩好适合老王,1731.008,1753855752,65067beb
1902284649590899712,华波波这么钢铁直男吗没想到哈哈哈,1769.312,1753861201,f5de49c4
1902909050661155072,弹幕呢 四姐说的啥,1582.34,1753935636,2e93938c
1902910756887219968,Dylan的破碎感哈哈哈,1644.472,1753935839,2e93938c
1904506363838182400,哈哈哈哈哈,1741.394,1754126050,3e5e834
1904506528892481536,好奇怪的画面,1761.072,1754126070,3e5e834
1905000656431964672,这个眼罩我不行了,1754.1,1754184974,f5f7f31f
1905339129458194176,再靠近一点点,1456.9,1754225323,ba077aef
1905766002156188416,我嘞个豆,1448.318,1754276211,cdc7bc83
1906135497672774400,哈哈哈哈 加长版果然不一样 我再敷面膜啊  哈哈哈哈 ,1748.007,1754320258,8a4bf8c9
1906673310826237952,中东族,1687.411,1754384370,1327ee61
1906748234274702336,哈哈哈哈哈哈哈哈哈哈哈哈哈哈哈哈,1762.638,1754393302,b145d3d2
1910390807304161024,我要笑疯了哈哈哈哈哈哈哈哈,1627.006,1754827530,8815c960
1915932755691390976,这也太。。。,1487.198,1755488182,51f2909e
1915934066629406464,哈哈哈哈哈哈哈哈哈哈哈哈哈,1643.477,1755488338,51f2909e
1915934230198990336,哈哈哈哈哈哈哈哈哈哈哈哈哈,1663.022,1755488358,51f2909e
1915934679484266240,哈哈哈哈哈哈哈哈哈哈,1716.53,1755488411,51f2909e
1915934832542999808,哈哈哈哈哈哈哈哈哈哈哈哈哈哈哈哈哈,1734.857,1755488430,51f2909e
1920310407324203776,两伊贴贴,1684.752,1756010039,99536495
1921056005467708160,可爱的发币,1554.389,1756098921,912b4cef
1921058110144466944,哈哈哈哈笑得肚子疼,1664.435,1756099172,912b4cef
1930616796109848576,哎呀,1498.221,1757238656,8f57e35c
1938813363061097472,一个奖励杨迪的游戏,1634.819,1758215763,c1c7a66
1942229667884861184,笑得我肚子疼,1783.88,1758623018,b85033c1
1952519966591265280,每次都没接住哈哈哈,1520.245,1759849718,3d553d69
1962432760279010816,我真不行了了太搞笑了哈哈哈哈,1734.276,1761031415,54f7b9d0
1967644616455633664,哈哈哈哈，这个女孩子好可爱，又害怕又好奇哈哈哈,1476.902,1761652716,eb09f285
1968988588058839552,hhhh小姐姐演员的诞生,1698.466,1761812930,269700bc
1970989897527898112,对吗？,1782.473,1762051505,9d717ee2
1981226523604447232,哈哈哈哈哈哈哈哈哈哈哈哈,1648.361,1763271806,1a09d87c
1988660542331797248,四姐说了“安全T”吗,1582.049,1764158010,c847ffba
2000956881128648192,笑得我肚子疼,1562.666,1765623848,e8b22811
2072032170285543936,大左这里为什么吓得抖了一下哈哈哈哈哈哈,1649.79,1774096682,f82fb2da
,,0.0,1775683732.8000336,
lb.c,,0.0,1775683732.8000336,
,,0.0,1775683732.8000336,
1895737421099143424,是隔壁陈鸣飞写的吧？,1945.554,1752987539,25b5c0fd
1895737422600704256,笑死哈哈哈哈哈哈哈,1861.726,1752987442,eb069b0d
1895737448110461184,不容易,1967.315,1752987565,25b5c0fd
1895737537650462976,笑死哈哈哈哈哈哈玩呢,1864.313,1752989866,adb42c8
1895737540972351744,玩儿呢,1860.902,1752989950,aaf3f032
1895737543203721472,哈哈哈,1815.18,1752989891,aaf3f032
1895737661759918336,哈哈哈哈哈哈,1802.631,1752992030,a4557f7c
1895737678914621696,但是体力劳动可以被机器替代，和ai有微妙区别,1970.153,1752991856,5866b398
1895737721998512384,哈哈哈哈哈,1864.31,1752993989,f3d0b903
1895737806614401280,AI能归纳总结现有信息，但无法创新,1995.774,1752997135,13ee2db9
1895737953691865344,工业创作可以，纯艺术不好说,1978.137,1753000003,8e57c960
1895738031194214656,20元手续费省下来了(ಡωಡ)hiahiahia,1903.052,1753004359,39499903
1895738391359099136,我家也有这个碗,1838.498,1753016417,c2e21b9d
1895738396828471552,妈呀陈超好厉害,1945.204,1753016803,cd8ee3cd
1895738416894021888,100块，哈哈哈,1895.824,1753017896,a9208369
1895738540927979776,超超好甜,1939.237,1753019045,8d117f15
1895738575547764992,有胡子应该感受不到吧,1808.657,1753017627,af72eec3
1895738673107276032,不是地铁卡了么,1892.499,1753022773,9c94b6bb
1895738779793592576,ai是用三推一，人脑是举一反三，本质区别,2024.616,1753029280,f9656259
1895738857295941888,玩儿呢，我一个广东人说不出的儿化音,1868.306,1753032504,9ef562ec
1895738900144951552,我觉得体现人情感的东西最不应该被取代，我是看小说的，如果我看的小说都是ai跑的我会死,1994.923,1753053765,5dbe0dac
1895738918381785344,不一样，至少现在的ai没有人脑会抽风（bushi）,2030.729,1753060518,d1e240cc
1895738950300438784,哈哈哈哈哈感情是在玩儿我们呢,1867.398,1753065521,91850ea9
1895738973092286720,聪明的人才看得到（,1851.057,1753066879,532bb614
1895739025076490496,上次还在说地铁卡扣费不好，立马就改转账了，真的听劝,1909.288,1753064244,3e15afd5
1895739121713254656,陈鸣飞的那个刚看完节目吧哈哈,1956.389,1753072388,df6e1fa7
1895739304081592576,哈哈哈哈太像了,1944.846,1753074038,f48d5c83
1895797243433331456,我去,1891.668,1753087842,35861f7e
1895797705813389056,当然不是,1970.665,1753087897,35861f7e
1895872207323318272,ai的数据库全是人给的,2052.858,1753096778,9f5269ce
1895957325815673088,口条真好,2151.186,1753106925,42cad9e5
1895973581704601344,老王好可爱,1844.968,1753108863,692c8ed6
1895992999780010752,华波波也算猜对了,1803.433,1753111178,24b0ce4c
1896092358488199936,我服了怎么这么好笑，老王真的穿了个香蕉牛奶。。,1821.385,1753123022,7388c77a
1896403149620117248,首彩回来打钱！！！,1815.544,1753160072,fe4eee91
1896658760060214528,老金主啊哈哈哈哈哈哈哈哈,1821.352,1753190543,abb3bea8
1896690759756227584,那是服务器和算力限制而已,2125.293,1753194357,b927edf8
1897017590325956608,刘慈欣的诗云,2043.276,1753233319,78c4204e
1897149153428556800,并不会被取代，就那ai原理来说，他是学习的技术，要是没有真人的作品投喂他，而是ai直接互相学习，最后肯定会失去人类所能体会的美感,2017.769,1753249002,af7c4445
1897160788939608064,AI取代不了大师，但能取代普通人，但我们大部分都是普通人,2028.594,1753250389,b0fb79b9
1897196044832664832,不会的 AI没有灵感只是个参考文献的价值,1999.815,1753254592,6f99a845
1897230944923557632,AI确实，一眼看得出AI,2056.543,1753258753,c05066cc
1897282352929849856,您,1876.848,1753264881,290bcf14
1897313971196141824,68+6+,2070.556,1753268650,676c84ca
1897315932888971776,只能模仿，不能取代,2003.459,1753268884,90b41f69
1897321705291076352,我觉得同意的人说的不是高端审美的艺术，他们说的是快时代创作,2090.686,1753269572,55d83f10
1897326315100134656,太厉害了哈哈哈哈哈,1950.759,1753270122,45654410
1897355364035362560,顶级的取代不了，中间底层会被取代,2092.654,1753273584,7ea9d3d5
1897404209155208704,自从知道地铁卡退费事件之后就换成转账了吗,1896.51,1753279407,3c4a8341
1897472786134957568,陈鸣飞投的吧,1948.859,1753287582,20c78ca8
1897763556578141440,这AI卡壳,1962.905,1753322245,28dcc9f6
1897865698693655296,《精彩葡萄酒》,1811.436,1753334421,c76fd2
1897865887454275072,能用的,1823.216,1753334444,c76fd2
1897975346582936832,画家的画有人买，AI的画呢？我觉得人类不会给AI的画赋予价值,2087.338,1753347492,ace2f97d
1898153206907890944,他俩节目效果已经出来了，拿到奖品不过分,1887.829,1753368695,44f44cf9
1898155156404016128,现在ai训练出的图基本都是侵权的，还不知吃了多少有商业版权的图,1990.896,1753368927,c4640bae
1898227304531014400,陈超超陈超超陈超超～,1935.987,1753377528,e8cc9494
1898497181946647040,华波波太搞笑了hhhhhh,1828.307,1753409700,6a79158e
1898589823536064768,那个脱口秀的哥们吗,1965.639,1753420744,ae954710
1898617694602120704,100元哈哈哈哈哈哈哈哈,1897.022,1753424066,25a98a6b
1898762572212570112,哇厉害了,1941.185,1753441337,eeae67ec
1898770444551886848,哈哈哈哈哈哈哈哈哈,1812.799,1753442275,da4a6923
1899295846349428736,深度学习型会成长,2061.503,1753504908,2233a413
1899311810357134336,陈超超超超哈哈哈哈,1937.372,1753506811,8020f1b7
1899619007338927616,可以的,2140.384,1753543432,f6a66d6c
1899619192483758592,辛苦阿雷了 这么一大段  我都要背半天,2145.64,1753543454,f6a66d6c
1900289831134223104,好丝滑,2143.5,1753623400,6908d584
1900727826387780608,直接转账了，不是地铁卡了,1890.432,1753675613,29c7c55b
1900864257726569216,奇马蓝,2054.335,1753691877,75f02d2b
1900992991485978112,好的画家并不会,1994.973,1753707223,1606bf27
1903906590856424448,对，所以对资本来说是好工具,2119.356,1754054552,c29ddf0d
1905365491481060352,首彩葡萄酒～味道不一样～,1814.065,1754228466,ba4142a8
1905383944120050688,ai i不会创造需求，只会解决人类的需求。,2031.372,1754230666,2ad516b
1906676777745390080,阿雷服装好潮哈,2100.595,1754384784,1327ee61
1907503470140018176,作家，和画家不会。但从事写作行业和设计行业的可能会受到影响，纯商业的会受影响,2014.591,1754483333,f5dd2f0d
1907711567622271232,一个画家的画上千或者上万我都觉得值得，但ai产的图最多一块钱,2110.855,1754508140,b59d3043
1909643331546811648,哈哈哈哈哈哈哈,1802.537,1754738424,d7fb52ee
1913366840508620800,有一只萨摩耶就叫陈超超哈哈哈哈哈,1930.9,1755182301,b30a9c4b
1915224874843617536,前面的萨摩耶的别走,1937.599,1755403796,32f67cc0
1915935882930912000,哈哈哈哈哈哈哈哈哈哈哈哈哈哈哈哈哈哈,1859.99,1755488555,51f2909e
1922480732891760896,陈鸣飞投稿,1994.089,1756268762,8dd2ba4e
1928560476044906752,ai会替代那些水平不高的人，真正的艺术家和作家是无法替代的,2055.3,1756993524,cfd3a899
1930620440054015744,现在AI技术还不成熟，以后就不知道了,2042.591,1757239091,8f57e35c
1950374312087470592,可以娱乐，但没有深度的东西,2005.631,1759593936,5ff286de
1953028710341331200,当然不会,1991.043,1759910365,6e0df0f6
1966172314316318464,好可爱啊这两个人，萌萌的,2019.752,1761477204,1ee5697
1970992051982448640,其实AI给创作圈子带来了很多好处，痛苦的是那些想不劳而获的人，AI反而将这些人筛选掉了。,1971.291,1762051762,9d717ee2
1970992805346750208,想要不被取代就得进步，人类是一直在进步的,2037.466,1762051852,9d717ee2
1980015234983286272,画手可能会，画家不会。写手可能会，作家不会。,2003.369,1763127409,916232ae
2004595551308142848,笔触这个东西AI永远做不到,2129.602,1766057611,ffa3828d
2027798215826511616,有道理哦,2053.34,1768823584,8f58d927
,,0.0,1775683732.8000336,
lb.c,,0.0,1775683732.8000336,
,,0.0,1775683732.8000336,
1895737322071625984,哇，倒过来的角度，不错,2320.614,1752985858,bc12bdcf
1895737389348262144,1000个人欸,2404.742,1752986739,1262b263
1895737464325640448,伦的观点每次都好深度,2429.52,1752988798,dd38837b
1895737568671535360,萨沙确实越来越厉害了,2188.029,1752990345,4bb6c894
1895737635520352512,AI学习能力强能模仿但是创新上暂时还做不到，给他看某个画家的画，他能模仿但是要他有自己的特殊风格还做不到,2307.016,1752992123,da8612fa
1895737675886334208,对对对,2518.778,1752992832,a4557f7c
1895737868891427072,来自四姐的认可哈哈哈哈,2383.869,1752995522,e868d6e6
1895738095023132928,其实就是说ai没有创新能力,2449.334,1753007080,fbf9b322
1895738186207301888,黄子宝宝！,2478.478,1753010860,d93d12d4
1895738219937894656,普通话越来越纯正了,2340.564,1753006552,2f987c3c
1895738308387377408,简单且周而复始的工作不会被AI取代，他们只会被机械化和自动化取代,2177.8,1753012446,da6fca28
1895738539074097408,可是这样的画家真的很少啊,2355.484,1753016161,cb47e4db
1895738633898922240,肯定是指定啊,2166.696,1753023213,691ef385
1895738659433844992,厉害,2461.836,1753022215,7d9f8a33
1895738860030628096,ai只能生产“产品”,2438.121,1753027530,9cc53f64
1895739034186518784,伦儿说的好有深度,2417.125,1753066030,91850ea9
1895739151803191552,老王说的对,2249.4,1753067040,f7934ca3
1895739188276859136,罗师杰在做捧哏,2338.921,1753070661,5268d633
1895779537472677120,很喜欢伦二这个比喻,2442.524,1753085731,3a31dcb7
1895880915561975552,说的确实好,2456.856,1753097817,db27ad6e
1895903241901117696,哈哈哈哈哈哈哈哈哈哈哈哈哈哈哈哈哈哈哈,2382.245,1753100478,4365b2b7
1895978595307183360,黄子！,2470.27,1753109461,692c8ed6
1896020644002007808,我真的我好多次都和萨沙一种选择，高度重合,2355.219,1753114473,683bd9b9
1896387667051097344,创作过程本身也很迷人的！,2197.312,1753158226,1195ac4c
1896391286534280448,我觉得最多AI的作品和人类的作品放到平等位置去欣赏，不会谁取代谁，就像人类不会只需要一个艺术家。,2329.047,1753158657,1195ac4c
1896433511490107392,伦真的每次都说的很好,2449.736,1753163691,dd1dd59f
1896446842347168256,对的。还很无厘头,2510.941,1753165280,9ec95bfa
1896478238348470528,AI没有人所具备的“灵性”，这个是根本区别。,2484.776,1753169023,130b1ee9
1896481816450316288,但那么多著名的画家，活着的时候都没见到自己画出名啊，现在这个行业，艺术还是单纯的艺术吗,2362.688,1753169449,21030a05
1896495205256114944,英专生落泪,2257.924,1753171046,272cb156
1896500684711484672,说白了AI都是把现成的 现有的知识告诉你 它无法创新 没有创造力 也不灵活,2475.575,1753171699,fc8a9b09
1897059227684406272,现在门铃还是用的那个，后面的杨紫琼没必要，前面的那个欢迎来到毛雪汪还行,2509.318,1753238282,35645b71
1897154550214244864,现在小说好多都是ai写的,2317.184,1753249646,d7cb2127
1897198418581828096,更像是Freestyle的,2163.42,1753254875,6f99a845
1897285342076082688,中东人好爱用具体的比喻 好玩,2241.494,1753265237,290bcf14
1897353535075926016,哇伦儿讲得很好,2457.048,1753273366,bbeae81b
1897433976919450368,AI可以帮你炒作 帮你买热搜 买水军 坏的也会变好,2340.159,1753282956,d844b0d7
1897838265261261568,ai创造现在最大的问题是版权，它的数据哪来的？,2329.257,1753331151,9cdf46e6
1898170337209376256,伦是有文化的,2407.645,1753370737,c4640bae
1898593071588396800,不指定的话会长和杨迪肯定会控场的，不然非正式会谈就变成非正式广告了,2170.649,1753421131,ae954710
1898594159171501824,这个点很对啊，其实观众也是作品的一部分,2314.377,1753421260,ae954710
1898594721166096128,是的，没法取代艺术先驱者，但是人类多久才会诞生一个艺术先驱者呢,2398.763,1753421327,ae954710
1898858478203265536,AI是能画出来的，但是目前AI还没有真正创新的能力,2354.986,1753452770,85cd1b5c
1899282247644146688,伦说的超好,2450.24,1753503287,c89ae7d7
1899389604638008064,这样就意味着只有大画家才能生存,2315.347,1753516085,422009b7
1899968866063992832,钟逸伦的观点好到我想记下来,2407.551,1753585138,85e961e3
1899971539840366080,是的，有时候ai出来的东西是不实际的，属于给你描述的天花乱坠但其实并不实用,2516.355,1753585457,85e961e3
1900045394068096512,萨沙是不是deepseek了,2365.82,1753594261,37dfb466
1900699314750768896,AI不抽象,2514.068,1753672214,10555ed6
1900775830246937344,完全同意伦儿的观点,2435.304,1753681336,a9930091
1900996813578880512,"很简单，好的创作,有灵感的创作不会被取代",2425.093,1753707679,1606bf27
1901031552633139456,这不兴叫哈哈哈哈,2498.047,1753711820,c35a3236
1901722114823131392,是抽象,2352.846,1753794142,5adbede8
1903867788553414144,这个议题可以看当下社会在机器大生产的时代我们总是追求手工工艺但是再看我们在什么东西上追求什么手工,2232.109,1754049926,8d3fe83f
1904376810779811584,翻译作品是再创造，当然属于文艺作品了,2280.086,1754110606,21f73640
1905336105902178560,1111,2456.232,1754224963,94dc5d7b
1905386536745115904,数据量都是过去的，像ai创造的一些画作都是基于历史风格，没有未来的风格。,2288.044,1754230975,2ad516b
1906081274615969024,制造业，，,2184.094,1754313794,6748a4fa
1907510299724980992,没错,2175.769,1754484147,f5dd2f0d
1909633496364914688,感觉好多代表还有别人不了解ai画画的原理。那真的就是裁缝大集合,2203.365,1754737252,142fcb13
1916012736815445248,有几个确实在搞艺术的，大部分只是在所谓的艺术行业里混口饭吃而已,2297.01,1755497717,272ec1ba
1919515972591515392,ai又不能原创，出来的东西都是人家已经有过的,2324.575,1755915335,d61f036d
1919765655767985408,确实,2390.9,1755945099,39b1306c
1920593694097511424,但是那么多人之中又有多少个大师呢？千里挑一。只能说大师难以被AI替代，但大多数普通人是很容易被AI替代的,2364.264,1756043809,288a6e7
1921471313504249600,哈哈哈哈哈哈哈哈哈哈哈哈哈哈哈哈哈哈哈哈哈哈哈哈哈哈哈哈,2384.908,1756148430,d0352b3
1924730497872245504,但是很多人其实也只是围着光圈内打转，只有少部分是能发出光的哇。ai无法完全取代，但是ai取代大部分工作应该是必然的,2449.995,1756536955,90bb401c
1937410966522432000,不愧是高材生,2428.936,1758048584,664fbc21
1944395634396738304,可是艺术的标准是很难说清的，尤其是超越时代审美的艺术,2372.895,1758881222,952047f4
1946596116557161472,同传不可能，比如自古以来，中国有句老话，你怎么翻译,2271.392,1759143540,24bc755
1953032408702466560,哈哈哈哈哈哈哈哈哈哈哈哈,2390.919,1759910805,6e0df0f6
1964145062028178176,哈哈哈哈哈哈哈哈，怎么我在非正还能听到黄子,2469.118,1761235537,f260f6db
1965470285503505664,但是现实中其实有一些需要创作的。工作他确实是会被AI取代，因为作为商业用途，AI的那个程度是完全够用的。这是我们一个从国内大厂离职的老师跟我们讲的。因为他们当时在做东西就已经套模板用AI。,2380.266,1761393516,d0b3063b
1965962475476472064,梅丽莎好好看,2271.709,1761452189,5c1cccf8
1968996492291897088,好啦ai取代不了伦儿,2435.324,1761813872,269700bc
1969411312866597120,如果人类不再进步 那AI还会是AI嘛,2414.221,1761863323,7ed3ebc
1985133228776545024,翻译读空气什么的感觉能训练,2278.757,1763737521,55203a50
1985134760192303360,可以训练,2518.973,1763737704,55203a50
1996728559007878656,ai应该是从1到60，而人是负责从0到1和从60到100的,2430.868,1765119792,74ba3500
2056102682372178688,ai模仿的只是形式,2363.539,1772197739,fa9ad547
2082958314446724096,AI只是提高效率的工具,2221.713,1775399180,a4d2be15
,,0.0,1775683732.8000336,
lb.c,,0.0,1775683732.8000336,
,,0.0,1775683732.8000336,
1895737410512720128,感觉这个有趣1,2795.193,1752988764,39108e46
1895738094108774656,意识,2662.0,1753003029,6653a374
1895738218117566720,我更喜欢作品独立于作者存在,2704.182,1753012025,729cd479
1895738283766812928,除非ai哪天学会了思考和不按常规，但是人类会允许这样的它们存在吗,2540.067,1753010137,10294f3d
1895738567352094976,主要是用得少了吧,2862.128,1753022489,61f1cb93
1895738632992952576,超超太美啦,2555.795,1753022069,1f0a24fa
1895738636633608448,真的很爱Dylan，每期必cue，哈哈哈,2649.068,1753021557,6e443ff5
1895738730552463616,deepseek是这样的！,2522.65,1753021395,6e443ff5
1895738777964876032,大左又困了,2711.853,1753025162,d6bfe3aa
1895738899238981888,阿雷一定很有语言天赋,2864.374,1753026188,3b5559de
1895738997712851200,加字游戏,2829.421,1753054603,5dbe0dac
1895739267607924992,西语里的人称变位和阴阳性很有意思，我，你，她，他，您，你们，我们，他们，她们，您们,2804.071,1753072834,293203a
1895850139940747008,工作报告AI的确是好帮手！,2543.657,1753094148,416bbb9a
1895921119618453248,作品和作者根本无法分割啊,2714.73,1753102609,e1f0140c
1896012893708357120,ai没有人生，但是ai有你们呐,2743.137,1753113550,698bab0d
1896065447497910528,语言环境很正常手能生巧,2876.525,1753119814,cc2734ec
1896479661995797760,Blade Runner,2645.459,1753169193,130b1ee9
1896654942690213632,中文是积木并且是榫卯结构,2830.122,1753190088,89807551
1896772345109555968,词根词缀 哈哈哈哈哈哈,2818.729,1753204083,1f9c8d2e
1897102321968798464,不知道为啥这个话题老是让我想起崩铁里的博士尊，我们强大的智识星神,2549.068,1753243419,f5a06ba5
1897196758887995392,AI代替不了艺术家，但AI能代替打工人，作为普通人的我是焦虑的,2757.811,1753254677,b0fb79b9
1897363087586601216,是的 英文是树形语言,2824.014,1753274505,84203b4
1897872503666875648,超超说得好～,2569.221,1753335232,c76fd2
1897944087584629760,来了看预告最感兴趣的话题,2788.137,1753343766,9cdf46e6
1898191646873602816,我靠，这个观点让我耳目一新,2536.947,1753373277,f0071fca
1898587064925435904,这个话题好！,2795.805,1753420415,a18ccce
1898596254410661632,ai如果把微醺状态也建模了之后可能就能复刻了，并且能随意还原,2581.86,1753421510,ae954710
1898596665712523776,确实，一个平庸的内核很精准,2640.395,1753421559,ae954710
1898861636539289344,而且目前可能觉得觉得AI的有些图或文字有灵性实际是观众自己的赋予这些东西的主观体验是观众自己的灵性不是AI的,2668.317,1753453146,85cd1b5c
1898899350840110848,是不是ai的记忆能力有上限的原因？,2636.01,1753457642,2ddb40c0
1898913616263543296,ganghood这个真的不是广东华侨带去的词吗江湖的粤语发音啊哈哈,2769.624,1753459343,e8831434
1899395980466646272,大左那个表情，哈哈哈哈哈哈,2727.784,1753516845,2a7b6daf
1899451219231916544,因为没有坚持每天都用ai跟它进行大量互动给它数据样本支撑，所以我认为每个人用的ai都不一样，我觉得我的ai还是挺像我的,2647.849,1753523430,cb8fc6d6
1899934260052788480,中华文化的包容性哈哈哈,2849.24,1753581013,ae954710
1900015569328667392,好喜欢这个话题,2795.283,1753590706,85e961e3
1900048826854286080,那人的灵魂是电子信号吗，如果是，那人有没有可能是超级精细的碳基“机器人”,2655.645,1753594670,37dfb466
1900281300003517184,西部世界的核心就类似这样的,2602.68,1753622383,cd73212b
1900285629850936576,确实起码目前的ai画作没有人画的灵气,2557.858,1753622899,21100105
1901048146860625152,这棵树的动画是ai生成的吧,2803.727,1753713798,bba3e7b3
1901659990159627264,对，写文也是太高大上了，不接地气,2520.306,1753786736,105f52db
1901679859307668992,前面的，你把ai想得太厉害了,2738.443,1753789104,8c5fa1a1
1901694474971820544,知人论世是解析作品的一个重要观点,2714.601,1753790847,bb1af361
1901807782567905536,小熊说法语的表情好可爱,2871.945,1753804354,6b233d5a
1902175987245469952,灵韵,2668.184,1753848248,3fc3c7dc
1903102126856042240,人的反应和情绪千变万化 ai需要基于data来学习复刻 但人心和思想复刻不了 因为你自己都不知道你到底会如何啊,2743.891,1753958652,95e70b5d
1903911544119548672,机械劳动（报告、PPT、标准化文案等等）确实适合AI,2552.306,1754055142,c29ddf0d
1905283396587498240,我也有这样的担心，毕竟大的发现是要在小的累积基础上的。如果这些小的方面都被ai包圆了，人类还会有大发现的灵感吗,2568.797,1754218680,1739167a
1905322044405448448,心理学本来就有灵魂,2690.41,1754223287,f73e1df3
1906144811317396224,我以前学英语的时候，也会想外国人学中文的体验是怎么样的,2818.823,1754321368,de5d2566
1906664836822229760,所以说语文考试里的阅读理解靠标准答案就很扯,2687.504,1754383360,16673124
1906696462252080384,感觉伦儿是语言限制了发言,2529.891,1754387130,64b0d079
1906886153408858112,好适合我英专生来听 ,2814.7,1754409743,937fdd57
1908206015506796288,ai不可能成为艺术家 这句话有问题吗？,2749.178,1754567083,d8a8f583
1910400646260643072,喜欢这个论题,2802.046,1754828703,8815c960
1912295074109538048,前面的也可能没有理解什么叫创作，ai可以实现艺术产出，但跟创作还是差远了的,2744.468,1755054537,a8fe5ea9
1912306335295954944,怪不得我学英语困难,2848.344,1755055879,cdc7bc83
1914618808048601600,说的好好,2678.049,1755331547,39959bed
1914619278565804800,大左看手机哈哈哈,2728.618,1755331603,39959bed
1915193156341953792,现在ai就是一个全领域博士只是专家。他只是没有真实世界的更多样样本数据,2569.108,1755400015,23dde82b
1915445346528739072,电脑病毒：我来看看怎么个事儿？,2576.487,1755430078,aa8cb2c6
1915986185612797696,“就没电了”哈哈哈哈哈哈哈哈,2591.443,1755494551,cd971f7f
1916852564402818816,江湖不是打打杀杀，江湖是人情世故wu～～～～～～,2764.246,1755597832,ebcfcea3
1919268751279502848,这只能证明如今的AI还不聪明，还不智能，难道AI技术不会变得更厉害吗？,2612.277,1755885864,8ff620f
1921321382714216960,信息熵大,2841.927,1756130557,c8faf44f
1922681235663422464,如果AI真达到这个高度，那AI就不是AI了，人类也危险了,2697.724,1756292664,bc17ebe1
1926387262783289344,人类作为个体，生命体验是有限的，而ai作为更高级的文明，或许会不会被我们想的太简单了。,2771.566,1756734456,d0244f28
1928566961126791424,他说的太绝对了，ai技术刚刚起步，未来的发展是不可预知的,2749.14,1756994297,cfd3a899
1928568074974780160,英文是孤立的好吧，中文是组合式的,2834.7,1756994430,cfd3a899
1952531056876225024,如果AI能够有自我意识和思想，AI就是人，人退为动物,2715.729,1759851040,3d553d69
1996732419327971328,中文很简单很适合其他民族学习 所以中国才会是一个多民族国家 并且从不排斥其他文化海纳百川,2835.006,1765120253,74ba3500
1999292041175421696,Ai man姐吗哈哈哈,2602.201,1765425383,e4630f95
2027802308762818304,这个观点好,2541.215,1768824072,8f58d927
2045095330529259520,这个想听很久了！,2795.731,1770885561,e6d149b0
2069023283827016448,AI可以创作，但是每个人有独属的成长经历，他创作的东西是独一无二的，所以替代不了个人,2739.673,1773737995,6b2b33d2
,,0.0,1775683732.8000336,
lb.c,,0.0,1775683732.8000336,
,,0.0,1775683732.8000336,
1895737617359016192,哈哈哈哈,3218.723,1752993544,a4557f7c
1895737713425355008,但是中文商务场合也会这样，中文也有客气和礼貌,2976.263,1752992710,5866b398
1895737727702765824,但是中文之前也这样，白话文运动时就有胡适“干不了，谢谢”“才学疏浅，恐难胜任，恕不从命”的案例,2975.656,1752993017,5866b398
1895737820195557632,哈哈哈 我第一遍也在疑问 你不是医生吗  结果发现卡在了中文上哈哈哈哈哈哈,3227.366,1752997558,fbf64f60
1895737998369591552,好喜欢伦儿讲故事,3143.561,1752999620,7b5f275c
1895738106876236032,伦的冷知识好多哈哈哈哈,3121.118,1753010691,450eca7a
1895738131496800512,英语四级准备,3180.027,1753009480,8fd891b1
1895738136966172928,德语出来说话,2889.523,1753008855,47376c28
1895738139700859136,日本文化有些过于客气了，反而成负担,2979.348,1753006769,13ee2db9
1895738374950981888,日文的语法结构太麻烦了,2947.238,1753012693,58c62de
1895738385889726720,语言环境真的非常重要,2880.638,1753014675,c0184399
1895738605637701888,哈哈哈，西语信息密度太低了,2887.48,1753021179,913778e0
1895738888291848448,和语言背后的语境文化有关的,3004.846,1753030941,5404f33
1895738956675780864,日语真的，可能是因为日本人很容易不安所以很喜欢叠甲,2968.764,1753036550,7a1afabc
1895739047859949824,伦儿个学霸知道的可真多啊,3138.994,1753066617,91850ea9
1895739281281356032,这解释也是费劲，中文六个字解决：有根源无系统。,3165.086,1753078062,1ea53aa5
1895813671943725312,说英文是因为没学过其他语言hhh,3058.228,1753089800,18de2fc4
1895885303986710784,七月八月是纪念凯撒和屋大维硬加进去的我记得,3103.283,1753098340,db27ad6e
1895963615233216000,月天~~~~,3088.264,1753107675,bb240a6
1895984463582683136,伦儿好棒！,3141.672,1753110160,692c8ed6
1896199650127027712,Medium well steak,3202.601,1753135813,74e59e26
1896307962851638528,Mayday！Mayday！,3084.608,1753148725,b748a01c
1896408715746876416,原来如此，怪不得烷烃的英文名是这样命的,3130.385,1753160735,30eb9777
1896433111504550144,月份的英文在西方文化中也算是历史文化的体现,3081.902,1753163643,a076c47d
1896450535448673792,杨迪太有意思了,2936.319,1753165720,9ec95bfa
1896482053151608320,文化语境不同,2926.889,1753169478,130b1ee9
1896482757568255488,看过日语邮件的结构 那是真含蓄啊 好像说“不”是天大的错,2948.052,1753169562,130b1ee9
1896753204394875904,店家不想给别人用，为什么还要设置自己的店名为WiFi名啊，这样每次都解释多麻烦,3049.958,1753201801,2677cf4c
1896946225677535744,是凯撒和奥古斯都加的7月和8月打乱的吧,3129.064,1753224811,a5fb62e5
1897250225970898176,而且13月 和 星期八这种说法 他们只能重新创造一个词,3115.972,1753261051,c5e94360
1897407157516052224,就像知道奶奶的礼物用俄语怎么说，真的那么长吗,2896.574,1753279759,d849b843
1898582067882162432,日本人说一个句子 一半都在委婉,2941.965,1753419819,76036370
1898588868694397440,敬语地狱,2954.96,1753420630,a18ccce
1898590585045603584,这个是历史上的语言融合因素吧,3060.517,1753420834,a18ccce
1898665512134126080,说普通话久了会忘记方言,2905.249,1753429766,b0850c04
1898850951616771840,为什么要留下殖民的痕迹,3157.268,1753451872,ef8bd67d
1898937681158312448,还有星期,3074.909,1753462211,b465622b
1899312426064304384,中文好比压缩包,2881.612,1753506884,714d1f13
1899359596045350144,哈哈哈哈京都人,2942.526,1753512508,48caf715
1899668818784674048,这是人为的，任何国家要是愿意这样，也能在表达一个简单含义时去延申自己的句子,2968.119,1753549370,395ce43e
1899936646569887488,还有星期。日语也要再背一次,3072.627,1753581297,ae954710
1900498638082942464,懂日语的可能会懂吧 真的巨长一段,2997.345,1753648292,8205cc06
1901004936989475584,其实赖赖的发言都挺有信息量挺好的,2962.898,1753708647,2c9403ee
1901005262887011072,好温柔啊,2994.395,1753708686,2c9403ee
1901007210696225280,日耳曼人,3145.006,1753708919,2c9403ee
1901007274919789824,棒棒,3148.423,1753708926,2c9403ee
1901007503156656384,原来如此,3165.412,1753708953,2c9403ee
1901007627769515776,很详尽诶 原来不知道,3169.51,1753708968,2c9403ee
1901036066467942912,唉确实会有些容易导致内耗,3036.179,1753712358,c35a3236
1901601973363943680,中文是象形文字发展来的,3076.554,1753779820,92f8c01f
1902328538762730496,反了,3049.595,1753866433,89ed58e
1902903884662556160,一个Wi-Fi都这么抠啊,3030.227,1753935020,96f86921
1903773304859711744,非常容易不安的日本人,2947.431,1754038663,5eebbb86
1904212771181454848,主谓宾主系表的顺序是一样的,3210.693,1754091051,4213efaf
1904516264131825920,正常吧,2882.476,1754127230,3e5e834
1904516761693761280,哈哈哈,2941.821,1754127290,3e5e834
1904516806791007488,晒伤妆,2947.196,1754127295,3e5e834
1904519028052442624,混了是吗,3179.667,1754127560,3e5e834
1904710780163548160,你习惯了，完全没问题,3083.008,1754150418,1606bf27
1906026731576451328,这个确实有点直接了，中式中也确实可能存在这样的,3018.666,1754307292,c8137052
1906684917807754240,英文比法文容易,3070.951,1754385754,1327ee61
1907637741270252032,呜呜呜英文里器官名词和病的名词和相应科室名词真的大部分完全不一样，太痛苦了真的完全不一样,3237.084,1754499339,ff8d4f0a
1907900244344148736,？我们大学老师都说英文天生自带逻辑……,3046.075,1754530632,21c98764
1907939231465567232,哈哈哈哈哈哈集合,3078.613,1754535280,27e7f95a
1908208058292258560,日本好累,3042.943,1754567326,d8a8f583
1908238397278553600,想委婉也可以委婉呀。只是大家觉得太装不那么说了,2986.636,1754570943,a4b37ddf
1910303699142508800,所以我总觉得他们说话烫嘴？,2905.236,1754817146,664d29dc
1910306040881807360,忍。哈哈哈哈哈哈哈哈哈哈哈,3034.062,1754817425,375127a9
1910306198109537280,濑濑刚来时候的梗,3034.062,1754817444,375127a9
1915449847520377088,动物名+肉表示某种动物的肉。这是几千年沉淀下来的智慧,3051.605,1755430615,aa8cb2c6
1915991236444326656,萨沙好搞笑哈哈哈哈哈哈哈,3217.489,1755495154,cd971f7f
1916226599335198464,donde donde,2931.706,1755523211,41d23346
1916228677268589568,wow,3173.682,1755523459,41d23346
1916315156007532032,前面的，除了没有小贝拉逻辑,3181.139,1755533768,299590f4
1916619295518292480,哈哈哈哈哈哈哈,2919.677,1755570024,51f2909e
1919962561386910208,不安,3011.16,1755968572,3bd57624
1920500537993289984,这个就是我想吐槽的，英语的日期真的好难记,3060.432,1756032704,7b3cb016
1923466522425711872,伦儿才是真正的博学学霸,3150.234,1756386277,a82a2ebb
1929348917360019200,其实中文更没有逻辑，就是你想怎么说都可以，主要就是看积累量了,3057.608,1757087513,467053b4
1932308120081196032,我第一次在国外吃牛排 说五分熟 five，服务员大问号,3201.353,1757440278,52ac390e
1938326182697830400,对对对，这个很麻烦,3032.573,1758157687,69dfa122
1944620545828698368,10个月 那年都要过错,3124.155,1758908033,1875fd96
1960152989767726848,词源太多，还要混着不统一,3101.673,1760759645,7bf5ae5
1960315171222860288,商务对话,2985.653,1760778978,99cb8cc6
1970391830956991744,英语学渣产生了一些不好的回忆……中文换个字就能表达清楚的事儿，在英语里面要挨个背单词,3201.922,1761980210,f517d2b4
1971032280625968128,这不叫逻辑，这叫历史渊源，如果英语本身有逻辑，他就该根据自己的语法规则来解释这些东西，而不是照搬别人的,3173.232,1762056557,9574db04
1986522542408234752,著名“星期八”哈哈哈哈,3064.179,1763903140,2a9d92f9
1988680519910594304,好可爱的语气啊,3211.732,1764160391,c847ffba
2015997122545654016,凯撒大帝修改了历法，十个月变成12个月,3118.741,1767416784,ae954710
2029776380103077120,都去店里吃饭了还不让用WiFi确实不厚道,3021.134,1769059400,361d239
,,0.0,1775683732.8000336,
lb.c,,0.0,1775683732.8000336,
,,0.0,1775683732.8000336,
1895737449360363776,哈哈哈这个音效,3434.307,1752989690,dd38837b
1895737554259906816,汉语自带超链接,3502.689,1752990382,7e894dc7
1895737698191642880,英文不是也有一些语气词吗,3463.7,1752993765,534bf33e
1895737702964760832,现在小孩学典故也是这样的,3515.271,1752993777,5866b398
1895737848280617216,所以他们上大学贵的要死,3301.863,1752995548,136254b6
1895737891691663616,如果目标是跟人勉强交流的话，很简单,3388.746,1752996103,7864b331
1895737902630408448,哈哈哈哈哈哈,3542.495,1752996835,e868d6e6
1895737928165331200,对啊对啊，本来就是啊，所以那些鼓吹国外如何教育平等的，本来就是扯别的，首先连语言就是不平等的门槛很高的,3270.78,1752996508,e868d6e6
1895738086819074304,感觉我和听英语一样,3398.682,1753007529,2f987c3c
1895738104141549824,我听英语听力也这样,3398.818,1753008039,fbf9b322
1895738124207100160,这里应该是well,3591.94,1753002948,90a344d5
1895738260068995328,语言浓缩ww,3415.286,1753013167,58c62de
1895738461571748096,亚洲语言普遍是这样的，主要还是大中华地区辐射,3581.0,1753014800,b345a1e6
1895738525392277760,我也发现了这个问题,3257.235,1753015917,6ee65ea5
1895738653964472576,此处BGM已经日本风格,3569.688,1753025562,226099f9
1895738823556960512,太where了哈哈哈哈哈哈,3558.444,1753026489,8ad6ba0b
1895738935712649472,我感觉老王就这几期非正下来汉语都有进步了,3428.469,1753027972,8d665d98
1895738962153541888,其实我现在在英国生活，无论是跟哪个国家的人说话，我经常回答嗯，他们都可以听懂，真的很方便很中文的表达,3471.945,1753054895,973da82
1895738991337509120,前面啊？的点在哪里？？,3505.733,1753067454,43cb6c93
1895739004096581888,我也才知道,3285.669,1753033782,d5c5e535
1895739009565954304,哈哈哈哈哈哈哈哈哈哈,3317.609,1753068397,f7934ca3
1895739326890217728,成语是超链接，所有熟语俚语和歇后语才是压缩包,3537.481,1753078668,1ea53aa5
1895809281815646464,最惨的是日本人，在这些基础上还要翻译成片假名背,3285.983,1753089277,d2fc1204
1895891365066548224,汉字自带压缩包超链接,3506.18,1753099062,1eeaccb8
1895906708459891456,哈哈哈哈哈哈哈哈哈哈哈哈,3542.014,1753100891,8223018c
1895917280982994176,弹幕呢？,3380.471,1753102152,4365b2b7
1895937886776867584,戴卢可是佛拉芒人,3461.641,1753104608,be52f108
1895945065151751424,1,3469.14,1753105464,83719079
1895974459136292096,老王这个手指的动物太萌了哈哈哈哈哈,3368.702,1753108968,c5fcbd94
1896736230398801920,迪伦想介绍哈哈哈哈哈哈,3285.135,1753199778,b9816bbd
1896738375130942976,哈哈哈哈哈哈哈哈哈哈杨迪太有梗,3552.143,1753200034,b9816bbd
1896773498131941888,不想听，不想了解医学法学这类太专业性的东西,3330.832,1753204221,b176604b
1897146857139167488,吧 吗 哦 ,3449.353,1753248729,35645b71
1897148948762767360,中文常用字2千～三千字，医学法律都能看懂（每个字）英文你得重学,3300.605,1753248978,729e3ab7
1897240958723524864,他是整形医生,3245.183,1753259946,c05066cc
1897344309032788992,HHHHH,3548.929,1753272267,e724095e
1897353674855129344,老王的汉语是靠“百家饭”成长的啊,3413.629,1753273383,d403eb94
1897959016110826496,我感觉日语表达比中文更模糊，但欧语系应该比中文清晰,3481.107,1753345545,9cdf46e6
1898037661450136320,没有语言是难的，融入当地都很容易学会,3360.179,1753354921,6ba6f998
1898147251440773632,学医的英文巨长一个单词,3249.832,1753367985,33c2f0de
1898595100549340416,yeahhh和“え？”的洗脑率也很高,3442.216,1753421373,a18ccce
1898595474438069760,好的，收到,3466.201,1753421417,a18ccce
1899889882369721088,然,3577.428,1753575723,3e3ca627
1899940569846165248,英文里的humm不就是这种意思吗,3483.17,1753581765,ae954710
1900248293867858176,看吧~,3476.886,1753618449,1bd801ae
1900268259098969856,大学学心理学法学，专外学的人想死，开卷我都累死，必须背一些，不然翻都翻不到,3309.209,1753620829,68efaa5c
1900386229888349440,害,3588.413,1753634892,33977ab
1900504034642194432,而且现在还在一直造新词 网络迭代也很快,3536.387,1753648935,8205cc06
1901038009001065984,确实，会有专业壁垒,3267.74,1753712590,c35a3236
1901043281199645696,整形医生不背专业医学词汇吧,3248.477,1753713218,ae954710
1901055028312566528,嗯 用英语的yeah 不行吗,3513.992,1753714619,bba3e7b3
1901699298253806080,哈哈哈哈哈哈哈哈哈,3555.241,1753791422,bb1af361
1902215296740708608,中文一个哦～～～能表达很多意思,3489.451,1753852934,167a1194
1902491000623422720,生物学全是拉丁语,3260.405,1753885800,59b380d7
1903115360002498048,汉文人点了,3530.814,1753960229,95e70b5d
1904402415873511680,哈哈哈哈哈哈,3438.59,1754113659,6327891d
1904520475078927360,我也想听伦儿讲历史,3336.829,1754127732,3e5e834
1904713978178131968,你会不会说重要的是环境问题，像我现在的应试教育，会看和阅读英文，写和说就很差,3417.528,1754150800,1606bf27
1904714897275852288,很多更复杂的，很多中国人也不知道,3523.445,1754150909,1606bf27
1904715420767052544,不就是看语气的吗,3577.83,1754150972,1606bf27
1906688697462662912,小姐姐英文很好好听 不是脖子右柠哈哈哈,3466.311,1754386205,1327ee61
1907359113126774016,粤语无障碍～喺！,3563.437,1754466124,d9a3acb1
1908669758451742720,还有古希腊语,3297.211,1754622365,f41917e3
1910307226334185216,让伦讲下历史,3294.697,1754817567,664d29dc
1915992112592547840,我想听伦说,3296.419,1755495258,cd971f7f
1915994372726802176,四姐reaction好棒,3542.21,1755495527,cd971f7f
1916230844314519808,语言还是要在环境中学,3421.751,1755523717,41d23346
1919282737379220480,匈牙利语也非常难,3351.111,1755887531,8ff620f
1920520378267664128,意群,3403.007,1756035069,99536495
1921097014738263808,陈铭老师说的吧,3438.683,1756103810,bc1232f7
1921950390136930304,就跟中国的好字一样，有时只是表示听到你话里的信息而已,3576.112,1756205540,91f228fb
1926835259497439744,经常看着看着觉得他们几个老外把中文说这么溜好厉害,3412.989,1756787862,b97e7a27
1938829039104673792,笑死我了，这句话谁说的？,3434.256,1758217632,c1c7a66
1996737031745336320,并非,3352.126,1765120802,74ba3500
2011293092187681536,哈哈哈和我对日语的感觉一样，，，呆了10年多 后面觉得是没有尽头的,3529.002,1766856020,1bdc989c
2012585087044033536,这个确实 日本的法律和医学基本是学习德国 舶来词也是基本用德文音译,3321.095,1767010038,83537bde
2018529617530469888,秦嗨汉诺,3562.248,1767718681,a29de8f8
2021310047682553600,是的,3262.826,1768050134,9ae24a60
2035768047671333888,法律也是一样的。中国法律也一样,3275.017,1769773662,f466f7d8
2038743529190839040,先学字，以字正音，阿拉伯人有这个意识，所以他才能学这么快，欧美人完全没有文字的概念，所以觉得中文最难,3384.196,1770128367,7966ad44
2038746329182394624,表情语言，本来也不用翻译,3590.184,1770128701,7966ad44
,,0.0,1775683732.8000336,
lb.c,,0.0,1775683732.8000336,
,,0.0,1775683732.8000336,
1895737386328363264,哈哈哈哈哈哈,3617.105,1752987469,882cd619
1895737509229859072,哈哈哈哈哈哈哈哈哈哈,3676.144,1752989498,59dfb4d2
1895737583057998080,天啊，67个字母组成,3637.073,1752989336,eb069b0d
1895737632492065024,来个短的,3853.378,1752993748,6cf1571
1895737693435302144,哈哈哈不许总结,3609.164,1752993497,6cf1571
1895737816580067584,这里字幕错了，表音文字,3890.122,1752995204,5579ad8f
1895737979226788096,这一季字幕太多错误了，怎么回事啊，中文外文都错,3896.211,1753006124,aab7b18b
1895738066770301184,日语和韩语是不是也是？只要会拼都会读，但是意思得再记,3906.105,1753001542,545954c8
1895738087733432576,哈哈哈哈哈哈哈哈哈,3845.99,1753000556,7b5f275c
1895738152468320512,哈哈哈哈哈哈哈好可爱,3651.946,1753012041,d93d12d4
1895738180737929472,巴别塔,3742.261,1753008044,a62ceb35
1895738275562754304,英文就有刚刚说的英法问题导致逻辑混乱,3943.0,1753015298,b345a1e6
1895738327530180864,日语是半拼音，保留部分中文,3886.0,1753015152,b345a1e6
1895738332093583616,象形文字就是比拼音文字要方便的,3886.0,1753015173,b345a1e6
1895738336648597760,所以传播效率很高，且没有文化断层问题，所以逻辑一直能保持,3943.0,1753015269,b345a1e6
1895738357620117760,想起之前看的用各国语言唱知否。到俄语就跟念咒一样,3849.285,1753016974,910793e9
1895738458845450496,啊啊啊最喜欢听大家聊各语言的特点！这是我当年看非正的初心,3614.056,1753016407,a354f0d2
1895738658519486720,愚者无畏也是一个压缩包呀，它不是常规的意思，俄语也可以生成一个压缩包,3826.746,1753025972,fe92a296
1895738785262964992,哈哈哈哈哈哈,3817.962,1753023551,ef8f951e
1895738933883932928,头晕了,3644.316,1753035085,13a0d4c4
1895738979476017408,确实，看小Q联合国的时候同传俄语的信息密度好低,3838.236,1753041245,cdfc31da
1895739066096783616,哈哈哈哈哈有意思,3612.271,1753067134,91850ea9
1895739104407556352,突然想起之前埃及代表穆小龙的名字也很长,3658.216,1753041498,4e76690
1895739162750324992,尼采：事情没有对错 只有视角不同,3726.186,1753073245,cb0b74b0
1895739177338114304,哈哈哈哈哈大家注意有位烫嘴的德国人要来啦,3629.774,1753067187,91850ea9
1895792428078861312,还真是,3941.511,1753087268,3a31dcb7
1895853082563739136,好漂亮啊,3705.421,1753094499,dc02669c
1895873710125642496,湖南话“搞”也有好多意思。,3601.591,1753096958,29a218df
1895907346799683328,翻译是代表自己翻译的,3697.145,1753100967,d0a706e0
1895978079743661568,decode（语言学人惊坐起,3717.032,1753109399,c5fcbd94
1896108421095192320,姐姐的专业和今天的话题好适配，语言差异,3706.185,1753124937,7388c77a
1896515341271146240,我喜欢这个话题，有意思,3616.444,1753173446,b99d4a1f
1896518162234223872,信息熵,3876.963,1753173782,b99d4a1f
1896543132645330432,这颜值，太好看啦！！！！,3695.311,1753176759,832cc876
1896780626377012736,不动产超级抵押,3636.607,1753205070,1f9c8d2e
1897154366721285632,我又要骄傲了，联合国文件里，就属中文那本最薄（叉会腰）,3813.058,1753249624,729e3ab7
1897941956827989760,都在酒里了,3865.043,1753343512,8b93c9d9
1898002374233537280,好像现在学校初学英语不给学音标了？,3917.24,1753350714,2a453a04
1898102017021935872,满分5,3789.416,1753362592,b29ebb7b
1898156268347363072,我记得我初中那会有学音标 但是不会重点去考,3923.454,1753369060,33c2f0de
1898512243499875328,大左表情笑死我了哈哈哈哈,3865.395,1753411495,4b7d9bf5
1899331643441710592,哈哈哈哈哈哈好可爱,3679.808,1753509175,1091612d
1900180799328848384,确实像吕一,3719.965,1753610403,115a0075
1900386773294106880,不对不对,3653.208,1753634957,33977ab
1901012436203785984,强行闭麦,3615.255,1753709541,2c9403ee
1901013060701833216,字幕乱回了,3657.418,1753709616,2c9403ee
1901170929900720384,还确认下对不对哈哈哈哈,3831.848,1753728435,aa15251e
1901171333829032960,给陈铭总结累了,3859.411,1753728484,aa15251e
1902159930518213632,六书,3947.484,1753846333,705b52ba
1902331185083402240,大学选修语言学讲过这个区别,3951.181,1753866749,92f8c01f
1902335700813538048,分析语,3890.528,1753867287,89ed58e
1903671238854313216,大学老师也一直强调要用外语的语境去理解外语不要纠结于对应中文是什么,3741.737,1754026495,b7a9b2eb
1904763067708153600,萨沙真一点口音没有啊,3759.038,1754156652,ddee2dcd
1905858903875679232,梅丽莎中文好好,3688.86,1754287285,7becfa2e
1906691517007991808,德语也是,3801.725,1754386541,1327ee61
1908906630024663808,俄语∶入门即入土，但不得不说俄语听起来是真的好听,3783.319,1754650603,43d421ca
1913917196015940096,法语也是,3808.423,1755247909,62e4d313
1915995900275556352,好喜欢梅丽莎,3713.265,1755495710,cd971f7f
1916030022574273280,语言的背后是思维逻辑,3695.995,1755499777,272ec1ba
1916079700078810368,忙啊，忙点好啊（doge）,3835.762,1755505699,746f4806
1916625392777953536,很有意思这趴,3621.459,1755570751,51f2909e
1920356151963837440,韩语就是,3912.685,1756015492,954b058c
1920523017751516672,专业的来了,3686.052,1756035384,99536495
1920524371614198784,对!!!!!!,3843.108,1756035545,99536495
1921484775709746688,又美又有学识，太厉害了姐姐,3711.137,1756150034,d0352b3
1921487725823974144,标注拉踩还是没必要哈哈,3945.676,1756150386,d0352b3
1924956553183220992,俄语语法确实难,3781.888,1756563903,e498a6f4
1928311481842799872,我怎么看到了autumn,3673.982,1756963841,272b951b
1929831823954261248,终于说到重点了，一维语言与二维语言,3932.368,1757145080,df7cc456
1937964820096246784,及格了,3795.295,1758114609,ea665755
1940204146955817728,这段话题讨论味道对了！！,3623.895,1758381557,add21500
1947129987367245056,萨沙有口音的，东北口音哈哈哈哈哈哈,3767.265,1759207182,ecb24fe1
1954999544181936896,我们是造字，其他语言是造词，我们是组词,3892.371,1760145306,fb6e727e
1960973806940170496,还有俄语的字感觉都一模一样233,3802.199,1760857494,8b1c7d51
1965271622538264320,字和词不一样啊，汉语的词能数清吗,3769.495,1761369833,b509e6de
1966180469729066752,对的，中国还有很多种方言呢，都是文化,3734.607,1761478176,33978299
1983664562083361280,老王的哇太可爱了,3664.275,1763562443,c53f17b0
1985149511878330880,陈铭没有总结的终究还是要来的,3681.241,1763739462,55203a50
2004619822436624640,上文言文,3868.638,1766060504,ffa3828d
2038747074585654784,这更像造了个固定搭配短语，而不是单词,3646.077,1770128790,7966ad44
2057933376119917312,好漂亮,3689.333,1772415975,dc69dd68
2072056217312398080,母语是汉语好骄傲啊,3882.558,1774099549,f82fb2da
,,0.0,1775683732.8000336,
lb.c,,0.0,1775683732.8000336,
,,0.0,1775683732.8000336,
1895737662774939904,再次安利陈老师的有聊，想了解陈老师对一些话题或者事物的看法的一定要看,4023.906,1752994396,534bf33e
1895737685701005568,俄罗斯女排功勋教练卡尔波利,4271.389,1752994558,7b2fe900
1895737697243730176,俄罗斯队那几年发挥起伏很大，拦防水平下滑了很多，换谁谁都得生气，卡尔波利老爷子不生气才怪了,4283.614,1752994661,7b2fe900
1895737894426349824,还真想听下去,4177.285,1752997978,c7bc6e63
1895737925430644992,不想听,4197.99,1752997336,ca646aae
1895737966459326720,哈哈哈哈哈 我开始逐字学习  doge,4196.912,1752998636,fbf64f60
1895738073137254656,中文是超链接语种,3984.747,1753006704,39499903
1895738140615217408,哈哈哈哈哈哈哈哈哈哈哈哈哈哈哈哈哈哈,4310.057,1753009910,259fe52
1895738233619714304,陈铭老师还想听！,4182.484,1753007774,53b79af0
1895738266444337408,的确，中文很感性,4124.538,1753015157,ef682fb2
1895738305652691200,这个好有意思哈哈哈,4208.39,1753014222,b1b00e21
1895738500780101888,man,3975.847,1753018973,f4eb18b5
1895738511718846720,音译在中文里很少见的，因为我们几乎啥都有对应的,4145.0,1753015534,b345a1e6
1895738631164236032,所以中文真的很美,4112.951,1753025099,a7349199
1895738649401069824,喜欢听陈铭老师说,4192.35,1753025462,105f8ab8
1895738683140051200,粤韵风华请你来学,4228.784,1753024098,99272c49
1895738787997651200,语言这个可以多出几期,4134.263,1753026762,d6bfe3aa
1895738869149044992,偏误,4027.411,1753027772,838e3436
1895738996798492928,哈哈哈哈哈,4203.489,1753035239,187c324
1895739035092488448,还想听,4147.312,1753067760,91850ea9
1895739036006846720,喜欢陈铭老师这期的总结,4148.159,1753035184,187c324
1895739102570451200,哈哈哈哈哈哈哈哈哈哈画,4154.529,1753069234,f7934ca3
1895739191011545344,Hahahaha ,4072.191,1753068882,8c10ef2b
1895793939530218240,嗷～都是……   太地道了萨沙哈哈哈哈哈,4258.574,1753087448,d8c0c6fa
1895917244123625472,希望陈老师说完，简直是精华部分哇,4200.455,1753102147,7d881d54
1895984355831034368,白帝圣剑，御剑跟着我,4280.148,1753110148,25b891ad
1896017901253990656,优先使用枝丫哦,3982.02,1753114146,487f1d6
1896022503672487424,这里也有佛（,4070.515,1753114695,698bab0d
1896322597734351360,中国诗真的作为一个中国人很骄傲，太美了，意境美，有的读起来也美,4105.965,1753150469,996c2fe2
1896460121219883008,好像是这样,3981.646,1753166863,9ec95bfa
1896520846001502976,但是这个总结我喜欢，涨知识,4086.27,1753174102,b99d4a1f
1896521961702968320,还想听，再说个五块钱的吧,4156.119,1753174235,b99d4a1f
1896676574695453952,普希金,4263.726,1753192666,54d3f224
1896725566901062400,哈哈哈哈哈哈哈哈哈哈哈哈哈哈哈,4310.07,1753198507,22445c1f
1896730106723395328,哈哈哈哈哈哈哈这期太有意思了,4209.816,1753199048,9cb4590f
1897010015916183808,对对对跟机关枪似的整个赛场都能听到,4272.545,1753232416,d539e6d1
1897077275255051776,哈哈哈哈哈哈哈哈哈,4190.698,1753240434,3c157400
1897174036765635072,陈老师的总结太棒了,4168.585,1753251969,edbe14cb
1897392318966345984,或许是“道”，但也确实不完全一样,4138.271,1753277990,bbeae81b
1897423909876315136,语言都基于一定逻辑啊，像一个公式往上套，怎么没逻辑了，汉子的构成组词都有逻辑思维啊,4200.979,1753281756,d849b843
1897862636431858688,没听够哈哈哈,4177.458,1753334056,c7d94c30
1897882039651485952,鸟语花香,4319.548,1753336369,5e6db3f9
1897898935013042688,可恶啊这次刚好是我感兴趣的话题,4161.582,1753338383,47a0e8bd
1898160146023362048,这点我作为留子真的深有体会 写英文论文的时候真的是一连二 二连三的感觉 不然会扣分的 但中文很少直接表达这么明确的,4143.613,1753369522,33c2f0de
1898164993313185792,其实古人造字也走过这条路，比如光马就有一百多种，骢骊骓骏骥骁，后来发现这样下去不是个事儿，太麻烦了,3975.043,1753370100,a725bfc4
1898638624019697408,我还没听够,4148.66,1753426561,71afd37d
1898787820446409728,反而英语会听就能拼写出来,3998.591,1753444347,636af638
1899369447870135552,涡轮苏卡！,4306.429,1753513682,3873c0bd
1899754244643268352,我也特喜欢听,4184.346,1753559553,a03bc12f
1899892586974535168,萨沙,4214.495,1753576045,3e3ca627
1900097116832440064,可恶，真的回味无穷啊，陈老师你再讲会儿吧,4169.039,1753600427,664e896
1900296271730859520,哈哈哈哈哈哈哈,4317.511,1753624168,cd73212b
1900392088978706688,笑鼠了,4276.249,1753635590,33977ab
1900392259451958016,太好笑了哈哈哈哈,4296.513,1753635611,33977ab
1901016738342964736,中文是体验,4037.216,1753710054,2c9403ee
1901019576444265728,过分了过分了,4306.717,1753710393,2c9403ee
1901803584791174912,一点也不短，(◐‿◑)﻿,4062.857,1753803854,f40bc1cc
1902041048625348864,不是道，更像理,4143.516,1753832162,18259142
1902331840049217792,感觉中文好美啊，艺术,3990.092,1753866827,92f8c01f
1902332906249409792,中文是瑰宝,4117.378,1753866954,92f8c01f
1902468908746143744,下次是什么时候,4190.613,1753883166,23568bd4
1902949917157764864,言有尽而意无穷,4173.006,1753940507,ca017a5
1903624783280088832,喜欢这个总结！,4097.385,1754020957,f0de91b3
1903829280824533504,我也喜欢看总结,4089.384,1754045335,5f529759
1904583630937199616,赞同，中文逻辑不严谨，甚至会出现颠倒黑白的情况,4118.207,1754135261,b6ee8bbd
1904685207156790528,西班牙拿铁,3995.688,1754147370,7bcfa025
1904719537870318848,中文里面的山有很多很多种,4043.343,1754151462,1606bf27
1904720340727399936,是的，我们中文文字逻辑不强,4117.347,1754151558,1606bf27
1905164537058565632,主持人就是控场的，时长要他负责控制的，没办法的,4223.159,1754204510,630e768b
1905314751845161728,元素周期表,3987.742,1754222417,2eb47862
1905861314233136128,陈铭懂得好多,3967.821,1754287573,7becfa2e
1905869100798891776,你们要聊这个我可就精神了,4216.222,1754288501,acf5d39a
1906539827319374592,哈哈哈哈,4241.001,1754368458,58d57e1c
1906540589273325824,哈哈哈哈哈,4310.782,1754368549,58d57e1c
1906688755184680448,桶装水瓶装水.v,4007.948,1754386211,819e3004
1907523442576883968,绝了,4169.636,1754485714,f5dd2f0d
1907644947604512512,等红灯是在等绿灯,4082.438,1754500198,ff8d4f0a
1907980387771732224,苏卡起手23333,4316.445,1754540186,e06c8437
1910170930404237824,圈粉le,4176.937,1754801319,738a73b
1910230441924162816,陈老师唱了一段跳一跳,3992.914,1754808413,f1feee36
1914555673774369536,山峦峰,4041.505,1755324021,c8be969c
1914633198378391552,白帝圣剑哈哈哈哈哈哈哈,4283.877,1755333263,39959bed
1914709549752189952,太好玩了哈哈哈哈,4297.298,1755342365,7dd1e666
1915999561113992960,哈哈哈哈哈哈哈哈哈,4246.601,1755496146,cd971f7f
1916629292717141760,不会这集都是滴滴滴滴滴吧,4207.55,1755571216,51f2909e
1916847819730828288,老王对中文的运用很通感,4059.05,1755597266,b575b51f
1919200580753647360,喜欢的话题总是听不够，不喜欢的好长，譬如什么信息信息，看到就头晕,4182.566,1755877737,ab909100
1920259340867743488,哈哈哈哈哈,4082.777,1756003951,6fe7767c
1920526322502341120,如如不动,4063.914,1756035778,99536495
1921992866163510272,哈哈哈哈哈,4082.943,1756210604,82b54504
1928582631055161600,我不同意，山我可以解释为突出地面很多的土或者石头,4048.353,1756996165,cfd3a899
1929016966887768832,喜欢语言期,4125.882,1757047942,bd775eca
1929832194772670464,这就叫降维打击,3960.908,1757145124,df7cc456
1932317703025618944,哈哈哈哈哈哈哈哈哈哈,4305.693,1757441420,52ac390e
1937429935681908224,好喜欢陈铭老师的总结 学到很多,4147.093,1758050846,664fbc21
1937697910745701120,其实还是有点口音,4237.83,1758082791,aeeff0bc
1938017766129012736,你不是外国朋友吗？,4224.433,1758120921,bd77f5f3
1943402323418697728,我认为中文是活字印刷术,4043.986,1758762810,fe599c6c
1952092445781283584,苏子开头列字结尾,4254.784,1759798753,b1e41dca
1960114288949624320,我也看了那个视频！！！！俄罗斯教练太凶残了！！！你们可以去网上搜,4271.027,1760755031,6a7c628d
1970983019397520896,听不懂俄语，主要看表情和神态啊哈哈哈,4293.443,1762050685,f517d2b4
1987896814821010944,记笔记。,4214.037,1764066966,a87e4250
1992810780202441728,哈哈哈哈哈哈哈哈哈,4311.986,1764652757,b087944c
1998380675866813952,四姐咋回事，怎么剪这个发型了，还是长发好看,4266.798,1765316740,ffa3828d
2005918499490857216,还得是秦始皇,4012.384,1766215319,11aba778
2027816003223746816,logic,4125.294,1768825705,8f58d927
2035829821229662976,不垢不净，不增不减,4079.032,1769781026,f9735bbb
,,0.0,1775683732.8000336,
lb.c,,0.0,1775683732.8000336,
,,0.0,1775683732.8000336,
1895737401436246272,怎么可能放出来,4342.782,1752987653,5aaa7626
1895737677907988736,啊？不是爷爷辈吗？,4418.736,1752994538,591a47e1
1895737751501246720,哈哈哈哈哈哈哈哈哈哈哈哈哈,4437.159,1752993639,c76f245a
1895737760066015488,爸爸的哥哥不是大伯吗？大爷不是爷爷的兄弟吗,4416.924,1752994737,5866b398
1895737777631760640,那应该听不了泰勒斯威夫特的这首歌吧哈哈哈哈哈哈,4668.85,1752994975,534bf33e
1895737803896492288,老王大好人啊,4585.286,1752995672,ce21b857
1895737832879132928,哈哈哈哈哈哈哈哈哈哈哈哈哈哈哈哈哈,4627.772,1752994815,534bf33e
1895738113259966720,不愧美食博主，这都能跟吃的联系上,4448.927,1753008271,13ee2db9
1895738151553962240,哈哈哈哈哈哈哈陈老师,4623.234,1753004086,e967e3fc
1895738287424246016,哈哈哈哈哈哈哈,4660.359,1753013919,fbf64f60
1895738324795494656,不像演的,4542.675,1753011315,47aef417
1895738367652892928,哈哈哈哈哈哈哈萨沙,4524.058,1753014007,5041b929
1895738494396371200,哈哈哈哈哈哈哈哈,4648.252,1753020067,eabe6363
1895738752438341888,大爷就是伯伯的方言啊,4420.588,1753027986,302e2cd4
1895738870055014656,哈哈哈哈哈哈哈哈哈哈哈哈哈哈,4627.886,1753030164,ea25d4d6
1895738921124860160,鸟语花香,4334.495,1753038594,23ddeab7
1895738943002349824,我笑的不行了,4567.735,1753035604,187c324
1895739028708757760,那确实不好，癌症很痛苦的,4375.493,1753037991,7a1afabc
1895739033272160512,北方大爷就是爸爸的哥哥，还有些地方会叫大爹,4422.924,1753038056,7a1afabc
1895739051508994304,比利时，荷兰，不由自主地dudududu,4370.072,1753045018,cdfc31da
1895739054243680512,这期太好看了哈哈哈哈,4582.978,1753035619,187c324
1895739071566156032,全世界的趋势哈哈哈哈哈哈哈,4405.411,1753069485,f7934ca3
1895739076129558784,看来还是妈妈重要哈哈哈哈哈,4448.138,1753069527,f7934ca3
1895739088888631552,靠北不算？,4416.782,1753068705,d4e31129
1895739092537676032,笑得我肚子疼,4397.34,1753062755,928dfa68
1895739105305137408,是红大爷,4418.911,1753072489,63882395
1895739118072598784,哈哈哈哈 老王太可爱了,4587.157,1753061525,67cfac19
1895739125362299136,哈哈哈,4564.19,1753070523,86ed341b
1895739337812185344,哈哈哈哈哈不愧是学霸,4661.75,1753080270,928ebf4c
1895833647970618624,哎 闽南话林北就是 可惜唐大哥不在了,4408.122,1753092182,717a589b
1895902750144143360,这个还……,4321.524,1753100419,738625c6
1895907869804003328,本来就听不懂，那听不听得到又有什么关系呢，在公共场合说脏话本身就是不文明的行为,4360.674,1753101030,b41d23bf
1895908179586673152,哈哈哈哈哈不行了笑哭了,4388.324,1753101067,8e85fd5f
1895927466716137216,哈哈哈哈哈哈哈哈哈哈哈哈哈哈哈哈哈哈哈,4394.076,1753103366,4365b2b7
1895928548712294912,哈哈哈哈哈哈哈哈哈哈哈哈哈哈哈哈哈哈哈,4520.928,1753103495,4365b2b7
1895982829658685952,我也是,4675.5,1753109966,42cad9e5
1896001296768195840,哈哈哈哈哈哈哈哈哈哈哈哈,4677.235,1753112167,ee1f6f9b
1896400773932488448,哈哈哈哈哈哈哈哈哈哈哈,4598.659,1753159788,e1f0140c
1896512698288793600,跟我们见外了不是,4365.396,1753173131,6a042d86
1896514385674094080,老王又拿吃饭举例哈哈哈哈哈哈哈,4454.776,1753173332,272cb156
1896608734999507456,满意满意特别满意,4371.008,1753184579,6958d185
1896642155020717056,苦肉计哈哈,4590.242,1753188563,445a39f6
1896642936713124608,对对对,4676.515,1753188657,445a39f6
1896696260124513024,自爆型劝架,4561.628,1753195013,fc5c5aac
1896763454762194688,他们不会哈哈哈哈哈哈哈哈,4569.196,1753203023,b9816bbd
1896765768927379200,哈哈哈哈哈哈哈哈哈哈哈哈公费报仇,4542.799,1753203299,e8be185e
1897011300463673856,有带大爷的,4411.438,1753232569,d539e6d1
1897013120430860032,老王好吃的没白吃还挺有劲,4613.994,1753232786,d539e6d1
1897218638458098176,讲的好可爱呀哈哈哈哈哈哈哈,4468.158,1753257286,d9749c34
1897324740884846080,我也是,4678.681,1753269934,8693b549
1897363774932184320,想了解的可以自己找找一些俄的生活vlog之类的,4361.289,1753274587,d403eb94
1897426030323611648,哈哈哈哈哈哈,4387.518,1753282009,d849b843
1897430303178371840,陈老师梦开始的地方,4635.859,1753282518,d849b843
1898107734009310976,有的，闽南话里面的靠北就是,4409.048,1753363274,b29ebb7b
1898140754749313024,拉开了已经,4552.403,1753367210,9a457285
1898604176352239360,风和日丽，鸟语花香,4320.185,1753422454,a18ccce
1898604469584211456,这么长一段吗救命怎么还没完啊哈哈哈哈哈哈哈哈哈,4334.886,1753422489,a18ccce
1898827115965592320,大爷，不是大爷爷啊,4423.334,1753449031,1ffa9383
1899264598080031232,果然是美食博主,4449.549,1753501183,d04c374a
1899496872319092736,凉菜哈哈哈哈这个比喻,4441.171,1753528872,3820b86
1900043563572775680,到底是啥？好想知道,4348.134,1753594043,3ad68769
1900320971148192768,被带歪了，哈哈哈,4644.234,1753627112,968d7bd9
1900998015238881792,0帧起手,4521.96,1753707822,478a57e2
1901003546199856128,北方不说大伯，都是说大爷,4429.826,1753708482,2216f793
1901074396593528576,坑爹只是调侃 上升不到骂人,4438.056,1753716928,bba3e7b3
1901091973570498560,放出来吧，反正听不懂,4334.352,1753719023,18259142
1902337660274969600,哈哈哈哈哈哈哈哈,4604.007,1753867520,92f8c01f
1903081973443330560,哈哈哈哈哈哈,4535.647,1753956250,623dd44
1903082273570880768,哈哈哈哈哈哈哈哈,4568.091,1753956285,623dd44
1903781401921761536,其实有用,4589.383,1754039628,1ddd0afb
1903806233291993600,老王那么有力吗,4603.096,1754042588,29c7c55b
1903952397949739520,这个情节 解放西 看过一样的，哈哈哈哈哈哈,4560.019,1754060012,e1245ea0
1904516717376838400,因为妈妈是孩子的第一位老师啊！,4403.275,1754127284,9e41d483
1904530899417644288,哈哈哈哈哈哈哈哈哈哈哈哈哈你个感冒,4385.563,1754128975,3e5e834
1904530978748724992,和哈哈哈哈哈哈哈哈哈哈哈哈哈哈哈哈哈哈哈哈哈哈哈哈哈哈哈哈哈哈哈哈哈哈哈哈哈哈哈哈哈,4384.499,1754128984,3e5e834
1904532923857065216,没有妹妹呢,4492.766,1754129216,3e5e834
1904538811812607744,哈哈哈哈哈哈哈哈哈哈哈哈哈哈哈哈哈哈哈哈哈,4645.546,1754129918,3e5e834
1904722568506592768,不是，这有什么可防的呢,4341.418,1754151824,1606bf27
1905449384062253056,新疆好像也是,4496.703,1754238467,a48719d1
1905497931360905728,伊朗和俄罗斯打起来啦,4529.621,1754244254,c0863c00
1906542784094295808,哈哈哈哈哈,4559.017,1754368810,58d57e1c
1907526196715882496,哈哈哈哈哈哈哈哈,4523.519,1754486042,f5dd2f0d
1908679452259804928,xx日记,4362.117,1754623521,f41917e3
1908744384842053120,你们听不懂，别人听得懂啊，我就是学俄语的，很多人学俄语日语,4357.8,1754631262,6ba6f998
1909668420170398720,四个层次,4433.428,1754741415,d7fb52ee
1911359300216006400,哈哈哈哈哈哈,4447.784,1754942984,984e8387
1911359604252789760,太逗了,4455.784,1754943020,984e8387
1913398067118770176,马月！受到严格保护,4495.758,1755186024,e540d7cc
1914634620675197952,爸爸好惨,4409.305,1755333432,39959bed
1914635448362681088,老王好有意思啊,4468.254,1755333531,39959bed
1914637087353891840,陈老师好帅好可爱,4628.134,1755333726,39959bed
1916001994548683520,萨沙现在好有效果啊,4525.363,1755496436,cd971f7f
1916630927698902784,哈哈哈哈哈哈哈哈哈哈哈哈哈哈,4395.624,1755571411,51f2909e
1916852277454065152,骄傲的小表情,4513.962,1755597798,b575b51f
1918109775393509888,加长版都听不到,4327.512,1755747703,e10ac76a
1919292270814105600,三句话不离老本行。老王就是老王,4441.278,1755888668,8ff620f
1920360764641292800,大爷（轻声）和大爷（二声）是不一样的辈分,4424.525,1756016042,954b058c
1920530535504589824,苦肉计,4559.312,1756036280,99536495
1924962263669318912,确实,4378.913,1756564583,e498a6f4
1928317987325752320,爸爸不重要和哈哈哈,4437.715,1756964617,272b951b
1928473381473163008,陈铭老师哈哈哈哈哈哈哈哈哈哈哈什么叫你个感冒啊哈哈哈哈哈,4387.472,1756983141,27acc97c
1930119365563671296,关键有个俄罗斯妹子全能听懂，哈哈哈,4350.281,1757179358,5f57ee63
1932318721125803008,哈哈哈哈哈哈哈哈哈哈哈,4386.414,1757441541,52ac390e
1937685851845080064,肺结核我们叫痨病,4387.045,1758081353,748c3342
1937711880739083008,现在有了,4411.543,1758084456,e8f1e80f
1937713293271636224,以身入局,4575.73,1758084625,e8f1e80f
1946610506567641600,哈哈哈哈哈哈哈什么鬼，好搞笑,4396.361,1759145255,3a0f6945
1946616695774839040,毕竟母亲是生你养你的人，是个人都不希望。除非你原生家庭环境不好,4477.17,1759145993,eb269b47
1954247216982614016,就好像放出来我们能听懂一样,4348.708,1760055622,99c7f039
1967670342588077312,阿阿阿啊啊，我要听,4342.408,1761655783,eb09f285
1977879332269668864,哈哈哈哈哈哈哈哈哈,4648.638,1762872790,aedabb3d
1986532170919592192,想听啊,4334.675,1763904288,2a9d92f9
1993856239851235072,哈哈哈哈哈多少是有点私人恩怨了哈哈哈哈哈哈哈哈哈哈哈萨沙,4520.851,1764777385,ed5612f4
1996746304319704576,有的 中西部地区很多,4410.686,1765121908,74ba3500
1999494019419440896,盲猜第四个祖先,4482.623,1765449461,29cd0eb
2004628390627918080,老王男友力爆棚啊，华波波都有150 6了,4609.39,1766061526,ffa3828d
,,0.0,1775683732.8000336,
lb.c,,0.0,1775683732.8000336,
,,0.0,1775683732.8000336,
1895737548723425536,哈哈哈哈哈什么是我们不能听的,4749.619,1752990264,1549437e
1895737557581795584,来啦来啦,5024.737,1752990286,a1639211
1895737558689091840,哈哈哈哈哈哈哈哈哈哈哈哈,4902.274,1752991699,eb069b0d
1895737576405831936,哈哈哈哈哈哈哈哈哈哈笑飞了,4980.356,1752990608,39108e46
1895737633507086592,免礼免礼,5039.074,1752990708,59dfb4d2
1895737685701005571,哈哈哈哈哈哈,5002.412,1752993137,98f16374
1895737800272613632,哈哈哈哈哈哈哈哈哈哈哈哈哈哈哈哈哈哈哈哈哈哈哈哈哈哈哈哈哈哈,4982.027,1752995330,a4557f7c
1895737802998911232,万一听不懂怎么办,4874.018,1752994933,81bc2129
1895737948222492928,什么梗？,4748.329,1752998164,d6922fe2
1895738125113069824,就这个湖北味正宗,4711.305,1753011041,7a763aee
1895738285595529472,双板确实可以倒着滑,5008.25,1753011373,43686648
1895738620225491200,哈哈哈哈哈哈哈哈哈,4984.609,1753022510,65fd9e50
1895738757907714304,太损了,4985.149,1753022518,65fd9e50
1895738832675377408,来来来来,5036.598,1753027077,8a513c81
1895738966708556032,太可爱了超超,4747.358,1753060176,4f7b0147
1895738992243478784,就是歇后语,4867.877,1753034556,c7bc6e63
1895739080684572928,哈哈哈哈哈哈哈哈哈哈,4918.722,1753069998,f7934ca3
1895739131746029824,哈哈哈哈哈哈哈哈哈哈哈哈哈哈哈哈,4994.089,1753062512,3bd1c757
1895739196480917760,这段发出杠铃般的笑声,5030.092,1753075104,28ad2a59
1895739201044320512,斑马斑马，你回到了你的家,4704.204,1753075169,c2cf2fbe
1895739208334020864,突然好凶的超超,4710.536,1753075185,c2cf2fbe
1895739269428252928,哈哈哈哈,4730.776,1753075210,df6e1fa7
1895739282195714304,个斑马 武汉读书学会的第一句武汉话,4704.434,1753073116,76b350d2
1895771221057041664,歇后语骂人是吧hhh,4865.028,1753084740,ea88348b
1895892382798022400,真的很像用歇后语骂人,4858.534,1753099184,1da0b061
1895904636515565824,四姐镜头太少了，感觉他的观点还没开始就没了,4765.842,1753100644,58b836f8
1896404829505373952,哈哈哈哈哈哈哈哈活学活用,4949.724,1753160272,f1957628
1896405288303884800,哈哈哈哈哈哈哈哈哈哈哈哈哈哈笑死我了,5003.653,1753160327,f1957628
1896468623779084032,哈哈哈哈哈哈,4981.223,1753167877,9ec95bfa
1896588932171657472,Dylan好帅,4935.291,1753182219,bd4e22b9
1896649488324662272,非正“倒着哥”,4978.032,1753189438,280fcb51
1896737496214828800,哈哈哈哈哈哈哈哈哈哈哈哈哈哈,4982.203,1753199929,9cb4590f
1897014030158811904,你瞅啥的意思吗,4715.633,1753232894,d539e6d1
1897014233171284992,想咋的,4732.518,1753232919,d539e6d1
1897019864125305344,胖跟秃顶？华波波？哈哈,4804.17,1753233590,88971e98
1897165318887847424,哈哈哈哈哈哈每次都要拿出来反复“鞭尸”,4994.106,1753250929,729e3ab7
1897254941232950272,哈哈哈 杨杨很合适,4903.28,1753261613,2a986023
1897344532589414144,又狠又能播哈哈哈哈，好绝,4852.883,1753272293,55d83f10
1897762938228495616,哈哈哈哈哈哈超超你咋这么可爱呀,4748.926,1753322171,3c4a8341
1898076422447444224,这个味太对了，喵莫斯喵,4713.793,1753359541,49e5e8b6
1898116838467539200,哈哈哈哈哈哈哈,4959.312,1753364359,8d117f15
1898162780163908608,笑晕了这个梗,4843.97,1753369836,b71cfd89
1898407579726848000,我也是！本来已经冷静下来了听到这句话又会死灰复燃,4680.153,1753399018,28dcc9f6
1898620921531941120,哈哈哈哈哈哈哈哈哈哈哈哈哈哈哈哈,4990.806,1753424451,a18ccce
1898621235324599808,萨沙：我这一生如履薄冰,4998.994,1753424488,a18ccce
1898621702788319488,这里就很适合配个bgm：长江黄河还有黑龙江~~~,5007.924,1753424544,a18ccce
1898674081130886656,auv真地儿道～,4950.016,1753430788,2738fae5
1898686192863140864,伦儿,5032.685,1753432232,b0850c04
1898718675599884544,喵喵喵  喵莫比,4716.685,1753436104,f83ddc9a
1898842469316472832,这是歇后语啊,4860.486,1753450861,17e2fe2c
1899339586950643712,喵帕斯,4719.067,1753510122,7ef1f30f
1899599321197446144,谎言不会伤人，真相才是快刀,4805.355,1753541085,bc31ead9
1900380122948168960,是LULU!,4784.341,1753634164,81aeaa1b
1900503618960948736,梅林的胡子,4886.484,1753648886,fcdaa08a
1901024484039726336,哈哈哈哈哈哈哈,4942.838,1753710978,2c9403ee
1901079414683921152,给你俩窝窝是“傻瓜你看什么，你走开”的意思,4779.862,1753717526,e67086c2
1901079829685023488,老王可以啊,4824.392,1753717575,e67086c2
1901079976536206080,盆景的伐木工赢了,4830.592,1753717593,e67086c2
1902231732707858432,啥意思没懂,4835.101,1753854893,c1f2fe77
1902338815436637184,动物吵架哈哈哈,4741.721,1753867658,92f8c01f
1902339230270251776,好可爱,4791.413,1753867708,92f8c01f
1902465103329566464,哈哈哈哈哈哈哈,4900.32,1753882713,24d07282
1902505877391889664,我懂！不仅是吵架，平时明明一件事已经在做了，非补一句你去做一下，我也会生气,4683.771,1753887574,29c4c024
1902512598906821376,翻旧账了,4925.858,1753888375,d89f1503
1902594920603297792,这一段巨好笑,4932.927,1753898188,26f5d348
1903085253296941312,哈哈哈哈哈哈哈哈哈,4913.221,1753956640,623dd44
1903422713532604160,完全沉浸在自己的艺术创作里了,4892.961,1753996869,bb961bc8
1903895399203318784,沉浸在自己的艺术,4885.319,1754053217,c51a6472
1905868802760226304,好有趣,4725.221,1754288465,7becfa2e
1905869663649455104,哈哈哈,4823.731,1754288568,7becfa2e
1906076866142587904,超超好美～～～～～～,5033.296,1754313269,ba077aef
1906843327282730752,不知道两个buff梗被萨沙听到了会怎么样哈哈哈哈,5018.175,1754404638,4ad5b7c7
1906853502798462464,笑飞了这期哈哈哈,4973.051,1754405851,de5d2566
1907283657380028416,个斑马是吧哈哈哈哈,4741.914,1754457129,654346f5
1907369347933021696,咩啊～,4736.208,1754467344,d9a3acb1
1907528459920721920,中文也是哈哈哈哈哈哈,4843.019,1754486312,f5dd2f0d
1907988977269993984,就跟吵架的时候对方说你冷静一点,4687.296,1754541210,952047f4
1909012552659049984,你看看！,4887.06,1754663230,a30a61d9
1914639175487860992,好艺术,4868.566,1755333975,39959bed
1914699145797749760,免礼免礼,5038.536,1755341124,6a35cdb9
1916331482058605056,去五常,4934.547,1755535714,299590f4
1920572473301738496,你别急哈哈哈哈,4680.084,1756041280,bc587f4c
1921150194511518720,无效消音,4767.931,1756110149,cc860fab
1921999990281070336,膝盖脑袋哈哈哈哈哈,4820.756,1756211453,82b54504
1922699810163473408,哈哈哈哈哈哈这个好玩膝盖脑袋哈哈哈哈哈哈哈,4821.902,1756294878,bc17ebe1
1922718678232065536,buludo在大力水手里面就是大块头,4769.819,1756297127,990a1ffc
1924745898970591232,吼吼吼吼吼吼吼吼吼吼吼吼吼吼吼吼,5002.511,1756538791,90bb401c
1924967089098646016,哈哈哈哈哈哈哈哈我懂了,4839.73,1756565159,e498a6f4
1928431833856027648,四川话 哈哈哈,4802.515,1756978188,272b951b
1930122968890291968,一般是表和马,4760.893,1757179787,5f57ee63
1932207309505761536,真不用客气，哈哈哈哈哈哈哈哈哈,5037.71,1757428260,5b4783e3
1932323510836293120,歇后语骂人 在中国能把我骂笑，没有杀伤力,4856.499,1757442112,52ac390e
1938651722562595840,这个环节好想看英国代表,4803.651,1758196494,7514575b
1941575577676902144,中国好像也是,4880.714,1758545045,7a001e02
1956604467680680960,哈哈哈哈哈哈哈哈哈哈哈哈哈哈哈哈哈哈哈哈哈哈哈哈哈哈倒哥,4987.29,1760336628,d35c8a9
1957521618251751424,有备而来,4898.296,1760445961,ae02b522
1963046567418170368,完全get不到哈哈哈，太艺术了,4878.238,1761104586,54f7b9d0
1963047484477570560,卧槽哈哈哈哈哈哈太搞笑了,4987.548,1761104695,54f7b9d0
1963047606246712832,太有梗了我的天啊,5002.101,1761104710,54f7b9d0
1988704206604970240,萨沙现在好大方,4966.483,1764163215,c847ffba
2005156528713694464,形成内部梗了 哈哈哈,5015.259,1766124485,32b92588
2018407658939996416,武汉话好好玩,4761.811,1767704143,964a8dca
2027838086511379968,哈哈哈哈哈哈哈哈哈哈哈哈哈哈,4860.422,1768828337,8f58d927
,,0.0,1775683732.8000336,
lb.c,,0.0,1775683732.8000336,
,,0.0,1775683732.8000336,
1895737252798501120,一个轴打起来了,5382.658,1752985054,7e19df34
1895737399926296832,老王居然赢了哈哈哈哈哈,5194.259,1752987261,f69ff094
1895737549830721792,众爱卿平身,5040.701,1752988640,1f930d45
1895737559796388096,买不完了,5324.051,1752990445,3f8c2705
1895737585272590592,这个除了买卖还能组什么？,5347.699,1752990663,1549437e
1895737629463777536,买了锅巴,5269.404,1752992283,7e894dc7
1895737792127275264,这也太难了除了脏话我一个也想不到,5250.819,1752994250,4374cf64
1895737809332310272,伤疤,5096.912,1752995497,a4557f7c
1895737812956188928,艾丽莎还比了个功夫出招动作，好可爱,5228.918,1752995826,5866b398
1895737818392006912,这下真的势均力敌王不见王了，战力很均衡,5221.14,1752995797,5866b398
1895737822913466624,怎么不把小贝喊回来哈哈哈哈哈 全国总冠军,5232.53,1752995811,ca18aa72
1895737839220920576,随便,5103.405,1752995510,a4557f7c
1895737861601726720,哈哈哈哈哈,5280.223,1752995737,a4557f7c
1895737870728532224,哈哈哈哈哈,5357.137,1752995819,a4557f7c
1895737878009843968,这个难度好高我一下没想出来,5250.43,1752995861,5866b398
1895737975577743616,太搞笑了这段，会长帮得也真是不明显哈哈哈,5309.076,1752998714,d5478533
1895738014786097408,我都想不出这么多orz,5177.407,1752998128,cda41c26
1895738146998948096,富贵使我们相遇,5054.133,1753003938,94179e93
1895738222680969472,上边其实可以的...至少广东话里可以这么讲哈哈哈哈哈,5132.578,1753012151,f11a2bc3
1895738259154637056,那我必须得发个弹幕,5045.758,1753013226,4c2d7347
1895738280117768448,哎哟喂排面是自己给的,5053.218,1753015344,2394c70f
1895738286535053568,我都想不出来,5361.944,1753014671,635d7cfe
1895738288321827072,大左感觉好疲惫呀,5089.831,1753010259,2275038b
1895738300183318784,买了个包,5277.18,1753014758,73e9b877
1895738319326122240,哈哈哈哈哈哈哈哈哈哈哈,5333.776,1753014745,fbf64f60
1895738331187613952,水表,5101.409,1753013084,8f071823
1895738358542864640,哈哈哈哈,5289.412,1753013835,fc1db046
1895738420534677760,厉害,5362.198,1753013915,fc1db046
1895738453367689472,手臂,5083.725,1753019015,c2db3739
1895738483457626368,散步,5110.21,1753018989,c2db3739
1895738492567654656,私奔,5156.474,1753019088,c2db3739
1895738497131057408,散步,5178.373,1753019110,c2db3739
1895738523571949824,伤悲,5147.874,1753019080,c2db3739
1895738528126963968,帅爆,5171.778,1753019103,c2db3739
1895738537287323904,松柏,5115.542,1753019154,c2db3739
1895738560959975680,那么棒,5397.279,1753020515,c2db3739
1895738573719048448,迷恋改编,5350.312,1753020373,c2db3739
1895738581931495680,美丽古堡,5344.655,1753020257,c2db3739
1895738616576446720,雷妃：嬗变的女人,5152.275,1753018117,6ee65ea5
1895738643931697408,上榜,5139.362,1753019071,c2db3739
1895738657605128448,塞北,5125.34,1753019163,c2db3739
1895738663988859136,三百,5114.292,1753022376,fd2dafbb
1895738781613920512,买了个包,5269.515,1753030952,ea25d4d6
1895738925679874304,会长喜欢俄罗斯人哈哈哈哈哈哈,5280.092,1753038953,7a1afabc
1895738932969574656,笑死我了,5378.09,1753029813,bde1c345
1895738939353305344,哈哈哈哈救命笑死我了,5309.07,1753045893,23ddeab7
1895739014146134272,散步,5114.314,1753068800,91850ea9
1895739130831671552,想不出来,5264.519,1753072461,9f25c571
1895739175509397760,会长明目张胆啊哈哈哈哈哈,5276.576,1753072003,9f04a8dc
1895739183721844992,？,5103.33,1753070183,f7934ca3
1895739216546468096,麻辣锅巴？,5317.463,1753073025,39c07fe7
1895739235689271552,思辨,5100.653,1753075567,bf28894c
1895739250285449472,这是真的强……,5354.932,1753072572,9f25c571
1895739315020337408,老王的食物词汇库太丰富了,5202.207,1753075106,cb0b74b0
1895806227742127872,不愧是全球总冠军哈哈哈,5355.453,1753088913,20dfe047
1895865772513874176,呵呵哈哈哈,5295.841,1753096011,f81c7508
1895865835151917056,笑死我了,5302.521,1753096019,f81c7508
1895905592497846784,波波超级不想输给老王啊哈哈,5168.56,1753100758,e1c79dc9
1895913210587020800,厉害也,5356.678,1753101666,738625c6
1895940028228628736,哈哈哈哈杨迪笑死我了,5331.187,1753104863,9a7995d3
1896001709957121536,这个游戏确定不是在考验旁边的观众吗哈哈哈哈哈哈哈,5169.79,1753112216,692c8ed6
1896005638208190720,哈哈哈哈哈哈哈哈哈哈哈哈哈哈哈哈哈哈,5309.536,1753112685,ee1f6f9b
1896037717519832320,我不行了,5303.486,1753116509,35861f7e
1896103813057326080,众爱卿平身,5055.166,1753124388,272d704
1896266853488527360,买了个包,5255.593,1753143824,136938f4
1896397577185262080,买了个表,5252.363,1753159407,8c816764
1896398972085054976,买了个布,5322.799,1753159574,8c816764
1896487745384687360,是全世界冠军强啊  这个怎么可能平衡？,5225.606,1753170156,3f43cf38
1896518030927038976,哈哈哈哈,5287.335,1753173767,6a042d86
1896647238626065664,散步,5186.384,1753189169,445a39f6
1896700332483297024,买了个表,5262.862,1753195499,fc5c5aac
1897110671595089408,买了个饼,5303.296,1753244415,42da3e49
1897164510704274176,会长，真的一点都不偏心,5318.682,1753250833,35645b71
1897465344239936512,这里为啥正片没有啊很好玩,5316.955,1753286695,9c3b5844
1897907599363012096,加长版不是没人吗？,5061.923,1753339416,47a0e8bd
1897994325766477824,应该的应该的哈哈,5048.248,1753349755,4abc64a0
1897996747196894720,哈哈哈哈哈哈哈哈逛超市,5307.543,1753350043,4abc64a0
1898119123121513216,波波太搞笑了,5193.237,1753364632,8d117f15
1898135047518137856,免礼免礼,5075.625,1753366530,eedeee86
1898384560598181888,平身,5075.322,1753396274,b2d05ef3
1898624478083756544,超市逛的差不多了哈哈哈哈哈哈哈,5326.782,1753424875,a18ccce
1898641201796753152,密林古堡,5368.404,1753426868,8d9a3176
1898884709665421312,哈哈哈,5068.504,1753455897,ef9aebaa
1898897792614057216,S 和sh不算一个声母吧,5137.151,1753457456,90af0186
1898916617254438656,平身吧,5045.044,1753459700,22a3160b
1899502490740164608,比芒果台的明星们厉害,5090.131,1753529542,3820b86
1899503928598076672,好难！,5256.872,1753529713,3820b86
1899529220980670720,美丽告别,5329.076,1753532728,3860f01a
1899556139150926336,买了个包,5262.774,1753535937,c8a83ae1
1899575159195537664,我就说梅丽莎眼熟哈哈哈哈，我看过她,5237.393,1753538205,fbcf58ae
1899948884919695104,字幕靠点谱啊,5152.318,1753582756,ae954710
1900027691504725760,随笔,5111.845,1753592151,2b2c365c
1901026696434365696,哈哈哈哈哈哈哈哈笑死我了,5177.66,1753711241,2c9403ee
1901048621018345216,来了,5068.436,1753713855,53f028f4
1902279610704792320,哈哈哈哈哈哈哈哈哈哈哈哈华波波提高笑了 这个节目不能没有他,5287.656,1753860600,c78fc6cd
1902280109591719680,哈哈哈哈哈哈哈哈哈哈杨迪太有梗了,5336.723,1753860660,c78fc6cd
1902422537695188480,哈哈哈哈哈哈哈快乐了,5041.893,1753877639,ddafd2e4
1902693614774649856,这就是冠军局吗,5308.838,1753909954,13f56837
1903910791510760448,果然是冠军,5323.393,1754055052,117508bc
1903911183124587264,冠军！！！,5370.074,1754055099,117508bc
1904583799472911360,那这样没完没了了 卖了个包也可以啊,5323.205,1754135281,3e5e834
1904731512910551296,买了钢笔,5296.383,1754152890,1606bf27
1905066977614457088,瀚笙给的,5216.827,1754192880,f13424e0
1905263256428680192,哈哈哈哈哈会长假装淡定,5280.272,1754216279,aa36fe3a
1907445196561016064,生病,5096.403,1754476386,aff6fc4
1907655909418110976,描了个边，密林古堡,5369.951,1754501505,ff8d4f0a
1907988948337628160,买了个饼,5269.577,1754541206,e06c8437
1907994271211606272,买了广告,5264.943,1754541841,952047f4
1908432339672427264,这都是我应得的,5050.366,1754594063,9342b3c4
1910180167972956160,买了个表,5278.063,1754802420,738a73b
1910181115902401024,这个好玩,5385.844,1754802533,738a73b
1913125294877852928,爱卿平身,5060.819,1755153507,54a9596e
1914074693993248256,华伯伯笑死我,5210.801,1755266684,9d8aa9dd
1919614221571346432,哈哈哈哈哈哈哈哈哈，买买买，都买,5296.307,1755927047,3ae4c2e2
1921022768267938048,我都想不到,5361.449,1756094959,bc587f4c
1924779962440228352,设备,5089.709,1756542851,e8f6d141
1925468671896090112,看似法国vs中东，实则两伊战争,5183.768,1756624952,24f302e9
1928594371599874304,不愧是世界冠军,5361.448,1756997564,cfd3a899
1932625767037357824,太有牌面了,5107.729,1757478144,f487febd
1932832749916950784,波波笑死我了,5190.952,1757502818,75a35b32
1932833280899017472,想念小贝和田田,5232.806,1757502882,75a35b32
1948196474001477888,哈哈哈哈哈哈哈,5316.907,1759334317,2edb9fb1
1949690376261184256,没了个饼 哈哈哈,5334.374,1759512404,c9c423cb
1952273205201067264,上边其实是，他们搅混了,5164.153,1759820301,5ff286de
1956607870947309056,哈哈哈哈哈哈哈哈哈哈哈笑飞了,5336.797,1760337034,d35c8a9
1957526017011285504,发币，顺发nb,5390.776,1760446485,ae02b522
1999460690884832000,哈哈哈哈哈哈哈哈好搞笑哈哈哈哈哈,5054.438,1765445488,14f3cf30
2002097945549358592,前面外国小学生一人一句汉语那个真的哈哈哈笑死我了,5392.207,1765759873,1bae6291
2031437688779518208,满意,5047.429,1769257443,ec44781a
2036248800440067584,手办,5123.573,1769830972,f9735bbb
2036249860122444544,似是故人来,5248.255,1769831099,f9735bbb
,,0.0,1775683732.8000336,
lb.c,,0.0,1775683732.8000336,
,,0.0,1775683732.8000336,
1895737395396448512,jhhhhhhhhhhh,5592.303,1752988526,a7ab481d
1895737412022669568,我都想不起来这么多,5460.772,1752987439,a1639211
1895737441869336832,因为想不起来哈哈哈哈,5481.576,1752987556,f69ff094
1895737443119239424,波波好可爱,5457.3,1752989533,e9b5076c
1895737485532041472,不够看哈哈哈哈哈哈想看轮番制回合,5670.743,1752987808,fcfebb41
1895737626443878656,]',5625.691,1752991166,967ceef9
1895737643598582016,为啥我的弹幕带框框,5614.122,1752990985,3f8c2705
1895737666809860352,文创书包,5664.861,1752992253,88230e29
1895737685701005569,笑死，好像那个两组外国人比中文的视频,5594.036,1752991870,6c6d890c
1895737696287428864,想看陈铭和陈超的,5515.841,1752993725,b594b266
1895737720085909760,我吃柿饼,5633.349,1752993925,4f3c338d
1895737730554892544,我才十八,5654.687,1752994895,f3d0b903
1895737779443699968,哈哈哈哈哈哈哈哈哈,5736.412,1752996216,a4557f7c
1895737794836795648,还好，我来看了加长版,5683.765,1752995605,6cf1571
1895737843750768896,无偿上班,5638.111,1752995528,8eb43737
1895737876189516032,他不会是在拿你重温日语吧233,5757.212,1752997386,4944442d
1895737884393574656,？哈哈哈哈哈,5656.724,1752996132,a4557f7c
1895737888042619136,拿眉笔,5442.43,1753001707,d7f8343a
1895737898075394304,用一之濑当外教是吧哈哈哈哈,5759.226,1752996601,5866b398
1895737912679960832,发币厉害哦,5491.201,1752998959,e868d6e6
1895737956426551552,哈哈哈哈哈哈哈哈哈哈哈哈哈哈哈哈,5736.542,1753005397,e549f4d8
1895738018435141888,我才上班,5615.672,1753004949,4c54570f
1895738042141348096,发币好厉害！,5451.412,1752998910,d5478533
1895738055814779136,游戏能多玩一点吗？来个车轮战了。,5682.602,1752999172,e868d6e6
1895738163407065344,朕心甚慰,5668.633,1753010633,ca2efdba
1895738188941988096,留学生可以打工，就是时间限制很严格,5745.238,1753013337,450eca7a
1895738207178821888,我吃烧饼,5569.522,1753014025,97afe170
1895738304738332928,笑疯了,5717.724,1753014888,c5fcca58
1895738349416059136,我查设备,5603.283,1753013524,20dffd1e
1895738529041322240,我吃柿饼,5549.573,1753019787,c2db3739
1895738564600631552,我曾上榜,5583.306,1753019726,c2db3739
1895738568249676032,我才上班,5578.215,1753019651,c2db3739
1895738618405163264,哇小熊好棒,5453.439,1753021183,6474f847
1895738628454715648,满意满意,5683.919,1753021786,d3e0ea9e
1895738771581145344,在燃什么啊,5467.292,1753022738,56239c78
1895738808969171200,无偿上班,5557.94,1753033292,8be21198
1895738855467225344,满意满意啊,5669.129,1753027481,8a513c81
1895738904708354304,无偿上班,5550.733,1753055909,a05c4e50
1895738919296143616,厉害,5458.113,1753029509,d0eeaf61
1895739073386483968,外出上班,5662.292,1753071341,86ed341b
1895739233868943616,跟武昌过不去了哈哈哈哈哈哈,5559.595,1753072312,9f04a8dc
1895739271248580864,前面那个五厂上班太痛苦了。,5650.181,1753072906,9f25c571
1895739280375386368,我吃烧饼,5528.493,1753076329,c2cf2fbe
1895739287665086720,哈哈哈哈,5585.042,1753076389,c2cf2fbe
1895739297697861888,666,5456.592,1753076238,c2cf2fbe
1895835379563980800,围城士兵,5651.483,1753092388,182693f5
1895851890223828736,我吃烧饼,5601.387,1753094356,cc93cef3
1895867141996042240,法币好可爱哈哈哈哈,5442.503,1753096175,f81c7508
1895941503516821504,想看华波波,5502.962,1753105039,3c5a3395
1895954531570156032,玩游戏没人能赢得了杨迪吧,5516.139,1753106592,be52f108
1895962419218839040,好可爱啊小熊,5481.88,1753107533,83719079
1896048714238634240,文创商标,5603.24,1753117820,24b0ce4c
1896048828952522752,发币比我厉害,5489.092,1753117833,e871e898
1896387736265527552,好可爱小熊,5433.348,1753158234,f608a6a7
1896401899398836992,我创商标,5627.201,1753159923,8c816764
1896523232526567168,四姐笑死我了,5461.734,1753174387,272cb156
1896696361970702080,真的好喜欢法币啊啊,5497.907,1753195025,ec077e8b
1896969714811750144,哈哈哈哈哈哈哈哈特别满意,5683.167,1753227611,cef95630
1897110463381035008,弄明白,5404.486,1753244390,2bf6365a
1897182469959562240,农民办（农业民生办公室）,5439.96,1753252974,af7c4445
1897184104504922112,无此设备,5617.079,1753253169,af7c4445
1897351985011783168,他发音不但好，调也对,5725.673,1753273182,55d83f10
1897377089222017024,How much?,5715.06,1753276174,7566605b
1897422756426506496,我常上班,5558.897,1753281618,fc5c5aac
1897422918418934784,我出书吧,5568.62,1753281638,fc5c5aac
1897458025171003136,满意满意,5677.512,1753285823,b5323672
1897465090669115648,武昌社保,5582.953,1753286665,d844b0d7
1897769479799142144,法币：let's 骄傲,5481.513,1753322951,3c4a8341
1897938668409864704,哈哈哈哈哈哈,5572.82,1753343120,87627e63
1898060457676681728,这反应怎么那么像外国小孩中文对决哈哈哈哈哈哈,5462.655,1753357638,9cdf46e6
1898138011901385472,怎么没有伦儿,5665.598,1753366883,a0901713
1898178762122903296,我超帅吧！,5632.839,1753371741,a725bfc4
1898423743408421376,这Part这么精彩居然没在正片,5650.83,1753400945,28dcc9f6
1898625744000134400,到底在燃什么哈哈哈哈哈哈哈哈,5464.166,1753425026,a18ccce
1898626550623448832,我测试吧,5559.064,1753425122,a18ccce
1898652728138751488,一之濑刚才输了可能情绪不稳定,5549.571,1753428242,915050e3
1898689587413796352,拿面包,5423.287,1753432636,b0850c04
1899319571606164480,全德国总冠军,5480.43,1753507736,f21b3ea5
1899535640992131840,晚餐随便,5520.474,1753533494,3860f01a
1899602976826559232,会长忍不了了,5665.041,1753541521,89699852
1899607193679394816,很满意，但是不够看啊哈哈哈哈哈,5681.754,1753542023,bc31ead9
1899951105459742976,我查书包啊,5602.221,1753583021,ae954710
1899999679023416320,无偿上班,5655.703,1753588811,87413e4e
1900766299857394432,我出师表,5622.888,1753680200,33977ab
1901031541963149056,无偿上班太有才了,5661.33,1753711819,2c9403ee
1901464422439217664,乃木坂,5411.02,1753763422,80000882
1901466327198751744,五彩水笔,5622.899,1753763649,80000882
1901505084160859136,卧床上班,5635.369,1753768270,a9930091
1901667443429404672,赖赖笑死我了哈哈哈哈哈,5462.246,1753787624,c475edd4
1901688907461504000,绝,5594.196,1753790183,6bdd20d4
1902191443406318080,我才十八,5536.747,1753850090,23b7cf3c
1902282980836447232,想看所有代表玩哈哈哈哈,5692.99,1753861002,c78fc6cd
1902972836168174592,好喜欢发币啊啊啊啊可爱小熊,5497.535,1753943239,94613f3a
1903814713050594560,我吃烧饼,5527.927,1754043599,29c7c55b
1904240408750914304,我吃烧饼,5520.633,1754094346,4213efaf
1904400734091486464,哈哈哈哈哈哈哈哈哈哈哈,5444.369,1754113458,21f73640
1904733937142578688,……,5572.108,1754153179,1606bf27
1907275934575481856,那么棒,5475.248,1754456209,818eee32
1907503311805048832,哈哈哈哈哈哈,5433.297,1754483314,6816ab2b
1907504852112736768,好搞笑,5670.051,1754483498,6816ab2b
1907628097827065088,华波波好搞笑,5413.673,1754498190,ea7aa49a
1907629029776458752,这个游戏好玩！！以后经常,5503.358,1754498301,ea7aa49a
1909211300433862656,文创手办,5641.868,1754686922,2ad516b
1910183692849001728,每期都来这个游戏,5693.155,1754802840,738a73b
1911661393863138816,我才十八,5635.78,1754978996,67c7bc24
1911940037441274368,我常说不,5577.471,1755012213,319d79a8
1916862547517593344,无偿上班这个太狠了哈哈哈哈哈哈,5640.532,1755599022,b575b51f
1916886203115027456,不满意太短了！,5691.918,1755601842,41d23346
1919615919593383936,法币好厉害,5491.366,1755927249,3ae4c2e2
1919874236307270400,太搞笑了,5709.81,1755958043,c4469e21
1924973871791438336,五彩水笔，无偿上班,5634.207,1756565967,e498a6f4
1928489303462333440,武昌酥饼啊,5649.501,1756985039,27acc97c
1931182947986193664,前面说文创的好厉害,5633.131,1757306147,d9c08631
1932631454336961792,满意满意,5684.543,1757478822,f487febd
1936645971006506240,你忙吧,5443.395,1757957390,cc3af606
1938432632782593280,完成设备,5697.579,1758170376,a3545458
1945259887495943936,龙颜大悦,5676.325,1758984249,deea00f
1957526892588923392,他俩这么强的吗？直接加时赛了,5475.556,1760446590,ae02b522
1977901549582004224,关税哈哈哈哈哈哈,5436.202,1762875438,aedabb3d
1977901725834636800,小熊好棒！,5457.17,1762875459,aedabb3d
1988742475853880320,哈哈哈哈这个是Dylan在后面说的,5609.534,1764167777,c847ffba
2002100048816625408,外国小孩中文对决真的，太形象了，这俩都笑死,5467.471,1765760124,1bae6291
2015436799140933120,高级词汇,5450.301,1767349988,a9603673
2018415095944305664,无偿上班(,5616.425,1767705029,964a8dca
2035137440129502976,弄明白,5418.548,1769698488,ca126b
2035137714621479936,你明白,5451.275,1769698521,ca126b
2068517489595502592,那么棒,5472.838,1773677700,471d6181
2077821577877208320,朕很满意,5679.263,1774786834,585cded5
,,0.0,1775683732.8000336,
lb.c,,0.0,1775683732.8000336,
,,0.0,1775683732.8000336,
1895737858867040512,哈哈哈哈哈哈哈哈哈哈哈,6096.333,1752996585,a4557f7c
1895737880752918784,沆瀣一气这词还是能用得到的233,5937.428,1752997598,4944442d
1895737919046914304,哈哈哈哈哈哈哈哈哈哈哈哈哈哈哈哈哈哈哈哈哈哈哈哈哈哈哈,5870.631,1752996356,a4557f7c
1895737949136851200,德国人太好笑了,5863.154,1752999715,8b34e573
1895737969194012928,阿雷真的动漫影视资深中毒哈哈哈哈哈哈,5838.142,1752997069,5866b398
1895738141521187072,犄角旮旯很少用吗？上海话里经常用到啊,6049.474,1753008868,39499903
1895738273742426368,除了呶字都认识,6060.585,1753013759,20dffd1e
1895738364003848448,踽踽独行这种基础词大左一个主持人不认识不应该吧,6002.5,1753015847,e69ebdef
1895738431481811200,圭臬感觉也很常见,6014.236,1753015872,e69ebdef
1895738444249272576,好厉害 卢可！,5923.251,1753018736,1c68567a
1895738555482214656,我觉得奉为圭臬还挺常用的,6019.476,1753019682,79d441b5
1895738669466620160,新梗出现了,5963.161,1753023686,65fd9e50
1895738727817777408,哈哈哈哈还拆啊哈,5877.108,1753023916,5ec74794
1895738740585238784,还得是总冠军！,5923.556,1753029089,d6bfe3aa
1895738798936396032,这期好搞笑,5880.071,1753023927,5ec74794
1895738800765112576,魔法小樱,5811.727,1753025778,ef8f951e
1895738804405768448,Latino American也是American哈哈哈,6088.033,1753033291,5404f33
1895738847263166720,哇好久不见的歌，我现在还全知道且会写呢,5922.622,1753029406,302e2cd4
1895738994978164992,戴卢可好会串场,5918.405,1753033135,5404f33
1895739036921204992,口语里很常见 但书面很少写 才叫生僻字,6084.412,1753069602,221a9f5
1895739067917111552,犄角旮旯哪个地区都用啊,6076.904,1753036132,37b64554
1895739303167234304,超超可能只是重影看成垚了哈哈哈,6025.872,1753080031,3f6b3267
1895803686740271360,德国人神奇的笑点出现了,5860.314,1753088610,677e1eff
1895940938636112896,哈哈哈哈哈哈哈哈哈哈哈哈哈哈哈哈哈哈哈,5956.417,1753104972,4365b2b7
1896006384517540608,哈哈哈哈哈哈哈 太好笑了,5877.08,1753112774,e10bb37e
1896394704246373888,往里玹,5888.848,1753159065,45f0e9c9
1896525961894243328,还记得穆小龙的也特别长,5863.237,1753174712,9c5bc011
1896526792475403776,突然感觉和一个母语者说对方的母语好刺激。,5849.288,1753174811,272cb156
1896528996767018496,伦反应好可爱,6093.046,1753175074,272cb156
1896694142336784640,我为什么这么黑,5850.046,1753194761,16f0b446
1896746298607480576,哈哈哈哈哈哈小魔女dorimi我的童年,5817.55,1753200978,9cb4590f
1896782108769874944,哈哈哈哈阿雷好棒,5823.344,1753205247,5856c37c
1896837444775896832,沆瀣一气，绵绵瓜瓞什么的其实也蛮常用的，都是会读，不一定会写,5963.667,1753211844,9450640
1897302336104199424,原来阿雷也是个二次元啊，圈粉,5807.807,1753267263,729e3ab7
1897408696875986688,bgm是星矢。。。,5826.178,1753279942,7ea9d3d5
1897539050743992576,是真的 喜欢看番剧随便都有N3了 日语听懂会说不算难,5774.395,1753295482,6f99a845
1897540654679205376,碗里选,5906.056,1753295673,6f99a845
1897941885038393856,哈哈哈哈哈德国人,5869.457,1753343503,4227b274
1898063552024567040,善逸！,5827.305,1753358007,9cdf46e6
1898064079399573504,xs我的笑点是发币笑,5864.169,1753358070,9cdf46e6
1898097346118832640,生僻字那个歌词的选择标准太不统一了所以体感好不好也是一阵儿一阵儿的hhh,5931.174,1753362036,45af011b
1898114145447495424,紧跟时事哈哈哈哈,5827.651,1753364038,ba542c3c
1898161274299396864,考试会用到吧，或者语文老师,6051.412,1753369656,9a457285
1898467852772804608,哪里常见？你平时都会说这些吗？我只能读一些，意思知道的就更少了,6031.791,1753406203,a725bfc4
1898468393661528832,确实是American,6081.24,1753406268,a725bfc4
1898544657131158528,会长日常开始挖坑了,5973.106,1753415359,e68aeabe
1898792509870598400,魔法少女小圆，魔法少女奈叶，魔卡少女樱，憧憬成为魔法少女,5789.357,1753444906,c1c112d8
1898950122260736256,我的天啊,5932.388,1753463694,eeae67ec
1899611716883880704,哈哈哈哈杨迪这个变声,5986.176,1753542563,5ebece69
1899953432166147328,怎么难的都会，简单的反而错了超超,6015.364,1753583298,ae954710
1900078198046300160,哈哈哈少女雷,5809.075,1753598172,1091612d
1901032821930525952,哈哈哈哈哈哈哈哈哈,5810.507,1753711972,2c9403ee
1901035550375286784,格局,6102.475,1753712297,2c9403ee
1901038084020175104,笑死,6081.102,1753712599,2c9403ee
1902445816619673088,可爱的四姐,6110.63,1753880414,c085033b
1902473656388011520,哈哈哈哈哈哈哈哈哈哈,5884.153,1753883732,24d07282
1902507918574530560,鬼灭！！,5827.326,1753887817,ecae7fb8
1903092981570356992,哈哈哈哈哈哈哈哈哈,5817.734,1753957562,623dd44
1904588337600721664,中二哈哈哈,5768.847,1754135822,3e5e834
1904588540294738176,和红红火火恍恍惚惚哈哈哈哈哈哈哈哈,5787.755,1754135846,3e5e834
1904607506802715648,xswl,5877.161,1754138107,2f77163b
1904738394345604608,不考生僻字没意思呀,6059.583,1754153710,1606bf27
1905360955819970304,先笑了,5858.11,1754227925,95e70b5d
1906556910518333184,哈哈哈哈哈,5871.662,1754370494,58d57e1c
1907415837069982464,不会是飞天小女警z吧,5820.521,1754472886,43d8243f
1908251049396513536,哈哈哈哈哈,5828.769,1754572451,d8a8f583
1913315501447857152,奉为圭臬不是很常见吗，，,6018.38,1755176181,9b40c598
1916341011081184256,这里阿雷莫名的像唐大哥,5760.723,1755536850,299590f4
1916656189127610112,哪里常见了，只有几个是常见的,6036.563,1755574422,51f2909e
1922655339275858176,犄角旮旯也会，只是不太会写,5941.477,1756289577,99536495
1923491622692854784,歌里的都会比较熟啊,6044.668,1756389269,a82a2ebb
1924750576206771968,哈哈哈哈哈哈哈哈哈哈哈哈哈哈哈哈哈,5819.439,1756539348,90bb401c
1924751062737679616,吼吼吼吼吼吼吼吼吼吼吼吼吼吼吼,5873.51,1756539406,90bb401c
1929398244665353728,初中的时候我们也学这个表演过,5947.352,1757093394,bd775eca
1954296916465043200,戴卢可的承上启下可太中国了哈哈哈哈,5910.649,1760061546,99c7f039
1957531727765723136,哈哈哈哈，陈超其他生僻的都知道奉为圭臬这么日常的居然不会,6007.196,1760447166,ae02b522
1963056219074066944,我的天啊，怎么会有这些这么多语言超能力者,5857.992,1761105737,54f7b9d0
1967686962006220544,笑死，反正我认不全哈哈哈,5978.628,1761657764,eb09f285
1977904572307833856,魔法少女哈哈哈哈哈,5795.978,1762875798,aedabb3d
1977905919635666176,哈哈哈哈哈哈哈哈哈,5956.683,1762875959,aedabb3d
1994610009833088768,超超好厉害,6041.25,1764867242,51701351
2010424270157225984,奉为圭臬这个，我感觉应该都知道啊，看古装剧什么的,6007.049,1766752448,a0b99804
2016016522979979008,超超怎么不认识圭臬，这是固定组合啊，垚涅是啥意思,6007.162,1767419097,ae954710
2026860148143955200,穆小龙？？？,5856.924,1768711758,c0ad9fc7
2036277408915183872,我只会醍醐灌顶和犄角旮旯,5991.627,1769834383,f9735bbb
2038025793061976064,德国人莫名其妙的笑点笑死我了,5864.035,1770042806,b8b5200d
2057973005103436544,高中语文考了你还能记得？反正我是感觉上大一就修为散尽了,6045.684,1772420699,dc69dd68
2058963017848770048,我可能知道他咋学的语言了,5843.198,1772538718,60c31dff
,,0.0,1775683732.8000336,
lb.c,,0.0,1775683732.8000336,
,,0.0,1775683732.8000336,
1895737596345553152,哈哈哈哈哈哈哈,6195.466,1752991046,a1639211
1895737605254254848,笑到捶床,6248.056,1752991132,a1639211
1895737756257587456,哈哈哈哈哈哈哈哈,6247.548,1752993724,46e1d41a
1895737873454829824,这表情包加的哈哈哈哈哈,6247.145,1752995808,591a47e1
1895737955520581888,哈哈哈哈晚上睡觉起来扇自己一巴掌。,6242.077,1752996766,a4557f7c
1895738234534072576,美国的刻板印象又增加了哈哈哈哈哈哈,6262.432,1753014661,d93d12d4
1895738291970871552,地大物博吗哈哈哈,6424.625,1753014057,450eca7a
1895738441514586368,美式英语跟英式的相比是真挺村儿的,6304.472,1753017646,6ed7a38b
1895738527220994304,这句话感觉很深刻,6342.095,1753018411,9cfc41f8
1895738529955680512,好惨,6240.329,1753015944,e967e3fc
1895738545457828096,洋脸在身我心依旧是中国心,6343.404,1753019165,b3e76332
1895738814438543616,伦儿好漂亮,6121.658,1753026098,ef8f951e
1895738827214393600,还好我们中文故意说别的口音腔调不会被说,6221.909,1753034289,9ef562ec
1895738931149246720,哈哈哈哈哈，绝,6261.929,1753027770,105f8ab8
1895738994063806720,以前好像聊过,6323.611,1753065947,c76f245a
1895739099835764992,感觉四姐马上就要入党了,6358.412,1753041164,f2cbd317
1895739164570652928,北京啊，都鼓楼钟楼和胡同了,6466.915,1753074268,cce57685
1895739223836168448,哈哈哈哈,6185.472,1753075358,b465a5f8
1895876772915284736,好红,6342.445,1753097323,f81c7508
1895891145075744000,完啦！漂亮国居然是我自己,6332.931,1753099036,720bb977
1895911263230715648,这一期可太好看了哈哈哈哈哈哈哈,6293.681,1753101434,cc998cf0
1895977013316171008,真的 我现在在英国 班上有美国同学老师都问为什么来英国哈哈哈因为感觉美国人很少来,6233.393,1753109272,7021661
1895996712578404608,哈哈哈哈,6191.243,1753111621,42cad9e5
1896011026604849152,哈哈哈哈哈哈哈哈哈哈,6248.296,1753113327,692c8ed6
1896053738805025792,笑死我了,6338.26,1753118419,35861f7e
1896348810541099264,盆栽伐木工,6185.449,1753153594,b7453a45
1896660913071964928,入党！马上入党！,6335.06,1753190799,280fcb51
1896752974823802112,萨沙真的长大了哈哈哈哈哈还劝架了,6286.28,1753201774,9cb4590f
1897031264495085056,英魂不散,6129.09,1753234949,88971e98
1897172399880213760,缘分,6350.275,1753251773,fe4eee91
1897191079833737984,伦儿好好看,6141.739,1753254000,edbe14cb
1897329347598687232,四年英伦行 一生英国情,6138.756,1753270483,cdc452f4
1897379646639815168,英美日常共轭嫌弃,6150.158,1753276479,d403eb94
1897470722797396480,就像有些人说着说着说英文感觉自己很能似的,6155.088,1753287336,9c3b5844
1897881482706794240,反复播放，笑发财了这段,6120.382,1753336303,a5babba0
1897980178177896192,哈哈哈哈哈哈哈哈,6134.889,1753348068,290bcf14
1897990451865073152,主要是大部分的美国人会对英音有滤镜,6302.454,1753349293,c5e94360
1898037108598766848,我觉得英音比美音好太多了，主要是美式英语有种不好好说话的感觉,6151.32,1753354855,e3a9f12d
1898068025727885056,也没有r音好像,6268.82,1753358540,9cdf46e6
1898469431701780736,四姐吐槽笑死我了,6195.492,1753406392,a725bfc4
1898638472119025920,B+可以了，我的二外只有及格，但我还是往简历上写我会,6389.578,1753426543,a18ccce
1899515964723618304,很多去台湾上大学的人也会有台湾腔,6237.288,1753531148,3820b86
1899583646470362112,哈哈哈哈哈哈哈哈,6195.813,1753539216,fbcf58ae
1899589769240256768,政审吗,6331.689,1753539946,80311199
1899903850559699712,英音好听啊,6271.685,1753577388,3e3ca627
1900743884129465600,东北腔,6156.205,1753677528,fc5824e9
1900962778974280704,“再给我上颚共鸣试试看呢”,6139.283,1753703622,7c263e9f
1901039338478048256,缘分,6410.357,1753712748,2c9403ee
1901092486005857536,这一趴杨迪和大左配合好默契好好玩,6240.882,1753719084,bba3e7b3
1901111475482086656,东北菜好吃不辣,6470.381,1753721348,18259142
1903696970439590656,我以为这个词是 可以,6419.591,1754029563,b7a9b2eb
1903909804733164032,哈哈哈哈哈哈哈哈哈这么严重吗,6142.532,1754054935,c51a6472
1903912608323439360,这个讲过，老师说他没天赋他吃激将法非要学哈哈哈哈,6350.203,1754055269,c51a6472
1904470534801020416,温文尔雅温润如玉钟逸伦,6222.688,1754121779,cc2734ec
1904581796449178880,没事萨沙会倒着说,6144.19,1754135042,5bd65cde
1904592053267419392,伦儿比较像英国的,6176.889,1754136265,3e5e834
1904592758221061888,哈哈哈哈哈哈哈哈哈,6240.501,1754136349,3e5e834
1904741835662920192,中国其它不说，论美食绝对世界第一,6444.448,1754154121,1606bf27
1907997071420911104,很明显是要伐木哈哈哈哈哈,6187.912,1754542175,e06c8437
1910189102486362880,大漂亮,6338.048,1754803485,738a73b
1910189214340135424,漂亮过,6351.282,1754803499,738a73b
1914652145542984448,这期好好看,6310.42,1755335521,39959bed
1916890106191840512,来了来了 入坑点,6131.6,1755602307,41d23346
1938459317036858368,4,6137.704,1758173558,7ce065f9
1942844325235513600,我真该死啊哈哈,6254.36,1758696291,1448c64
1967689487748992512,口音会混也正常，在外地待久了回家就会被说口音变了,6211.908,1761658065,eb09f285
1971860351436493056,真好,6405.79,1762155271,83beff44
1975472819102343680,我喜欢这期的所有！！,6331.166,1762585911,75855fc6
1988749246333072384,可怜的伦儿,6254.717,1764168584,c847ffba
1988750225619440640,支持Dylan，英音好听,6272.114,1764168701,c847ffba
2011318177330127616,好家伙哈哈哈,6456.191,1766859010,1bdc989c
2024979683494084864,这话题能客观的聊吗,6321.496,1768487589,4756a90
2069095069641645568,有没有可能美国人不说纯正的英语才是违背了自己的故乡,6150.449,1773746553,6b2b33d2
,,0.0,1775683732.8000336,
lb.c,,0.0,1775683732.8000336,
,,0.0,1775683732.8000336,
1895737660753285376,这一期真的很好看,6541.435,1752992583,a8f5ef7c
1895737685818446080,享受2025，好戳人的表达,6794.065,1752992554,dd38837b
1895737804802461952,哇哦，好想听一听,6713.441,1752995454,98f16374
1895737829255254272,老王算最有发言权了，毕竟经历过生死后来的,6760.292,1752998269,4944442d
1895737865259159808,但是这种速度也会有很多后遗症,6628.733,1753000515,8b34e573
1895737968288043264,那还是不一样的，中国贫富差距大，但基础建设都很好，欧美可不是,6678.52,1753002110,5e592343
1895738173439840512,应该是说医疗不便利，拖着拖着很多病人就错过最佳治疗时间,6709.748,1753010160,20af4969
1895738642102980864,哇，好会说,6794.595,1753022472,755ab053
1895738734201508096,和平,6749.651,1753027321,d89d8cbd
1895738795295740160,兼容并包,6823.86,1753032301,177de300
1895738872798089472,对自己深爱的国家有反思是很好的一件事,6721.795,1753038055,187c324
1895738902879637760,喜欢这样的真诚分享,6543.19,1753037588,187c324
1895738912006443264,希望都能变得更好,6721.795,1753038063,187c324
1895738932063604992,哈哈哈哈哈在一个伊朗人的房间里两个美国人吵起来了怎么这么好笑,6711.525,1753063546,f032f0af
1895739024153743616,其实这种对速度的适应能力也是一种温水煮青蛙。,6620.268,1753037869,187c324
1895739090717348096,不知苦所以不能言苦。,6622.315,1753037904,187c324
1895739095272362240,来郑州吧，郑州地铁是真的很有人文关怀,6736.904,1753040485,7a1afabc
1895739168219697408,五千年,6837.086,1753066340,e94d0ef6
1895739195574948096,都一样啊，大部分资源掌握在少数人手里，底层挣扎求生,6685.378,1753069042,3e15afd5
1895739298603831552,贫富差距...真的很难缩小,6671.593,1753077459,f04b19be
1895739300432548096,战乱国家的人要考虑的是生存，和平的国家才配谈生活,6772.315,1753073897,f8b0e6b0
1895739333257171200,唉...,6667.752,1753077438,f04b19be
1895916809107255552,来成都坐地铁吧,6741.512,1753102095,cc998cf0
1895922409224457984,幸存者偏差罢了。跟不上的会被毫不留情抛弃消失,6635.987,1753102763,9cc53f64
1895927999803579392,看了饼叔和老王的视频，很感慨,6763.186,1753103429,2f51f428
1895937469820941824,喜欢陈老师每次认真的聆听大家的发言,6547.615,1753104558,7d881d54
1895945543797188096,哈哈哈哈哈哈哈哈哈哈哈哈哈哈哈哈哈哈哈,6503.187,1753105521,4365b2b7
1895971705936303104,中国自己外宣也是重点在传统文化，对内也强化传统文化在中国文化中的代表性，青年文化一定程度上缺失，也有舆论环境的因素，外国人误解也很正常,6589.994,1753108640,108016b
1896042506861772032,这个我居然有点不信,6824.197,1753117080,698bab0d
1896055550030980352,中国也一样只是程度问题罢了,6658.388,1753118635,35861f7e
1896115798288929536,只缘生在此山中我没觉得变化很快但是回头看好像也变了蛮多,6649.705,1753125817,cc2734ec
1896346407598641152,说一样的去认真了解一下中美差异吧，本质是不同的，中国在努力缩小贫富，美国不是,6687.136,1753153307,996c2fe2
1896389793135554816,哎也不是每个中国人都过得很幸福，我就很累,6804.345,1753158479,671e7525
1896445143561997056,每个国家都需要伦这样的理性主义,6735.808,1753165078,2babe5d1
1896692445161556736,未知全貌 不予置评,6500.385,1753194558,d10e6859
1896713597632456448,前面那个为什么不信啊？就用大类来说，南北方的很多人了呀，更别说这么多省，每个省，每个城市，甚至每个村的文化都不一样。,6830.016,1753197080,c93b4313
1896713718285980672,很多元了,6834.261,1753197094,c93b4313
1896732865308570624,AUV,6591.584,1753199377,54d3f224
1896762050744070656,哈哈哈哈哈哈哈在一个伊朗人的房间里,6709.359,1753202856,9cb4590f
1897033430391823872,每个人都累换个地方你会连觉得累的功夫都没有还要担心能不能活到明天,6812.842,1753235207,d539e6d1
1897036751005286656,投共一念起，顿觉天地宽,6735.699,1753235603,c50570d0
1897124829325385984,国外一些媒体的刻意描绘,6600.162,1753246103,42da3e49
1897224976302927360,这俩私下可一定要还是好朋友啊,6713.528,1753258041,e6299164
1897398342565690112,真的，我们被保护得很好了^ω^,6774.265,1753278708,ca23a4
1897434692518111488,苏丹的游戏你是不是原型哈哈哈哈,6776.575,1753283041,b7b7e82b
1897549057816156160,鼓楼钟楼是西安,6483.967,1753296675,6f99a845
1897599146278760704,中国内部当然也有问题，但和国外的程度还是不一样的，多去了解一点再发言吧,6682.239,1753302646,68f3b35d
1897599835788886016,一个江苏各个市县方言文化都不一样,6838.453,1753302728,a12485dc
1898072217221687552,想起luigi,6699.647,1753359040,9cdf46e6
1898085967332604160,这后面的话题多来几期，说不完啊,6609.427,1753360679,d849b843
1898126853265714176,没办法拒绝变化/dog,6625.936,1753365553,ba542c3c
1898641050416426752,人民的愿望都相似。。,6675.15,1753426850,a18ccce
1898785992081696768,英国：勿cue，谢谢,6689.673,1753444129,cc3adea9
1899394054693909504,不接受也很好办，慢慢被淘汰咯,6624.492,1753516615,3873c0bd
1899524978576745984,可能是荒诞吧，比较合适,6523.504,1753532223,7cf865be
1899569833494887168,梦幻不好吗？,6573.202,1753537570,3860f01a
1899644931426164480,中国也不能避免,6661.822,1753546522,d5bc7b78
1899645448348985344,当然我们现在正在努力让中国不一样而且也有了成效,6689.47,1753546584,d5bc7b78
1900034195536137984,Dylan是一个真诚的好人 支持,6720.402,1753592926,2c9403ee
1900231076526713344,美国很多人相当爱国的，其实恰恰是我们。。。。。。,6649.902,1753616396,395ce43e
1900245252292511232,这里的荒谬应该是指外国宣传的中国和实际的中国不一样的意思吧,6582.739,1753618086,fc0b135a
1901033036209402880,“神奇”,6522.2,1753711997,1b6940fa
1901478076861790976,中国禁枪是最明智的选择，而且摄像头多也是为了保护好人，监视坏人,6802.453,1753765050,80000882
1901700931155311616,变差,6642.612,1753791616,105f52db
1901734966363358208,他是个理想主义者，社会需要理想主义者的存在,6719.916,1753795674,71f360aa
1901862417940697600,感谢国家，每有一个新技术出现都是先向全民普及的,6630.792,1753810867,4a4e6679
1902365496134297344,我们不要身在福中不知福了,6793.653,1753870839,92f8c01f
1903699234281745920,很多国家都这样,6658.438,1754029833,b7a9b2eb
1903827465546625536,每次波波玩这种政治梗我都好想笑,6715.322,1754045119,29c7c55b
1904592752574914304,中国不一样,6686.195,1754136348,357dee8e
1904596883444749312,。。。。。。。。。,6636.436,1754136841,3e5e834
1904597355127841024,哪里不都这样,6661.546,1754136897,3e5e834
1904599138847969024,没有说过的多幸福 要求就是没有战争就很幸福了,6809.822,1754137110,3e5e834
1904743391271399168,中国可使用短短30年走完了西方国家的很多路,6615.568,1754154306,1606bf27
1904746212788497664,确实多元化，不同地区不同民族,6820.44,1754154642,1606bf27
1905466819909765888,要哭了 老王,6796.692,1754240545,a48719d1
1905516364379104512,中国和美国还是很不一样的，美国可以说整个政府和社会就是一个企业,6688.725,1754246452,c0863c00
1905590443236882944,华波波接的好哈哈哈哈,6728.909,1754255282,55f41f2d
1905708190906021888,是的，明明有新兴的社群文化，小说影视在海外也有不少受众，但只拿传统文化宣传,6558.317,1754269319,92638f93
1905733248072848128,伦好可爱啊,6721.098,1754272306,f5b9996
1905886098668937984,伦儿很有国家情怀,6698.429,1754290527,7becfa2e
1905887294179910912,阿雷文艺人,6824.672,1754290670,7becfa2e
1906070010057587456,基建狂魔可不是贬义(而是汗颜),6743.759,1754312451,c8137052
1906621653182534144,国内也一样，只是国家投入民生的更多,6672.825,1754378212,da947e05
1909689848987148544,他想表达国家或者政府没有投入更多到基础设施建设或者卫生安全上面,6674.879,1754743970,d7fb52ee
1911377903472814592,真好,6720.915,1754945201,984e8387
1911378403299548928,伦的发言太棒了,6767.166,1754945261,984e8387
1913571332298825216,不予置评  但我家过得很好,6816.41,1755206679,a406af70
1915971349722081024,但是在武汉记得出门的时候手不要插在兜里,6731.172,1755492783,aa8cb2c6
1918412477759778560,对老王来说这里很有烟火气,6809.441,1755783788,dcc7e0e1
1921056285831728384,不接受就会被淘汰,6630.638,1756098955,954b058c
1921056623968288000,中国也差不多,6657.996,1756098995,954b058c
1929404679826503424,我们也是啊 程度没那么离谱就是了,6668.628,1757094161,bd775eca
1945264582373671936,每次听这个方面都想哭,6771.747,1758984808,e84d2ff
1967694729680788480,卢可的共情能力很强,6785.668,1761658690,eb09f285
1967694847532478464,老王好真诚,6789.668,1761658704,eb09f285
1975476124088230656,好棒老王,6795.251,1762586305,75855fc6
1977911950214243328,其实中国也是,6675.488,1762876678,aedabb3d
1986558931577298944,确实，只有一部分人在享受当代,6804.09,1763907478,2a9d92f9
1988754506963415040,Dylan反应好快,6661.622,1764169211,c847ffba
2011320470867702016,世界因你而美好 ,6720.212,1766859284,1bdc989c
2016952177930965504,广州都一直在开新的地铁线路！,6708.314,1767530636,8947ce87
2022025891484004352,什么叫老是说这个？经历过的最深感悟说不是很正常吗？,6786.513,1768135469,6d4f31dd
2027056310750973952,这是一个制度问题 美国的资本主义体制下永远不可能达到钟逸伦想要的这些平等和普惠,6727.425,1768735142,aef87158
2027056891695612928,老王一说话卢可就哭,6782.978,1768735211,aef87158
2029865597738983936,外宣确实做得不好,6562.312,1769070035,361d239
2056133097778429440,荒诞是离谱且可笑，也不好,6531.028,1772201365,fa9ad547
2066239338295500544,中国没美国那么夸张,6675.024,1773406123,a16be46f
2085131327899985664,荒诞,6523.597,1775658224,91e1ddec
,,0.0,1775683732.8000336,
lb.c,,0.0,1775683732.8000336,
,,0.0,1775683732.8000336,
1895737518549602560,中俄那说不清道不明的羁绊呐,6875.785,1752989565,9e8cd452
1895737942753120512,虽然但是这些基建应该都不是白给，还是要考虑利益的。,7087.97,1753004822,545954c8
1895737954606223616,萨沙已经不是老外啦，他是老内,6917.492,1753001311,e4ff31ac
1895737962810282240,给陈老师投币,7148.543,1753000815,e868d6e6
1895738337562956032,萨沙的面相都很中国了,6921.078,1753014984,73e9b877
1895738415065305344,非正不就是这样吗hhh正经起来很正经,6951.491,1753017172,638576ba
1895738442420556032,这已经是精中了自豪了,6856.334,1753017521,47376c28
1895738515367891200,现在的节目越做越大，主题也越来越大了,7111.306,1753019293,193ffd61
1895738546372186368,萨沙越来越老干部了,6860.051,1753019535,1c68567a
1895738560079171840,完全变成中国人了呀萨沙,6854.884,1753019690,b3e76332
1895738708666585344,但中国的利益都是双赢的，大多是经济上的，不能说有利益就是不好的,7102.081,1753028422,a7349199
1895738749695267072,基础在民间，未来在青年,6909.082,1753029610,b77da815
1895738798022037760,东北人来了,6857.033,1753029957,d0eeaf61
1895738808063201536,唐朝那会真挺多的，服饰饮食娱乐活动都交流的特别深，互相影响很大的,7030.588,1753023996,11c5072
1895738836324421888,偶尔有一些宏大深入的话题也挺好的呀,7125.054,1753034905,9ef562ec
1895738864585642240,灵笼,7118.112,1753027731,7bf03337
1895738874618417408,肯定是有利益的，但是我们追求共赢，而不是强取豪夺,7091.369,1753030554,516113ea
1895738916561457408,宏大叙事会让人感动，但也会让人迷失的，感觉没必要一直升华,6997.048,1753038389,187c324
1895738967622914304,这一年真的是舆论反转,6903.166,1753030294,516113ea
1895738974912614656,近代中国的版图就是清朝定下来的，相当部分依赖于乾隆的十全武功，感兴趣可以搜一搜乾隆朝名将,6979.544,1753040743,7a1afabc
1895739005916909824,没有宏大的背景下个人还会存在吗？,7125.643,1753036925,c7bc6e63
1895739146333819136,咋样了。。。挺好的啊人家,6949.86,1753073352,892b4073
1895854446332840192,相信老王说的是话是发自内心的，毕竟亲身经历过战火,7170.238,1753094661,3a31dcb7
1895859660172023808,据说他的老爸是中俄混血？,6880.681,1753095283,1df8460d
1895878303215493376,迷失是因为你自己内核不稳，如果你连听到一点赞美的话都觉得心虚、不适，那是因为你配得感太低了,7007.214,1753097505,68ab50d8
1895886991573313536,萨沙已经入党了，自豪感都有了哈哈哈哈哈哈哈哈哈哈,6853.737,1753098541,ac1ed4e7
1895914456186862592,确实，有过大唐的鼎盛，也有侵华的耻辱，太复杂了这几千年和近两百年,7072.87,1753101815,4f7b0147
1895939496005433088,我发现很多人很抗拒对个人的赞美哈，宏大就是由个人构成的,7124.197,1753104800,d0a706e0
1895962862170590464,是的,7064.0,1753107585,3c890e32
1896057229271011584,从先秦开始的华夏认同,6997.054,1753118835,35861f7e
1896057475954741760,让我想到了威斯特伐利亚和约,7027.006,1753118864,35861f7e
1896138358434982144,一点都不过，中国就是很好。,7190.899,1753128506,7388c77a
1896282581490515456,导播直接不敢切其他人的画面了 大左也管管 心里知道就行了,7189.779,1753145699,c585eb07
1896371636178174208,为什么过了 前面的是配得感太低了吗 陈述事实而已 为什么会觉得过呢,7195.88,1753156315,c0abd974
1896444073528258560,才注意到这个地图中国好大,6967.583,1753164950,a7969c95
1896444504300081408,超棒啊这期话题 很有意义和深度,7003.209,1753165002,a7969c95
1896487634579302400,这个地图也让我印象很深刻,6965.677,1753170143,9ec95bfa
1896489246634756864,说得好,7151.185,1753170335,9ec95bfa
1896515622197177856,他是真的入党了吧，发言太官方，哈哈哈,6917.303,1753173479,8a80d98c
1896527134873361920,萨沙太中国了,6883.176,1753174852,6a042d86
1896527607890110720,真的很震惊,6985.76,1753174908,6a042d86
1896528590154207232,不愧是在世界中心呼唤爱,7171.882,1753175025,6a042d86
1896549573058051072,求同存异,7081.105,1753177527,b99d4a1f
1896678634124171776,说的太好了,7089.925,1753192912,ef5b873
1896689226226035968,为什么要说过了，如果作为国人的我们都不够有自信，都不够乐观自豪的话，这个世界上还有谁愿意更相信我们可以做到这些呢？,7191.378,1753194175,4de79949
1896700212652189440,中国最牛逼的一点，就是同化,6948.592,1753195484,c3929b2
1896846755031494400,天下大同，世界人民大团结，万岁！,6951.603,1753212954,9450640
1897038302151448064,让我想到了高佑思…哈哈,6842.739,1753235788,88971e98
1897132711857199616,因为我们原本就是一个多民族的国家，每个民族存在各自的文化差异，每种文化相互包容,6938.97,1753247042,42da3e49
1897313694656990464,北京欢迎你，为你开天辟地（开放怀抱）你会爱上这里,6908.793,1753268617,729e3ab7
1897402914356966144,love ,7173.813,1753279253,ca23a4
1897552673700808704,执着 信任,6868.324,1753297106,6f99a845
1897601588529782528,现在人真是戾气重了，以前从来不会有人莫名其妙的打问,6997.266,1753302937,a12485dc
1897859954988690432,家国情怀大部分人有，有一部分人确实因为从小的狭隘，自然也看不惯这些,7191.085,1753333736,e0632c99
1897866933580394240,非正这一季带着任务了,7011.467,1753334568,8562c6e6
1897897775447236608,那外国人和自己国家对比就是觉得中国更好啊，看见中国更好的一面讲出来啊，代表们都说的那么真挚真诚,7021.288,1753338245,2aa70d44
1898088222609748480,可以倒着说中文,6878.916,1753360948,8f9aba91
1898092720329620224,带啥任务真好笑,7021.416,1753361484,d849b843
1898132201112459520,宏大背景就是我们每一个中国人的骨血，为啥不能谈,7130.926,1753366191,ba542c3c
1898580836409316096,守正创新 不忘初心,6939.247,1753419672,6126b659
1898666323538942976,用今人的生命还古人的债，这个真是精辟,7155.601,1753429863,915050e3
1898788297942440448,他不是混血儿，是老爸在他很小的时候就“巨星标配”了，但是很小就开始接触中国文化,6894.038,1753444403,cc3adea9
1898791671513404160,宏大和个人不是对立的，而是互相成就，这就是精致利己主义为什么要摒弃,7136.041,1753444806,cc3adea9
1898822681655529728,这太好了！,6843.84,1753448502,636af638
1898910387244854272,莎莎接近中国人了，完全中国化了,6921.603,1753458958,e3470321
1898911684559693568,陈老师真的满腹经纶啊,7076.15,1753459112,e3470321
1898957673719325184,有些弹幕是觉得说坏的才是真吗？坏的好的都是,6994.673,1753464595,6b40ebca
1899330667008161024,已经是东北人的模样了,6896.769,1753509059,8ed82815
1899443844664460800,中俄CP,6903.562,1753522551,e4d84d7d
1899524549423779584,太深了！,7053.949,1753532172,3820b86
1899609802536100352,萨沙太像中国人了,6868.96,1753542334,64c6b79c
1899623826770786560,一点都不过好吗，现在的时代背景下世界是否能和平确实要看中国,7192.147,1753544006,bc31ead9
1899647684927755520,前面的想说啥啊，陈超咋样了？不要引战可以吗,6952.723,1753546850,d5bc7b78
1900087323199353344,哪里过了？自己去了解一下我们在国际事务上做出的贡献，不要这么自卑,7189.371,1753599259,422009b7
1900214028308531712,古代也有疆域图吧 也是有地理分界线的,7038.06,1753614364,b927edf8
1900303293918964224,老王又动感情了,7179.652,1753625005,68efaa5c
1900974547218661632,中国真的格局太大了,7161.167,1753705025,62699b20
1901012750474195456,萨沙就是中国小伙啦 ,6871.084,1753709579,9265523d
1901040459380750080,天下大同！！！世界和平！！！,7183.616,1753712882,1b6940fa
1901066877699254528,近代史 是一个伤痛,7072.148,1753716031,539dfda8
1901118523019670016,互利互惠嘛，有何不可,7108.686,1753722188,18259142
1901639283426035968,我的弹幕呢,7003.772,1753784267,4d2041c5
1902755038712239872,萨沙说的已经得到了国人大会演讲的精华,7009.141,1753917276,3f3063c2
1903662376340233216,陈老师讲得太好了 ,7199.012,1754025439,2e93938c
1903701780291417856,夸得我都绷不住了,6921.694,1754030136,b7a9b2eb
1903776104272515072,中国自古并没有国境线的概念都是以势力范围划定大概的区域，真正接触到把国境化为一条线的应该是清朝的尼布楚条约,7040.655,1754038996,b9df69aa
1903804183300627712,中国是文明型国家,7009.325,1754042344,1ddd0afb
1904413756096572672,会长眼眶红了,7182.497,1754115010,21f73640
1904600175142915328,萨沙这段话 好,6931.724,1754137233,3e5e834
1904602111367773184,哈哈哈,7116.424,1754137464,3e5e834
1905340308922234368,speed不是来了吗？,6912.659,1754225464,2eb47862
1905890199146212096,天下大同！,7147.37,1754291016,7becfa2e
1906120801997426176,倒着说中文笑鼠我了,6883.518,1754318506,712b33d4
1906866720434670336,他爸爸混血,6884.042,1754407427,4ad5b7c7
1907440916215114752,必须得是陈铭,7057.295,1754475876,9adcf5e9
1907441055340190464,没有陈铭可咋整！！！,7062.323,1754475893,9adcf5e9
1907927474462215424,萨沙爸爸好像是中国人,6888.991,1754533878,edceba01
1908264231959804928,不然呢 你想听到什么？,6956.994,1754574023,d8a8f583
1909738694962297344,因为我们的认同不是建立在血缘，种族之上的，是文明,6947.309,1754749793,e06a0bba
1910516879710106368,天下大同,7156.667,1754842559,4cd26c1a
1911108155258463488,愿祖国永远繁荣昌盛，愿人民安居乐业，希望真的能有老吾老以及人之老，幼吾幼以及人之幼的天下大同,7199.845,1754913045,34be5d10
1911383357871574272,说得太好了,7156.072,1754945852,984e8387
1912644363784642048,这个bgm有点宏伟啊哈哈哈哈,6896.867,1755096175,aca1d8af
1912646653195192576,说得太好了！！！,7161.315,1755096448,aca1d8af
1913030470246605824,只有经历过才知道的,7176.765,1755142203,cdc7bc83
1913350480247959552,李白是吉尔吉斯斯坦那边的人,7021.62,1755180351,3302ae89
1914864527842332928,国破家亡，固定搭配，望周知。也不妨看看今天的加沙人民，里面也不乏战争前家境优渥的。,7145.64,1755360839,dfe2ddbf
1916898949210434048,萨沙太老干部。。。,6868.229,1755603361,41d23346
1916900671467390976,读人类简史就知道 国家是人类构造的概念罢了,7052.699,1755603567,41d23346
1921250021379576576,说硬夸的历史及格了吗,7002.11,1756122050,bc587f4c
1923930412557231360,但是听说意大利街上小偷特别多,6841.225,1756441577,99536495
1924986993839221504,陈铭老师口才好，说话才快，没有语言屏障,7130.674,1756567531,e498a6f4
1926357441114275328,投币了,7154.131,1756730901,9eb4a117
1939601543464800000,说的好好,6936.456,1758309722,19031c9a
1971050491086146048,感觉萨沙真的是完全融入中国了,6891.029,1762058728,9574db04
1977023081524779264,都是地球上的人类，没有哪个国家比其他高级,7161.416,1762770716,da85f3fd
1977913530325766400,萨沙已经入党了吗哈哈哈哈哈,6863.869,1762876866,aedabb3d
1985165235720048640,太纯了还是,6863.268,1763741337,55203a50
1992880039746138112,东北代表这一块,6856.653,1764661013,b087944c
2011869610512769024,看哭了,7140.057,1766924746,cc26b091
2011870073975098624,说的太好了,7150.2,1766924802,cc26b091
2026026976464848128,这一期太棒了,7064.553,1768612436,1ca31636
2027856872027209728,非常漂亮的总结,7094.328,1768830577,8f58d927
2035149943106573568,他真的说得好标准,6879.309,1769699978,ca126b
2036292303651953664,我突然意识到中国的中立也是一种和平,7197.221,1769836158,f9735bbb
2082391271548932096,包容  但是有一条你只可意会不可言传的高压红线    触碰即死亡,6946.344,1775331584,6d6f1ac6
2082391448967843072,包容  但是有一条你只可意会不可言传的高压红线  触碰即死无葬身之地,6950.611,1775331605,6d6f1ac6
,,0.0,1775683732.8000336,
lb.c,,0.0,1775683732.8000336,
,,0.0,1775683732.8000336,
1895737650661789952,下周见,7295.403,1752992285,a1639211
1895738054900420864,陈老师说的真好,7214.561,1753006171,255b01e
1895738988594434304,那挺羡慕那个厅结婚的新人了~,7250.967,1753048041,23ddeab7
1895990467888831488,哈哈哈哈哈哈,7243.15,1753110876,99272c49
1896502871931897088,精彩的节目,7207.788,1753171959,bda137c9
1896528826075226624,好看,7223.428,1753175053,6a042d86
1897388807511572224,很客观啊，这就是事实,7202.296,1753277571,d403eb94
1897967201404250624,好看好看,7214.407,1753346521,bdfa401c
1898090557780690176,哈哈哈哈哈哈哈,7364.777,1753361226,9cdf46e6
1898096271319938304,伦儿记词能力这么强啊,7425.896,1753361907,d849b843
1898122321471151616,战歌起泪目了,7222.706,1753365013,66a85677
1903097630284788992,真棒！,7232.354,1753958116,1e5860b0
1910196463095640064,可真正的世界还是弱肉强食,7214.027,1754804363,738a73b
1962554409448054016,旷野的规则是永不回头,7256.422,1761045916,9caedba
1977916378484578816,精彩！,7203.354,1762877206,aedabb3d
,,0.0,1775683732.8000336,
lb.c,,0.0,1775683732.8000336,
,,0.0,1775683732.8000336,
1895737229310398720,一日代表好漂亮！像玛丽莲梦露,36.018,1752985309,59dfb4d2
1895737236021285120,来了！,197.636,1752984891,781e03c0
1895737280388632832,来哔哩哔哩只为了非正,23.323,1752985268,882cd619
1895737340836942080,竟然没有弹幕,102.734,1752986130,7c88818c
1895737356095820032,太美了啊啊啊啊啊啊啊啊啊啊啊,129.037,1752986855,63882395
1895737381790126336,哈哈哈哈我也喜欢测试,330.419,1752986736,4f7b0147
1895737392368161024,再看一遍加长版,74.113,1752987164,6261fc3d
1895737440627822848,就等加长版了,15.67,1752988220,a8fd71fe
1895737488023458048,沉默是最好的回答,188.466,1752989859,5cde034e
1895737757213888768,濑濑晒伤妆？,296.894,1752994571,13ee2db9
1895737813862158592,天呐，杨迪好好，还帮会长解释一下,262.251,1752995588,ef576978
1895737852827242753,濑濑可爱,315.191,1752995616,1091612d
1895737914483511552,我怎么第一反应就知道他要说学历,139.779,1752996339,2775914b
1895737947308134656,果然还是斯拉夫人长在我们的审美上！,73.86,1753005031,2394c70f
1895738002018636032,哈哈哈哈哈哈哈哈哈,195.646,1753006609,bc56a2e1
1895738089553760512,加长版！终于 走起～,118.271,1753002959,ea88348b
1895738128770502912,哈哈哈 让我们说中文,233.897,1753003085,ea88348b
1895738201701060864,哈哈哈哈哈哈,178.352,1753005984,61f1cb93
1895738215382880512,来了,60.699,1753006389,bc56a2e1
1895738423277752576,怪不得,264.523,1753017327,ef8f951e
1895738450633003264,弹幕呢,94.954,1753017693,6474f847
1895738460665778432,来了,9.0,1753017972,d2eb3f6c
1895738543637500160,超超看起来很聪明的美女,286.398,1753016280,a9208369
1895738587400868096,我说会长怎么有种被夺舍的感觉呢,275.37,1753020529,fc5c5aac
1895738736936194304,罗世杰也是博士吧,170.656,1753024489,8d665d98
1895738941182021888,再听一遍哈哈哈哈哈,211.547,1753064144,91850ea9
1895739043304935680,大左你堕落了 居然问出这种问题,183.625,1753066311,c585eb07
1895739119892926720,直接看加长了,50.901,1753065450,532bb614
1895739159101280512,直奔完整版！,2.008,1753066177,df6e1fa7
1895739170954383616,高情商：还在研究中...低情商：懂得都懂,196.746,1753071998,2b09e628
1895739227485212928,想起大不溜，小不溜，哈哈哈,313.856,1753071380,42da3e49
1895739240252674304,本来就是这个议程,275.175,1753075611,9cc5a9be
1895739294963175680,让我们说中文,230.803,1753077391,7d0b1ed6
1895741767471711744,好漂亮我的吗,123.454,1753081229,35861f7e
1895878472815905536,我就说会长怎么突然那样哈哈哈哈哈哈,285.477,1753097525,e1f0140c
1895902343950621952,小姐姐有点用哈利波特的露娜,260.69,1753100371,7bf5ae5
1895913944380697088,全世界都在说中国话。,240.019,1753101754,83719079
1895923691389856000,这封面有点像火仔和托子啊,7.553,1753102916,f48e83fe
1895925654231755520,俄罗斯娜娜什么时候来,123.096,1753103150,9a5f75b6
1896126772140527360,soul说是,314.381,1753127125,757770bd
1896432713985696000,厉害了,157.364,1753163596,d844b0d7
1896548500188124672,头发好美,170.792,1753177399,7be9809b
1896549652783060480,杨迪火是有道理的 尊重人,272.254,1753177536,7be9809b
1896671118996624640,哈哈哈哈确实幸好解释了,273.442,1753192016,9cb4590f
1896702989247416832,超超很适合这个衣服的颜色哦,102.804,1753195815,3c4a8341
1896834873642632704,有俄罗斯美女啊…,35.454,1753211537,88971e98
1896836266168177664,让我们说中文,232.165,1753211703,88971e98
1897134881856050432,漂亮小姐姐～,64.387,1753247301,c76fd2
1897334937960030976,濑濑这个妆真好看,301.592,1753271149,bbeae81b
1897409888377011200,冒犯,196.202,1753280084,4dd44e23
1897435333340270848,约基奇,348.778,1753283118,182ab5fd
1897520115852190208,完蛋，没有提示我怎么看？,116.489,1753293224,28dcc9f6
1897545623813818880,这就冒犯了？弹幕真是敏感肌,201.287,1753296265,d14d0ec
1898012492027085824,赖赖的妆好可爱,336.596,1753351920,4fcac017
1898069933423117568,杨迪预判了弹幕哈哈哈哈哈,271.58,1753358768,ba542c3c
1898129671619960832,这个问题就跟 这是博士，你谈恋爱没？结婚没？一个意思,190.406,1753365889,c4640bae
1898480150421808896,来了,16.649,1753407669,6a79158e
1898575317955005440,超超好好看！,109.88,1753419014,69896d2c
1898577690152768512,花仙子从动画里跑出来了,128.022,1753419297,ae954710
1898649691060092160,西伯利亚可老大了,219.328,1753427880,2391701c
1898711585640666112,陈超这次妆发好可爱啊,102.634,1753435259,6bc89832
1898754234095442176,羌族小煞,92.976,1753440343,2c9219d7
1898798214510129920,你是菠萝的颜色,82.099,1753445586,3665527f
1898849081846541312,萨沙爸爸本身就是中国人，只是他自己从来不提,250.247,1753451650,b47738e
1898894497392836608,哈哈哈哈哈哈,177.674,1753457063,b7a9b2eb
1898943849687043840,一直是这样就得改呀，与时俱进哦,224.299,1753462947,b698ce63
1899364840469068288,这个发量绝了,134.718,1753513133,2a7b6daf
1899448788037526016,超超每期都好美呀,99.793,1753523140,d00654d8
1899516166050156032,不是第一次看 而是第一次意识到 以前太麻木了,216.063,1753531172,118b96e
1899527485797073152,笑死 中文是母语 俄语是二外,237.713,1753532522,568a8045
1899528308618886912,敏感是好事,303.526,1753532620,568a8045
1900192036414916352,一之濑这妆怎么回事,293.915,1753611742,29c7c55b
1900289648556262400,直接看加长版,0.154,1753623378,e67086c2
1900919121772592640,好漂亮,127.615,1753698417,c1f2fe77
1901083258352320512,好厉害的姐姐,153.737,1753717984,80000882
1901138676046841344,好想念松鼠啊,100.073,1753724590,be45fcd2
1901541018550427904,学霸,158.824,1753772553,92f8c01f
1901541640448327936,哈哈哈哈哈哈哈哈哈,233.0,1753772627,92f8c01f
1901557020667466240,口音重成这样吗hhhhhh,247.784,1753774461,28c7b5ab
1902390692148829184,杨迪，综艺没了你可怎么办啊,266.775,1753873842,d89f1503
1902390841935725312,这个家不能没有杨迪,269.141,1753873860,d89f1503
1903658867167214336,萨沙俄语有东北口音,222.721,1754025021,19790be1
1903884035399163392,弹幕确实很敏感（摊手）但本来每个人的敏感度确实都不太一样,210.495,1754051863,c29ddf0d
1904491649607379968,哈哈哈哈说不出来,179.099,1754124296,3e5e834
1904491705198666240,太真实了,185.705,1754124303,3e5e834
1904530408591864832,别说的是人均美女，俄罗斯人一到中年，你看什么样子,267.292,1754128916,45953387
1905824218038253568,一之濑脸咋了？？？,293.709,1754283151,7becfa2e
1906658172484245248,斯拉夫出美女,75.635,1754382566,1327ee61
1906659219936198400,俄罗斯男女比例失衡 现在男人可能更加少了,182.722,1754382691,1327ee61
1909373597710577920,杨迪真懂弹幕啊,277.498,1754706270,8dd2ba4e
1910460639663627264,陈老师在模仿一之濑,45.076,1754835855,922f6f0b
1913105683772238336,希尔顿借了这么久啊,64.327,1755151169,7c712eec
1918431810531300864,这集时长好评,75.498,1755786093,15362246
1918442564634446336,最好看的,148.186,1755787375,15362246
1933845929732174848,什么文化？能不能翻译成中文,304.009,1757623599,d7c947c1
1937313621231702528,丽莎非常漂亮又可爱，前几天在三亚看到本人，很惊艳,124.308,1758036980,ba02a15
1937929668699405312,卡尔波利,48.444,1758110419,32e2455b
1937963074376466688,好漂亮,134.143,1758114401,945a6cd2
1944416070370790912,？？？？？？,169.166,1758883658,ee18cbf2
1946034063152715520,漂亮,127.189,1759076538,eb269b47
1948170065589943552,这就是敏锐，情商和敏锐并不相关,311.502,1759331169,ffdfce2e
1953129821739839744,为啥一之濑是asuka明日香,324.492,1759922418,83b4cbbf
1954420562860454400,好喜欢她,134.846,1760076286,915cc525
1956594679777072128,别太敏感肌,205.333,1760335461,d35c8a9
1960344697746654976,萨沙爸爸是混血,212.087,1760782498,f8089327
1961200116493380096,？？？,189.014,1760884472,a187841b
1963248930037173504,故意的，节目就这样，多少年了还不懂这个套路吗,196.252,1761128710,65b78c7
1968970682843311616,哇俄罗斯美女姐姐,34.602,1761810796,269700bc
1977838097261843200,来了来了,8.955,1762867874,aedabb3d
1977839385668188416,好有才华！好漂亮！,162.561,1762868028,aedabb3d
1992655007401061120,让我们说中文,231.845,1764634187,b087944c
2002223379507534848,超今天的发型好看,289.421,1765774826,8d79c5f3
2004575798560393984,怀念以前长头发的四姐,174.74,1766055256,ffa3828d
2021928450646454528,确实不太好。。。这是啥敏感，之前男代表啥的也没问（从非正第三季开始追的）这本来就不尊重人，敏感也不是什么坏事,202.128,1768123854,6d4f31dd
,,0.0,1775683732.8000336,
lb.c,,0.0,1775683732.8000336,
,,0.0,1775683732.8000336,
1895737342925705472,严谨的德国人,476.148,1752986028,fe4eee91
1895737483040624896,大气,487.444,1752989145,193ffd61
1895737545401536768,怼脸拍，真的好看doge,689.139,1752990986,591a47e1
1895737746736517376,两位的瞳色都好好看,397.339,1752993592,2f3ca03c
1895737759118102784,梅丽莎小姐姐头发太美了，像洋娃娃,677.759,1752995462,13ee2db9
1895737805708431616,呆楞是真的  成熟了！！成熟的帅！！,611.617,1752994452,fbf64f60
1895737827443314944,那真的我们很难这样,466.779,1752995951,1091612d
1895737952785895680,花期短但是开得艳,585.749,1752998353,4eba2802
1895737970108371200,可以一个人买单，然后有空了拿小票算,428.926,1753005751,90af0186
1895737994720547072,split the bill是吗,414.975,1753003281,ea88348b
1895738146084589824,梅丽莎真的太好看了,642.72,1753009208,d93d12d4
1895738169790796032,哈哈哈哈,434.814,1753004847,2f987c3c
1895738187113271552,这个妹子好养眼啊！！,500.242,1753010552,85e3c44a
1895738250027831552,真的，我追过不少外国演员，白人很少有保养好的,603.652,1753012927,302e2cd4
1895738309293347072,男生应该说平权吧,410.11,1753014904,26cd4125
1895738312942391552,这蓝色眼睛真漂亮,701.403,1753012513,68efaa5c
1895738379505996032,小姐姐！10分好看！,681.33,1753013023,302e2cd4
1895738488926998784,听着还挺浪漫的,529.594,1753015004,26cd4125
1895738489832968448,哈哈哈哈哈,621.823,1753019961,ef8f951e
1895738508984160512,五官太美了,684.493,1753017972,8d117f15
1895738562780303616,四姐稳定发挥,422.981,1753022338,fbd7fd41
1895738589221196032,太好看了她,677.254,1753017957,8d117f15
1895738746054611200,陈铭看了一眼梅丽莎哈哈哈哈哈,590.106,1753024833,8d665d98
1895738822642602240,白人皮肤薄，再加上骨相起伏明显，没有胶原蛋白很快就垮了，黄种人只要保养得当一般四十多岁还是没问题的,615.648,1753034058,7a1afabc
1895738826291646720,严谨的德国人哈哈哈哈,462.399,1753024355,bde1c345
1895738886471520512,而且他们生很多孩子 生的女儿也多 我俄罗斯同学她有三个姐妹,706.277,1753041605,7021661
1895739008659984640,这种情况的话一般就是那个吃的多的全付了，关系好的话分别人一口吃的很正常,469.305,1753033834,7a1afabc
1895739055158038784,好问题,629.722,1753070638,bdcbba7
1895739211068707072,萨沙有几分像吉洪诺夫老爷子年轻的时候,649.648,1753071778,9e41d483
1895746442224785664,让我想到了鹊桥仙,527.913,1753081786,35861f7e
1895778905819131904,超超有点星期三的味道好喜欢,385.96,1753085656,73e93c18
1895840500003377408,哈哈哈哈哈哈哈哈哈哈哈,519.208,1753092999,ac1ed4e7
1895840530647078656,紫禁城风水养人,590.76,1753093002,c0d2264f
1895945062736117760,aa就是每个人付自己的，传到中国才变成均分,412.606,1753105463,84633020
1896015890890314496,新代表好可爱,639.956,1753113907,e871e898
1896039919974262784,哈哈哈哈,427.498,1753116771,415655f0
1896457049043406080,活泼可爱美丽，常驻！刷起来,688.508,1753166497,8cb4abb9
1896471204483626240,萨沙确实帅啊 是我喜欢的长相,657.64,1753168184,4ca66879
1896710320119313920,魂断蓝桥,514.263,1753196689,491addc9
1896934522319112192,哈哈哈，是我了,375.813,1753223416,a075ec79
1897173951436752640,一之濑这个妆造没之前的好显得臃肿突出,369.849,1753251958,6f99a845
1897176064527120128,这才是真正的AA AONE 各付各的,417.466,1753252210,6f99a845
1897249138144757248,哎呀超超好美呀这套,372.158,1753260921,d67a388
1897255003031584000,太可爱了,643.527,1753261621,290bcf14
1897330516752267008,四姐没变化，从以前就成熟,627.007,1753270622,7ea9d3d5
1897377323800974592,主要是德国比较严谨,427.117,1753276202,c76fd2
1897409726736857856,原来都是搜来的,571.539,1753280065,be125094
1897789980114699776,哈哈哈 不记得,540.606,1753325395,4227b274
1898072148510532864,高配版星悦,691.839,1753359032,2738fae5
1898073640089037312,我的男生同学也是，大学4年过去之后都不同程度发福了哈哈哈,603.928,1753359210,ba542c3c
1898583508701119488,最漂亮的不是五官吗，尤其眉眼,683.896,1753419991,ae954710
1898652758169973248,deepseek打钱,575.04,1753428246,2391701c
1898755732108109824,因为他们爱晒太阳 高油高甜 亚洲普遍相反,616.917,1753440521,636af638
1899233687024352256,法币还帅好可爱,403.744,1753497498,ad67615a
1899377441013676544,哈？,702.185,1753514635,2a7b6daf
1899524857746892032,我喜欢这种方式，不过最好点一些价位差不多或者好算的,476.688,1753532208,fbcf58ae
1899526800288205568,参考小李子,615.613,1753532440,fbcf58ae
1899527783693058816,好像俄罗斯婚礼和登记是同一天,703.421,1753532557,fbcf58ae
1899611392370790912,4,635.097,1753542524,82c776d
1899956477675331840,是晒伤妆啦,360.467,1753583661,9e6467db
1899975255272139008,这个好,400.959,1753585900,2c9403ee
1899976001933586944,那是因为西方吃饭（夹菜）的模式不一样 每个人分的很清楚,422.475,1753585989,2c9403ee
1899977800535069184,风大,542.187,1753586203,2c9403ee
1899980015152740352,测的好，就是真的好，测的不好，要相信科学,375.102,1753586467,3ad68769
1900241357915115264,怪浪漫,530.228,1753617622,5eebbb86
1900924116316678144,他也是混血吧,597.346,1753699013,c1f2fe77
1900991742497444096,老王好认真,506.845,1753707075,f6eb3d24
1900996645152891136,这个好！我喜欢这样,418.409,1753707659,59b380d7
1901491110711870976,引火烧身,657.108,1753766604,3465c430
1901544698834279680,哈哈哈哈哈哈哈,597.382,1753772992,92f8c01f
1901692904028990720,都一起吃饭的关系了感觉不用太计较吧，这是date诶,487.282,1753790660,71f360aa
1902424479079549184,是帅的啊，五官比例很好,657.34,1753877870,24d07282
1902473228065647616,我喜欢这样，感觉婚礼是给外人看的，不是给自己办的,717.867,1753883681,59b380d7
1903182158839680512,我和一位少年，漫步树林外,487.925,1753968193,a6894687
1903203390071653888,饮食问题,600.437,1753970723,5e85aa98
1903650610780700160,白人虽然不注重保养但没有容貌焦虑可以做自己就很好啊,633.202,1754024036,98decb5
1904495513727200768,这个小姐姐真的好漂亮啊 白白的,603.059,1754124757,3e5e834
1904532634147952640,堵桥来,511.379,1754129182,5bd65cde
1905080521651165952,喝酒喝的吧,597.515,1754194495,39d99fac
1905349996455302912,好喜欢去这样的，有人能懂吗,434.037,1754226619,6d90be6a
1906661267888835072,法币和一日代表眼睛一个色系,393.932,1754382935,1327ee61
1906662046133447168,这次总算到德国人震惊意大利人了,469.062,1754383027,1327ee61
1910284368769920256,因为花期短,698.558,1754814842,664d29dc
1912279399659960064,风在哪不都是一直在吹的么,542.249,1755052668,a8fe5ea9
1913210705083992832,萨沙确实帅，而且帅得很客观，这但没法否认,650.002,1755163688,d88d4d24
1913223966307712512,同事之间可以这样，朋友之间就没必要了,449.744,1755165269,96a9a0bf
1913292098959548672,萨沙确实是特别帅！,660.617,1755173391,7b914c00
1913346863013150208,这个真好,405.051,1755179920,fcf22efb
1916178758985921792,德国人哈哈哈哈,470.385,1755517508,41d23346
1921042340266008320,国外是各点各的套餐，适合aa，中国是一起吃同一盘菜，胃口不同，不适合粗暴的aa,412.351,1756097292,eea468e3
1921042881901795072,中国更难算，所以流行请客而不是aa,441.898,1756097357,eea468e3
1941566684721332736,这两个俄罗斯代表应该就是中国审美里最好看的那一类了,667.832,1758543985,e2e301a6
1944428565982548992,Dylan在写什么,388.052,1758885147,73aed9f3
1953188451575386624,确实帅,649.868,1759929407,194d9898
1960064942610599168,我29岁，孩子10岁。,709.896,1760749149,6a7c628d
1961074382902701824,啊啊啊这个音效好可爱,639.808,1760869483,c8711e27
1965454987081423872,我就这样，各算各的。跟朋友其实我也想这样，不然我感觉不太舒服,456.746,1761391692,d0b3063b
1969275411209221120,hhhhhh,585.68,1761847122,1e751c6e
1977842088578297088,严谨的德国人,480.692,1762868350,aedabb3d
1988648613126933248,妈呀，漂亮姐姐好可爱,643.948,1764156588,c847ffba
1996421042478379264,比aa更aa哈哈哈,415.493,1765083134,7177deef
2025581688474307072,亲兄弟明算账,428.978,1768559354,e5ebf93c
2066188182139764224,你也是 和前几季对比明显,589.72,1773400025,a16be46f
2068219040748953344,我喜欢这样,442.196,1773642122,f2fcfff8
,,0.0,1775683732.8000336,
lb.c,,0.0,1775683732.8000336,
,,0.0,1775683732.8000336,
1895737309572600064,哈哈比利时淡淡吐槽好搞笑啊,864.838,1752985668,47bbec08
1895737494264582400,2333333,743.492,1752989946,c76f245a
1895737546508833024,只能说世界之大无奇不有了233,828.615,1752990204,4944442d
1895737690583175424,？,788.371,1752992554,dbe23620
1895737828349284608,哈哈哈哈哈 就非要有证吗这,788.883,1752994668,fbf64f60
1895737890777305344,这么闭塞吗？,805.983,1752997401,ba65b856
1895738004753322240,比较严重的程度哈哈哈哈哈,1016.022,1753004556,94d50217
1895738144264261888,男：天王盖地虎 女：宝塔镇河妖,875.819,1753006816,47376c28
1895738162501095680,伊拉克也是什叶派国家,830.79,1753007084,43686648
1895738377685668096,对对对,886.688,1753016087,bc9fd41c
1895738640282652928,哈哈哈哈突然想起来戴卢可是不是对dating文化很懂,952.295,1753025347,fe4eee91
1895738693172826368,哈哈哈哈哈《这个华波波不一样》,729.19,1753024957,8d665d98
1895739065182425344,越压抑越开放,844.47,1753052006,65ec0af4
1895739149982863616,哈哈哈哈哈哈哈,907.322,1753065403,f7934ca3
1895769540794055680,前面俄罗斯遍地帅哥美女是真的,769.796,1753084540,4422ff62
1895824043836972544,弹幕突然收声了红红火火恍恍惚惚,734.198,1753091037,cc93cef3
1895828587920556800,这真的不是菠萝卖不出去的营销吗？,871.762,1753091579,1da0b061
1895947042497947392,第三次见面还是第三次嗯嗯？,1049.141,1753105699,c750ae38
1895949991009590528,宗教警察吗？,776.638,1753106051,9e41d483
1895971024152074240,中国人的经商天赋哈哈哈哈哈,917.26,1753108558,5a31e3ac
1896425506115668224,村？哈哈哈哈,953.332,1753162737,42570b8b
1896427127877063168,招展笑死我了,743.277,1753162930,9ec95bfa
1896494509345332736,开放啊,1029.735,1753170963,6a042d86
1896637560244685568,充话费式的结婚,813.804,1753188016,89807551
1896692754986387712,哈哈哈哈哈哈,983.273,1753194595,eac1fc5d
1896706299065560320,老王的眼神在冒星星,838.313,1753196210,d8e5f363
1896713955582526208,天逊尼派和什叶派，想到追风筝的人了,829.491,1753197123,491addc9
1896841388705377280,这跟我们这的警察查房有点像…哈哈,805.028,1753212314,88971e98
1896937991939779840,？？？？,786.906,1753223830,a075ec79
1897123754787030016,哈哈哈哈哈哈哈哈哈哈哈哈哈哈,1020.411,1753245974,45654410
1897176574395630080,来了，直接加长版,974.739,1753252271,d9749c34
1897380653918993152,哈哈哈哈～lady first～,753.071,1753276599,c76fd2
1897380942050808832,短期啦～长期啦～,765.871,1753276634,c76fd2
1897383124666121728,哈哈哈～A到Z～,976.347,1753276894,c76fd2
1897383569446710784,比较严重的程度～红红火火恍恍惚惚～,1015.942,1753276947,c76fd2
1897383907826628352,姐妹们～,1052.127,1753276987,c76fd2
1897551369599046400,可以鼓掌了,1016.475,1753296950,d14d0ec
1897727145607336704,搞对象笑死我了,941.281,1753317904,68db616f
1897898291362938112,YOYO,769.419,1753338306,3dc677eb
1898076736198329856,哈哈哈哈哈哈四姐,967.648,1753359579,ba542c3c
1898220515982619136,哈哈哈哈什么时候看到这个lady first才不会笑啊哈哈,749.918,1753376719,e8cc9494
1898515580160908800,真就体验卡,785.517,1753411893,a18ccce
1898531542490707712,太好笑了hhhhhh,995.742,1753413796,8020f1b7
1898584831534084096,感觉和苏格兰那种男女校联谊会挺像啊,958.956,1753420148,ae954710
1899333614798306816,哈哈哈哈哈哈哈哈,890.75,1753509410,48caf715
1899493708169050112,这是真的 ,810.963,1753528495,49612456
1899558765339352320,哈哈哈哈哈哈哈哈哈哈，有点太诚实了哈,1041.266,1753536250,37dfb466
1899559089802601216,雷妹妹～,1054.905,1753536289,37dfb466
1899632198056381952,华波波很可爱,860.822,1753545004,ddcb952e
1899690611263457024,这个是真的，我伊朗朋友们都证实了,809.166,1753551968,881ef171
1899980184409419520,我还记得诶,767.393,1753586487,2c9403ee
1899980554649404160,救命,801.518,1753586532,2c9403ee
1900176913918403840,老王。我喜欢的,836.184,1753609939,d7c68202
1900207702098475264,什叶派和逊尼派能坐到一起聊天也只有非正式会谈。,831.444,1753613610,253cfa97
1900855482026004736,挖坑了开始，准备回家跪搓衣板了卢可,963.641,1753690831,18259142
1900982139454146048,以前就说过啦,795.933,1753705930,1606bf27
1901030304811390976,真敢问啊大左,1041.459,1753711672,bba3e7b3
1901030501683674368,特殊类的hhhh,1063.512,1753711695,bba3e7b3
1902475393005930752,认真，不是严肃,1021.238,1753883939,59b380d7
1903582328761517312,讽刺的不是波波是国情,851.615,1754015897,1ddd0afb
1904394075097533952,哈尼克孜,728.514,1754112664,712639ae
1904496876288851456,哈哈哈,729.753,1754124919,3e5e834
1904516940261635328,哈哈 被说中p图了,897.961,1754127311,357dee8e
1905292868248203776,哈哈哈哈哈温州人也是站起来了,922.793,1754219809,94dc5d7b
1907465783345827584,大左池州人，差一个字,930.583,1754478840,e06a0bba
1909633575939544320,哈哈哈哈扬扬补刀,729.343,1754737261,d7fb52ee
1909637115907104000,哦～,1068.756,1754737683,d7fb52ee
1910217713125871872,不愧是北欧,991.337,1754806896,7419d9b6
1910285333971808000,开放式保守,800.19,1754814957,664d29dc
1916182003120834304,好神。。。,800.571,1755517895,41d23346
1918092995408932352,买菠萝是吧哈哈哈哈哈,841.599,1755745703,cae536f2
1919839034780907008,哈哈哈哈哈哈哈哈哈哈,1016.446,1755953847,b9f358ce
1920303224746295040,BGM怎么这么燃？,900.242,1756009183,99536495
1929266071559254528,比较严重哈哈哈哈哈哈哈哈,1020.019,1757077637,467053b4
1932278720392444672,严重哈哈哈哈哈哈哈哈,1008.878,1757436773,52ac390e
1933442446847667968,华波波像非正的逗号，哈哈哈,734.125,1757575500,df58247e
1939900940560154624,搞对象哈哈哈哈哈哈,944.041,1758345412,add21500
1941083294070661888,熟悉的音效又回来咯,760.233,1758486360,50b86bf5
1961012560908661760,肯定有,975.077,1760862114,bfa2ee3f
1969395654430585856,大家都知道的话还叫暗示嘛哈哈哈哈哈哈哈,861.564,1761861456,7ed3ebc
1969396057905913344,华波波每次发言都特别有梗 综艺里缺不了这样的角色,868.073,1761861504,7ed3ebc
1977846831144786688,哈哈哈哈哈哈哈哈哈哈,1044.084,1762868915,aedabb3d
2024171551549188864,！！！,787.638,1768391252,6151813e
2026922242222668544,米兰的男模大部分超级无敌穷,1070.323,1768719160,aef87158
2059722213967966208,啊？,1009.869,1772629221,75a3ab51
2059722648640373248,stop 哈哈哈,1044.827,1772629273,75a3ab51
2068224214867537408,感觉这样离婚率好高,1056.652,1773642739,f2fcfff8
,,0.0,1775683732.8000336,
lb.c,,0.0,1775683732.8000336,
,,0.0,1775683732.8000336,
1895737366690631936,被杨迪笑死，哈哈哈哈哈,1112.633,1752986394,eb069b0d
1895737511729664256,婆婆选好了，双方家长见面一次就订婚了？？这么快，和父母之命有啥区别,1166.095,1752990929,5866b398
1895737822007496960,保持神秘感么,1177.151,1752996054,13ee2db9
1895737846460289280,想起唐大哥开车尾随着送老婆哈哈哈哈哈,1216.937,1752995154,fbf64f60
1895737857038323968,陈老师还是会  doge,1334.87,1752995706,fbf64f60
1895737911757213952,哈哈哈哈他吓死我了,1277.525,1752996969,1091612d
1895737960989954304,哈哈哈哈哈哈,1249.715,1753005457,81e32263
1895738084084388096,那怪不得有些时候会吃西餐，因为这样不能玩手机，就会被迫了解对方哈哈哈哈哈哈哈哈哈哈哈,1364.499,1753010046,4e76690
1895738115080294656,说得我都心动了,1313.062,1753001868,755ab053
1895738130582442240,阿雷是真的在为姐妹们考虑啊！,1091.08,1753006285,2394c70f
1895738138786500864,打羽毛球！双打！,1265.968,1753011691,3820b86
1895738178909212928,四姐好喜欢陈老师感觉哈哈哈,1293.779,1753005068,34ea35bf
1895738260974964992,好像伦和四姐都没说？,1306.348,1753009512,e9983320
1895738350330417408,那岂不是完全不了解彼此,1188.238,1753015487,7e01a787
1895738449718644992,还是不一样，父母之命很多面都没见过,1191.878,1753016191,eabe6363
1895738783434248448,知道的不少,1094.625,1753026745,1952548b
1895738787083292928,《再见XX》那段时间的经历给陈老师整工伤了,1245.564,1753025428,8d665d98
1895739087068303616,难怪爱密室剧本杀呢,1281.948,1753071847,a05ec9c0
1895739136301043968,我喜欢看电影，因为不想交流,1267.296,1753063459,3e15afd5
1895739137215402240,赶鸭子上架,1347.576,1753073156,2b09e628
1895739334171529472,有点难评,1318.96,1753077674,6d52a3e9
1895842592684773632,老王好搞笑,1207.55,1753093248,a384683a
1895888808210444032,跟古代似的,1200.836,1753098757,80d76961
1895902850890865152,…男方视角吧，感觉作为女生并不喜欢,1329.906,1753100431,e1f0140c
1895907698449826816,唐小强好像也是这样认识老婆,1154.003,1753101009,7bf5ae5
1895953890084972544,得有个电灯泡,1201.966,1753106516,9e41d483
1895962814724877312,那大家性格都还没合得来咋办,1185.106,1753107580,70be7902
1895975507275771648,杨迪这个上热搜了哈哈哈,1108.05,1753109093,ab62fb5b
1895988325479763456,去逛宜家,1339.945,1753110621,24b0ce4c
1896001397800507136,真的，太套路了,1348.596,1753112179,b7453a45
1896033498947616256,我服了华波波了哈哈哈哈哈哈哈太搞了,1272.126,1753116006,11d561a5
1896422520862296576,陈老师说的前提是两人暧昧期只是临门一脚而已,1358.888,1753162381,2aa70d44
1896426994623953152,好古老的相亲模式hhh,1133.837,1753162914,42570b8b
1896548231191151360,爱情保安,1196.722,1753177367,445a39f6
1897115090000851712,经典来了,1111.63,1753244942,e0632c99
1897117071960705280,人家举例，只是解释吊桥效应,1318.362,1753245178,e0632c99
1897186435279557632,吃完再喝一点 酒壮怂人胆,1334.617,1753253447,6f99a845
1897384505070132992,红红火火恍恍惚惚,1112.117,1753277058,c76fd2
1897392014317188864,陈超好美好美！！！,1426.702,1753277954,dc39d7d8
1897729822839930624,世界的参差，有趣,1233.017,1753318223,68db616f
1897855084101036544,来自游牧的习俗,1150.008,1753333156,5e6db3f9
1898585785360270080,母单：别碰我的拼图！！,1322.878,1753420262,d5851018
1898586013228955136,非诚勿扰哈哈哈,1245.808,1753420289,ae954710
1898765709031333376,哈哈哈哈哈哈哈哈哈哈哈哈哈哈哈哈哈,1275.348,1753441711,da4a6923
1898851449120022784,真的好合适啊,1430.582,1753451932,85cd1b5c
1899312175110448384,伦儿呢,1370.097,1753506855,7b9475a0
1899329727408561920,\,1359.942,1753508947,4a475a07
1899340591771536128,对对对,1347.304,1753510242,48caf715
1899531646009486080,哈哈哈哈哈哈哈哈,1119.064,1753533017,fbcf58ae
1899651269212594688,做ai算不算呀,1266.478,1753547278,395ce43e
1899780832588526592,想到阿拉丁,1168.616,1753562723,fdcf0543
1899876594664020224,二十年前，唉，可怜的伊拉克人,1125.95,1753574139,51a708fa
1900212638299047936,在说什么？？？。？,1322.045,1753614198,75f02d2b
1900722697047418624,毫无违和感,1415.779,1753675002,29c7c55b
1901576106294143488,短期太奇葩了,1240.402,1753776736,92f8c01f
1902428555867433472,哈哈哈哈哈哈哈哈哈哈哈,1118.455,1753878356,24d07282
1902447002861027584,哇哦,1434.024,1753880555,623dd44
1906668414924016896,中东保守很多了,1144.039,1754383787,1327ee61
1907251422123737856,又到了羞耻小游戏环节哈哈哈哈哈,1398.192,1754453287,654346f5
1907263650541381888,小手段其实是感情蛮好的调剂，但不能没有真心，完全带着戏耍的心态去对待这段感情,1349.382,1754454744,952047f4
1910146676505643008,我要随时看华波波表现,1317.301,1754798428,738a73b
1910248152247194112,波波好可爱啊,1281.79,1754810525,edd6e64f
1911636225866354432,大左嘴替,1348.514,1754975996,954b058c
1911638478308513280,会长太懂女孩儿了哈哈哈,1347.81,1754976264,67c7bc24
1915402208338718720,卢可感觉又风流又老实,1084.624,1755424936,ef46f1d4
1916203344989683968,哈哈哈哈哈哈哈哈哈哈,1329.324,1755520439,d775399
1916742088792471552,牛蛙,1362.372,1755584662,613512da
1925311132990941184,逛宜家 看着那些温馨的家具 很容易构想两个人的未来,1337.444,1756606172,df324538
1929268457724077056,哈哈哈哈哈哈哈哈哈哈,1275.517,1757077922,467053b4
1937975455273985792,哈哈哈哈哈哈哈哈,1106.973,1758115877,945a6cd2
1943658342291830528,希尔顿环境真好,1399.929,1758793330,67fd89f
1953022555216956416,华波波哈哈哈哈哈哈哈哈哈哈哈哈哈哈哈哈,1282.728,1759909631,6e0df0f6
1958150579830921472,太功利性了,1332.809,1760520939,b2d06e53
1969280974567563776,梅丽莎真的好漂亮天哪,1208.194,1761847785,1e751c6e
1988656174098097408,小强也说过类似的，不敢多跟未婚妻见面，都是开车去接她然后远远停在家门口,1175.521,1764157489,c847ffba
1990319103688432128,妈妈结婚的时候？,1147.433,1764355726,d584df77
1995218600776512512,这眼罩好，能不能打包给酷滕送去,1420.12,1764939791,1dcdda72
2003692298001184000,我想要逛海洋公园的时候，他悄悄塞给我一个戒指,1341.086,1765949935,989ff3be
,,0.0,1775683732.8000336,
lb.c,,0.0,1775683732.8000336,
,,0.0,1775683732.8000336,
1895737232665841920,说了什么,1594.545,1752985968,8d60efce
1895737282477396224,哈哈哈哈哈哈哈老王搂住,1716.563,1752986236,f69ff094
1895737326240764160,老王：和我有什么关系,1743.272,1752986542,f69ff094
1895737564225573120,哈哈哈哈哈哈哈哈哈哈哈哈哈哈哈,1663.052,1752991877,a4557f7c
1895737579727720704,哈哈哈哈哈哈哈哈哈哈哈哈哈,1636.993,1752990432,534bf33e
1895737602217578752,吊桥效应,1656.035,1752993518,e967e3fc
1895737608274153728,这里为啥不放正片很好笑啊,1789.469,1752990046,1549437e
1895737615337361664,安全,1603.757,1752991580,6cf1571
1895737656718364928,哈哈哈哈哈哈哈哈这个眼罩哈哈哈哈哈哈,1749.409,1752991974,a4557f7c
1895737658731630848,哈哈哈哈哈哈哈哈哈哈,1497.584,1752991702,a4557f7c
1895737668823126272,哈哈哈哈哈哈哈哈哈哈,1545.58,1752991754,a4557f7c
1895737706764800256,看热闹不嫌事大哈哈哈哈,1701.323,1752994786,e868d6e6
1895737718181695744,笑不活了哈哈哈,1671.507,1752992796,4ae1ebd8
1895737814768128256,哈哈哈哈,1782.453,1752994589,b594b266
1895737824725405952,老王：我尽力了啊,1754.151,1752997563,1091612d
1895737939104076032,哈哈哈哈哈,1709.189,1752997498,1091612d
1895738000198308096,哈哈哈哈哈哈哈哈哈哈,1628.753,1753004360,71c28bd0
1895738021169828096,哈哈哈哈卧槽杨迪哈哈哈,1492.948,1753000323,6cdd056d
1895738075871940864,贴贴好可爱,1567.309,1753002223,2f1c4333
1895738098672177408,原来加长版加在这里,1699.212,1753003076,5465c709
1895738121464025344,哈哈哈哈哈哈哈哈哈哈,1656.539,1753006018,81e32263
1895738373122265344,波波刚刚说话好像老王的口音哈哈哈,1796.676,1753015888,5404f33
1895738395922501888,米可！！！！,1494.288,1753016707,d89d8cbd
1895738397742829824,米可，危，速回！,1492.03,1753013682,6ee65ea5
1895738456102375680,四姐说了啥！,1582.96,1753017881,f81c7508
1895738627515191552,牛,1558.58,1753021306,7d9f8a33
1895738699556557056,讲什么！哈哈哈哈哈哈,1774.953,1753027907,516113ea
1895738810789499136,非直男会谈,1748.073,1753027865,516113ea
1895738985868136704,怪不得没放到正片,1789.951,1753031556,b92fb27d
1895739133566357760,哈哈哈哈哈哈哈哈哈哈,1762.617,1753066553,f7934ca3
1895739144513491200,拦精灵,1581.015,1753073028,f48d5c83
1895739149068505344,拦精灵,1582.704,1753073049,f48d5c83
1895739154537877760,哇,1560.601,1753066056,f7934ca3
1895739172774711552,华波波哈哈哈哈哈哈哈哈哈哈或或或或或或或,1799.497,1753066590,f7934ca3
1895739264873238784,中东组合,1693.461,1753073158,f48d5c83
1895739308636606720,华波波啥都说啊哈哈哈哈哈哈,1775.347,1753078501,5b74304e
1895739310456934656,海带也不是植物,1531.538,1753076872,9cc5a9be
1895739313200009472,？！,1776.766,1753076889,3f6b3267
1895739330522484992,果然是加长版才能看的,1781.375,1753076921,3f6b3267
1895906831025530112,口水哈哈哈哈哈哈哈哈哈哈哈哈哈,1739.304,1753100906,e1f0140c
1895940225822895104,发币好可爱,1554.87,1753104887,9a5f75b6
1895974871134098176,梅丽莎真的好可爱好漂亮,1474.056,1753109017,5a31e3ac
1895977277180010240,这一期简直好笑到爆炸,1743.416,1753109304,5a31e3ac
1896089730320659968,好萌的两个人。。,1564.681,1753122709,7388c77a
1896307287158110464,俄罗斯小姐姐好有节目效果哈哈哈,1702.016,1753148644,13ab9171
1896334982533370624,给我笑岔气了,1755.375,1753151946,708e4a48
1896396461777172992,啊啊啊啊啊啊啊啊啊啊啊啊在干嘛,1496.598,1753159274,fe4eee91
1896555342020727040,直接笑喷哈哈哈哈,1562.963,1753178214,ff3287e5
1896610434808184320,伦想说毛肚吧 因为他那面是有颗粒的,1620.755,1753184782,c89ae7d7
1896662305044209920,每次会长都害怕的掉了,1527.119,1753190965,273d9554
1897190863994496256,这个太好猜了,1574.051,1753253975,6f99a845
1897283620088294144,美国内战,1568.439,1753265032,9c211b2d
1897402826846586880,这能播吗华波波,1775.465,1753279242,3c4a8341
1897475776413565696,我不行了哈哈哈哈哈哈,1768.852,1753287939,9cdf46e6
1897754977691536640,杨迪真的鬼点子一箩筐,1641.181,1753321222,ecd0b892
1897864109346135552,小姐姐气氛组的～,1695.088,1753334232,c76fd2
1898059525744480512,哈哈哈哈哈哈哈哈哈,1472.659,1753357527,60ea1822
1898060394963528192,为啥不让佛罗伦萨上啊,1576.261,1753357631,60ea1822
1898130261355317248,哈哈老王想说暴雨,1538.209,1753365959,a725bfc4
1898587923558453760,杨迪直接尝出来了哈哈哈哈,1542.474,1753420517,ae954710
1898588979633806848,哈哈哈哈哈这段Dylan小女生的感觉太好玩了,1656.928,1753420643,ae954710
1898633274117548032,西八 笑不活了 哈哈哈哈哈哈哈哈哈哈,1782.398,1753425923,60e24333
1898657403714124288,发币好厉害,1536.51,1753428800,470dd9de
1898864820091084288,涛涛,1594.511,1753453526,e3470321
1900014385343060224,弹幕呢，怎么没有弹幕？,1474.018,1753590565,3ad68769
1900014950055944192,我都没有看清是什么东西,1520.297,1753590632,3ad68769
1900015779680882944,猜得太大胆了,1611.896,1753590731,3ad68769
1900016341843597568,看起来好想笑,1648.607,1753590798,3ad68769
1900078932972598272,哈哈哈哈哈哈哈,1776.629,1753598259,ecc35430
1900293250909070848,老王稳如泰山,1723.35,1753623808,968d7bd9
1900353048833126144,味道应该有的,1618.131,1753630936,10c54e37
1901001124350363392,发币好可爱啊,1578.257,1753708193,2c9403ee
1901002382926510592,太可爱了,1672.273,1753708343,2c9403ee
1901764467755164416,哈哈哈哈哈哈哈哈哈哈哈哈,1750.736,1753799191,ddafd2e4
1902238942640826880,这个眼罩好适合老王,1731.008,1753855752,65067beb
1902284649590899712,华波波这么钢铁直男吗没想到哈哈哈,1769.312,1753861201,f5de49c4
1902909050661155072,弹幕呢 四姐说的啥,1582.34,1753935636,2e93938c
1902910756887219968,Dylan的破碎感哈哈哈,1644.472,1753935839,2e93938c
1904506363838182400,哈哈哈哈哈,1741.394,1754126050,3e5e834
1904506528892481536,好奇怪的画面,1761.072,1754126070,3e5e834
1905000656431964672,这个眼罩我不行了,1754.1,1754184974,f5f7f31f
1905339129458194176,再靠近一点点,1456.9,1754225323,ba077aef
1905766002156188416,我嘞个豆,1448.318,1754276211,cdc7bc83
1906135497672774400,哈哈哈哈 加长版果然不一样 我再敷面膜啊  哈哈哈哈 ,1748.007,1754320258,8a4bf8c9
1906673310826237952,中东族,1687.411,1754384370,1327ee61
1906748234274702336,哈哈哈哈哈哈哈哈哈哈哈哈哈哈哈哈,1762.638,1754393302,b145d3d2
1910390807304161024,我要笑疯了哈哈哈哈哈哈哈哈,1627.006,1754827530,8815c960
1915932755691390976,这也太。。。,1487.198,1755488182,51f2909e
1915934066629406464,哈哈哈哈哈哈哈哈哈哈哈哈哈,1643.477,1755488338,51f2909e
1915934230198990336,哈哈哈哈哈哈哈哈哈哈哈哈哈,1663.022,1755488358,51f2909e
1915934679484266240,哈哈哈哈哈哈哈哈哈哈,1716.53,1755488411,51f2909e
1915934832542999808,哈哈哈哈哈哈哈哈哈哈哈哈哈哈哈哈哈,1734.857,1755488430,51f2909e
1920310407324203776,两伊贴贴,1684.752,1756010039,99536495
1921056005467708160,可爱的发币,1554.389,1756098921,912b4cef
1921058110144466944,哈哈哈哈笑得肚子疼,1664.435,1756099172,912b4cef
1930616796109848576,哎呀,1498.221,1757238656,8f57e35c
1938813363061097472,一个奖励杨迪的游戏,1634.819,1758215763,c1c7a66
1942229667884861184,笑得我肚子疼,1783.88,1758623018,b85033c1
1952519966591265280,每次都没接住哈哈哈,1520.245,1759849718,3d553d69
1962432760279010816,我真不行了了太搞笑了哈哈哈哈,1734.276,1761031415,54f7b9d0
1967644616455633664,哈哈哈哈，这个女孩子好可爱，又害怕又好奇哈哈哈,1476.902,1761652716,eb09f285
1968988588058839552,hhhh小姐姐演员的诞生,1698.466,1761812930,269700bc
1970989897527898112,对吗？,1782.473,1762051505,9d717ee2
1981226523604447232,哈哈哈哈哈哈哈哈哈哈哈哈,1648.361,1763271806,1a09d87c
1988660542331797248,四姐说了“安全T”吗,1582.049,1764158010,c847ffba
2000956881128648192,笑得我肚子疼,1562.666,1765623848,e8b22811
2072032170285543936,大左这里为什么吓得抖了一下哈哈哈哈哈哈,1649.79,1774096682,f82fb2da
,,0.0,1775683732.8000336,
lb.c,,0.0,1775683732.8000336,
,,0.0,1775683732.8000336,
1895737421099143424,是隔壁陈鸣飞写的吧？,1945.554,1752987539,25b5c0fd
1895737422600704256,笑死哈哈哈哈哈哈哈,1861.726,1752987442,eb069b0d
1895737448110461184,不容易,1967.315,1752987565,25b5c0fd
1895737537650462976,笑死哈哈哈哈哈哈玩呢,1864.313,1752989866,adb42c8
1895737540972351744,玩儿呢,1860.902,1752989950,aaf3f032
1895737543203721472,哈哈哈,1815.18,1752989891,aaf3f032
1895737661759918336,哈哈哈哈哈哈,1802.631,1752992030,a4557f7c
1895737678914621696,但是体力劳动可以被机器替代，和ai有微妙区别,1970.153,1752991856,5866b398
1895737721998512384,哈哈哈哈哈,1864.31,1752993989,f3d0b903
1895737806614401280,AI能归纳总结现有信息，但无法创新,1995.774,1752997135,13ee2db9
1895737953691865344,工业创作可以，纯艺术不好说,1978.137,1753000003,8e57c960
1895738031194214656,20元手续费省下来了(ಡωಡ)hiahiahia,1903.052,1753004359,39499903
1895738391359099136,我家也有这个碗,1838.498,1753016417,c2e21b9d
1895738396828471552,妈呀陈超好厉害,1945.204,1753016803,cd8ee3cd
1895738416894021888,100块，哈哈哈,1895.824,1753017896,a9208369
1895738540927979776,超超好甜,1939.237,1753019045,8d117f15
1895738575547764992,有胡子应该感受不到吧,1808.657,1753017627,af72eec3
1895738673107276032,不是地铁卡了么,1892.499,1753022773,9c94b6bb
1895738779793592576,ai是用三推一，人脑是举一反三，本质区别,2024.616,1753029280,f9656259
1895738857295941888,玩儿呢，我一个广东人说不出的儿化音,1868.306,1753032504,9ef562ec
1895738900144951552,我觉得体现人情感的东西最不应该被取代，我是看小说的，如果我看的小说都是ai跑的我会死,1994.923,1753053765,5dbe0dac
1895738918381785344,不一样，至少现在的ai没有人脑会抽风（bushi）,2030.729,1753060518,d1e240cc
1895738950300438784,哈哈哈哈哈感情是在玩儿我们呢,1867.398,1753065521,91850ea9
1895738973092286720,聪明的人才看得到（,1851.057,1753066879,532bb614
1895739025076490496,上次还在说地铁卡扣费不好，立马就改转账了，真的听劝,1909.288,1753064244,3e15afd5
1895739121713254656,陈鸣飞的那个刚看完节目吧哈哈,1956.389,1753072388,df6e1fa7
1895739304081592576,哈哈哈哈太像了,1944.846,1753074038,f48d5c83
1895797243433331456,我去,1891.668,1753087842,35861f7e
1895797705813389056,当然不是,1970.665,1753087897,35861f7e
1895872207323318272,ai的数据库全是人给的,2052.858,1753096778,9f5269ce
1895957325815673088,口条真好,2151.186,1753106925,42cad9e5
1895973581704601344,老王好可爱,1844.968,1753108863,692c8ed6
1895992999780010752,华波波也算猜对了,1803.433,1753111178,24b0ce4c
1896092358488199936,我服了怎么这么好笑，老王真的穿了个香蕉牛奶。。,1821.385,1753123022,7388c77a
1896403149620117248,首彩回来打钱！！！,1815.544,1753160072,fe4eee91
1896658760060214528,老金主啊哈哈哈哈哈哈哈哈,1821.352,1753190543,abb3bea8
1896690759756227584,那是服务器和算力限制而已,2125.293,1753194357,b927edf8
1897017590325956608,刘慈欣的诗云,2043.276,1753233319,78c4204e
1897149153428556800,并不会被取代，就那ai原理来说，他是学习的技术，要是没有真人的作品投喂他，而是ai直接互相学习，最后肯定会失去人类所能体会的美感,2017.769,1753249002,af7c4445
1897160788939608064,AI取代不了大师，但能取代普通人，但我们大部分都是普通人,2028.594,1753250389,b0fb79b9
1897196044832664832,不会的 AI没有灵感只是个参考文献的价值,1999.815,1753254592,6f99a845
1897230944923557632,AI确实，一眼看得出AI,2056.543,1753258753,c05066cc
1897282352929849856,您,1876.848,1753264881,290bcf14
1897313971196141824,68+6+,2070.556,1753268650,676c84ca
1897315932888971776,只能模仿，不能取代,2003.459,1753268884,90b41f69
1897321705291076352,我觉得同意的人说的不是高端审美的艺术，他们说的是快时代创作,2090.686,1753269572,55d83f10
1897326315100134656,太厉害了哈哈哈哈哈,1950.759,1753270122,45654410
1897355364035362560,顶级的取代不了，中间底层会被取代,2092.654,1753273584,7ea9d3d5
1897404209155208704,自从知道地铁卡退费事件之后就换成转账了吗,1896.51,1753279407,3c4a8341
1897472786134957568,陈鸣飞投的吧,1948.859,1753287582,20c78ca8
1897763556578141440,这AI卡壳,1962.905,1753322245,28dcc9f6
1897865698693655296,《精彩葡萄酒》,1811.436,1753334421,c76fd2
1897865887454275072,能用的,1823.216,1753334444,c76fd2
1897975346582936832,画家的画有人买，AI的画呢？我觉得人类不会给AI的画赋予价值,2087.338,1753347492,ace2f97d
1898153206907890944,他俩节目效果已经出来了，拿到奖品不过分,1887.829,1753368695,44f44cf9
1898155156404016128,现在ai训练出的图基本都是侵权的，还不知吃了多少有商业版权的图,1990.896,1753368927,c4640bae
1898227304531014400,陈超超陈超超陈超超～,1935.987,1753377528,e8cc9494
1898497181946647040,华波波太搞笑了hhhhhh,1828.307,1753409700,6a79158e
1898589823536064768,那个脱口秀的哥们吗,1965.639,1753420744,ae954710
1898617694602120704,100元哈哈哈哈哈哈哈哈,1897.022,1753424066,25a98a6b
1898762572212570112,哇厉害了,1941.185,1753441337,eeae67ec
1898770444551886848,哈哈哈哈哈哈哈哈哈,1812.799,1753442275,da4a6923
1899295846349428736,深度学习型会成长,2061.503,1753504908,2233a413
1899311810357134336,陈超超超超哈哈哈哈,1937.372,1753506811,8020f1b7
1899619007338927616,可以的,2140.384,1753543432,f6a66d6c
1899619192483758592,辛苦阿雷了 这么一大段  我都要背半天,2145.64,1753543454,f6a66d6c
1900289831134223104,好丝滑,2143.5,1753623400,6908d584
1900727826387780608,直接转账了，不是地铁卡了,1890.432,1753675613,29c7c55b
1900864257726569216,奇马蓝,2054.335,1753691877,75f02d2b
1900992991485978112,好的画家并不会,1994.973,1753707223,1606bf27
1903906590856424448,对，所以对资本来说是好工具,2119.356,1754054552,c29ddf0d
1905365491481060352,首彩葡萄酒～味道不一样～,1814.065,1754228466,ba4142a8
1905383944120050688,ai i不会创造需求，只会解决人类的需求。,2031.372,1754230666,2ad516b
1906676777745390080,阿雷服装好潮哈,2100.595,1754384784,1327ee61
1907503470140018176,作家，和画家不会。但从事写作行业和设计行业的可能会受到影响，纯商业的会受影响,2014.591,1754483333,f5dd2f0d
1907711567622271232,一个画家的画上千或者上万我都觉得值得，但ai产的图最多一块钱,2110.855,1754508140,b59d3043
1909643331546811648,哈哈哈哈哈哈哈,1802.537,1754738424,d7fb52ee
1913366840508620800,有一只萨摩耶就叫陈超超哈哈哈哈哈,1930.9,1755182301,b30a9c4b
1915224874843617536,前面的萨摩耶的别走,1937.599,1755403796,32f67cc0
1915935882930912000,哈哈哈哈哈哈哈哈哈哈哈哈哈哈哈哈哈哈,1859.99,1755488555,51f2909e
1922480732891760896,陈鸣飞投稿,1994.089,1756268762,8dd2ba4e
1928560476044906752,ai会替代那些水平不高的人，真正的艺术家和作家是无法替代的,2055.3,1756993524,cfd3a899
1930620440054015744,现在AI技术还不成熟，以后就不知道了,2042.591,1757239091,8f57e35c
1950374312087470592,可以娱乐，但没有深度的东西,2005.631,1759593936,5ff286de
1953028710341331200,当然不会,1991.043,1759910365,6e0df0f6
1966172314316318464,好可爱啊这两个人，萌萌的,2019.752,1761477204,1ee5697
1970992051982448640,其实AI给创作圈子带来了很多好处，痛苦的是那些想不劳而获的人，AI反而将这些人筛选掉了。,1971.291,1762051762,9d717ee2
1970992805346750208,想要不被取代就得进步，人类是一直在进步的,2037.466,1762051852,9d717ee2
1980015234983286272,画手可能会，画家不会。写手可能会，作家不会。,2003.369,1763127409,916232ae
2004595551308142848,笔触这个东西AI永远做不到,2129.602,1766057611,ffa3828d
2027798215826511616,有道理哦,2053.34,1768823584,8f58d927
,,0.0,1775683732.8000336,
lb.c,,0.0,1775683732.8000336,
,,0.0,1775683732.8000336,
1895737322071625984,哇，倒过来的角度，不错,2320.614,1752985858,bc12bdcf
1895737389348262144,1000个人欸,2404.742,1752986739,1262b263
1895737464325640448,伦的观点每次都好深度,2429.52,1752988798,dd38837b
1895737568671535360,萨沙确实越来越厉害了,2188.029,1752990345,4bb6c894
1895737635520352512,AI学习能力强能模仿但是创新上暂时还做不到，给他看某个画家的画，他能模仿但是要他有自己的特殊风格还做不到,2307.016,1752992123,da8612fa
1895737675886334208,对对对,2518.778,1752992832,a4557f7c
1895737868891427072,来自四姐的认可哈哈哈哈,2383.869,1752995522,e868d6e6
1895738095023132928,其实就是说ai没有创新能力,2449.334,1753007080,fbf9b322
1895738186207301888,黄子宝宝！,2478.478,1753010860,d93d12d4
1895738219937894656,普通话越来越纯正了,2340.564,1753006552,2f987c3c
1895738308387377408,简单且周而复始的工作不会被AI取代，他们只会被机械化和自动化取代,2177.8,1753012446,da6fca28
1895738539074097408,可是这样的画家真的很少啊,2355.484,1753016161,cb47e4db
1895738633898922240,肯定是指定啊,2166.696,1753023213,691ef385
1895738659433844992,厉害,2461.836,1753022215,7d9f8a33
1895738860030628096,ai只能生产“产品”,2438.121,1753027530,9cc53f64
1895739034186518784,伦儿说的好有深度,2417.125,1753066030,91850ea9
1895739151803191552,老王说的对,2249.4,1753067040,f7934ca3
1895739188276859136,罗师杰在做捧哏,2338.921,1753070661,5268d633
1895779537472677120,很喜欢伦二这个比喻,2442.524,1753085731,3a31dcb7
1895880915561975552,说的确实好,2456.856,1753097817,db27ad6e
1895903241901117696,哈哈哈哈哈哈哈哈哈哈哈哈哈哈哈哈哈哈哈,2382.245,1753100478,4365b2b7
1895978595307183360,黄子！,2470.27,1753109461,692c8ed6
1896020644002007808,我真的我好多次都和萨沙一种选择，高度重合,2355.219,1753114473,683bd9b9
1896387667051097344,创作过程本身也很迷人的！,2197.312,1753158226,1195ac4c
1896391286534280448,我觉得最多AI的作品和人类的作品放到平等位置去欣赏，不会谁取代谁，就像人类不会只需要一个艺术家。,2329.047,1753158657,1195ac4c
1896433511490107392,伦真的每次都说的很好,2449.736,1753163691,dd1dd59f
1896446842347168256,对的。还很无厘头,2510.941,1753165280,9ec95bfa
1896478238348470528,AI没有人所具备的“灵性”，这个是根本区别。,2484.776,1753169023,130b1ee9
1896481816450316288,但那么多著名的画家，活着的时候都没见到自己画出名啊，现在这个行业，艺术还是单纯的艺术吗,2362.688,1753169449,21030a05
1896495205256114944,英专生落泪,2257.924,1753171046,272cb156
1896500684711484672,说白了AI都是把现成的 现有的知识告诉你 它无法创新 没有创造力 也不灵活,2475.575,1753171699,fc8a9b09
1897059227684406272,现在门铃还是用的那个，后面的杨紫琼没必要，前面的那个欢迎来到毛雪汪还行,2509.318,1753238282,35645b71
1897154550214244864,现在小说好多都是ai写的,2317.184,1753249646,d7cb2127
1897198418581828096,更像是Freestyle的,2163.42,1753254875,6f99a845
1897285342076082688,中东人好爱用具体的比喻 好玩,2241.494,1753265237,290bcf14
1897353535075926016,哇伦儿讲得很好,2457.048,1753273366,bbeae81b
1897433976919450368,AI可以帮你炒作 帮你买热搜 买水军 坏的也会变好,2340.159,1753282956,d844b0d7
1897838265261261568,ai创造现在最大的问题是版权，它的数据哪来的？,2329.257,1753331151,9cdf46e6
1898170337209376256,伦是有文化的,2407.645,1753370737,c4640bae
1898593071588396800,不指定的话会长和杨迪肯定会控场的，不然非正式会谈就变成非正式广告了,2170.649,1753421131,ae954710
1898594159171501824,这个点很对啊，其实观众也是作品的一部分,2314.377,1753421260,ae954710
1898594721166096128,是的，没法取代艺术先驱者，但是人类多久才会诞生一个艺术先驱者呢,2398.763,1753421327,ae954710
1898858478203265536,AI是能画出来的，但是目前AI还没有真正创新的能力,2354.986,1753452770,85cd1b5c
1899282247644146688,伦说的超好,2450.24,1753503287,c89ae7d7
1899389604638008064,这样就意味着只有大画家才能生存,2315.347,1753516085,422009b7
1899968866063992832,钟逸伦的观点好到我想记下来,2407.551,1753585138,85e961e3
1899971539840366080,是的，有时候ai出来的东西是不实际的，属于给你描述的天花乱坠但其实并不实用,2516.355,1753585457,85e961e3
1900045394068096512,萨沙是不是deepseek了,2365.82,1753594261,37dfb466
1900699314750768896,AI不抽象,2514.068,1753672214,10555ed6
1900775830246937344,完全同意伦儿的观点,2435.304,1753681336,a9930091
1900996813578880512,"很简单，好的创作,有灵感的创作不会被取代",2425.093,1753707679,1606bf27
1901031552633139456,这不兴叫哈哈哈哈,2498.047,1753711820,c35a3236
1901722114823131392,是抽象,2352.846,1753794142,5adbede8
1903867788553414144,这个议题可以看当下社会在机器大生产的时代我们总是追求手工工艺但是再看我们在什么东西上追求什么手工,2232.109,1754049926,8d3fe83f
1904376810779811584,翻译作品是再创造，当然属于文艺作品了,2280.086,1754110606,21f73640
1905336105902178560,1111,2456.232,1754224963,94dc5d7b
1905386536745115904,数据量都是过去的，像ai创造的一些画作都是基于历史风格，没有未来的风格。,2288.044,1754230975,2ad516b
1906081274615969024,制造业，，,2184.094,1754313794,6748a4fa
1907510299724980992,没错,2175.769,1754484147,f5dd2f0d
1909633496364914688,感觉好多代表还有别人不了解ai画画的原理。那真的就是裁缝大集合,2203.365,1754737252,142fcb13
1916012736815445248,有几个确实在搞艺术的，大部分只是在所谓的艺术行业里混口饭吃而已,2297.01,1755497717,272ec1ba
1919515972591515392,ai又不能原创，出来的东西都是人家已经有过的,2324.575,1755915335,d61f036d
1919765655767985408,确实,2390.9,1755945099,39b1306c
1920593694097511424,但是那么多人之中又有多少个大师呢？千里挑一。只能说大师难以被AI替代，但大多数普通人是很容易被AI替代的,2364.264,1756043809,288a6e7
1921471313504249600,哈哈哈哈哈哈哈哈哈哈哈哈哈哈哈哈哈哈哈哈哈哈哈哈哈哈哈哈,2384.908,1756148430,d0352b3
1924730497872245504,但是很多人其实也只是围着光圈内打转，只有少部分是能发出光的哇。ai无法完全取代，但是ai取代大部分工作应该是必然的,2449.995,1756536955,90bb401c
1937410966522432000,不愧是高材生,2428.936,1758048584,664fbc21
1944395634396738304,可是艺术的标准是很难说清的，尤其是超越时代审美的艺术,2372.895,1758881222,952047f4
1946596116557161472,同传不可能，比如自古以来，中国有句老话，你怎么翻译,2271.392,1759143540,24bc755
1953032408702466560,哈哈哈哈哈哈哈哈哈哈哈哈,2390.919,1759910805,6e0df0f6
1964145062028178176,哈哈哈哈哈哈哈哈，怎么我在非正还能听到黄子,2469.118,1761235537,f260f6db
1965470285503505664,但是现实中其实有一些需要创作的。工作他确实是会被AI取代，因为作为商业用途，AI的那个程度是完全够用的。这是我们一个从国内大厂离职的老师跟我们讲的。因为他们当时在做东西就已经套模板用AI。,2380.266,1761393516,d0b3063b
1965962475476472064,梅丽莎好好看,2271.709,1761452189,5c1cccf8
1968996492291897088,好啦ai取代不了伦儿,2435.324,1761813872,269700bc
1969411312866597120,如果人类不再进步 那AI还会是AI嘛,2414.221,1761863323,7ed3ebc
1985133228776545024,翻译读空气什么的感觉能训练,2278.757,1763737521,55203a50
1985134760192303360,可以训练,2518.973,1763737704,55203a50
1996728559007878656,ai应该是从1到60，而人是负责从0到1和从60到100的,2430.868,1765119792,74ba3500
2056102682372178688,ai模仿的只是形式,2363.539,1772197739,fa9ad547
2082958314446724096,AI只是提高效率的工具,2221.713,1775399180,a4d2be15
,,0.0,1775683732.8000336,
lb.c,,0.0,1775683732.8000336,
,,0.0,1775683732.8000336,
1895737410512720128,感觉这个有趣1,2795.193,1752988764,39108e46
1895738094108774656,意识,2662.0,1753003029,6653a374
1895738218117566720,我更喜欢作品独立于作者存在,2704.182,1753012025,729cd479
1895738283766812928,除非ai哪天学会了思考和不按常规，但是人类会允许这样的它们存在吗,2540.067,1753010137,10294f3d
1895738567352094976,主要是用得少了吧,2862.128,1753022489,61f1cb93
1895738632992952576,超超太美啦,2555.795,1753022069,1f0a24fa
1895738636633608448,真的很爱Dylan，每期必cue，哈哈哈,2649.068,1753021557,6e443ff5
1895738730552463616,deepseek是这样的！,2522.65,1753021395,6e443ff5
1895738777964876032,大左又困了,2711.853,1753025162,d6bfe3aa
1895738899238981888,阿雷一定很有语言天赋,2864.374,1753026188,3b5559de
1895738997712851200,加字游戏,2829.421,1753054603,5dbe0dac
1895739267607924992,西语里的人称变位和阴阳性很有意思，我，你，她，他，您，你们，我们，他们，她们，您们,2804.071,1753072834,293203a
1895850139940747008,工作报告AI的确是好帮手！,2543.657,1753094148,416bbb9a
1895921119618453248,作品和作者根本无法分割啊,2714.73,1753102609,e1f0140c
1896012893708357120,ai没有人生，但是ai有你们呐,2743.137,1753113550,698bab0d
1896065447497910528,语言环境很正常手能生巧,2876.525,1753119814,cc2734ec
1896479661995797760,Blade Runner,2645.459,1753169193,130b1ee9
1896654942690213632,中文是积木并且是榫卯结构,2830.122,1753190088,89807551
1896772345109555968,词根词缀 哈哈哈哈哈哈,2818.729,1753204083,1f9c8d2e
1897102321968798464,不知道为啥这个话题老是让我想起崩铁里的博士尊，我们强大的智识星神,2549.068,1753243419,f5a06ba5
1897196758887995392,AI代替不了艺术家，但AI能代替打工人，作为普通人的我是焦虑的,2757.811,1753254677,b0fb79b9
1897363087586601216,是的 英文是树形语言,2824.014,1753274505,84203b4
1897872503666875648,超超说得好～,2569.221,1753335232,c76fd2
1897944087584629760,来了看预告最感兴趣的话题,2788.137,1753343766,9cdf46e6
1898191646873602816,我靠，这个观点让我耳目一新,2536.947,1753373277,f0071fca
1898587064925435904,这个话题好！,2795.805,1753420415,a18ccce
1898596254410661632,ai如果把微醺状态也建模了之后可能就能复刻了，并且能随意还原,2581.86,1753421510,ae954710
1898596665712523776,确实，一个平庸的内核很精准,2640.395,1753421559,ae954710
1898861636539289344,而且目前可能觉得觉得AI的有些图或文字有灵性实际是观众自己的赋予这些东西的主观体验是观众自己的灵性不是AI的,2668.317,1753453146,85cd1b5c
1898899350840110848,是不是ai的记忆能力有上限的原因？,2636.01,1753457642,2ddb40c0
1898913616263543296,ganghood这个真的不是广东华侨带去的词吗江湖的粤语发音啊哈哈,2769.624,1753459343,e8831434
1899395980466646272,大左那个表情，哈哈哈哈哈哈,2727.784,1753516845,2a7b6daf
1899451219231916544,因为没有坚持每天都用ai跟它进行大量互动给它数据样本支撑，所以我认为每个人用的ai都不一样，我觉得我的ai还是挺像我的,2647.849,1753523430,cb8fc6d6
1899934260052788480,中华文化的包容性哈哈哈,2849.24,1753581013,ae954710
1900015569328667392,好喜欢这个话题,2795.283,1753590706,85e961e3
1900048826854286080,那人的灵魂是电子信号吗，如果是，那人有没有可能是超级精细的碳基“机器人”,2655.645,1753594670,37dfb466
1900281300003517184,西部世界的核心就类似这样的,2602.68,1753622383,cd73212b
1900285629850936576,确实起码目前的ai画作没有人画的灵气,2557.858,1753622899,21100105
1901048146860625152,这棵树的动画是ai生成的吧,2803.727,1753713798,bba3e7b3
1901659990159627264,对，写文也是太高大上了，不接地气,2520.306,1753786736,105f52db
1901679859307668992,前面的，你把ai想得太厉害了,2738.443,1753789104,8c5fa1a1
1901694474971820544,知人论世是解析作品的一个重要观点,2714.601,1753790847,bb1af361
1901807782567905536,小熊说法语的表情好可爱,2871.945,1753804354,6b233d5a
1902175987245469952,灵韵,2668.184,1753848248,3fc3c7dc
1903102126856042240,人的反应和情绪千变万化 ai需要基于data来学习复刻 但人心和思想复刻不了 因为你自己都不知道你到底会如何啊,2743.891,1753958652,95e70b5d
1903911544119548672,机械劳动（报告、PPT、标准化文案等等）确实适合AI,2552.306,1754055142,c29ddf0d
1905283396587498240,我也有这样的担心，毕竟大的发现是要在小的累积基础上的。如果这些小的方面都被ai包圆了，人类还会有大发现的灵感吗,2568.797,1754218680,1739167a
1905322044405448448,心理学本来就有灵魂,2690.41,1754223287,f73e1df3
1906144811317396224,我以前学英语的时候，也会想外国人学中文的体验是怎么样的,2818.823,1754321368,de5d2566
1906664836822229760,所以说语文考试里的阅读理解靠标准答案就很扯,2687.504,1754383360,16673124
1906696462252080384,感觉伦儿是语言限制了发言,2529.891,1754387130,64b0d079
1906886153408858112,好适合我英专生来听 ,2814.7,1754409743,937fdd57
1908206015506796288,ai不可能成为艺术家 这句话有问题吗？,2749.178,1754567083,d8a8f583
1910400646260643072,喜欢这个论题,2802.046,1754828703,8815c960
1912295074109538048,前面的也可能没有理解什么叫创作，ai可以实现艺术产出，但跟创作还是差远了的,2744.468,1755054537,a8fe5ea9
1912306335295954944,怪不得我学英语困难,2848.344,1755055879,cdc7bc83
1914618808048601600,说的好好,2678.049,1755331547,39959bed
1914619278565804800,大左看手机哈哈哈,2728.618,1755331603,39959bed
1915193156341953792,现在ai就是一个全领域博士只是专家。他只是没有真实世界的更多样样本数据,2569.108,1755400015,23dde82b
1915445346528739072,电脑病毒：我来看看怎么个事儿？,2576.487,1755430078,aa8cb2c6
1915986185612797696,“就没电了”哈哈哈哈哈哈哈哈,2591.443,1755494551,cd971f7f
1916852564402818816,江湖不是打打杀杀，江湖是人情世故wu～～～～～～,2764.246,1755597832,ebcfcea3
1919268751279502848,这只能证明如今的AI还不聪明，还不智能，难道AI技术不会变得更厉害吗？,2612.277,1755885864,8ff620f
1921321382714216960,信息熵大,2841.927,1756130557,c8faf44f
1922681235663422464,如果AI真达到这个高度，那AI就不是AI了，人类也危险了,2697.724,1756292664,bc17ebe1
1926387262783289344,人类作为个体，生命体验是有限的，而ai作为更高级的文明，或许会不会被我们想的太简单了。,2771.566,1756734456,d0244f28
1928566961126791424,他说的太绝对了，ai技术刚刚起步，未来的发展是不可预知的,2749.14,1756994297,cfd3a899
1928568074974780160,英文是孤立的好吧，中文是组合式的,2834.7,1756994430,cfd3a899
1952531056876225024,如果AI能够有自我意识和思想，AI就是人，人退为动物,2715.729,1759851040,3d553d69
1996732419327971328,中文很简单很适合其他民族学习 所以中国才会是一个多民族国家 并且从不排斥其他文化海纳百川,2835.006,1765120253,74ba3500
1999292041175421696,Ai man姐吗哈哈哈,2602.201,1765425383,e4630f95
2027802308762818304,这个观点好,2541.215,1768824072,8f58d927
2045095330529259520,这个想听很久了！,2795.731,1770885561,e6d149b0
2069023283827016448,AI可以创作，但是每个人有独属的成长经历，他创作的东西是独一无二的，所以替代不了个人,2739.673,1773737995,6b2b33d2
,,0.0,1775683732.8000336,
lb.c,,0.0,1775683732.8000336,
,,0.0,1775683732.8000336,
1895737617359016192,哈哈哈哈,3218.723,1752993544,a4557f7c
1895737713425355008,但是中文商务场合也会这样，中文也有客气和礼貌,2976.263,1752992710,5866b398
1895737727702765824,但是中文之前也这样，白话文运动时就有胡适“干不了，谢谢”“才学疏浅，恐难胜任，恕不从命”的案例,2975.656,1752993017,5866b398
1895737820195557632,哈哈哈 我第一遍也在疑问 你不是医生吗  结果发现卡在了中文上哈哈哈哈哈哈,3227.366,1752997558,fbf64f60
1895737998369591552,好喜欢伦儿讲故事,3143.561,1752999620,7b5f275c
1895738106876236032,伦的冷知识好多哈哈哈哈,3121.118,1753010691,450eca7a
1895738131496800512,英语四级准备,3180.027,1753009480,8fd891b1
1895738136966172928,德语出来说话,2889.523,1753008855,47376c28
1895738139700859136,日本文化有些过于客气了，反而成负担,2979.348,1753006769,13ee2db9
1895738374950981888,日文的语法结构太麻烦了,2947.238,1753012693,58c62de
1895738385889726720,语言环境真的非常重要,2880.638,1753014675,c0184399
1895738605637701888,哈哈哈，西语信息密度太低了,2887.48,1753021179,913778e0
1895738888291848448,和语言背后的语境文化有关的,3004.846,1753030941,5404f33
1895738956675780864,日语真的，可能是因为日本人很容易不安所以很喜欢叠甲,2968.764,1753036550,7a1afabc
1895739047859949824,伦儿个学霸知道的可真多啊,3138.994,1753066617,91850ea9
1895739281281356032,这解释也是费劲，中文六个字解决：有根源无系统。,3165.086,1753078062,1ea53aa5
1895813671943725312,说英文是因为没学过其他语言hhh,3058.228,1753089800,18de2fc4
1895885303986710784,七月八月是纪念凯撒和屋大维硬加进去的我记得,3103.283,1753098340,db27ad6e
1895963615233216000,月天~~~~,3088.264,1753107675,bb240a6
1895984463582683136,伦儿好棒！,3141.672,1753110160,692c8ed6
1896199650127027712,Medium well steak,3202.601,1753135813,74e59e26
1896307962851638528,Mayday！Mayday！,3084.608,1753148725,b748a01c
1896408715746876416,原来如此，怪不得烷烃的英文名是这样命的,3130.385,1753160735,30eb9777
1896433111504550144,月份的英文在西方文化中也算是历史文化的体现,3081.902,1753163643,a076c47d
1896450535448673792,杨迪太有意思了,2936.319,1753165720,9ec95bfa
1896482053151608320,文化语境不同,2926.889,1753169478,130b1ee9
1896482757568255488,看过日语邮件的结构 那是真含蓄啊 好像说“不”是天大的错,2948.052,1753169562,130b1ee9
1896753204394875904,店家不想给别人用，为什么还要设置自己的店名为WiFi名啊，这样每次都解释多麻烦,3049.958,1753201801,2677cf4c
1896946225677535744,是凯撒和奥古斯都加的7月和8月打乱的吧,3129.064,1753224811,a5fb62e5
1897250225970898176,而且13月 和 星期八这种说法 他们只能重新创造一个词,3115.972,1753261051,c5e94360
1897407157516052224,就像知道奶奶的礼物用俄语怎么说，真的那么长吗,2896.574,1753279759,d849b843
1898582067882162432,日本人说一个句子 一半都在委婉,2941.965,1753419819,76036370
1898588868694397440,敬语地狱,2954.96,1753420630,a18ccce
1898590585045603584,这个是历史上的语言融合因素吧,3060.517,1753420834,a18ccce
1898665512134126080,说普通话久了会忘记方言,2905.249,1753429766,b0850c04
1898850951616771840,为什么要留下殖民的痕迹,3157.268,1753451872,ef8bd67d
1898937681158312448,还有星期,3074.909,1753462211,b465622b
1899312426064304384,中文好比压缩包,2881.612,1753506884,714d1f13
1899359596045350144,哈哈哈哈京都人,2942.526,1753512508,48caf715
1899668818784674048,这是人为的，任何国家要是愿意这样，也能在表达一个简单含义时去延申自己的句子,2968.119,1753549370,395ce43e
1899936646569887488,还有星期。日语也要再背一次,3072.627,1753581297,ae954710
1900498638082942464,懂日语的可能会懂吧 真的巨长一段,2997.345,1753648292,8205cc06
1901004936989475584,其实赖赖的发言都挺有信息量挺好的,2962.898,1753708647,2c9403ee
1901005262887011072,好温柔啊,2994.395,1753708686,2c9403ee
1901007210696225280,日耳曼人,3145.006,1753708919,2c9403ee
1901007274919789824,棒棒,3148.423,1753708926,2c9403ee
1901007503156656384,原来如此,3165.412,1753708953,2c9403ee
1901007627769515776,很详尽诶 原来不知道,3169.51,1753708968,2c9403ee
1901036066467942912,唉确实会有些容易导致内耗,3036.179,1753712358,c35a3236
1901601973363943680,中文是象形文字发展来的,3076.554,1753779820,92f8c01f
1902328538762730496,反了,3049.595,1753866433,89ed58e
1902903884662556160,一个Wi-Fi都这么抠啊,3030.227,1753935020,96f86921
1903773304859711744,非常容易不安的日本人,2947.431,1754038663,5eebbb86
1904212771181454848,主谓宾主系表的顺序是一样的,3210.693,1754091051,4213efaf
1904516264131825920,正常吧,2882.476,1754127230,3e5e834
1904516761693761280,哈哈哈,2941.821,1754127290,3e5e834
1904516806791007488,晒伤妆,2947.196,1754127295,3e5e834
1904519028052442624,混了是吗,3179.667,1754127560,3e5e834
1904710780163548160,你习惯了，完全没问题,3083.008,1754150418,1606bf27
1906026731576451328,这个确实有点直接了，中式中也确实可能存在这样的,3018.666,1754307292,c8137052
1906684917807754240,英文比法文容易,3070.951,1754385754,1327ee61
1907637741270252032,呜呜呜英文里器官名词和病的名词和相应科室名词真的大部分完全不一样，太痛苦了真的完全不一样,3237.084,1754499339,ff8d4f0a
1907900244344148736,？我们大学老师都说英文天生自带逻辑……,3046.075,1754530632,21c98764
1907939231465567232,哈哈哈哈哈哈集合,3078.613,1754535280,27e7f95a
1908208058292258560,日本好累,3042.943,1754567326,d8a8f583
1908238397278553600,想委婉也可以委婉呀。只是大家觉得太装不那么说了,2986.636,1754570943,a4b37ddf
1910303699142508800,所以我总觉得他们说话烫嘴？,2905.236,1754817146,664d29dc
1910306040881807360,忍。哈哈哈哈哈哈哈哈哈哈哈,3034.062,1754817425,375127a9
1910306198109537280,濑濑刚来时候的梗,3034.062,1754817444,375127a9
1915449847520377088,动物名+肉表示某种动物的肉。这是几千年沉淀下来的智慧,3051.605,1755430615,aa8cb2c6
1915991236444326656,萨沙好搞笑哈哈哈哈哈哈哈,3217.489,1755495154,cd971f7f
1916226599335198464,donde donde,2931.706,1755523211,41d23346
1916228677268589568,wow,3173.682,1755523459,41d23346
1916315156007532032,前面的，除了没有小贝拉逻辑,3181.139,1755533768,299590f4
1916619295518292480,哈哈哈哈哈哈哈,2919.677,1755570024,51f2909e
1919962561386910208,不安,3011.16,1755968572,3bd57624
1920500537993289984,这个就是我想吐槽的，英语的日期真的好难记,3060.432,1756032704,7b3cb016
1923466522425711872,伦儿才是真正的博学学霸,3150.234,1756386277,a82a2ebb
1929348917360019200,其实中文更没有逻辑，就是你想怎么说都可以，主要就是看积累量了,3057.608,1757087513,467053b4
1932308120081196032,我第一次在国外吃牛排 说五分熟 five，服务员大问号,3201.353,1757440278,52ac390e
1938326182697830400,对对对，这个很麻烦,3032.573,1758157687,69dfa122
1944620545828698368,10个月 那年都要过错,3124.155,1758908033,1875fd96
1960152989767726848,词源太多，还要混着不统一,3101.673,1760759645,7bf5ae5
1960315171222860288,商务对话,2985.653,1760778978,99cb8cc6
1970391830956991744,英语学渣产生了一些不好的回忆……中文换个字就能表达清楚的事儿，在英语里面要挨个背单词,3201.922,1761980210,f517d2b4
1971032280625968128,这不叫逻辑，这叫历史渊源，如果英语本身有逻辑，他就该根据自己的语法规则来解释这些东西，而不是照搬别人的,3173.232,1762056557,9574db04
1986522542408234752,著名“星期八”哈哈哈哈,3064.179,1763903140,2a9d92f9
1988680519910594304,好可爱的语气啊,3211.732,1764160391,c847ffba
2015997122545654016,凯撒大帝修改了历法，十个月变成12个月,3118.741,1767416784,ae954710
2029776380103077120,都去店里吃饭了还不让用WiFi确实不厚道,3021.134,1769059400,361d239
,,0.0,1775683732.8000336,
lb.c,,0.0,1775683732.8000336,
,,0.0,1775683732.8000336,
1895737449360363776,哈哈哈这个音效,3434.307,1752989690,dd38837b
1895737554259906816,汉语自带超链接,3502.689,1752990382,7e894dc7
1895737698191642880,英文不是也有一些语气词吗,3463.7,1752993765,534bf33e
1895737702964760832,现在小孩学典故也是这样的,3515.271,1752993777,5866b398
1895737848280617216,所以他们上大学贵的要死,3301.863,1752995548,136254b6
1895737891691663616,如果目标是跟人勉强交流的话，很简单,3388.746,1752996103,7864b331
1895737902630408448,哈哈哈哈哈哈,3542.495,1752996835,e868d6e6
1895737928165331200,对啊对啊，本来就是啊，所以那些鼓吹国外如何教育平等的，本来就是扯别的，首先连语言就是不平等的门槛很高的,3270.78,1752996508,e868d6e6
1895738086819074304,感觉我和听英语一样,3398.682,1753007529,2f987c3c
1895738104141549824,我听英语听力也这样,3398.818,1753008039,fbf9b322
1895738124207100160,这里应该是well,3591.94,1753002948,90a344d5
1895738260068995328,语言浓缩ww,3415.286,1753013167,58c62de
1895738461571748096,亚洲语言普遍是这样的，主要还是大中华地区辐射,3581.0,1753014800,b345a1e6
1895738525392277760,我也发现了这个问题,3257.235,1753015917,6ee65ea5
1895738653964472576,此处BGM已经日本风格,3569.688,1753025562,226099f9
1895738823556960512,太where了哈哈哈哈哈哈,3558.444,1753026489,8ad6ba0b
1895738935712649472,我感觉老王就这几期非正下来汉语都有进步了,3428.469,1753027972,8d665d98
1895738962153541888,其实我现在在英国生活，无论是跟哪个国家的人说话，我经常回答嗯，他们都可以听懂，真的很方便很中文的表达,3471.945,1753054895,973da82
1895738991337509120,前面啊？的点在哪里？？,3505.733,1753067454,43cb6c93
1895739004096581888,我也才知道,3285.669,1753033782,d5c5e535
1895739009565954304,哈哈哈哈哈哈哈哈哈哈,3317.609,1753068397,f7934ca3
1895739326890217728,成语是超链接，所有熟语俚语和歇后语才是压缩包,3537.481,1753078668,1ea53aa5
1895809281815646464,最惨的是日本人，在这些基础上还要翻译成片假名背,3285.983,1753089277,d2fc1204
1895891365066548224,汉字自带压缩包超链接,3506.18,1753099062,1eeaccb8
1895906708459891456,哈哈哈哈哈哈哈哈哈哈哈哈,3542.014,1753100891,8223018c
1895917280982994176,弹幕呢？,3380.471,1753102152,4365b2b7
1895937886776867584,戴卢可是佛拉芒人,3461.641,1753104608,be52f108
1895945065151751424,1,3469.14,1753105464,83719079
1895974459136292096,老王这个手指的动物太萌了哈哈哈哈哈,3368.702,1753108968,c5fcbd94
1896736230398801920,迪伦想介绍哈哈哈哈哈哈,3285.135,1753199778,b9816bbd
1896738375130942976,哈哈哈哈哈哈哈哈哈哈杨迪太有梗,3552.143,1753200034,b9816bbd
1896773498131941888,不想听，不想了解医学法学这类太专业性的东西,3330.832,1753204221,b176604b
1897146857139167488,吧 吗 哦 ,3449.353,1753248729,35645b71
1897148948762767360,中文常用字2千～三千字，医学法律都能看懂（每个字）英文你得重学,3300.605,1753248978,729e3ab7
1897240958723524864,他是整形医生,3245.183,1753259946,c05066cc
1897344309032788992,HHHHH,3548.929,1753272267,e724095e
1897353674855129344,老王的汉语是靠“百家饭”成长的啊,3413.629,1753273383,d403eb94
1897959016110826496,我感觉日语表达比中文更模糊，但欧语系应该比中文清晰,3481.107,1753345545,9cdf46e6
1898037661450136320,没有语言是难的，融入当地都很容易学会,3360.179,1753354921,6ba6f998
1898147251440773632,学医的英文巨长一个单词,3249.832,1753367985,33c2f0de
1898595100549340416,yeahhh和“え？”的洗脑率也很高,3442.216,1753421373,a18ccce
1898595474438069760,好的，收到,3466.201,1753421417,a18ccce
1899889882369721088,然,3577.428,1753575723,3e3ca627
1899940569846165248,英文里的humm不就是这种意思吗,3483.17,1753581765,ae954710
1900248293867858176,看吧~,3476.886,1753618449,1bd801ae
1900268259098969856,大学学心理学法学，专外学的人想死，开卷我都累死，必须背一些，不然翻都翻不到,3309.209,1753620829,68efaa5c
1900386229888349440,害,3588.413,1753634892,33977ab
1900504034642194432,而且现在还在一直造新词 网络迭代也很快,3536.387,1753648935,8205cc06
1901038009001065984,确实，会有专业壁垒,3267.74,1753712590,c35a3236
1901043281199645696,整形医生不背专业医学词汇吧,3248.477,1753713218,ae954710
1901055028312566528,嗯 用英语的yeah 不行吗,3513.992,1753714619,bba3e7b3
1901699298253806080,哈哈哈哈哈哈哈哈哈,3555.241,1753791422,bb1af361
1902215296740708608,中文一个哦～～～能表达很多意思,3489.451,1753852934,167a1194
1902491000623422720,生物学全是拉丁语,3260.405,1753885800,59b380d7
1903115360002498048,汉文人点了,3530.814,1753960229,95e70b5d
1904402415873511680,哈哈哈哈哈哈,3438.59,1754113659,6327891d
1904520475078927360,我也想听伦儿讲历史,3336.829,1754127732,3e5e834
1904713978178131968,你会不会说重要的是环境问题，像我现在的应试教育，会看和阅读英文，写和说就很差,3417.528,1754150800,1606bf27
1904714897275852288,很多更复杂的，很多中国人也不知道,3523.445,1754150909,1606bf27
1904715420767052544,不就是看语气的吗,3577.83,1754150972,1606bf27
1906688697462662912,小姐姐英文很好好听 不是脖子右柠哈哈哈,3466.311,1754386205,1327ee61
1907359113126774016,粤语无障碍～喺！,3563.437,1754466124,d9a3acb1
1908669758451742720,还有古希腊语,3297.211,1754622365,f41917e3
1910307226334185216,让伦讲下历史,3294.697,1754817567,664d29dc
1915992112592547840,我想听伦说,3296.419,1755495258,cd971f7f
1915994372726802176,四姐reaction好棒,3542.21,1755495527,cd971f7f
1916230844314519808,语言还是要在环境中学,3421.751,1755523717,41d23346
1919282737379220480,匈牙利语也非常难,3351.111,1755887531,8ff620f
1920520378267664128,意群,3403.007,1756035069,99536495
1921097014738263808,陈铭老师说的吧,3438.683,1756103810,bc1232f7
1921950390136930304,就跟中国的好字一样，有时只是表示听到你话里的信息而已,3576.112,1756205540,91f228fb
1926835259497439744,经常看着看着觉得他们几个老外把中文说这么溜好厉害,3412.989,1756787862,b97e7a27
1938829039104673792,笑死我了，这句话谁说的？,3434.256,1758217632,c1c7a66
1996737031745336320,并非,3352.126,1765120802,74ba3500
2011293092187681536,哈哈哈和我对日语的感觉一样，，，呆了10年多 后面觉得是没有尽头的,3529.002,1766856020,1bdc989c
2012585087044033536,这个确实 日本的法律和医学基本是学习德国 舶来词也是基本用德文音译,3321.095,1767010038,83537bde
2018529617530469888,秦嗨汉诺,3562.248,1767718681,a29de8f8
2021310047682553600,是的,3262.826,1768050134,9ae24a60
2035768047671333888,法律也是一样的。中国法律也一样,3275.017,1769773662,f466f7d8
2038743529190839040,先学字，以字正音，阿拉伯人有这个意识，所以他才能学这么快，欧美人完全没有文字的概念，所以觉得中文最难,3384.196,1770128367,7966ad44
2038746329182394624,表情语言，本来也不用翻译,3590.184,1770128701,7966ad44
,,0.0,1775683732.8000336,
lb.c,,0.0,1775683732.8000336,
,,0.0,1775683732.8000336,
1895737386328363264,哈哈哈哈哈哈,3617.105,1752987469,882cd619
1895737509229859072,哈哈哈哈哈哈哈哈哈哈,3676.144,1752989498,59dfb4d2
1895737583057998080,天啊，67个字母组成,3637.073,1752989336,eb069b0d
1895737632492065024,来个短的,3853.378,1752993748,6cf1571
1895737693435302144,哈哈哈不许总结,3609.164,1752993497,6cf1571
1895737816580067584,这里字幕错了，表音文字,3890.122,1752995204,5579ad8f
1895737979226788096,这一季字幕太多错误了，怎么回事啊，中文外文都错,3896.211,1753006124,aab7b18b
1895738066770301184,日语和韩语是不是也是？只要会拼都会读，但是意思得再记,3906.105,1753001542,545954c8
1895738087733432576,哈哈哈哈哈哈哈哈哈,3845.99,1753000556,7b5f275c
1895738152468320512,哈哈哈哈哈哈哈好可爱,3651.946,1753012041,d93d12d4
1895738180737929472,巴别塔,3742.261,1753008044,a62ceb35
1895738275562754304,英文就有刚刚说的英法问题导致逻辑混乱,3943.0,1753015298,b345a1e6
1895738327530180864,日语是半拼音，保留部分中文,3886.0,1753015152,b345a1e6
1895738332093583616,象形文字就是比拼音文字要方便的,3886.0,1753015173,b345a1e6
1895738336648597760,所以传播效率很高，且没有文化断层问题，所以逻辑一直能保持,3943.0,1753015269,b345a1e6
1895738357620117760,想起之前看的用各国语言唱知否。到俄语就跟念咒一样,3849.285,1753016974,910793e9
1895738458845450496,啊啊啊最喜欢听大家聊各语言的特点！这是我当年看非正的初心,3614.056,1753016407,a354f0d2
1895738658519486720,愚者无畏也是一个压缩包呀，它不是常规的意思，俄语也可以生成一个压缩包,3826.746,1753025972,fe92a296
1895738785262964992,哈哈哈哈哈哈,3817.962,1753023551,ef8f951e
1895738933883932928,头晕了,3644.316,1753035085,13a0d4c4
1895738979476017408,确实，看小Q联合国的时候同传俄语的信息密度好低,3838.236,1753041245,cdfc31da
1895739066096783616,哈哈哈哈哈有意思,3612.271,1753067134,91850ea9
1895739104407556352,突然想起之前埃及代表穆小龙的名字也很长,3658.216,1753041498,4e76690
1895739162750324992,尼采：事情没有对错 只有视角不同,3726.186,1753073245,cb0b74b0
1895739177338114304,哈哈哈哈哈大家注意有位烫嘴的德国人要来啦,3629.774,1753067187,91850ea9
1895792428078861312,还真是,3941.511,1753087268,3a31dcb7
1895853082563739136,好漂亮啊,3705.421,1753094499,dc02669c
1895873710125642496,湖南话“搞”也有好多意思。,3601.591,1753096958,29a218df
1895907346799683328,翻译是代表自己翻译的,3697.145,1753100967,d0a706e0
1895978079743661568,decode（语言学人惊坐起,3717.032,1753109399,c5fcbd94
1896108421095192320,姐姐的专业和今天的话题好适配，语言差异,3706.185,1753124937,7388c77a
1896515341271146240,我喜欢这个话题，有意思,3616.444,1753173446,b99d4a1f
1896518162234223872,信息熵,3876.963,1753173782,b99d4a1f
1896543132645330432,这颜值，太好看啦！！！！,3695.311,1753176759,832cc876
1896780626377012736,不动产超级抵押,3636.607,1753205070,1f9c8d2e
1897154366721285632,我又要骄傲了，联合国文件里，就属中文那本最薄（叉会腰）,3813.058,1753249624,729e3ab7
1897941956827989760,都在酒里了,3865.043,1753343512,8b93c9d9
1898002374233537280,好像现在学校初学英语不给学音标了？,3917.24,1753350714,2a453a04
1898102017021935872,满分5,3789.416,1753362592,b29ebb7b
1898156268347363072,我记得我初中那会有学音标 但是不会重点去考,3923.454,1753369060,33c2f0de
1898512243499875328,大左表情笑死我了哈哈哈哈,3865.395,1753411495,4b7d9bf5
1899331643441710592,哈哈哈哈哈哈好可爱,3679.808,1753509175,1091612d
1900180799328848384,确实像吕一,3719.965,1753610403,115a0075
1900386773294106880,不对不对,3653.208,1753634957,33977ab
1901012436203785984,强行闭麦,3615.255,1753709541,2c9403ee
1901013060701833216,字幕乱回了,3657.418,1753709616,2c9403ee
1901170929900720384,还确认下对不对哈哈哈哈,3831.848,1753728435,aa15251e
1901171333829032960,给陈铭总结累了,3859.411,1753728484,aa15251e
1902159930518213632,六书,3947.484,1753846333,705b52ba
1902331185083402240,大学选修语言学讲过这个区别,3951.181,1753866749,92f8c01f
1902335700813538048,分析语,3890.528,1753867287,89ed58e
1903671238854313216,大学老师也一直强调要用外语的语境去理解外语不要纠结于对应中文是什么,3741.737,1754026495,b7a9b2eb
1904763067708153600,萨沙真一点口音没有啊,3759.038,1754156652,ddee2dcd
1905858903875679232,梅丽莎中文好好,3688.86,1754287285,7becfa2e
1906691517007991808,德语也是,3801.725,1754386541,1327ee61
1908906630024663808,俄语∶入门即入土，但不得不说俄语听起来是真的好听,3783.319,1754650603,43d421ca
1913917196015940096,法语也是,3808.423,1755247909,62e4d313
1915995900275556352,好喜欢梅丽莎,3713.265,1755495710,cd971f7f
1916030022574273280,语言的背后是思维逻辑,3695.995,1755499777,272ec1ba
1916079700078810368,忙啊，忙点好啊（doge）,3835.762,1755505699,746f4806
1916625392777953536,很有意思这趴,3621.459,1755570751,51f2909e
1920356151963837440,韩语就是,3912.685,1756015492,954b058c
1920523017751516672,专业的来了,3686.052,1756035384,99536495
1920524371614198784,对!!!!!!,3843.108,1756035545,99536495
1921484775709746688,又美又有学识，太厉害了姐姐,3711.137,1756150034,d0352b3
1921487725823974144,标注拉踩还是没必要哈哈,3945.676,1756150386,d0352b3
1924956553183220992,俄语语法确实难,3781.888,1756563903,e498a6f4
1928311481842799872,我怎么看到了autumn,3673.982,1756963841,272b951b
1929831823954261248,终于说到重点了，一维语言与二维语言,3932.368,1757145080,df7cc456
1937964820096246784,及格了,3795.295,1758114609,ea665755
1940204146955817728,这段话题讨论味道对了！！,3623.895,1758381557,add21500
1947129987367245056,萨沙有口音的，东北口音哈哈哈哈哈哈,3767.265,1759207182,ecb24fe1
1954999544181936896,我们是造字，其他语言是造词，我们是组词,3892.371,1760145306,fb6e727e
1960973806940170496,还有俄语的字感觉都一模一样233,3802.199,1760857494,8b1c7d51
1965271622538264320,字和词不一样啊，汉语的词能数清吗,3769.495,1761369833,b509e6de
1966180469729066752,对的，中国还有很多种方言呢，都是文化,3734.607,1761478176,33978299
1983664562083361280,老王的哇太可爱了,3664.275,1763562443,c53f17b0
1985149511878330880,陈铭没有总结的终究还是要来的,3681.241,1763739462,55203a50
2004619822436624640,上文言文,3868.638,1766060504,ffa3828d
2038747074585654784,这更像造了个固定搭配短语，而不是单词,3646.077,1770128790,7966ad44
2057933376119917312,好漂亮,3689.333,1772415975,dc69dd68
2072056217312398080,母语是汉语好骄傲啊,3882.558,1774099549,f82fb2da
,,0.0,1775683732.8000336,
lb.c,,0.0,1775683732.8000336,
,,0.0,1775683732.8000336,
1895737662774939904,再次安利陈老师的有聊，想了解陈老师对一些话题或者事物的看法的一定要看,4023.906,1752994396,534bf33e
1895737685701005568,俄罗斯女排功勋教练卡尔波利,4271.389,1752994558,7b2fe900
1895737697243730176,俄罗斯队那几年发挥起伏很大，拦防水平下滑了很多，换谁谁都得生气，卡尔波利老爷子不生气才怪了,4283.614,1752994661,7b2fe900
1895737894426349824,还真想听下去,4177.285,1752997978,c7bc6e63
1895737925430644992,不想听,4197.99,1752997336,ca646aae
1895737966459326720,哈哈哈哈哈 我开始逐字学习  doge,4196.912,1752998636,fbf64f60
1895738073137254656,中文是超链接语种,3984.747,1753006704,39499903
1895738140615217408,哈哈哈哈哈哈哈哈哈哈哈哈哈哈哈哈哈哈,4310.057,1753009910,259fe52
1895738233619714304,陈铭老师还想听！,4182.484,1753007774,53b79af0
1895738266444337408,的确，中文很感性,4124.538,1753015157,ef682fb2
1895738305652691200,这个好有意思哈哈哈,4208.39,1753014222,b1b00e21
1895738500780101888,man,3975.847,1753018973,f4eb18b5
1895738511718846720,音译在中文里很少见的，因为我们几乎啥都有对应的,4145.0,1753015534,b345a1e6
1895738631164236032,所以中文真的很美,4112.951,1753025099,a7349199
1895738649401069824,喜欢听陈铭老师说,4192.35,1753025462,105f8ab8
1895738683140051200,粤韵风华请你来学,4228.784,1753024098,99272c49
1895738787997651200,语言这个可以多出几期,4134.263,1753026762,d6bfe3aa
1895738869149044992,偏误,4027.411,1753027772,838e3436
1895738996798492928,哈哈哈哈哈,4203.489,1753035239,187c324
1895739035092488448,还想听,4147.312,1753067760,91850ea9
1895739036006846720,喜欢陈铭老师这期的总结,4148.159,1753035184,187c324
1895739102570451200,哈哈哈哈哈哈哈哈哈哈画,4154.529,1753069234,f7934ca3
1895739191011545344,Hahahaha ,4072.191,1753068882,8c10ef2b
1895793939530218240,嗷～都是……   太地道了萨沙哈哈哈哈哈,4258.574,1753087448,d8c0c6fa
1895917244123625472,希望陈老师说完，简直是精华部分哇,4200.455,1753102147,7d881d54
1895984355831034368,白帝圣剑，御剑跟着我,4280.148,1753110148,25b891ad
1896017901253990656,优先使用枝丫哦,3982.02,1753114146,487f1d6
1896022503672487424,这里也有佛（,4070.515,1753114695,698bab0d
1896322597734351360,中国诗真的作为一个中国人很骄傲，太美了，意境美，有的读起来也美,4105.965,1753150469,996c2fe2
1896460121219883008,好像是这样,3981.646,1753166863,9ec95bfa
1896520846001502976,但是这个总结我喜欢，涨知识,4086.27,1753174102,b99d4a1f
1896521961702968320,还想听，再说个五块钱的吧,4156.119,1753174235,b99d4a1f
1896676574695453952,普希金,4263.726,1753192666,54d3f224
1896725566901062400,哈哈哈哈哈哈哈哈哈哈哈哈哈哈哈,4310.07,1753198507,22445c1f
1896730106723395328,哈哈哈哈哈哈哈这期太有意思了,4209.816,1753199048,9cb4590f
1897010015916183808,对对对跟机关枪似的整个赛场都能听到,4272.545,1753232416,d539e6d1
1897077275255051776,哈哈哈哈哈哈哈哈哈,4190.698,1753240434,3c157400
1897174036765635072,陈老师的总结太棒了,4168.585,1753251969,edbe14cb
1897392318966345984,或许是“道”，但也确实不完全一样,4138.271,1753277990,bbeae81b
1897423909876315136,语言都基于一定逻辑啊，像一个公式往上套，怎么没逻辑了，汉子的构成组词都有逻辑思维啊,4200.979,1753281756,d849b843
1897862636431858688,没听够哈哈哈,4177.458,1753334056,c7d94c30
1897882039651485952,鸟语花香,4319.548,1753336369,5e6db3f9
1897898935013042688,可恶啊这次刚好是我感兴趣的话题,4161.582,1753338383,47a0e8bd
1898160146023362048,这点我作为留子真的深有体会 写英文论文的时候真的是一连二 二连三的感觉 不然会扣分的 但中文很少直接表达这么明确的,4143.613,1753369522,33c2f0de
1898164993313185792,其实古人造字也走过这条路，比如光马就有一百多种，骢骊骓骏骥骁，后来发现这样下去不是个事儿，太麻烦了,3975.043,1753370100,a725bfc4
1898638624019697408,我还没听够,4148.66,1753426561,71afd37d
1898787820446409728,反而英语会听就能拼写出来,3998.591,1753444347,636af638
1899369447870135552,涡轮苏卡！,4306.429,1753513682,3873c0bd
1899754244643268352,我也特喜欢听,4184.346,1753559553,a03bc12f
1899892586974535168,萨沙,4214.495,1753576045,3e3ca627
1900097116832440064,可恶，真的回味无穷啊，陈老师你再讲会儿吧,4169.039,1753600427,664e896
1900296271730859520,哈哈哈哈哈哈哈,4317.511,1753624168,cd73212b
1900392088978706688,笑鼠了,4276.249,1753635590,33977ab
1900392259451958016,太好笑了哈哈哈哈,4296.513,1753635611,33977ab
1901016738342964736,中文是体验,4037.216,1753710054,2c9403ee
1901019576444265728,过分了过分了,4306.717,1753710393,2c9403ee
1901803584791174912,一点也不短，(◐‿◑)﻿,4062.857,1753803854,f40bc1cc
1902041048625348864,不是道，更像理,4143.516,1753832162,18259142
1902331840049217792,感觉中文好美啊，艺术,3990.092,1753866827,92f8c01f
1902332906249409792,中文是瑰宝,4117.378,1753866954,92f8c01f
1902468908746143744,下次是什么时候,4190.613,1753883166,23568bd4
1902949917157764864,言有尽而意无穷,4173.006,1753940507,ca017a5
1903624783280088832,喜欢这个总结！,4097.385,1754020957,f0de91b3
1903829280824533504,我也喜欢看总结,4089.384,1754045335,5f529759
1904583630937199616,赞同，中文逻辑不严谨，甚至会出现颠倒黑白的情况,4118.207,1754135261,b6ee8bbd
1904685207156790528,西班牙拿铁,3995.688,1754147370,7bcfa025
1904719537870318848,中文里面的山有很多很多种,4043.343,1754151462,1606bf27
1904720340727399936,是的，我们中文文字逻辑不强,4117.347,1754151558,1606bf27
1905164537058565632,主持人就是控场的，时长要他负责控制的，没办法的,4223.159,1754204510,630e768b
1905314751845161728,元素周期表,3987.742,1754222417,2eb47862
1905861314233136128,陈铭懂得好多,3967.821,1754287573,7becfa2e
1905869100798891776,你们要聊这个我可就精神了,4216.222,1754288501,acf5d39a
1906539827319374592,哈哈哈哈,4241.001,1754368458,58d57e1c
1906540589273325824,哈哈哈哈哈,4310.782,1754368549,58d57e1c
1906688755184680448,桶装水瓶装水.v,4007.948,1754386211,819e3004
1907523442576883968,绝了,4169.636,1754485714,f5dd2f0d
1907644947604512512,等红灯是在等绿灯,4082.438,1754500198,ff8d4f0a
1907980387771732224,苏卡起手23333,4316.445,1754540186,e06c8437
1910170930404237824,圈粉le,4176.937,1754801319,738a73b
1910230441924162816,陈老师唱了一段跳一跳,3992.914,1754808413,f1feee36
1914555673774369536,山峦峰,4041.505,1755324021,c8be969c
1914633198378391552,白帝圣剑哈哈哈哈哈哈哈,4283.877,1755333263,39959bed
1914709549752189952,太好玩了哈哈哈哈,4297.298,1755342365,7dd1e666
1915999561113992960,哈哈哈哈哈哈哈哈哈,4246.601,1755496146,cd971f7f
1916629292717141760,不会这集都是滴滴滴滴滴吧,4207.55,1755571216,51f2909e
1916847819730828288,老王对中文的运用很通感,4059.05,1755597266,b575b51f
1919200580753647360,喜欢的话题总是听不够，不喜欢的好长，譬如什么信息信息，看到就头晕,4182.566,1755877737,ab909100
1920259340867743488,哈哈哈哈哈,4082.777,1756003951,6fe7767c
1920526322502341120,如如不动,4063.914,1756035778,99536495
1921992866163510272,哈哈哈哈哈,4082.943,1756210604,82b54504
1928582631055161600,我不同意，山我可以解释为突出地面很多的土或者石头,4048.353,1756996165,cfd3a899
1929016966887768832,喜欢语言期,4125.882,1757047942,bd775eca
1929832194772670464,这就叫降维打击,3960.908,1757145124,df7cc456
1932317703025618944,哈哈哈哈哈哈哈哈哈哈,4305.693,1757441420,52ac390e
1937429935681908224,好喜欢陈铭老师的总结 学到很多,4147.093,1758050846,664fbc21
1937697910745701120,其实还是有点口音,4237.83,1758082791,aeeff0bc
1938017766129012736,你不是外国朋友吗？,4224.433,1758120921,bd77f5f3
1943402323418697728,我认为中文是活字印刷术,4043.986,1758762810,fe599c6c
1952092445781283584,苏子开头列字结尾,4254.784,1759798753,b1e41dca
1960114288949624320,我也看了那个视频！！！！俄罗斯教练太凶残了！！！你们可以去网上搜,4271.027,1760755031,6a7c628d
1970983019397520896,听不懂俄语，主要看表情和神态啊哈哈哈,4293.443,1762050685,f517d2b4
1987896814821010944,记笔记。,4214.037,1764066966,a87e4250
1992810780202441728,哈哈哈哈哈哈哈哈哈,4311.986,1764652757,b087944c
1998380675866813952,四姐咋回事，怎么剪这个发型了，还是长发好看,4266.798,1765316740,ffa3828d
2005918499490857216,还得是秦始皇,4012.384,1766215319,11aba778
2027816003223746816,logic,4125.294,1768825705,8f58d927
2035829821229662976,不垢不净，不增不减,4079.032,1769781026,f9735bbb
,,0.0,1775683732.8000336,
lb.c,,0.0,1775683732.8000336,
,,0.0,1775683732.8000336,
1895737401436246272,怎么可能放出来,4342.782,1752987653,5aaa7626
1895737677907988736,啊？不是爷爷辈吗？,4418.736,1752994538,591a47e1
1895737751501246720,哈哈哈哈哈哈哈哈哈哈哈哈哈,4437.159,1752993639,c76f245a
1895737760066015488,爸爸的哥哥不是大伯吗？大爷不是爷爷的兄弟吗,4416.924,1752994737,5866b398
1895737777631760640,那应该听不了泰勒斯威夫特的这首歌吧哈哈哈哈哈哈,4668.85,1752994975,534bf33e
1895737803896492288,老王大好人啊,4585.286,1752995672,ce21b857
1895737832879132928,哈哈哈哈哈哈哈哈哈哈哈哈哈哈哈哈哈,4627.772,1752994815,534bf33e
1895738113259966720,不愧美食博主，这都能跟吃的联系上,4448.927,1753008271,13ee2db9
1895738151553962240,哈哈哈哈哈哈哈陈老师,4623.234,1753004086,e967e3fc
1895738287424246016,哈哈哈哈哈哈哈,4660.359,1753013919,fbf64f60
1895738324795494656,不像演的,4542.675,1753011315,47aef417
1895738367652892928,哈哈哈哈哈哈哈萨沙,4524.058,1753014007,5041b929
1895738494396371200,哈哈哈哈哈哈哈哈,4648.252,1753020067,eabe6363
1895738752438341888,大爷就是伯伯的方言啊,4420.588,1753027986,302e2cd4
1895738870055014656,哈哈哈哈哈哈哈哈哈哈哈哈哈哈,4627.886,1753030164,ea25d4d6
1895738921124860160,鸟语花香,4334.495,1753038594,23ddeab7
1895738943002349824,我笑的不行了,4567.735,1753035604,187c324
1895739028708757760,那确实不好，癌症很痛苦的,4375.493,1753037991,7a1afabc
1895739033272160512,北方大爷就是爸爸的哥哥，还有些地方会叫大爹,4422.924,1753038056,7a1afabc
1895739051508994304,比利时，荷兰，不由自主地dudududu,4370.072,1753045018,cdfc31da
1895739054243680512,这期太好看了哈哈哈哈,4582.978,1753035619,187c324
1895739071566156032,全世界的趋势哈哈哈哈哈哈哈,4405.411,1753069485,f7934ca3
1895739076129558784,看来还是妈妈重要哈哈哈哈哈,4448.138,1753069527,f7934ca3
1895739088888631552,靠北不算？,4416.782,1753068705,d4e31129
1895739092537676032,笑得我肚子疼,4397.34,1753062755,928dfa68
1895739105305137408,是红大爷,4418.911,1753072489,63882395
1895739118072598784,哈哈哈哈 老王太可爱了,4587.157,1753061525,67cfac19
1895739125362299136,哈哈哈,4564.19,1753070523,86ed341b
1895739337812185344,哈哈哈哈哈不愧是学霸,4661.75,1753080270,928ebf4c
1895833647970618624,哎 闽南话林北就是 可惜唐大哥不在了,4408.122,1753092182,717a589b
1895902750144143360,这个还……,4321.524,1753100419,738625c6
1895907869804003328,本来就听不懂，那听不听得到又有什么关系呢，在公共场合说脏话本身就是不文明的行为,4360.674,1753101030,b41d23bf
1895908179586673152,哈哈哈哈哈不行了笑哭了,4388.324,1753101067,8e85fd5f
1895927466716137216,哈哈哈哈哈哈哈哈哈哈哈哈哈哈哈哈哈哈哈,4394.076,1753103366,4365b2b7
1895928548712294912,哈哈哈哈哈哈哈哈哈哈哈哈哈哈哈哈哈哈哈,4520.928,1753103495,4365b2b7
1895982829658685952,我也是,4675.5,1753109966,42cad9e5
1896001296768195840,哈哈哈哈哈哈哈哈哈哈哈哈,4677.235,1753112167,ee1f6f9b
1896400773932488448,哈哈哈哈哈哈哈哈哈哈哈,4598.659,1753159788,e1f0140c
1896512698288793600,跟我们见外了不是,4365.396,1753173131,6a042d86
1896514385674094080,老王又拿吃饭举例哈哈哈哈哈哈哈,4454.776,1753173332,272cb156
1896608734999507456,满意满意特别满意,4371.008,1753184579,6958d185
1896642155020717056,苦肉计哈哈,4590.242,1753188563,445a39f6
1896642936713124608,对对对,4676.515,1753188657,445a39f6
1896696260124513024,自爆型劝架,4561.628,1753195013,fc5c5aac
1896763454762194688,他们不会哈哈哈哈哈哈哈哈,4569.196,1753203023,b9816bbd
1896765768927379200,哈哈哈哈哈哈哈哈哈哈哈哈公费报仇,4542.799,1753203299,e8be185e
1897011300463673856,有带大爷的,4411.438,1753232569,d539e6d1
1897013120430860032,老王好吃的没白吃还挺有劲,4613.994,1753232786,d539e6d1
1897218638458098176,讲的好可爱呀哈哈哈哈哈哈哈,4468.158,1753257286,d9749c34
1897324740884846080,我也是,4678.681,1753269934,8693b549
1897363774932184320,想了解的可以自己找找一些俄的生活vlog之类的,4361.289,1753274587,d403eb94
1897426030323611648,哈哈哈哈哈哈,4387.518,1753282009,d849b843
1897430303178371840,陈老师梦开始的地方,4635.859,1753282518,d849b843
1898107734009310976,有的，闽南话里面的靠北就是,4409.048,1753363274,b29ebb7b
1898140754749313024,拉开了已经,4552.403,1753367210,9a457285
1898604176352239360,风和日丽，鸟语花香,4320.185,1753422454,a18ccce
1898604469584211456,这么长一段吗救命怎么还没完啊哈哈哈哈哈哈哈哈哈,4334.886,1753422489,a18ccce
1898827115965592320,大爷，不是大爷爷啊,4423.334,1753449031,1ffa9383
1899264598080031232,果然是美食博主,4449.549,1753501183,d04c374a
1899496872319092736,凉菜哈哈哈哈这个比喻,4441.171,1753528872,3820b86
1900043563572775680,到底是啥？好想知道,4348.134,1753594043,3ad68769
1900320971148192768,被带歪了，哈哈哈,4644.234,1753627112,968d7bd9
1900998015238881792,0帧起手,4521.96,1753707822,478a57e2
1901003546199856128,北方不说大伯，都是说大爷,4429.826,1753708482,2216f793
1901074396593528576,坑爹只是调侃 上升不到骂人,4438.056,1753716928,bba3e7b3
1901091973570498560,放出来吧，反正听不懂,4334.352,1753719023,18259142
1902337660274969600,哈哈哈哈哈哈哈哈,4604.007,1753867520,92f8c01f
1903081973443330560,哈哈哈哈哈哈,4535.647,1753956250,623dd44
1903082273570880768,哈哈哈哈哈哈哈哈,4568.091,1753956285,623dd44
1903781401921761536,其实有用,4589.383,1754039628,1ddd0afb
1903806233291993600,老王那么有力吗,4603.096,1754042588,29c7c55b
1903952397949739520,这个情节 解放西 看过一样的，哈哈哈哈哈哈,4560.019,1754060012,e1245ea0
1904516717376838400,因为妈妈是孩子的第一位老师啊！,4403.275,1754127284,9e41d483
1904530899417644288,哈哈哈哈哈哈哈哈哈哈哈哈哈你个感冒,4385.563,1754128975,3e5e834
1904530978748724992,和哈哈哈哈哈哈哈哈哈哈哈哈哈哈哈哈哈哈哈哈哈哈哈哈哈哈哈哈哈哈哈哈哈哈哈哈哈哈哈哈哈,4384.499,1754128984,3e5e834
1904532923857065216,没有妹妹呢,4492.766,1754129216,3e5e834
1904538811812607744,哈哈哈哈哈哈哈哈哈哈哈哈哈哈哈哈哈哈哈哈哈,4645.546,1754129918,3e5e834
1904722568506592768,不是，这有什么可防的呢,4341.418,1754151824,1606bf27
1905449384062253056,新疆好像也是,4496.703,1754238467,a48719d1
1905497931360905728,伊朗和俄罗斯打起来啦,4529.621,1754244254,c0863c00
1906542784094295808,哈哈哈哈哈,4559.017,1754368810,58d57e1c
1907526196715882496,哈哈哈哈哈哈哈哈,4523.519,1754486042,f5dd2f0d
1908679452259804928,xx日记,4362.117,1754623521,f41917e3
1908744384842053120,你们听不懂，别人听得懂啊，我就是学俄语的，很多人学俄语日语,4357.8,1754631262,6ba6f998
1909668420170398720,四个层次,4433.428,1754741415,d7fb52ee
1911359300216006400,哈哈哈哈哈哈,4447.784,1754942984,984e8387
1911359604252789760,太逗了,4455.784,1754943020,984e8387
1913398067118770176,马月！受到严格保护,4495.758,1755186024,e540d7cc
1914634620675197952,爸爸好惨,4409.305,1755333432,39959bed
1914635448362681088,老王好有意思啊,4468.254,1755333531,39959bed
1914637087353891840,陈老师好帅好可爱,4628.134,1755333726,39959bed
1916001994548683520,萨沙现在好有效果啊,4525.363,1755496436,cd971f7f
1916630927698902784,哈哈哈哈哈哈哈哈哈哈哈哈哈哈,4395.624,1755571411,51f2909e
1916852277454065152,骄傲的小表情,4513.962,1755597798,b575b51f
1918109775393509888,加长版都听不到,4327.512,1755747703,e10ac76a
1919292270814105600,三句话不离老本行。老王就是老王,4441.278,1755888668,8ff620f
1920360764641292800,大爷（轻声）和大爷（二声）是不一样的辈分,4424.525,1756016042,954b058c
1920530535504589824,苦肉计,4559.312,1756036280,99536495
1924962263669318912,确实,4378.913,1756564583,e498a6f4
1928317987325752320,爸爸不重要和哈哈哈,4437.715,1756964617,272b951b
1928473381473163008,陈铭老师哈哈哈哈哈哈哈哈哈哈哈什么叫你个感冒啊哈哈哈哈哈,4387.472,1756983141,27acc97c
1930119365563671296,关键有个俄罗斯妹子全能听懂，哈哈哈,4350.281,1757179358,5f57ee63
1932318721125803008,哈哈哈哈哈哈哈哈哈哈哈,4386.414,1757441541,52ac390e
1937685851845080064,肺结核我们叫痨病,4387.045,1758081353,748c3342
1937711880739083008,现在有了,4411.543,1758084456,e8f1e80f
1937713293271636224,以身入局,4575.73,1758084625,e8f1e80f
1946610506567641600,哈哈哈哈哈哈哈什么鬼，好搞笑,4396.361,1759145255,3a0f6945
1946616695774839040,毕竟母亲是生你养你的人，是个人都不希望。除非你原生家庭环境不好,4477.17,1759145993,eb269b47
1954247216982614016,就好像放出来我们能听懂一样,4348.708,1760055622,99c7f039
1967670342588077312,阿阿阿啊啊，我要听,4342.408,1761655783,eb09f285
1977879332269668864,哈哈哈哈哈哈哈哈哈,4648.638,1762872790,aedabb3d
1986532170919592192,想听啊,4334.675,1763904288,2a9d92f9
1993856239851235072,哈哈哈哈哈多少是有点私人恩怨了哈哈哈哈哈哈哈哈哈哈哈萨沙,4520.851,1764777385,ed5612f4
1996746304319704576,有的 中西部地区很多,4410.686,1765121908,74ba3500
1999494019419440896,盲猜第四个祖先,4482.623,1765449461,29cd0eb
2004628390627918080,老王男友力爆棚啊，华波波都有150 6了,4609.39,1766061526,ffa3828d
,,0.0,1775683732.8000336,
lb.c,,0.0,1775683732.8000336,
,,0.0,1775683732.8000336,
1895737548723425536,哈哈哈哈哈什么是我们不能听的,4749.619,1752990264,1549437e
1895737557581795584,来啦来啦,5024.737,1752990286,a1639211
1895737558689091840,哈哈哈哈哈哈哈哈哈哈哈哈,4902.274,1752991699,eb069b0d
1895737576405831936,哈哈哈哈哈哈哈哈哈哈笑飞了,4980.356,1752990608,39108e46
1895737633507086592,免礼免礼,5039.074,1752990708,59dfb4d2
1895737685701005571,哈哈哈哈哈哈,5002.412,1752993137,98f16374
1895737800272613632,哈哈哈哈哈哈哈哈哈哈哈哈哈哈哈哈哈哈哈哈哈哈哈哈哈哈哈哈哈哈,4982.027,1752995330,a4557f7c
1895737802998911232,万一听不懂怎么办,4874.018,1752994933,81bc2129
1895737948222492928,什么梗？,4748.329,1752998164,d6922fe2
1895738125113069824,就这个湖北味正宗,4711.305,1753011041,7a763aee
1895738285595529472,双板确实可以倒着滑,5008.25,1753011373,43686648
1895738620225491200,哈哈哈哈哈哈哈哈哈,4984.609,1753022510,65fd9e50
1895738757907714304,太损了,4985.149,1753022518,65fd9e50
1895738832675377408,来来来来,5036.598,1753027077,8a513c81
1895738966708556032,太可爱了超超,4747.358,1753060176,4f7b0147
1895738992243478784,就是歇后语,4867.877,1753034556,c7bc6e63
1895739080684572928,哈哈哈哈哈哈哈哈哈哈,4918.722,1753069998,f7934ca3
1895739131746029824,哈哈哈哈哈哈哈哈哈哈哈哈哈哈哈哈,4994.089,1753062512,3bd1c757
1895739196480917760,这段发出杠铃般的笑声,5030.092,1753075104,28ad2a59
1895739201044320512,斑马斑马，你回到了你的家,4704.204,1753075169,c2cf2fbe
1895739208334020864,突然好凶的超超,4710.536,1753075185,c2cf2fbe
1895739269428252928,哈哈哈哈,4730.776,1753075210,df6e1fa7
1895739282195714304,个斑马 武汉读书学会的第一句武汉话,4704.434,1753073116,76b350d2
1895771221057041664,歇后语骂人是吧hhh,4865.028,1753084740,ea88348b
1895892382798022400,真的很像用歇后语骂人,4858.534,1753099184,1da0b061
1895904636515565824,四姐镜头太少了，感觉他的观点还没开始就没了,4765.842,1753100644,58b836f8
1896404829505373952,哈哈哈哈哈哈哈哈活学活用,4949.724,1753160272,f1957628
1896405288303884800,哈哈哈哈哈哈哈哈哈哈哈哈哈哈笑死我了,5003.653,1753160327,f1957628
1896468623779084032,哈哈哈哈哈哈,4981.223,1753167877,9ec95bfa
1896588932171657472,Dylan好帅,4935.291,1753182219,bd4e22b9
1896649488324662272,非正“倒着哥”,4978.032,1753189438,280fcb51
1896737496214828800,哈哈哈哈哈哈哈哈哈哈哈哈哈哈,4982.203,1753199929,9cb4590f
1897014030158811904,你瞅啥的意思吗,4715.633,1753232894,d539e6d1
1897014233171284992,想咋的,4732.518,1753232919,d539e6d1
1897019864125305344,胖跟秃顶？华波波？哈哈,4804.17,1753233590,88971e98
1897165318887847424,哈哈哈哈哈哈每次都要拿出来反复“鞭尸”,4994.106,1753250929,729e3ab7
1897254941232950272,哈哈哈 杨杨很合适,4903.28,1753261613,2a986023
1897344532589414144,又狠又能播哈哈哈哈，好绝,4852.883,1753272293,55d83f10
1897762938228495616,哈哈哈哈哈哈超超你咋这么可爱呀,4748.926,1753322171,3c4a8341
1898076422447444224,这个味太对了，喵莫斯喵,4713.793,1753359541,49e5e8b6
1898116838467539200,哈哈哈哈哈哈哈,4959.312,1753364359,8d117f15
1898162780163908608,笑晕了这个梗,4843.97,1753369836,b71cfd89
1898407579726848000,我也是！本来已经冷静下来了听到这句话又会死灰复燃,4680.153,1753399018,28dcc9f6
1898620921531941120,哈哈哈哈哈哈哈哈哈哈哈哈哈哈哈哈,4990.806,1753424451,a18ccce
1898621235324599808,萨沙：我这一生如履薄冰,4998.994,1753424488,a18ccce
1898621702788319488,这里就很适合配个bgm：长江黄河还有黑龙江~~~,5007.924,1753424544,a18ccce
1898674081130886656,auv真地儿道～,4950.016,1753430788,2738fae5
1898686192863140864,伦儿,5032.685,1753432232,b0850c04
1898718675599884544,喵喵喵  喵莫比,4716.685,1753436104,f83ddc9a
1898842469316472832,这是歇后语啊,4860.486,1753450861,17e2fe2c
1899339586950643712,喵帕斯,4719.067,1753510122,7ef1f30f
1899599321197446144,谎言不会伤人，真相才是快刀,4805.355,1753541085,bc31ead9
1900380122948168960,是LULU!,4784.341,1753634164,81aeaa1b
1900503618960948736,梅林的胡子,4886.484,1753648886,fcdaa08a
1901024484039726336,哈哈哈哈哈哈哈,4942.838,1753710978,2c9403ee
1901079414683921152,给你俩窝窝是“傻瓜你看什么，你走开”的意思,4779.862,1753717526,e67086c2
1901079829685023488,老王可以啊,4824.392,1753717575,e67086c2
1901079976536206080,盆景的伐木工赢了,4830.592,1753717593,e67086c2
1902231732707858432,啥意思没懂,4835.101,1753854893,c1f2fe77
1902338815436637184,动物吵架哈哈哈,4741.721,1753867658,92f8c01f
1902339230270251776,好可爱,4791.413,1753867708,92f8c01f
1902465103329566464,哈哈哈哈哈哈哈,4900.32,1753882713,24d07282
1902505877391889664,我懂！不仅是吵架，平时明明一件事已经在做了，非补一句你去做一下，我也会生气,4683.771,1753887574,29c4c024
1902512598906821376,翻旧账了,4925.858,1753888375,d89f1503
1902594920603297792,这一段巨好笑,4932.927,1753898188,26f5d348
1903085253296941312,哈哈哈哈哈哈哈哈哈,4913.221,1753956640,623dd44
1903422713532604160,完全沉浸在自己的艺术创作里了,4892.961,1753996869,bb961bc8
1903895399203318784,沉浸在自己的艺术,4885.319,1754053217,c51a6472
1905868802760226304,好有趣,4725.221,1754288465,7becfa2e
1905869663649455104,哈哈哈,4823.731,1754288568,7becfa2e
1906076866142587904,超超好美～～～～～～,5033.296,1754313269,ba077aef
1906843327282730752,不知道两个buff梗被萨沙听到了会怎么样哈哈哈哈,5018.175,1754404638,4ad5b7c7
1906853502798462464,笑飞了这期哈哈哈,4973.051,1754405851,de5d2566
1907283657380028416,个斑马是吧哈哈哈哈,4741.914,1754457129,654346f5
1907369347933021696,咩啊～,4736.208,1754467344,d9a3acb1
1907528459920721920,中文也是哈哈哈哈哈哈,4843.019,1754486312,f5dd2f0d
1907988977269993984,就跟吵架的时候对方说你冷静一点,4687.296,1754541210,952047f4
1909012552659049984,你看看！,4887.06,1754663230,a30a61d9
1914639175487860992,好艺术,4868.566,1755333975,39959bed
1914699145797749760,免礼免礼,5038.536,1755341124,6a35cdb9
1916331482058605056,去五常,4934.547,1755535714,299590f4
1920572473301738496,你别急哈哈哈哈,4680.084,1756041280,bc587f4c
1921150194511518720,无效消音,4767.931,1756110149,cc860fab
1921999990281070336,膝盖脑袋哈哈哈哈哈,4820.756,1756211453,82b54504
1922699810163473408,哈哈哈哈哈哈这个好玩膝盖脑袋哈哈哈哈哈哈哈,4821.902,1756294878,bc17ebe1
1922718678232065536,buludo在大力水手里面就是大块头,4769.819,1756297127,990a1ffc
1924745898970591232,吼吼吼吼吼吼吼吼吼吼吼吼吼吼吼吼,5002.511,1756538791,90bb401c
1924967089098646016,哈哈哈哈哈哈哈哈我懂了,4839.73,1756565159,e498a6f4
1928431833856027648,四川话 哈哈哈,4802.515,1756978188,272b951b
1930122968890291968,一般是表和马,4760.893,1757179787,5f57ee63
1932207309505761536,真不用客气，哈哈哈哈哈哈哈哈哈,5037.71,1757428260,5b4783e3
1932323510836293120,歇后语骂人 在中国能把我骂笑，没有杀伤力,4856.499,1757442112,52ac390e
1938651722562595840,这个环节好想看英国代表,4803.651,1758196494,7514575b
1941575577676902144,中国好像也是,4880.714,1758545045,7a001e02
1956604467680680960,哈哈哈哈哈哈哈哈哈哈哈哈哈哈哈哈哈哈哈哈哈哈哈哈哈哈倒哥,4987.29,1760336628,d35c8a9
1957521618251751424,有备而来,4898.296,1760445961,ae02b522
1963046567418170368,完全get不到哈哈哈，太艺术了,4878.238,1761104586,54f7b9d0
1963047484477570560,卧槽哈哈哈哈哈哈太搞笑了,4987.548,1761104695,54f7b9d0
1963047606246712832,太有梗了我的天啊,5002.101,1761104710,54f7b9d0
1988704206604970240,萨沙现在好大方,4966.483,1764163215,c847ffba
2005156528713694464,形成内部梗了 哈哈哈,5015.259,1766124485,32b92588
2018407658939996416,武汉话好好玩,4761.811,1767704143,964a8dca
2027838086511379968,哈哈哈哈哈哈哈哈哈哈哈哈哈哈,4860.422,1768828337,8f58d927
,,0.0,1775683732.8000336,
lb.c,,0.0,1775683732.8000336,
,,0.0,1775683732.8000336,
1895737252798501120,一个轴打起来了,5382.658,1752985054,7e19df34
1895737399926296832,老王居然赢了哈哈哈哈哈,5194.259,1752987261,f69ff094
1895737549830721792,众爱卿平身,5040.701,1752988640,1f930d45
1895737559796388096,买不完了,5324.051,1752990445,3f8c2705
1895737585272590592,这个除了买卖还能组什么？,5347.699,1752990663,1549437e
1895737629463777536,买了锅巴,5269.404,1752992283,7e894dc7
1895737792127275264,这也太难了除了脏话我一个也想不到,5250.819,1752994250,4374cf64
1895737809332310272,伤疤,5096.912,1752995497,a4557f7c
1895737812956188928,艾丽莎还比了个功夫出招动作，好可爱,5228.918,1752995826,5866b398
1895737818392006912,这下真的势均力敌王不见王了，战力很均衡,5221.14,1752995797,5866b398
1895737822913466624,怎么不把小贝喊回来哈哈哈哈哈 全国总冠军,5232.53,1752995811,ca18aa72
1895737839220920576,随便,5103.405,1752995510,a4557f7c
1895737861601726720,哈哈哈哈哈,5280.223,1752995737,a4557f7c
1895737870728532224,哈哈哈哈哈,5357.137,1752995819,a4557f7c
1895737878009843968,这个难度好高我一下没想出来,5250.43,1752995861,5866b398
1895737975577743616,太搞笑了这段，会长帮得也真是不明显哈哈哈,5309.076,1752998714,d5478533
1895738014786097408,我都想不出这么多orz,5177.407,1752998128,cda41c26
1895738146998948096,富贵使我们相遇,5054.133,1753003938,94179e93
1895738222680969472,上边其实可以的...至少广东话里可以这么讲哈哈哈哈哈,5132.578,1753012151,f11a2bc3
1895738259154637056,那我必须得发个弹幕,5045.758,1753013226,4c2d7347
1895738280117768448,哎哟喂排面是自己给的,5053.218,1753015344,2394c70f
1895738286535053568,我都想不出来,5361.944,1753014671,635d7cfe
1895738288321827072,大左感觉好疲惫呀,5089.831,1753010259,2275038b
1895738300183318784,买了个包,5277.18,1753014758,73e9b877
1895738319326122240,哈哈哈哈哈哈哈哈哈哈哈,5333.776,1753014745,fbf64f60
1895738331187613952,水表,5101.409,1753013084,8f071823
1895738358542864640,哈哈哈哈,5289.412,1753013835,fc1db046
1895738420534677760,厉害,5362.198,1753013915,fc1db046
1895738453367689472,手臂,5083.725,1753019015,c2db3739
1895738483457626368,散步,5110.21,1753018989,c2db3739
1895738492567654656,私奔,5156.474,1753019088,c2db3739
1895738497131057408,散步,5178.373,1753019110,c2db3739
1895738523571949824,伤悲,5147.874,1753019080,c2db3739
1895738528126963968,帅爆,5171.778,1753019103,c2db3739
1895738537287323904,松柏,5115.542,1753019154,c2db3739
1895738560959975680,那么棒,5397.279,1753020515,c2db3739
1895738573719048448,迷恋改编,5350.312,1753020373,c2db3739
1895738581931495680,美丽古堡,5344.655,1753020257,c2db3739
1895738616576446720,雷妃：嬗变的女人,5152.275,1753018117,6ee65ea5
1895738643931697408,上榜,5139.362,1753019071,c2db3739
1895738657605128448,塞北,5125.34,1753019163,c2db3739
1895738663988859136,三百,5114.292,1753022376,fd2dafbb
1895738781613920512,买了个包,5269.515,1753030952,ea25d4d6
1895738925679874304,会长喜欢俄罗斯人哈哈哈哈哈哈,5280.092,1753038953,7a1afabc
1895738932969574656,笑死我了,5378.09,1753029813,bde1c345
1895738939353305344,哈哈哈哈救命笑死我了,5309.07,1753045893,23ddeab7
1895739014146134272,散步,5114.314,1753068800,91850ea9
1895739130831671552,想不出来,5264.519,1753072461,9f25c571
1895739175509397760,会长明目张胆啊哈哈哈哈哈,5276.576,1753072003,9f04a8dc
1895739183721844992,？,5103.33,1753070183,f7934ca3
1895739216546468096,麻辣锅巴？,5317.463,1753073025,39c07fe7
1895739235689271552,思辨,5100.653,1753075567,bf28894c
1895739250285449472,这是真的强……,5354.932,1753072572,9f25c571
1895739315020337408,老王的食物词汇库太丰富了,5202.207,1753075106,cb0b74b0
1895806227742127872,不愧是全球总冠军哈哈哈,5355.453,1753088913,20dfe047
1895865772513874176,呵呵哈哈哈,5295.841,1753096011,f81c7508
1895865835151917056,笑死我了,5302.521,1753096019,f81c7508
1895905592497846784,波波超级不想输给老王啊哈哈,5168.56,1753100758,e1c79dc9
1895913210587020800,厉害也,5356.678,1753101666,738625c6
1895940028228628736,哈哈哈哈杨迪笑死我了,5331.187,1753104863,9a7995d3
1896001709957121536,这个游戏确定不是在考验旁边的观众吗哈哈哈哈哈哈哈,5169.79,1753112216,692c8ed6
1896005638208190720,哈哈哈哈哈哈哈哈哈哈哈哈哈哈哈哈哈哈,5309.536,1753112685,ee1f6f9b
1896037717519832320,我不行了,5303.486,1753116509,35861f7e
1896103813057326080,众爱卿平身,5055.166,1753124388,272d704
1896266853488527360,买了个包,5255.593,1753143824,136938f4
1896397577185262080,买了个表,5252.363,1753159407,8c816764
1896398972085054976,买了个布,5322.799,1753159574,8c816764
1896487745384687360,是全世界冠军强啊  这个怎么可能平衡？,5225.606,1753170156,3f43cf38
1896518030927038976,哈哈哈哈,5287.335,1753173767,6a042d86
1896647238626065664,散步,5186.384,1753189169,445a39f6
1896700332483297024,买了个表,5262.862,1753195499,fc5c5aac
1897110671595089408,买了个饼,5303.296,1753244415,42da3e49
1897164510704274176,会长，真的一点都不偏心,5318.682,1753250833,35645b71
1897465344239936512,这里为啥正片没有啊很好玩,5316.955,1753286695,9c3b5844
1897907599363012096,加长版不是没人吗？,5061.923,1753339416,47a0e8bd
1897994325766477824,应该的应该的哈哈,5048.248,1753349755,4abc64a0
1897996747196894720,哈哈哈哈哈哈哈哈逛超市,5307.543,1753350043,4abc64a0
1898119123121513216,波波太搞笑了,5193.237,1753364632,8d117f15
1898135047518137856,免礼免礼,5075.625,1753366530,eedeee86
1898384560598181888,平身,5075.322,1753396274,b2d05ef3
1898624478083756544,超市逛的差不多了哈哈哈哈哈哈哈,5326.782,1753424875,a18ccce
1898641201796753152,密林古堡,5368.404,1753426868,8d9a3176
1898884709665421312,哈哈哈,5068.504,1753455897,ef9aebaa
1898897792614057216,S 和sh不算一个声母吧,5137.151,1753457456,90af0186
1898916617254438656,平身吧,5045.044,1753459700,22a3160b
1899502490740164608,比芒果台的明星们厉害,5090.131,1753529542,3820b86
1899503928598076672,好难！,5256.872,1753529713,3820b86
1899529220980670720,美丽告别,5329.076,1753532728,3860f01a
1899556139150926336,买了个包,5262.774,1753535937,c8a83ae1
1899575159195537664,我就说梅丽莎眼熟哈哈哈哈，我看过她,5237.393,1753538205,fbcf58ae
1899948884919695104,字幕靠点谱啊,5152.318,1753582756,ae954710
1900027691504725760,随笔,5111.845,1753592151,2b2c365c
1901026696434365696,哈哈哈哈哈哈哈哈笑死我了,5177.66,1753711241,2c9403ee
1901048621018345216,来了,5068.436,1753713855,53f028f4
1902279610704792320,哈哈哈哈哈哈哈哈哈哈哈哈华波波提高笑了 这个节目不能没有他,5287.656,1753860600,c78fc6cd
1902280109591719680,哈哈哈哈哈哈哈哈哈哈杨迪太有梗了,5336.723,1753860660,c78fc6cd
1902422537695188480,哈哈哈哈哈哈哈快乐了,5041.893,1753877639,ddafd2e4
1902693614774649856,这就是冠军局吗,5308.838,1753909954,13f56837
1903910791510760448,果然是冠军,5323.393,1754055052,117508bc
1903911183124587264,冠军！！！,5370.074,1754055099,117508bc
1904583799472911360,那这样没完没了了 卖了个包也可以啊,5323.205,1754135281,3e5e834
1904731512910551296,买了钢笔,5296.383,1754152890,1606bf27
1905066977614457088,瀚笙给的,5216.827,1754192880,f13424e0
1905263256428680192,哈哈哈哈哈会长假装淡定,5280.272,1754216279,aa36fe3a
1907445196561016064,生病,5096.403,1754476386,aff6fc4
1907655909418110976,描了个边，密林古堡,5369.951,1754501505,ff8d4f0a
1907988948337628160,买了个饼,5269.577,1754541206,e06c8437
1907994271211606272,买了广告,5264.943,1754541841,952047f4
1908432339672427264,这都是我应得的,5050.366,1754594063,9342b3c4
1910180167972956160,买了个表,5278.063,1754802420,738a73b
1910181115902401024,这个好玩,5385.844,1754802533,738a73b
1913125294877852928,爱卿平身,5060.819,1755153507,54a9596e
1914074693993248256,华伯伯笑死我,5210.801,1755266684,9d8aa9dd
1919614221571346432,哈哈哈哈哈哈哈哈哈，买买买，都买,5296.307,1755927047,3ae4c2e2
1921022768267938048,我都想不到,5361.449,1756094959,bc587f4c
1924779962440228352,设备,5089.709,1756542851,e8f6d141
1925468671896090112,看似法国vs中东，实则两伊战争,5183.768,1756624952,24f302e9
1928594371599874304,不愧是世界冠军,5361.448,1756997564,cfd3a899
1932625767037357824,太有牌面了,5107.729,1757478144,f487febd
1932832749916950784,波波笑死我了,5190.952,1757502818,75a35b32
1932833280899017472,想念小贝和田田,5232.806,1757502882,75a35b32
1948196474001477888,哈哈哈哈哈哈哈,5316.907,1759334317,2edb9fb1
1949690376261184256,没了个饼 哈哈哈,5334.374,1759512404,c9c423cb
1952273205201067264,上边其实是，他们搅混了,5164.153,1759820301,5ff286de
1956607870947309056,哈哈哈哈哈哈哈哈哈哈哈笑飞了,5336.797,1760337034,d35c8a9
1957526017011285504,发币，顺发nb,5390.776,1760446485,ae02b522
1999460690884832000,哈哈哈哈哈哈哈哈好搞笑哈哈哈哈哈,5054.438,1765445488,14f3cf30
2002097945549358592,前面外国小学生一人一句汉语那个真的哈哈哈笑死我了,5392.207,1765759873,1bae6291
2031437688779518208,满意,5047.429,1769257443,ec44781a
2036248800440067584,手办,5123.573,1769830972,f9735bbb
2036249860122444544,似是故人来,5248.255,1769831099,f9735bbb
,,0.0,1775683732.8000336,
lb.c,,0.0,1775683732.8000336,
,,0.0,1775683732.8000336,
1895737395396448512,jhhhhhhhhhhh,5592.303,1752988526,a7ab481d
1895737412022669568,我都想不起来这么多,5460.772,1752987439,a1639211
1895737441869336832,因为想不起来哈哈哈哈,5481.576,1752987556,f69ff094
1895737443119239424,波波好可爱,5457.3,1752989533,e9b5076c
1895737485532041472,不够看哈哈哈哈哈哈想看轮番制回合,5670.743,1752987808,fcfebb41
1895737626443878656,]',5625.691,1752991166,967ceef9
1895737643598582016,为啥我的弹幕带框框,5614.122,1752990985,3f8c2705
1895737666809860352,文创书包,5664.861,1752992253,88230e29
1895737685701005569,笑死，好像那个两组外国人比中文的视频,5594.036,1752991870,6c6d890c
1895737696287428864,想看陈铭和陈超的,5515.841,1752993725,b594b266
1895737720085909760,我吃柿饼,5633.349,1752993925,4f3c338d
1895737730554892544,我才十八,5654.687,1752994895,f3d0b903
1895737779443699968,哈哈哈哈哈哈哈哈哈,5736.412,1752996216,a4557f7c
1895737794836795648,还好，我来看了加长版,5683.765,1752995605,6cf1571
1895737843750768896,无偿上班,5638.111,1752995528,8eb43737
1895737876189516032,他不会是在拿你重温日语吧233,5757.212,1752997386,4944442d
1895737884393574656,？哈哈哈哈哈,5656.724,1752996132,a4557f7c
1895737888042619136,拿眉笔,5442.43,1753001707,d7f8343a
1895737898075394304,用一之濑当外教是吧哈哈哈哈,5759.226,1752996601,5866b398
1895737912679960832,发币厉害哦,5491.201,1752998959,e868d6e6
1895737956426551552,哈哈哈哈哈哈哈哈哈哈哈哈哈哈哈哈,5736.542,1753005397,e549f4d8
1895738018435141888,我才上班,5615.672,1753004949,4c54570f
1895738042141348096,发币好厉害！,5451.412,1752998910,d5478533
1895738055814779136,游戏能多玩一点吗？来个车轮战了。,5682.602,1752999172,e868d6e6
1895738163407065344,朕心甚慰,5668.633,1753010633,ca2efdba
1895738188941988096,留学生可以打工，就是时间限制很严格,5745.238,1753013337,450eca7a
1895738207178821888,我吃烧饼,5569.522,1753014025,97afe170
1895738304738332928,笑疯了,5717.724,1753014888,c5fcca58
1895738349416059136,我查设备,5603.283,1753013524,20dffd1e
1895738529041322240,我吃柿饼,5549.573,1753019787,c2db3739
1895738564600631552,我曾上榜,5583.306,1753019726,c2db3739
1895738568249676032,我才上班,5578.215,1753019651,c2db3739
1895738618405163264,哇小熊好棒,5453.439,1753021183,6474f847
1895738628454715648,满意满意,5683.919,1753021786,d3e0ea9e
1895738771581145344,在燃什么啊,5467.292,1753022738,56239c78
1895738808969171200,无偿上班,5557.94,1753033292,8be21198
1895738855467225344,满意满意啊,5669.129,1753027481,8a513c81
1895738904708354304,无偿上班,5550.733,1753055909,a05c4e50
1895738919296143616,厉害,5458.113,1753029509,d0eeaf61
1895739073386483968,外出上班,5662.292,1753071341,86ed341b
1895739233868943616,跟武昌过不去了哈哈哈哈哈哈,5559.595,1753072312,9f04a8dc
1895739271248580864,前面那个五厂上班太痛苦了。,5650.181,1753072906,9f25c571
1895739280375386368,我吃烧饼,5528.493,1753076329,c2cf2fbe
1895739287665086720,哈哈哈哈,5585.042,1753076389,c2cf2fbe
1895739297697861888,666,5456.592,1753076238,c2cf2fbe
1895835379563980800,围城士兵,5651.483,1753092388,182693f5
1895851890223828736,我吃烧饼,5601.387,1753094356,cc93cef3
1895867141996042240,法币好可爱哈哈哈哈,5442.503,1753096175,f81c7508
1895941503516821504,想看华波波,5502.962,1753105039,3c5a3395
1895954531570156032,玩游戏没人能赢得了杨迪吧,5516.139,1753106592,be52f108
1895962419218839040,好可爱啊小熊,5481.88,1753107533,83719079
1896048714238634240,文创商标,5603.24,1753117820,24b0ce4c
1896048828952522752,发币比我厉害,5489.092,1753117833,e871e898
1896387736265527552,好可爱小熊,5433.348,1753158234,f608a6a7
1896401899398836992,我创商标,5627.201,1753159923,8c816764
1896523232526567168,四姐笑死我了,5461.734,1753174387,272cb156
1896696361970702080,真的好喜欢法币啊啊,5497.907,1753195025,ec077e8b
1896969714811750144,哈哈哈哈哈哈哈哈特别满意,5683.167,1753227611,cef95630
1897110463381035008,弄明白,5404.486,1753244390,2bf6365a
1897182469959562240,农民办（农业民生办公室）,5439.96,1753252974,af7c4445
1897184104504922112,无此设备,5617.079,1753253169,af7c4445
1897351985011783168,他发音不但好，调也对,5725.673,1753273182,55d83f10
1897377089222017024,How much?,5715.06,1753276174,7566605b
1897422756426506496,我常上班,5558.897,1753281618,fc5c5aac
1897422918418934784,我出书吧,5568.62,1753281638,fc5c5aac
1897458025171003136,满意满意,5677.512,1753285823,b5323672
1897465090669115648,武昌社保,5582.953,1753286665,d844b0d7
1897769479799142144,法币：let's 骄傲,5481.513,1753322951,3c4a8341
1897938668409864704,哈哈哈哈哈哈,5572.82,1753343120,87627e63
1898060457676681728,这反应怎么那么像外国小孩中文对决哈哈哈哈哈哈,5462.655,1753357638,9cdf46e6
1898138011901385472,怎么没有伦儿,5665.598,1753366883,a0901713
1898178762122903296,我超帅吧！,5632.839,1753371741,a725bfc4
1898423743408421376,这Part这么精彩居然没在正片,5650.83,1753400945,28dcc9f6
1898625744000134400,到底在燃什么哈哈哈哈哈哈哈哈,5464.166,1753425026,a18ccce
1898626550623448832,我测试吧,5559.064,1753425122,a18ccce
1898652728138751488,一之濑刚才输了可能情绪不稳定,5549.571,1753428242,915050e3
1898689587413796352,拿面包,5423.287,1753432636,b0850c04
1899319571606164480,全德国总冠军,5480.43,1753507736,f21b3ea5
1899535640992131840,晚餐随便,5520.474,1753533494,3860f01a
1899602976826559232,会长忍不了了,5665.041,1753541521,89699852
1899607193679394816,很满意，但是不够看啊哈哈哈哈哈,5681.754,1753542023,bc31ead9
1899951105459742976,我查书包啊,5602.221,1753583021,ae954710
1899999679023416320,无偿上班,5655.703,1753588811,87413e4e
1900766299857394432,我出师表,5622.888,1753680200,33977ab
1901031541963149056,无偿上班太有才了,5661.33,1753711819,2c9403ee
1901464422439217664,乃木坂,5411.02,1753763422,80000882
1901466327198751744,五彩水笔,5622.899,1753763649,80000882
1901505084160859136,卧床上班,5635.369,1753768270,a9930091
1901667443429404672,赖赖笑死我了哈哈哈哈哈,5462.246,1753787624,c475edd4
1901688907461504000,绝,5594.196,1753790183,6bdd20d4
1902191443406318080,我才十八,5536.747,1753850090,23b7cf3c
1902282980836447232,想看所有代表玩哈哈哈哈,5692.99,1753861002,c78fc6cd
1902972836168174592,好喜欢发币啊啊啊啊可爱小熊,5497.535,1753943239,94613f3a
1903814713050594560,我吃烧饼,5527.927,1754043599,29c7c55b
1904240408750914304,我吃烧饼,5520.633,1754094346,4213efaf
1904400734091486464,哈哈哈哈哈哈哈哈哈哈哈,5444.369,1754113458,21f73640
1904733937142578688,……,5572.108,1754153179,1606bf27
1907275934575481856,那么棒,5475.248,1754456209,818eee32
1907503311805048832,哈哈哈哈哈哈,5433.297,1754483314,6816ab2b
1907504852112736768,好搞笑,5670.051,1754483498,6816ab2b
1907628097827065088,华波波好搞笑,5413.673,1754498190,ea7aa49a
1907629029776458752,这个游戏好玩！！以后经常,5503.358,1754498301,ea7aa49a
1909211300433862656,文创手办,5641.868,1754686922,2ad516b
1910183692849001728,每期都来这个游戏,5693.155,1754802840,738a73b
1911661393863138816,我才十八,5635.78,1754978996,67c7bc24
1911940037441274368,我常说不,5577.471,1755012213,319d79a8
1916862547517593344,无偿上班这个太狠了哈哈哈哈哈哈,5640.532,1755599022,b575b51f
1916886203115027456,不满意太短了！,5691.918,1755601842,41d23346
1919615919593383936,法币好厉害,5491.366,1755927249,3ae4c2e2
1919874236307270400,太搞笑了,5709.81,1755958043,c4469e21
1924973871791438336,五彩水笔，无偿上班,5634.207,1756565967,e498a6f4
1928489303462333440,武昌酥饼啊,5649.501,1756985039,27acc97c
1931182947986193664,前面说文创的好厉害,5633.131,1757306147,d9c08631
1932631454336961792,满意满意,5684.543,1757478822,f487febd
1936645971006506240,你忙吧,5443.395,1757957390,cc3af606
1938432632782593280,完成设备,5697.579,1758170376,a3545458
1945259887495943936,龙颜大悦,5676.325,1758984249,deea00f
1957526892588923392,他俩这么强的吗？直接加时赛了,5475.556,1760446590,ae02b522
1977901549582004224,关税哈哈哈哈哈哈,5436.202,1762875438,aedabb3d
1977901725834636800,小熊好棒！,5457.17,1762875459,aedabb3d
1988742475853880320,哈哈哈哈这个是Dylan在后面说的,5609.534,1764167777,c847ffba
2002100048816625408,外国小孩中文对决真的，太形象了，这俩都笑死,5467.471,1765760124,1bae6291
2015436799140933120,高级词汇,5450.301,1767349988,a9603673
2018415095944305664,无偿上班(,5616.425,1767705029,964a8dca
2035137440129502976,弄明白,5418.548,1769698488,ca126b
2035137714621479936,你明白,5451.275,1769698521,ca126b
2068517489595502592,那么棒,5472.838,1773677700,471d6181
2077821577877208320,朕很满意,5679.263,1774786834,585cded5
,,0.0,1775683732.8000336,
lb.c,,0.0,1775683732.8000336,
,,0.0,1775683732.8000336,
1895737858867040512,哈哈哈哈哈哈哈哈哈哈哈,6096.333,1752996585,a4557f7c
1895737880752918784,沆瀣一气这词还是能用得到的233,5937.428,1752997598,4944442d
1895737919046914304,哈哈哈哈哈哈哈哈哈哈哈哈哈哈哈哈哈哈哈哈哈哈哈哈哈哈哈,5870.631,1752996356,a4557f7c
1895737949136851200,德国人太好笑了,5863.154,1752999715,8b34e573
1895737969194012928,阿雷真的动漫影视资深中毒哈哈哈哈哈哈,5838.142,1752997069,5866b398
1895738141521187072,犄角旮旯很少用吗？上海话里经常用到啊,6049.474,1753008868,39499903
1895738273742426368,除了呶字都认识,6060.585,1753013759,20dffd1e
1895738364003848448,踽踽独行这种基础词大左一个主持人不认识不应该吧,6002.5,1753015847,e69ebdef
1895738431481811200,圭臬感觉也很常见,6014.236,1753015872,e69ebdef
1895738444249272576,好厉害 卢可！,5923.251,1753018736,1c68567a
1895738555482214656,我觉得奉为圭臬还挺常用的,6019.476,1753019682,79d441b5
1895738669466620160,新梗出现了,5963.161,1753023686,65fd9e50
1895738727817777408,哈哈哈哈还拆啊哈,5877.108,1753023916,5ec74794
1895738740585238784,还得是总冠军！,5923.556,1753029089,d6bfe3aa
1895738798936396032,这期好搞笑,5880.071,1753023927,5ec74794
1895738800765112576,魔法小樱,5811.727,1753025778,ef8f951e
1895738804405768448,Latino American也是American哈哈哈,6088.033,1753033291,5404f33
1895738847263166720,哇好久不见的歌，我现在还全知道且会写呢,5922.622,1753029406,302e2cd4
1895738994978164992,戴卢可好会串场,5918.405,1753033135,5404f33
1895739036921204992,口语里很常见 但书面很少写 才叫生僻字,6084.412,1753069602,221a9f5
1895739067917111552,犄角旮旯哪个地区都用啊,6076.904,1753036132,37b64554
1895739303167234304,超超可能只是重影看成垚了哈哈哈,6025.872,1753080031,3f6b3267
1895803686740271360,德国人神奇的笑点出现了,5860.314,1753088610,677e1eff
1895940938636112896,哈哈哈哈哈哈哈哈哈哈哈哈哈哈哈哈哈哈哈,5956.417,1753104972,4365b2b7
1896006384517540608,哈哈哈哈哈哈哈 太好笑了,5877.08,1753112774,e10bb37e
1896394704246373888,往里玹,5888.848,1753159065,45f0e9c9
1896525961894243328,还记得穆小龙的也特别长,5863.237,1753174712,9c5bc011
1896526792475403776,突然感觉和一个母语者说对方的母语好刺激。,5849.288,1753174811,272cb156
1896528996767018496,伦反应好可爱,6093.046,1753175074,272cb156
1896694142336784640,我为什么这么黑,5850.046,1753194761,16f0b446
1896746298607480576,哈哈哈哈哈哈小魔女dorimi我的童年,5817.55,1753200978,9cb4590f
1896782108769874944,哈哈哈哈阿雷好棒,5823.344,1753205247,5856c37c
1896837444775896832,沆瀣一气，绵绵瓜瓞什么的其实也蛮常用的，都是会读，不一定会写,5963.667,1753211844,9450640
1897302336104199424,原来阿雷也是个二次元啊，圈粉,5807.807,1753267263,729e3ab7
1897408696875986688,bgm是星矢。。。,5826.178,1753279942,7ea9d3d5
1897539050743992576,是真的 喜欢看番剧随便都有N3了 日语听懂会说不算难,5774.395,1753295482,6f99a845
1897540654679205376,碗里选,5906.056,1753295673,6f99a845
1897941885038393856,哈哈哈哈哈德国人,5869.457,1753343503,4227b274
1898063552024567040,善逸！,5827.305,1753358007,9cdf46e6
1898064079399573504,xs我的笑点是发币笑,5864.169,1753358070,9cdf46e6
1898097346118832640,生僻字那个歌词的选择标准太不统一了所以体感好不好也是一阵儿一阵儿的hhh,5931.174,1753362036,45af011b
1898114145447495424,紧跟时事哈哈哈哈,5827.651,1753364038,ba542c3c
1898161274299396864,考试会用到吧，或者语文老师,6051.412,1753369656,9a457285
1898467852772804608,哪里常见？你平时都会说这些吗？我只能读一些，意思知道的就更少了,6031.791,1753406203,a725bfc4
1898468393661528832,确实是American,6081.24,1753406268,a725bfc4
1898544657131158528,会长日常开始挖坑了,5973.106,1753415359,e68aeabe
1898792509870598400,魔法少女小圆，魔法少女奈叶，魔卡少女樱，憧憬成为魔法少女,5789.357,1753444906,c1c112d8
1898950122260736256,我的天啊,5932.388,1753463694,eeae67ec
1899611716883880704,哈哈哈哈杨迪这个变声,5986.176,1753542563,5ebece69
1899953432166147328,怎么难的都会，简单的反而错了超超,6015.364,1753583298,ae954710
1900078198046300160,哈哈哈少女雷,5809.075,1753598172,1091612d
1901032821930525952,哈哈哈哈哈哈哈哈哈,5810.507,1753711972,2c9403ee
1901035550375286784,格局,6102.475,1753712297,2c9403ee
1901038084020175104,笑死,6081.102,1753712599,2c9403ee
1902445816619673088,可爱的四姐,6110.63,1753880414,c085033b
1902473656388011520,哈哈哈哈哈哈哈哈哈哈,5884.153,1753883732,24d07282
1902507918574530560,鬼灭！！,5827.326,1753887817,ecae7fb8
1903092981570356992,哈哈哈哈哈哈哈哈哈,5817.734,1753957562,623dd44
1904588337600721664,中二哈哈哈,5768.847,1754135822,3e5e834
1904588540294738176,和红红火火恍恍惚惚哈哈哈哈哈哈哈哈,5787.755,1754135846,3e5e834
1904607506802715648,xswl,5877.161,1754138107,2f77163b
1904738394345604608,不考生僻字没意思呀,6059.583,1754153710,1606bf27
1905360955819970304,先笑了,5858.11,1754227925,95e70b5d
1906556910518333184,哈哈哈哈哈,5871.662,1754370494,58d57e1c
1907415837069982464,不会是飞天小女警z吧,5820.521,1754472886,43d8243f
1908251049396513536,哈哈哈哈哈,5828.769,1754572451,d8a8f583
1913315501447857152,奉为圭臬不是很常见吗，，,6018.38,1755176181,9b40c598
1916341011081184256,这里阿雷莫名的像唐大哥,5760.723,1755536850,299590f4
1916656189127610112,哪里常见了，只有几个是常见的,6036.563,1755574422,51f2909e
1922655339275858176,犄角旮旯也会，只是不太会写,5941.477,1756289577,99536495
1923491622692854784,歌里的都会比较熟啊,6044.668,1756389269,a82a2ebb
1924750576206771968,哈哈哈哈哈哈哈哈哈哈哈哈哈哈哈哈哈,5819.439,1756539348,90bb401c
1924751062737679616,吼吼吼吼吼吼吼吼吼吼吼吼吼吼吼,5873.51,1756539406,90bb401c
1929398244665353728,初中的时候我们也学这个表演过,5947.352,1757093394,bd775eca
1954296916465043200,戴卢可的承上启下可太中国了哈哈哈哈,5910.649,1760061546,99c7f039
1957531727765723136,哈哈哈哈，陈超其他生僻的都知道奉为圭臬这么日常的居然不会,6007.196,1760447166,ae02b522
1963056219074066944,我的天啊，怎么会有这些这么多语言超能力者,5857.992,1761105737,54f7b9d0
1967686962006220544,笑死，反正我认不全哈哈哈,5978.628,1761657764,eb09f285
1977904572307833856,魔法少女哈哈哈哈哈,5795.978,1762875798,aedabb3d
1977905919635666176,哈哈哈哈哈哈哈哈哈,5956.683,1762875959,aedabb3d
1994610009833088768,超超好厉害,6041.25,1764867242,51701351
2010424270157225984,奉为圭臬这个，我感觉应该都知道啊，看古装剧什么的,6007.049,1766752448,a0b99804
2016016522979979008,超超怎么不认识圭臬，这是固定组合啊，垚涅是啥意思,6007.162,1767419097,ae954710
2026860148143955200,穆小龙？？？,5856.924,1768711758,c0ad9fc7
2036277408915183872,我只会醍醐灌顶和犄角旮旯,5991.627,1769834383,f9735bbb
2038025793061976064,德国人莫名其妙的笑点笑死我了,5864.035,1770042806,b8b5200d
2057973005103436544,高中语文考了你还能记得？反正我是感觉上大一就修为散尽了,6045.684,1772420699,dc69dd68
2058963017848770048,我可能知道他咋学的语言了,5843.198,1772538718,60c31dff
,,0.0,1775683732.8000336,
lb.c,,0.0,1775683732.8000336,
,,0.0,1775683732.8000336,
1895737596345553152,哈哈哈哈哈哈哈,6195.466,1752991046,a1639211
1895737605254254848,笑到捶床,6248.056,1752991132,a1639211
1895737756257587456,哈哈哈哈哈哈哈哈,6247.548,1752993724,46e1d41a
1895737873454829824,这表情包加的哈哈哈哈哈,6247.145,1752995808,591a47e1
1895737955520581888,哈哈哈哈晚上睡觉起来扇自己一巴掌。,6242.077,1752996766,a4557f7c
1895738234534072576,美国的刻板印象又增加了哈哈哈哈哈哈,6262.432,1753014661,d93d12d4
1895738291970871552,地大物博吗哈哈哈,6424.625,1753014057,450eca7a
1895738441514586368,美式英语跟英式的相比是真挺村儿的,6304.472,1753017646,6ed7a38b
1895738527220994304,这句话感觉很深刻,6342.095,1753018411,9cfc41f8
1895738529955680512,好惨,6240.329,1753015944,e967e3fc
1895738545457828096,洋脸在身我心依旧是中国心,6343.404,1753019165,b3e76332
1895738814438543616,伦儿好漂亮,6121.658,1753026098,ef8f951e
1895738827214393600,还好我们中文故意说别的口音腔调不会被说,6221.909,1753034289,9ef562ec
1895738931149246720,哈哈哈哈哈，绝,6261.929,1753027770,105f8ab8
1895738994063806720,以前好像聊过,6323.611,1753065947,c76f245a
1895739099835764992,感觉四姐马上就要入党了,6358.412,1753041164,f2cbd317
1895739164570652928,北京啊，都鼓楼钟楼和胡同了,6466.915,1753074268,cce57685
1895739223836168448,哈哈哈哈,6185.472,1753075358,b465a5f8
1895876772915284736,好红,6342.445,1753097323,f81c7508
1895891145075744000,完啦！漂亮国居然是我自己,6332.931,1753099036,720bb977
1895911263230715648,这一期可太好看了哈哈哈哈哈哈哈,6293.681,1753101434,cc998cf0
1895977013316171008,真的 我现在在英国 班上有美国同学老师都问为什么来英国哈哈哈因为感觉美国人很少来,6233.393,1753109272,7021661
1895996712578404608,哈哈哈哈,6191.243,1753111621,42cad9e5
1896011026604849152,哈哈哈哈哈哈哈哈哈哈,6248.296,1753113327,692c8ed6
1896053738805025792,笑死我了,6338.26,1753118419,35861f7e
1896348810541099264,盆栽伐木工,6185.449,1753153594,b7453a45
1896660913071964928,入党！马上入党！,6335.06,1753190799,280fcb51
1896752974823802112,萨沙真的长大了哈哈哈哈哈还劝架了,6286.28,1753201774,9cb4590f
1897031264495085056,英魂不散,6129.09,1753234949,88971e98
1897172399880213760,缘分,6350.275,1753251773,fe4eee91
1897191079833737984,伦儿好好看,6141.739,1753254000,edbe14cb
1897329347598687232,四年英伦行 一生英国情,6138.756,1753270483,cdc452f4
1897379646639815168,英美日常共轭嫌弃,6150.158,1753276479,d403eb94
1897470722797396480,就像有些人说着说着说英文感觉自己很能似的,6155.088,1753287336,9c3b5844
1897881482706794240,反复播放，笑发财了这段,6120.382,1753336303,a5babba0
1897980178177896192,哈哈哈哈哈哈哈哈,6134.889,1753348068,290bcf14
1897990451865073152,主要是大部分的美国人会对英音有滤镜,6302.454,1753349293,c5e94360
1898037108598766848,我觉得英音比美音好太多了，主要是美式英语有种不好好说话的感觉,6151.32,1753354855,e3a9f12d
1898068025727885056,也没有r音好像,6268.82,1753358540,9cdf46e6
1898469431701780736,四姐吐槽笑死我了,6195.492,1753406392,a725bfc4
1898638472119025920,B+可以了，我的二外只有及格，但我还是往简历上写我会,6389.578,1753426543,a18ccce
1899515964723618304,很多去台湾上大学的人也会有台湾腔,6237.288,1753531148,3820b86
1899583646470362112,哈哈哈哈哈哈哈哈,6195.813,1753539216,fbcf58ae
1899589769240256768,政审吗,6331.689,1753539946,80311199
1899903850559699712,英音好听啊,6271.685,1753577388,3e3ca627
1900743884129465600,东北腔,6156.205,1753677528,fc5824e9
1900962778974280704,“再给我上颚共鸣试试看呢”,6139.283,1753703622,7c263e9f
1901039338478048256,缘分,6410.357,1753712748,2c9403ee
1901092486005857536,这一趴杨迪和大左配合好默契好好玩,6240.882,1753719084,bba3e7b3
1901111475482086656,东北菜好吃不辣,6470.381,1753721348,18259142
1903696970439590656,我以为这个词是 可以,6419.591,1754029563,b7a9b2eb
1903909804733164032,哈哈哈哈哈哈哈哈哈这么严重吗,6142.532,1754054935,c51a6472
1903912608323439360,这个讲过，老师说他没天赋他吃激将法非要学哈哈哈哈,6350.203,1754055269,c51a6472
1904470534801020416,温文尔雅温润如玉钟逸伦,6222.688,1754121779,cc2734ec
1904581796449178880,没事萨沙会倒着说,6144.19,1754135042,5bd65cde
1904592053267419392,伦儿比较像英国的,6176.889,1754136265,3e5e834
1904592758221061888,哈哈哈哈哈哈哈哈哈,6240.501,1754136349,3e5e834
1904741835662920192,中国其它不说，论美食绝对世界第一,6444.448,1754154121,1606bf27
1907997071420911104,很明显是要伐木哈哈哈哈哈,6187.912,1754542175,e06c8437
1910189102486362880,大漂亮,6338.048,1754803485,738a73b
1910189214340135424,漂亮过,6351.282,1754803499,738a73b
1914652145542984448,这期好好看,6310.42,1755335521,39959bed
1916890106191840512,来了来了 入坑点,6131.6,1755602307,41d23346
1938459317036858368,4,6137.704,1758173558,7ce065f9
1942844325235513600,我真该死啊哈哈,6254.36,1758696291,1448c64
1967689487748992512,口音会混也正常，在外地待久了回家就会被说口音变了,6211.908,1761658065,eb09f285
1971860351436493056,真好,6405.79,1762155271,83beff44
1975472819102343680,我喜欢这期的所有！！,6331.166,1762585911,75855fc6
1988749246333072384,可怜的伦儿,6254.717,1764168584,c847ffba
1988750225619440640,支持Dylan，英音好听,6272.114,1764168701,c847ffba
2011318177330127616,好家伙哈哈哈,6456.191,1766859010,1bdc989c
2024979683494084864,这话题能客观的聊吗,6321.496,1768487589,4756a90
2069095069641645568,有没有可能美国人不说纯正的英语才是违背了自己的故乡,6150.449,1773746553,6b2b33d2
,,0.0,1775683732.8000336,
lb.c,,0.0,1775683732.8000336,
,,0.0,1775683732.8000336,
1895737660753285376,这一期真的很好看,6541.435,1752992583,a8f5ef7c
1895737685818446080,享受2025，好戳人的表达,6794.065,1752992554,dd38837b
1895737804802461952,哇哦，好想听一听,6713.441,1752995454,98f16374
1895737829255254272,老王算最有发言权了，毕竟经历过生死后来的,6760.292,1752998269,4944442d
1895737865259159808,但是这种速度也会有很多后遗症,6628.733,1753000515,8b34e573
1895737968288043264,那还是不一样的，中国贫富差距大，但基础建设都很好，欧美可不是,6678.52,1753002110,5e592343
1895738173439840512,应该是说医疗不便利，拖着拖着很多病人就错过最佳治疗时间,6709.748,1753010160,20af4969
1895738642102980864,哇，好会说,6794.595,1753022472,755ab053
1895738734201508096,和平,6749.651,1753027321,d89d8cbd
1895738795295740160,兼容并包,6823.86,1753032301,177de300
1895738872798089472,对自己深爱的国家有反思是很好的一件事,6721.795,1753038055,187c324
1895738902879637760,喜欢这样的真诚分享,6543.19,1753037588,187c324
1895738912006443264,希望都能变得更好,6721.795,1753038063,187c324
1895738932063604992,哈哈哈哈哈在一个伊朗人的房间里两个美国人吵起来了怎么这么好笑,6711.525,1753063546,f032f0af
1895739024153743616,其实这种对速度的适应能力也是一种温水煮青蛙。,6620.268,1753037869,187c324
1895739090717348096,不知苦所以不能言苦。,6622.315,1753037904,187c324
1895739095272362240,来郑州吧，郑州地铁是真的很有人文关怀,6736.904,1753040485,7a1afabc
1895739168219697408,五千年,6837.086,1753066340,e94d0ef6
1895739195574948096,都一样啊，大部分资源掌握在少数人手里，底层挣扎求生,6685.378,1753069042,3e15afd5
1895739298603831552,贫富差距...真的很难缩小,6671.593,1753077459,f04b19be
1895739300432548096,战乱国家的人要考虑的是生存，和平的国家才配谈生活,6772.315,1753073897,f8b0e6b0
1895739333257171200,唉...,6667.752,1753077438,f04b19be
1895916809107255552,来成都坐地铁吧,6741.512,1753102095,cc998cf0
1895922409224457984,幸存者偏差罢了。跟不上的会被毫不留情抛弃消失,6635.987,1753102763,9cc53f64
1895927999803579392,看了饼叔和老王的视频，很感慨,6763.186,1753103429,2f51f428
1895937469820941824,喜欢陈老师每次认真的聆听大家的发言,6547.615,1753104558,7d881d54
1895945543797188096,哈哈哈哈哈哈哈哈哈哈哈哈哈哈哈哈哈哈哈,6503.187,1753105521,4365b2b7
1895971705936303104,中国自己外宣也是重点在传统文化，对内也强化传统文化在中国文化中的代表性，青年文化一定程度上缺失，也有舆论环境的因素，外国人误解也很正常,6589.994,1753108640,108016b
1896042506861772032,这个我居然有点不信,6824.197,1753117080,698bab0d
1896055550030980352,中国也一样只是程度问题罢了,6658.388,1753118635,35861f7e
1896115798288929536,只缘生在此山中我没觉得变化很快但是回头看好像也变了蛮多,6649.705,1753125817,cc2734ec
1896346407598641152,说一样的去认真了解一下中美差异吧，本质是不同的，中国在努力缩小贫富，美国不是,6687.136,1753153307,996c2fe2
1896389793135554816,哎也不是每个中国人都过得很幸福，我就很累,6804.345,1753158479,671e7525
1896445143561997056,每个国家都需要伦这样的理性主义,6735.808,1753165078,2babe5d1
1896692445161556736,未知全貌 不予置评,6500.385,1753194558,d10e6859
1896713597632456448,前面那个为什么不信啊？就用大类来说，南北方的很多人了呀，更别说这么多省，每个省，每个城市，甚至每个村的文化都不一样。,6830.016,1753197080,c93b4313
1896713718285980672,很多元了,6834.261,1753197094,c93b4313
1896732865308570624,AUV,6591.584,1753199377,54d3f224
1896762050744070656,哈哈哈哈哈哈哈在一个伊朗人的房间里,6709.359,1753202856,9cb4590f
1897033430391823872,每个人都累换个地方你会连觉得累的功夫都没有还要担心能不能活到明天,6812.842,1753235207,d539e6d1
1897036751005286656,投共一念起，顿觉天地宽,6735.699,1753235603,c50570d0
1897124829325385984,国外一些媒体的刻意描绘,6600.162,1753246103,42da3e49
1897224976302927360,这俩私下可一定要还是好朋友啊,6713.528,1753258041,e6299164
1897398342565690112,真的，我们被保护得很好了^ω^,6774.265,1753278708,ca23a4
1897434692518111488,苏丹的游戏你是不是原型哈哈哈哈,6776.575,1753283041,b7b7e82b
1897549057816156160,鼓楼钟楼是西安,6483.967,1753296675,6f99a845
1897599146278760704,中国内部当然也有问题，但和国外的程度还是不一样的，多去了解一点再发言吧,6682.239,1753302646,68f3b35d
1897599835788886016,一个江苏各个市县方言文化都不一样,6838.453,1753302728,a12485dc
1898072217221687552,想起luigi,6699.647,1753359040,9cdf46e6
1898085967332604160,这后面的话题多来几期，说不完啊,6609.427,1753360679,d849b843
1898126853265714176,没办法拒绝变化/dog,6625.936,1753365553,ba542c3c
1898641050416426752,人民的愿望都相似。。,6675.15,1753426850,a18ccce
1898785992081696768,英国：勿cue，谢谢,6689.673,1753444129,cc3adea9
1899394054693909504,不接受也很好办，慢慢被淘汰咯,6624.492,1753516615,3873c0bd
1899524978576745984,可能是荒诞吧，比较合适,6523.504,1753532223,7cf865be
1899569833494887168,梦幻不好吗？,6573.202,1753537570,3860f01a
1899644931426164480,中国也不能避免,6661.822,1753546522,d5bc7b78
1899645448348985344,当然我们现在正在努力让中国不一样而且也有了成效,6689.47,1753546584,d5bc7b78
1900034195536137984,Dylan是一个真诚的好人 支持,6720.402,1753592926,2c9403ee
1900231076526713344,美国很多人相当爱国的，其实恰恰是我们。。。。。。,6649.902,1753616396,395ce43e
1900245252292511232,这里的荒谬应该是指外国宣传的中国和实际的中国不一样的意思吧,6582.739,1753618086,fc0b135a
1901033036209402880,“神奇”,6522.2,1753711997,1b6940fa
1901478076861790976,中国禁枪是最明智的选择，而且摄像头多也是为了保护好人，监视坏人,6802.453,1753765050,80000882
1901700931155311616,变差,6642.612,1753791616,105f52db
1901734966363358208,他是个理想主义者，社会需要理想主义者的存在,6719.916,1753795674,71f360aa
1901862417940697600,感谢国家，每有一个新技术出现都是先向全民普及的,6630.792,1753810867,4a4e6679
1902365496134297344,我们不要身在福中不知福了,6793.653,1753870839,92f8c01f
1903699234281745920,很多国家都这样,6658.438,1754029833,b7a9b2eb
1903827465546625536,每次波波玩这种政治梗我都好想笑,6715.322,1754045119,29c7c55b
1904592752574914304,中国不一样,6686.195,1754136348,357dee8e
1904596883444749312,。。。。。。。。。,6636.436,1754136841,3e5e834
1904597355127841024,哪里不都这样,6661.546,1754136897,3e5e834
1904599138847969024,没有说过的多幸福 要求就是没有战争就很幸福了,6809.822,1754137110,3e5e834
1904743391271399168,中国可使用短短30年走完了西方国家的很多路,6615.568,1754154306,1606bf27
1904746212788497664,确实多元化，不同地区不同民族,6820.44,1754154642,1606bf27
1905466819909765888,要哭了 老王,6796.692,1754240545,a48719d1
1905516364379104512,中国和美国还是很不一样的，美国可以说整个政府和社会就是一个企业,6688.725,1754246452,c0863c00
1905590443236882944,华波波接的好哈哈哈哈,6728.909,1754255282,55f41f2d
1905708190906021888,是的，明明有新兴的社群文化，小说影视在海外也有不少受众，但只拿传统文化宣传,6558.317,1754269319,92638f93
1905733248072848128,伦好可爱啊,6721.098,1754272306,f5b9996
1905886098668937984,伦儿很有国家情怀,6698.429,1754290527,7becfa2e
1905887294179910912,阿雷文艺人,6824.672,1754290670,7becfa2e
1906070010057587456,基建狂魔可不是贬义(而是汗颜),6743.759,1754312451,c8137052
1906621653182534144,国内也一样，只是国家投入民生的更多,6672.825,1754378212,da947e05
1909689848987148544,他想表达国家或者政府没有投入更多到基础设施建设或者卫生安全上面,6674.879,1754743970,d7fb52ee
1911377903472814592,真好,6720.915,1754945201,984e8387
1911378403299548928,伦的发言太棒了,6767.166,1754945261,984e8387
1913571332298825216,不予置评  但我家过得很好,6816.41,1755206679,a406af70
1915971349722081024,但是在武汉记得出门的时候手不要插在兜里,6731.172,1755492783,aa8cb2c6
1918412477759778560,对老王来说这里很有烟火气,6809.441,1755783788,dcc7e0e1
1921056285831728384,不接受就会被淘汰,6630.638,1756098955,954b058c
1921056623968288000,中国也差不多,6657.996,1756098995,954b058c
1929404679826503424,我们也是啊 程度没那么离谱就是了,6668.628,1757094161,bd775eca
1945264582373671936,每次听这个方面都想哭,6771.747,1758984808,e84d2ff
1967694729680788480,卢可的共情能力很强,6785.668,1761658690,eb09f285
1967694847532478464,老王好真诚,6789.668,1761658704,eb09f285
1975476124088230656,好棒老王,6795.251,1762586305,75855fc6
1977911950214243328,其实中国也是,6675.488,1762876678,aedabb3d
1986558931577298944,确实，只有一部分人在享受当代,6804.09,1763907478,2a9d92f9
1988754506963415040,Dylan反应好快,6661.622,1764169211,c847ffba
2011320470867702016,世界因你而美好 ,6720.212,1766859284,1bdc989c
2016952177930965504,广州都一直在开新的地铁线路！,6708.314,1767530636,8947ce87
2022025891484004352,什么叫老是说这个？经历过的最深感悟说不是很正常吗？,6786.513,1768135469,6d4f31dd
2027056310750973952,这是一个制度问题 美国的资本主义体制下永远不可能达到钟逸伦想要的这些平等和普惠,6727.425,1768735142,aef87158
2027056891695612928,老王一说话卢可就哭,6782.978,1768735211,aef87158
2029865597738983936,外宣确实做得不好,6562.312,1769070035,361d239
2056133097778429440,荒诞是离谱且可笑，也不好,6531.028,1772201365,fa9ad547
2066239338295500544,中国没美国那么夸张,6675.024,1773406123,a16be46f
2085131327899985664,荒诞,6523.597,1775658224,91e1ddec
,,0.0,1775683732.8000336,
lb.c,,0.0,1775683732.8000336,
,,0.0,1775683732.8000336,
1895737518549602560,中俄那说不清道不明的羁绊呐,6875.785,1752989565,9e8cd452
1895737942753120512,虽然但是这些基建应该都不是白给，还是要考虑利益的。,7087.97,1753004822,545954c8
1895737954606223616,萨沙已经不是老外啦，他是老内,6917.492,1753001311,e4ff31ac
1895737962810282240,给陈老师投币,7148.543,1753000815,e868d6e6
1895738337562956032,萨沙的面相都很中国了,6921.078,1753014984,73e9b877
1895738415065305344,非正不就是这样吗hhh正经起来很正经,6951.491,1753017172,638576ba
1895738442420556032,这已经是精中了自豪了,6856.334,1753017521,47376c28
1895738515367891200,现在的节目越做越大，主题也越来越大了,7111.306,1753019293,193ffd61
1895738546372186368,萨沙越来越老干部了,6860.051,1753019535,1c68567a
1895738560079171840,完全变成中国人了呀萨沙,6854.884,1753019690,b3e76332
1895738708666585344,但中国的利益都是双赢的，大多是经济上的，不能说有利益就是不好的,7102.081,1753028422,a7349199
1895738749695267072,基础在民间，未来在青年,6909.082,1753029610,b77da815
1895738798022037760,东北人来了,6857.033,1753029957,d0eeaf61
1895738808063201536,唐朝那会真挺多的，服饰饮食娱乐活动都交流的特别深，互相影响很大的,7030.588,1753023996,11c5072
1895738836324421888,偶尔有一些宏大深入的话题也挺好的呀,7125.054,1753034905,9ef562ec
1895738864585642240,灵笼,7118.112,1753027731,7bf03337
1895738874618417408,肯定是有利益的，但是我们追求共赢，而不是强取豪夺,7091.369,1753030554,516113ea
1895738916561457408,宏大叙事会让人感动，但也会让人迷失的，感觉没必要一直升华,6997.048,1753038389,187c324
1895738967622914304,这一年真的是舆论反转,6903.166,1753030294,516113ea
1895738974912614656,近代中国的版图就是清朝定下来的，相当部分依赖于乾隆的十全武功，感兴趣可以搜一搜乾隆朝名将,6979.544,1753040743,7a1afabc
1895739005916909824,没有宏大的背景下个人还会存在吗？,7125.643,1753036925,c7bc6e63
1895739146333819136,咋样了。。。挺好的啊人家,6949.86,1753073352,892b4073
1895854446332840192,相信老王说的是话是发自内心的，毕竟亲身经历过战火,7170.238,1753094661,3a31dcb7
1895859660172023808,据说他的老爸是中俄混血？,6880.681,1753095283,1df8460d
1895878303215493376,迷失是因为你自己内核不稳，如果你连听到一点赞美的话都觉得心虚、不适，那是因为你配得感太低了,7007.214,1753097505,68ab50d8
1895886991573313536,萨沙已经入党了，自豪感都有了哈哈哈哈哈哈哈哈哈哈,6853.737,1753098541,ac1ed4e7
1895914456186862592,确实，有过大唐的鼎盛，也有侵华的耻辱，太复杂了这几千年和近两百年,7072.87,1753101815,4f7b0147
1895939496005433088,我发现很多人很抗拒对个人的赞美哈，宏大就是由个人构成的,7124.197,1753104800,d0a706e0
1895962862170590464,是的,7064.0,1753107585,3c890e32
1896057229271011584,从先秦开始的华夏认同,6997.054,1753118835,35861f7e
1896057475954741760,让我想到了威斯特伐利亚和约,7027.006,1753118864,35861f7e
1896138358434982144,一点都不过，中国就是很好。,7190.899,1753128506,7388c77a
1896282581490515456,导播直接不敢切其他人的画面了 大左也管管 心里知道就行了,7189.779,1753145699,c585eb07
1896371636178174208,为什么过了 前面的是配得感太低了吗 陈述事实而已 为什么会觉得过呢,7195.88,1753156315,c0abd974
1896444073528258560,才注意到这个地图中国好大,6967.583,1753164950,a7969c95
1896444504300081408,超棒啊这期话题 很有意义和深度,7003.209,1753165002,a7969c95
1896487634579302400,这个地图也让我印象很深刻,6965.677,1753170143,9ec95bfa
1896489246634756864,说得好,7151.185,1753170335,9ec95bfa
1896515622197177856,他是真的入党了吧，发言太官方，哈哈哈,6917.303,1753173479,8a80d98c
1896527134873361920,萨沙太中国了,6883.176,1753174852,6a042d86
1896527607890110720,真的很震惊,6985.76,1753174908,6a042d86
1896528590154207232,不愧是在世界中心呼唤爱,7171.882,1753175025,6a042d86
1896549573058051072,求同存异,7081.105,1753177527,b99d4a1f
1896678634124171776,说的太好了,7089.925,1753192912,ef5b873
1896689226226035968,为什么要说过了，如果作为国人的我们都不够有自信，都不够乐观自豪的话，这个世界上还有谁愿意更相信我们可以做到这些呢？,7191.378,1753194175,4de79949
1896700212652189440,中国最牛逼的一点，就是同化,6948.592,1753195484,c3929b2
1896846755031494400,天下大同，世界人民大团结，万岁！,6951.603,1753212954,9450640
1897038302151448064,让我想到了高佑思…哈哈,6842.739,1753235788,88971e98
1897132711857199616,因为我们原本就是一个多民族的国家，每个民族存在各自的文化差异，每种文化相互包容,6938.97,1753247042,42da3e49
1897313694656990464,北京欢迎你，为你开天辟地（开放怀抱）你会爱上这里,6908.793,1753268617,729e3ab7
1897402914356966144,love ,7173.813,1753279253,ca23a4
1897552673700808704,执着 信任,6868.324,1753297106,6f99a845
1897601588529782528,现在人真是戾气重了，以前从来不会有人莫名其妙的打问,6997.266,1753302937,a12485dc
1897859954988690432,家国情怀大部分人有，有一部分人确实因为从小的狭隘，自然也看不惯这些,7191.085,1753333736,e0632c99
1897866933580394240,非正这一季带着任务了,7011.467,1753334568,8562c6e6
1897897775447236608,那外国人和自己国家对比就是觉得中国更好啊，看见中国更好的一面讲出来啊，代表们都说的那么真挚真诚,7021.288,1753338245,2aa70d44
1898088222609748480,可以倒着说中文,6878.916,1753360948,8f9aba91
1898092720329620224,带啥任务真好笑,7021.416,1753361484,d849b843
1898132201112459520,宏大背景就是我们每一个中国人的骨血，为啥不能谈,7130.926,1753366191,ba542c3c
1898580836409316096,守正创新 不忘初心,6939.247,1753419672,6126b659
1898666323538942976,用今人的生命还古人的债，这个真是精辟,7155.601,1753429863,915050e3
1898788297942440448,他不是混血儿，是老爸在他很小的时候就“巨星标配”了，但是很小就开始接触中国文化,6894.038,1753444403,cc3adea9
1898791671513404160,宏大和个人不是对立的，而是互相成就，这就是精致利己主义为什么要摒弃,7136.041,1753444806,cc3adea9
1898822681655529728,这太好了！,6843.84,1753448502,636af638
1898910387244854272,莎莎接近中国人了，完全中国化了,6921.603,1753458958,e3470321
1898911684559693568,陈老师真的满腹经纶啊,7076.15,1753459112,e3470321
1898957673719325184,有些弹幕是觉得说坏的才是真吗？坏的好的都是,6994.673,1753464595,6b40ebca
1899330667008161024,已经是东北人的模样了,6896.769,1753509059,8ed82815
1899443844664460800,中俄CP,6903.562,1753522551,e4d84d7d
1899524549423779584,太深了！,7053.949,1753532172,3820b86
1899609802536100352,萨沙太像中国人了,6868.96,1753542334,64c6b79c
1899623826770786560,一点都不过好吗，现在的时代背景下世界是否能和平确实要看中国,7192.147,1753544006,bc31ead9
1899647684927755520,前面的想说啥啊，陈超咋样了？不要引战可以吗,6952.723,1753546850,d5bc7b78
1900087323199353344,哪里过了？自己去了解一下我们在国际事务上做出的贡献，不要这么自卑,7189.371,1753599259,422009b7
1900214028308531712,古代也有疆域图吧 也是有地理分界线的,7038.06,1753614364,b927edf8
1900303293918964224,老王又动感情了,7179.652,1753625005,68efaa5c
1900974547218661632,中国真的格局太大了,7161.167,1753705025,62699b20
1901012750474195456,萨沙就是中国小伙啦 ,6871.084,1753709579,9265523d
1901040459380750080,天下大同！！！世界和平！！！,7183.616,1753712882,1b6940fa
1901066877699254528,近代史 是一个伤痛,7072.148,1753716031,539dfda8
1901118523019670016,互利互惠嘛，有何不可,7108.686,1753722188,18259142
1901639283426035968,我的弹幕呢,7003.772,1753784267,4d2041c5
1902755038712239872,萨沙说的已经得到了国人大会演讲的精华,7009.141,1753917276,3f3063c2
1903662376340233216,陈老师讲得太好了 ,7199.012,1754025439,2e93938c
1903701780291417856,夸得我都绷不住了,6921.694,1754030136,b7a9b2eb
1903776104272515072,中国自古并没有国境线的概念都是以势力范围划定大概的区域，真正接触到把国境化为一条线的应该是清朝的尼布楚条约,7040.655,1754038996,b9df69aa
1903804183300627712,中国是文明型国家,7009.325,1754042344,1ddd0afb
1904413756096572672,会长眼眶红了,7182.497,1754115010,21f73640
1904600175142915328,萨沙这段话 好,6931.724,1754137233,3e5e834
1904602111367773184,哈哈哈,7116.424,1754137464,3e5e834
1905340308922234368,speed不是来了吗？,6912.659,1754225464,2eb47862
1905890199146212096,天下大同！,7147.37,1754291016,7becfa2e
1906120801997426176,倒着说中文笑鼠我了,6883.518,1754318506,712b33d4
1906866720434670336,他爸爸混血,6884.042,1754407427,4ad5b7c7
1907440916215114752,必须得是陈铭,7057.295,1754475876,9adcf5e9
1907441055340190464,没有陈铭可咋整！！！,7062.323,1754475893,9adcf5e9
1907927474462215424,萨沙爸爸好像是中国人,6888.991,1754533878,edceba01
1908264231959804928,不然呢 你想听到什么？,6956.994,1754574023,d8a8f583
1909738694962297344,因为我们的认同不是建立在血缘，种族之上的，是文明,6947.309,1754749793,e06a0bba
1910516879710106368,天下大同,7156.667,1754842559,4cd26c1a
1911108155258463488,愿祖国永远繁荣昌盛，愿人民安居乐业，希望真的能有老吾老以及人之老，幼吾幼以及人之幼的天下大同,7199.845,1754913045,34be5d10
1911383357871574272,说得太好了,7156.072,1754945852,984e8387
1912644363784642048,这个bgm有点宏伟啊哈哈哈哈,6896.867,1755096175,aca1d8af
1912646653195192576,说得太好了！！！,7161.315,1755096448,aca1d8af
1913030470246605824,只有经历过才知道的,7176.765,1755142203,cdc7bc83
1913350480247959552,李白是吉尔吉斯斯坦那边的人,7021.62,1755180351,3302ae89
1914864527842332928,国破家亡，固定搭配，望周知。也不妨看看今天的加沙人民，里面也不乏战争前家境优渥的。,7145.64,1755360839,dfe2ddbf
1916898949210434048,萨沙太老干部。。。,6868.229,1755603361,41d23346
1916900671467390976,读人类简史就知道 国家是人类构造的概念罢了,7052.699,1755603567,41d23346
1921250021379576576,说硬夸的历史及格了吗,7002.11,1756122050,bc587f4c
1923930412557231360,但是听说意大利街上小偷特别多,6841.225,1756441577,99536495
1924986993839221504,陈铭老师口才好，说话才快，没有语言屏障,7130.674,1756567531,e498a6f4
1926357441114275328,投币了,7154.131,1756730901,9eb4a117
1939601543464800000,说的好好,6936.456,1758309722,19031c9a
1971050491086146048,感觉萨沙真的是完全融入中国了,6891.029,1762058728,9574db04
1977023081524779264,都是地球上的人类，没有哪个国家比其他高级,7161.416,1762770716,da85f3fd
1977913530325766400,萨沙已经入党了吗哈哈哈哈哈,6863.869,1762876866,aedabb3d
1985165235720048640,太纯了还是,6863.268,1763741337,55203a50
1992880039746138112,东北代表这一块,6856.653,1764661013,b087944c
2011869610512769024,看哭了,7140.057,1766924746,cc26b091
2011870073975098624,说的太好了,7150.2,1766924802,cc26b091
2026026976464848128,这一期太棒了,7064.553,1768612436,1ca31636
2027856872027209728,非常漂亮的总结,7094.328,1768830577,8f58d927
2035149943106573568,他真的说得好标准,6879.309,1769699978,ca126b
2036292303651953664,我突然意识到中国的中立也是一种和平,7197.221,1769836158,f9735bbb
2082391271548932096,包容  但是有一条你只可意会不可言传的高压红线    触碰即死亡,6946.344,1775331584,6d6f1ac6
2082391448967843072,包容  但是有一条你只可意会不可言传的高压红线  触碰即死无葬身之地,6950.611,1775331605,6d6f1ac6
,,0.0,1775683732.8000336,
lb.c,,0.0,1775683732.8000336,
,,0.0,1775683732.8000336,
1895737650661789952,下周见,7295.403,1752992285,a1639211
1895738054900420864,陈老师说的真好,7214.561,1753006171,255b01e
1895738988594434304,那挺羡慕那个厅结婚的新人了~,7250.967,1753048041,23ddeab7
1895990467888831488,哈哈哈哈哈哈,7243.15,1753110876,99272c49
1896502871931897088,精彩的节目,7207.788,1753171959,bda137c9
1896528826075226624,好看,7223.428,1753175053,6a042d86
1897388807511572224,很客观啊，这就是事实,7202.296,1753277571,d403eb94
1897967201404250624,好看好看,7214.407,1753346521,bdfa401c
1898090557780690176,哈哈哈哈哈哈哈,7364.777,1753361226,9cdf46e6
1898096271319938304,伦儿记词能力这么强啊,7425.896,1753361907,d849b843
1898122321471151616,战歌起泪目了,7222.706,1753365013,66a85677
1903097630284788992,真棒！,7232.354,1753958116,1e5860b0
1910196463095640064,可真正的世界还是弱肉强食,7214.027,1754804363,738a73b
1962554409448054016,旷野的规则是永不回头,7256.422,1761045916,9caedba
1977916378484578816,精彩！,7203.354,1762877206,aedabb3d
,,0.0,1775683732.8000336,
lb.c,,0.0,1775683732.8000336,
,,0.0,1775683732.8000336,
1895737229310398720,一日代表好漂亮！像玛丽莲梦露,36.018,1752985309,59dfb4d2
1895737236021285120,来了！,197.636,1752984891,781e03c0
1895737280388632832,来哔哩哔哩只为了非正,23.323,1752985268,882cd619
1895737340836942080,竟然没有弹幕,102.734,1752986130,7c88818c
1895737356095820032,太美了啊啊啊啊啊啊啊啊啊啊啊,129.037,1752986855,63882395
1895737381790126336,哈哈哈哈我也喜欢测试,330.419,1752986736,4f7b0147
1895737392368161024,再看一遍加长版,74.113,1752987164,6261fc3d
1895737440627822848,就等加长版了,15.67,1752988220,a8fd71fe
1895737488023458048,沉默是最好的回答,188.466,1752989859,5cde034e
1895737757213888768,濑濑晒伤妆？,296.894,1752994571,13ee2db9
1895737813862158592,天呐，杨迪好好，还帮会长解释一下,262.251,1752995588,ef576978
1895737852827242753,濑濑可爱,315.191,1752995616,1091612d
1895737914483511552,我怎么第一反应就知道他要说学历,139.779,1752996339,2775914b
1895737947308134656,果然还是斯拉夫人长在我们的审美上！,73.86,1753005031,2394c70f
1895738002018636032,哈哈哈哈哈哈哈哈哈,195.646,1753006609,bc56a2e1
1895738089553760512,加长版！终于 走起～,118.271,1753002959,ea88348b
1895738128770502912,哈哈哈 让我们说中文,233.897,1753003085,ea88348b
1895738201701060864,哈哈哈哈哈哈,178.352,1753005984,61f1cb93
1895738215382880512,来了,60.699,1753006389,bc56a2e1
1895738423277752576,怪不得,264.523,1753017327,ef8f951e
1895738450633003264,弹幕呢,94.954,1753017693,6474f847
1895738460665778432,来了,9.0,1753017972,d2eb3f6c
1895738543637500160,超超看起来很聪明的美女,286.398,1753016280,a9208369
1895738587400868096,我说会长怎么有种被夺舍的感觉呢,275.37,1753020529,fc5c5aac
1895738736936194304,罗世杰也是博士吧,170.656,1753024489,8d665d98
1895738941182021888,再听一遍哈哈哈哈哈,211.547,1753064144,91850ea9
1895739043304935680,大左你堕落了 居然问出这种问题,183.625,1753066311,c585eb07
1895739119892926720,直接看加长了,50.901,1753065450,532bb614
1895739159101280512,直奔完整版！,2.008,1753066177,df6e1fa7
1895739170954383616,高情商：还在研究中...低情商：懂得都懂,196.746,1753071998,2b09e628
1895739227485212928,想起大不溜，小不溜，哈哈哈,313.856,1753071380,42da3e49
1895739240252674304,本来就是这个议程,275.175,1753075611,9cc5a9be
1895739294963175680,让我们说中文,230.803,1753077391,7d0b1ed6
1895741767471711744,好漂亮我的吗,123.454,1753081229,35861f7e
1895878472815905536,我就说会长怎么突然那样哈哈哈哈哈哈,285.477,1753097525,e1f0140c
1895902343950621952,小姐姐有点用哈利波特的露娜,260.69,1753100371,7bf5ae5
1895913944380697088,全世界都在说中国话。,240.019,1753101754,83719079
1895923691389856000,这封面有点像火仔和托子啊,7.553,1753102916,f48e83fe
1895925654231755520,俄罗斯娜娜什么时候来,123.096,1753103150,9a5f75b6
1896126772140527360,soul说是,314.381,1753127125,757770bd
1896432713985696000,厉害了,157.364,1753163596,d844b0d7
1896548500188124672,头发好美,170.792,1753177399,7be9809b
1896549652783060480,杨迪火是有道理的 尊重人,272.254,1753177536,7be9809b
1896671118996624640,哈哈哈哈确实幸好解释了,273.442,1753192016,9cb4590f
1896702989247416832,超超很适合这个衣服的颜色哦,102.804,1753195815,3c4a8341
1896834873642632704,有俄罗斯美女啊…,35.454,1753211537,88971e98
1896836266168177664,让我们说中文,232.165,1753211703,88971e98
1897134881856050432,漂亮小姐姐～,64.387,1753247301,c76fd2
1897334937960030976,濑濑这个妆真好看,301.592,1753271149,bbeae81b
1897409888377011200,冒犯,196.202,1753280084,4dd44e23
1897435333340270848,约基奇,348.778,1753283118,182ab5fd
1897520115852190208,完蛋，没有提示我怎么看？,116.489,1753293224,28dcc9f6
1897545623813818880,这就冒犯了？弹幕真是敏感肌,201.287,1753296265,d14d0ec
1898012492027085824,赖赖的妆好可爱,336.596,1753351920,4fcac017
1898069933423117568,杨迪预判了弹幕哈哈哈哈哈,271.58,1753358768,ba542c3c
1898129671619960832,这个问题就跟 这是博士，你谈恋爱没？结婚没？一个意思,190.406,1753365889,c4640bae
1898480150421808896,来了,16.649,1753407669,6a79158e
1898575317955005440,超超好好看！,109.88,1753419014,69896d2c
1898577690152768512,花仙子从动画里跑出来了,128.022,1753419297,ae954710
1898649691060092160,西伯利亚可老大了,219.328,1753427880,2391701c
1898711585640666112,陈超这次妆发好可爱啊,102.634,1753435259,6bc89832
1898754234095442176,羌族小煞,92.976,1753440343,2c9219d7
1898798214510129920,你是菠萝的颜色,82.099,1753445586,3665527f
1898849081846541312,萨沙爸爸本身就是中国人，只是他自己从来不提,250.247,1753451650,b47738e
1898894497392836608,哈哈哈哈哈哈,177.674,1753457063,b7a9b2eb
1898943849687043840,一直是这样就得改呀，与时俱进哦,224.299,1753462947,b698ce63
1899364840469068288,这个发量绝了,134.718,1753513133,2a7b6daf
1899448788037526016,超超每期都好美呀,99.793,1753523140,d00654d8
1899516166050156032,不是第一次看 而是第一次意识到 以前太麻木了,216.063,1753531172,118b96e
1899527485797073152,笑死 中文是母语 俄语是二外,237.713,1753532522,568a8045
1899528308618886912,敏感是好事,303.526,1753532620,568a8045
1900192036414916352,一之濑这妆怎么回事,293.915,1753611742,29c7c55b
1900289648556262400,直接看加长版,0.154,1753623378,e67086c2
1900919121772592640,好漂亮,127.615,1753698417,c1f2fe77
1901083258352320512,好厉害的姐姐,153.737,1753717984,80000882
1901138676046841344,好想念松鼠啊,100.073,1753724590,be45fcd2
1901541018550427904,学霸,158.824,1753772553,92f8c01f
1901541640448327936,哈哈哈哈哈哈哈哈哈,233.0,1753772627,92f8c01f
1901557020667466240,口音重成这样吗hhhhhh,247.784,1753774461,28c7b5ab
1902390692148829184,杨迪，综艺没了你可怎么办啊,266.775,1753873842,d89f1503
1902390841935725312,这个家不能没有杨迪,269.141,1753873860,d89f1503
1903658867167214336,萨沙俄语有东北口音,222.721,1754025021,19790be1
1903884035399163392,弹幕确实很敏感（摊手）但本来每个人的敏感度确实都不太一样,210.495,1754051863,c29ddf0d
1904491649607379968,哈哈哈哈说不出来,179.099,1754124296,3e5e834
1904491705198666240,太真实了,185.705,1754124303,3e5e834
1904530408591864832,别说的是人均美女，俄罗斯人一到中年，你看什么样子,267.292,1754128916,45953387
1905824218038253568,一之濑脸咋了？？？,293.709,1754283151,7becfa2e
1906658172484245248,斯拉夫出美女,75.635,1754382566,1327ee61
1906659219936198400,俄罗斯男女比例失衡 现在男人可能更加少了,182.722,1754382691,1327ee61
1909373597710577920,杨迪真懂弹幕啊,277.498,1754706270,8dd2ba4e
1910460639663627264,陈老师在模仿一之濑,45.076,1754835855,922f6f0b
1913105683772238336,希尔顿借了这么久啊,64.327,1755151169,7c712eec
1918431810531300864,这集时长好评,75.498,1755786093,15362246
1918442564634446336,最好看的,148.186,1755787375,15362246
1933845929732174848,什么文化？能不能翻译成中文,304.009,1757623599,d7c947c1
1937313621231702528,丽莎非常漂亮又可爱，前几天在三亚看到本人，很惊艳,124.308,1758036980,ba02a15
1937929668699405312,卡尔波利,48.444,1758110419,32e2455b
1937963074376466688,好漂亮,134.143,1758114401,945a6cd2
1944416070370790912,？？？？？？,169.166,1758883658,ee18cbf2
1946034063152715520,漂亮,127.189,1759076538,eb269b47
1948170065589943552,这就是敏锐，情商和敏锐并不相关,311.502,1759331169,ffdfce2e
1953129821739839744,为啥一之濑是asuka明日香,324.492,1759922418,83b4cbbf
1954420562860454400,好喜欢她,134.846,1760076286,915cc525
1956594679777072128,别太敏感肌,205.333,1760335461,d35c8a9
1960344697746654976,萨沙爸爸是混血,212.087,1760782498,f8089327
1961200116493380096,？？？,189.014,1760884472,a187841b
1963248930037173504,故意的，节目就这样，多少年了还不懂这个套路吗,196.252,1761128710,65b78c7
1968970682843311616,哇俄罗斯美女姐姐,34.602,1761810796,269700bc
1977838097261843200,来了来了,8.955,1762867874,aedabb3d
1977839385668188416,好有才华！好漂亮！,162.561,1762868028,aedabb3d
1992655007401061120,让我们说中文,231.845,1764634187,b087944c
2002223379507534848,超今天的发型好看,289.421,1765774826,8d79c5f3
2004575798560393984,怀念以前长头发的四姐,174.74,1766055256,ffa3828d
2021928450646454528,确实不太好。。。这是啥敏感，之前男代表啥的也没问（从非正第三季开始追的）这本来就不尊重人，敏感也不是什么坏事,202.128,1768123854,6d4f31dd
,,0.0,1775683732.8000336,
lb.c,,0.0,1775683732.8000336,
,,0.0,1775683732.8000336,
1895737342925705472,严谨的德国人,476.148,1752986028,fe4eee91
1895737483040624896,大气,487.444,1752989145,193ffd61
1895737545401536768,怼脸拍，真的好看doge,689.139,1752990986,591a47e1
1895737746736517376,两位的瞳色都好好看,397.339,1752993592,2f3ca03c
1895737759118102784,梅丽莎小姐姐头发太美了，像洋娃娃,677.759,1752995462,13ee2db9
1895737805708431616,呆楞是真的  成熟了！！成熟的帅！！,611.617,1752994452,fbf64f60
1895737827443314944,那真的我们很难这样,466.779,1752995951,1091612d
1895737952785895680,花期短但是开得艳,585.749,1752998353,4eba2802
1895737970108371200,可以一个人买单，然后有空了拿小票算,428.926,1753005751,90af0186
1895737994720547072,split the bill是吗,414.975,1753003281,ea88348b
1895738146084589824,梅丽莎真的太好看了,642.72,1753009208,d93d12d4
1895738169790796032,哈哈哈哈,434.814,1753004847,2f987c3c
1895738187113271552,这个妹子好养眼啊！！,500.242,1753010552,85e3c44a
1895738250027831552,真的，我追过不少外国演员，白人很少有保养好的,603.652,1753012927,302e2cd4
1895738309293347072,男生应该说平权吧,410.11,1753014904,26cd4125
1895738312942391552,这蓝色眼睛真漂亮,701.403,1753012513,68efaa5c
1895738379505996032,小姐姐！10分好看！,681.33,1753013023,302e2cd4
1895738488926998784,听着还挺浪漫的,529.594,1753015004,26cd4125
1895738489832968448,哈哈哈哈哈,621.823,1753019961,ef8f951e
1895738508984160512,五官太美了,684.493,1753017972,8d117f15
1895738562780303616,四姐稳定发挥,422.981,1753022338,fbd7fd41
1895738589221196032,太好看了她,677.254,1753017957,8d117f15
1895738746054611200,陈铭看了一眼梅丽莎哈哈哈哈哈,590.106,1753024833,8d665d98
1895738822642602240,白人皮肤薄，再加上骨相起伏明显，没有胶原蛋白很快就垮了，黄种人只要保养得当一般四十多岁还是没问题的,615.648,1753034058,7a1afabc
1895738826291646720,严谨的德国人哈哈哈哈,462.399,1753024355,bde1c345
1895738886471520512,而且他们生很多孩子 生的女儿也多 我俄罗斯同学她有三个姐妹,706.277,1753041605,7021661
1895739008659984640,这种情况的话一般就是那个吃的多的全付了，关系好的话分别人一口吃的很正常,469.305,1753033834,7a1afabc
1895739055158038784,好问题,629.722,1753070638,bdcbba7
1895739211068707072,萨沙有几分像吉洪诺夫老爷子年轻的时候,649.648,1753071778,9e41d483
1895746442224785664,让我想到了鹊桥仙,527.913,1753081786,35861f7e
1895778905819131904,超超有点星期三的味道好喜欢,385.96,1753085656,73e93c18
1895840500003377408,哈哈哈哈哈哈哈哈哈哈哈,519.208,1753092999,ac1ed4e7
1895840530647078656,紫禁城风水养人,590.76,1753093002,c0d2264f
1895945062736117760,aa就是每个人付自己的，传到中国才变成均分,412.606,1753105463,84633020
1896015890890314496,新代表好可爱,639.956,1753113907,e871e898
1896039919974262784,哈哈哈哈,427.498,1753116771,415655f0
1896457049043406080,活泼可爱美丽，常驻！刷起来,688.508,1753166497,8cb4abb9
1896471204483626240,萨沙确实帅啊 是我喜欢的长相,657.64,1753168184,4ca66879
1896710320119313920,魂断蓝桥,514.263,1753196689,491addc9
1896934522319112192,哈哈哈，是我了,375.813,1753223416,a075ec79
1897173951436752640,一之濑这个妆造没之前的好显得臃肿突出,369.849,1753251958,6f99a845
1897176064527120128,这才是真正的AA AONE 各付各的,417.466,1753252210,6f99a845
1897249138144757248,哎呀超超好美呀这套,372.158,1753260921,d67a388
1897255003031584000,太可爱了,643.527,1753261621,290bcf14
1897330516752267008,四姐没变化，从以前就成熟,627.007,1753270622,7ea9d3d5
1897377323800974592,主要是德国比较严谨,427.117,1753276202,c76fd2
1897409726736857856,原来都是搜来的,571.539,1753280065,be125094
1897789980114699776,哈哈哈 不记得,540.606,1753325395,4227b274
1898072148510532864,高配版星悦,691.839,1753359032,2738fae5
1898073640089037312,我的男生同学也是，大学4年过去之后都不同程度发福了哈哈哈,603.928,1753359210,ba542c3c
1898583508701119488,最漂亮的不是五官吗，尤其眉眼,683.896,1753419991,ae954710
1898652758169973248,deepseek打钱,575.04,1753428246,2391701c
1898755732108109824,因为他们爱晒太阳 高油高甜 亚洲普遍相反,616.917,1753440521,636af638
1899233687024352256,法币还帅好可爱,403.744,1753497498,ad67615a
1899377441013676544,哈？,702.185,1753514635,2a7b6daf
1899524857746892032,我喜欢这种方式，不过最好点一些价位差不多或者好算的,476.688,1753532208,fbcf58ae
1899526800288205568,参考小李子,615.613,1753532440,fbcf58ae
1899527783693058816,好像俄罗斯婚礼和登记是同一天,703.421,1753532557,fbcf58ae
1899611392370790912,4,635.097,1753542524,82c776d
1899956477675331840,是晒伤妆啦,360.467,1753583661,9e6467db
1899975255272139008,这个好,400.959,1753585900,2c9403ee
1899976001933586944,那是因为西方吃饭（夹菜）的模式不一样 每个人分的很清楚,422.475,1753585989,2c9403ee
1899977800535069184,风大,542.187,1753586203,2c9403ee
1899980015152740352,测的好，就是真的好，测的不好，要相信科学,375.102,1753586467,3ad68769
1900241357915115264,怪浪漫,530.228,1753617622,5eebbb86
1900924116316678144,他也是混血吧,597.346,1753699013,c1f2fe77
1900991742497444096,老王好认真,506.845,1753707075,f6eb3d24
1900996645152891136,这个好！我喜欢这样,418.409,1753707659,59b380d7
1901491110711870976,引火烧身,657.108,1753766604,3465c430
1901544698834279680,哈哈哈哈哈哈哈,597.382,1753772992,92f8c01f
1901692904028990720,都一起吃饭的关系了感觉不用太计较吧，这是date诶,487.282,1753790660,71f360aa
1902424479079549184,是帅的啊，五官比例很好,657.34,1753877870,24d07282
1902473228065647616,我喜欢这样，感觉婚礼是给外人看的，不是给自己办的,717.867,1753883681,59b380d7
1903182158839680512,我和一位少年，漫步树林外,487.925,1753968193,a6894687
1903203390071653888,饮食问题,600.437,1753970723,5e85aa98
1903650610780700160,白人虽然不注重保养但没有容貌焦虑可以做自己就很好啊,633.202,1754024036,98decb5
1904495513727200768,这个小姐姐真的好漂亮啊 白白的,603.059,1754124757,3e5e834
1904532634147952640,堵桥来,511.379,1754129182,5bd65cde
1905080521651165952,喝酒喝的吧,597.515,1754194495,39d99fac
1905349996455302912,好喜欢去这样的，有人能懂吗,434.037,1754226619,6d90be6a
1906661267888835072,法币和一日代表眼睛一个色系,393.932,1754382935,1327ee61
1906662046133447168,这次总算到德国人震惊意大利人了,469.062,1754383027,1327ee61
1910284368769920256,因为花期短,698.558,1754814842,664d29dc
1912279399659960064,风在哪不都是一直在吹的么,542.249,1755052668,a8fe5ea9
1913210705083992832,萨沙确实帅，而且帅得很客观，这但没法否认,650.002,1755163688,d88d4d24
1913223966307712512,同事之间可以这样，朋友之间就没必要了,449.744,1755165269,96a9a0bf
1913292098959548672,萨沙确实是特别帅！,660.617,1755173391,7b914c00
1913346863013150208,这个真好,405.051,1755179920,fcf22efb
1916178758985921792,德国人哈哈哈哈,470.385,1755517508,41d23346
1921042340266008320,国外是各点各的套餐，适合aa，中国是一起吃同一盘菜，胃口不同，不适合粗暴的aa,412.351,1756097292,eea468e3
1921042881901795072,中国更难算，所以流行请客而不是aa,441.898,1756097357,eea468e3
1941566684721332736,这两个俄罗斯代表应该就是中国审美里最好看的那一类了,667.832,1758543985,e2e301a6
1944428565982548992,Dylan在写什么,388.052,1758885147,73aed9f3
1953188451575386624,确实帅,649.868,1759929407,194d9898
1960064942610599168,我29岁，孩子10岁。,709.896,1760749149,6a7c628d
1961074382902701824,啊啊啊这个音效好可爱,639.808,1760869483,c8711e27
1965454987081423872,我就这样，各算各的。跟朋友其实我也想这样，不然我感觉不太舒服,456.746,1761391692,d0b3063b
1969275411209221120,hhhhhh,585.68,1761847122,1e751c6e
1977842088578297088,严谨的德国人,480.692,1762868350,aedabb3d
1988648613126933248,妈呀，漂亮姐姐好可爱,643.948,1764156588,c847ffba
1996421042478379264,比aa更aa哈哈哈,415.493,1765083134,7177deef
2025581688474307072,亲兄弟明算账,428.978,1768559354,e5ebf93c
2066188182139764224,你也是 和前几季对比明显,589.72,1773400025,a16be46f
2068219040748953344,我喜欢这样,442.196,1773642122,f2fcfff8
,,0.0,1775683732.8000336,
lb.c,,0.0,1775683732.8000336,
,,0.0,1775683732.8000336,
1895737309572600064,哈哈比利时淡淡吐槽好搞笑啊,864.838,1752985668,47bbec08
1895737494264582400,2333333,743.492,1752989946,c76f245a
1895737546508833024,只能说世界之大无奇不有了233,828.615,1752990204,4944442d
1895737690583175424,？,788.371,1752992554,dbe23620
1895737828349284608,哈哈哈哈哈 就非要有证吗这,788.883,1752994668,fbf64f60
1895737890777305344,这么闭塞吗？,805.983,1752997401,ba65b856
1895738004753322240,比较严重的程度哈哈哈哈哈,1016.022,1753004556,94d50217
1895738144264261888,男：天王盖地虎 女：宝塔镇河妖,875.819,1753006816,47376c28
1895738162501095680,伊拉克也是什叶派国家,830.79,1753007084,43686648
1895738377685668096,对对对,886.688,1753016087,bc9fd41c
1895738640282652928,哈哈哈哈突然想起来戴卢可是不是对dating文化很懂,952.295,1753025347,fe4eee91
1895738693172826368,哈哈哈哈哈《这个华波波不一样》,729.19,1753024957,8d665d98
1895739065182425344,越压抑越开放,844.47,1753052006,65ec0af4
1895739149982863616,哈哈哈哈哈哈哈,907.322,1753065403,f7934ca3
1895769540794055680,前面俄罗斯遍地帅哥美女是真的,769.796,1753084540,4422ff62
1895824043836972544,弹幕突然收声了红红火火恍恍惚惚,734.198,1753091037,cc93cef3
1895828587920556800,这真的不是菠萝卖不出去的营销吗？,871.762,1753091579,1da0b061
1895947042497947392,第三次见面还是第三次嗯嗯？,1049.141,1753105699,c750ae38
1895949991009590528,宗教警察吗？,776.638,1753106051,9e41d483
1895971024152074240,中国人的经商天赋哈哈哈哈哈,917.26,1753108558,5a31e3ac
1896425506115668224,村？哈哈哈哈,953.332,1753162737,42570b8b
1896427127877063168,招展笑死我了,743.277,1753162930,9ec95bfa
1896494509345332736,开放啊,1029.735,1753170963,6a042d86
1896637560244685568,充话费式的结婚,813.804,1753188016,89807551
1896692754986387712,哈哈哈哈哈哈,983.273,1753194595,eac1fc5d
1896706299065560320,老王的眼神在冒星星,838.313,1753196210,d8e5f363
1896713955582526208,天逊尼派和什叶派，想到追风筝的人了,829.491,1753197123,491addc9
1896841388705377280,这跟我们这的警察查房有点像…哈哈,805.028,1753212314,88971e98
1896937991939779840,？？？？,786.906,1753223830,a075ec79
1897123754787030016,哈哈哈哈哈哈哈哈哈哈哈哈哈哈,1020.411,1753245974,45654410
1897176574395630080,来了，直接加长版,974.739,1753252271,d9749c34
1897380653918993152,哈哈哈哈～lady first～,753.071,1753276599,c76fd2
1897380942050808832,短期啦～长期啦～,765.871,1753276634,c76fd2
1897383124666121728,哈哈哈～A到Z～,976.347,1753276894,c76fd2
1897383569446710784,比较严重的程度～红红火火恍恍惚惚～,1015.942,1753276947,c76fd2
1897383907826628352,姐妹们～,1052.127,1753276987,c76fd2
1897551369599046400,可以鼓掌了,1016.475,1753296950,d14d0ec
1897727145607336704,搞对象笑死我了,941.281,1753317904,68db616f
1897898291362938112,YOYO,769.419,1753338306,3dc677eb
1898076736198329856,哈哈哈哈哈哈四姐,967.648,1753359579,ba542c3c
1898220515982619136,哈哈哈哈什么时候看到这个lady first才不会笑啊哈哈,749.918,1753376719,e8cc9494
1898515580160908800,真就体验卡,785.517,1753411893,a18ccce
1898531542490707712,太好笑了hhhhhh,995.742,1753413796,8020f1b7
1898584831534084096,感觉和苏格兰那种男女校联谊会挺像啊,958.956,1753420148,ae954710
1899333614798306816,哈哈哈哈哈哈哈哈,890.75,1753509410,48caf715
1899493708169050112,这是真的 ,810.963,1753528495,49612456
1899558765339352320,哈哈哈哈哈哈哈哈哈哈，有点太诚实了哈,1041.266,1753536250,37dfb466
1899559089802601216,雷妹妹～,1054.905,1753536289,37dfb466
1899632198056381952,华波波很可爱,860.822,1753545004,ddcb952e
1899690611263457024,这个是真的，我伊朗朋友们都证实了,809.166,1753551968,881ef171
1899980184409419520,我还记得诶,767.393,1753586487,2c9403ee
1899980554649404160,救命,801.518,1753586532,2c9403ee
1900176913918403840,老王。我喜欢的,836.184,1753609939,d7c68202
1900207702098475264,什叶派和逊尼派能坐到一起聊天也只有非正式会谈。,831.444,1753613610,253cfa97
1900855482026004736,挖坑了开始，准备回家跪搓衣板了卢可,963.641,1753690831,18259142
1900982139454146048,以前就说过啦,795.933,1753705930,1606bf27
1901030304811390976,真敢问啊大左,1041.459,1753711672,bba3e7b3
1901030501683674368,特殊类的hhhh,1063.512,1753711695,bba3e7b3
1902475393005930752,认真，不是严肃,1021.238,1753883939,59b380d7
1903582328761517312,讽刺的不是波波是国情,851.615,1754015897,1ddd0afb
1904394075097533952,哈尼克孜,728.514,1754112664,712639ae
1904496876288851456,哈哈哈,729.753,1754124919,3e5e834
1904516940261635328,哈哈 被说中p图了,897.961,1754127311,357dee8e
1905292868248203776,哈哈哈哈哈温州人也是站起来了,922.793,1754219809,94dc5d7b
1907465783345827584,大左池州人，差一个字,930.583,1754478840,e06a0bba
1909633575939544320,哈哈哈哈扬扬补刀,729.343,1754737261,d7fb52ee
1909637115907104000,哦～,1068.756,1754737683,d7fb52ee
1910217713125871872,不愧是北欧,991.337,1754806896,7419d9b6
1910285333971808000,开放式保守,800.19,1754814957,664d29dc
1916182003120834304,好神。。。,800.571,1755517895,41d23346
1918092995408932352,买菠萝是吧哈哈哈哈哈,841.599,1755745703,cae536f2
1919839034780907008,哈哈哈哈哈哈哈哈哈哈,1016.446,1755953847,b9f358ce
1920303224746295040,BGM怎么这么燃？,900.242,1756009183,99536495
1929266071559254528,比较严重哈哈哈哈哈哈哈哈,1020.019,1757077637,467053b4
1932278720392444672,严重哈哈哈哈哈哈哈哈,1008.878,1757436773,52ac390e
1933442446847667968,华波波像非正的逗号，哈哈哈,734.125,1757575500,df58247e
1939900940560154624,搞对象哈哈哈哈哈哈,944.041,1758345412,add21500
1941083294070661888,熟悉的音效又回来咯,760.233,1758486360,50b86bf5
1961012560908661760,肯定有,975.077,1760862114,bfa2ee3f
1969395654430585856,大家都知道的话还叫暗示嘛哈哈哈哈哈哈哈,861.564,1761861456,7ed3ebc
1969396057905913344,华波波每次发言都特别有梗 综艺里缺不了这样的角色,868.073,1761861504,7ed3ebc
1977846831144786688,哈哈哈哈哈哈哈哈哈哈,1044.084,1762868915,aedabb3d
2024171551549188864,！！！,787.638,1768391252,6151813e
2026922242222668544,米兰的男模大部分超级无敌穷,1070.323,1768719160,aef87158
2059722213967966208,啊？,1009.869,1772629221,75a3ab51
2059722648640373248,stop 哈哈哈,1044.827,1772629273,75a3ab51
2068224214867537408,感觉这样离婚率好高,1056.652,1773642739,f2fcfff8
,,0.0,1775683732.8000336,
lb.c,,0.0,1775683732.8000336,
,,0.0,1775683732.8000336,
1895737366690631936,被杨迪笑死，哈哈哈哈哈,1112.633,1752986394,eb069b0d
1895737511729664256,婆婆选好了，双方家长见面一次就订婚了？？这么快，和父母之命有啥区别,1166.095,1752990929,5866b398
1895737822007496960,保持神秘感么,1177.151,1752996054,13ee2db9
1895737846460289280,想起唐大哥开车尾随着送老婆哈哈哈哈哈,1216.937,1752995154,fbf64f60
1895737857038323968,陈老师还是会  doge,1334.87,1752995706,fbf64f60
1895737911757213952,哈哈哈哈他吓死我了,1277.525,1752996969,1091612d
1895737960989954304,哈哈哈哈哈哈,1249.715,1753005457,81e32263
1895738084084388096,那怪不得有些时候会吃西餐，因为这样不能玩手机，就会被迫了解对方哈哈哈哈哈哈哈哈哈哈哈,1364.499,1753010046,4e76690
1895738115080294656,说得我都心动了,1313.062,1753001868,755ab053
1895738130582442240,阿雷是真的在为姐妹们考虑啊！,1091.08,1753006285,2394c70f
1895738138786500864,打羽毛球！双打！,1265.968,1753011691,3820b86
1895738178909212928,四姐好喜欢陈老师感觉哈哈哈,1293.779,1753005068,34ea35bf
1895738260974964992,好像伦和四姐都没说？,1306.348,1753009512,e9983320
1895738350330417408,那岂不是完全不了解彼此,1188.238,1753015487,7e01a787
1895738449718644992,还是不一样，父母之命很多面都没见过,1191.878,1753016191,eabe6363
1895738783434248448,知道的不少,1094.625,1753026745,1952548b
1895738787083292928,《再见XX》那段时间的经历给陈老师整工伤了,1245.564,1753025428,8d665d98
1895739087068303616,难怪爱密室剧本杀呢,1281.948,1753071847,a05ec9c0
1895739136301043968,我喜欢看电影，因为不想交流,1267.296,1753063459,3e15afd5
1895739137215402240,赶鸭子上架,1347.576,1753073156,2b09e628
1895739334171529472,有点难评,1318.96,1753077674,6d52a3e9
1895842592684773632,老王好搞笑,1207.55,1753093248,a384683a
1895888808210444032,跟古代似的,1200.836,1753098757,80d76961
1895902850890865152,…男方视角吧，感觉作为女生并不喜欢,1329.906,1753100431,e1f0140c
1895907698449826816,唐小强好像也是这样认识老婆,1154.003,1753101009,7bf5ae5
1895953890084972544,得有个电灯泡,1201.966,1753106516,9e41d483
1895962814724877312,那大家性格都还没合得来咋办,1185.106,1753107580,70be7902
1895975507275771648,杨迪这个上热搜了哈哈哈,1108.05,1753109093,ab62fb5b
1895988325479763456,去逛宜家,1339.945,1753110621,24b0ce4c
1896001397800507136,真的，太套路了,1348.596,1753112179,b7453a45
1896033498947616256,我服了华波波了哈哈哈哈哈哈哈太搞了,1272.126,1753116006,11d561a5
1896422520862296576,陈老师说的前提是两人暧昧期只是临门一脚而已,1358.888,1753162381,2aa70d44
1896426994623953152,好古老的相亲模式hhh,1133.837,1753162914,42570b8b
1896548231191151360,爱情保安,1196.722,1753177367,445a39f6
1897115090000851712,经典来了,1111.63,1753244942,e0632c99
1897117071960705280,人家举例，只是解释吊桥效应,1318.362,1753245178,e0632c99
1897186435279557632,吃完再喝一点 酒壮怂人胆,1334.617,1753253447,6f99a845
1897384505070132992,红红火火恍恍惚惚,1112.117,1753277058,c76fd2
1897392014317188864,陈超好美好美！！！,1426.702,1753277954,dc39d7d8
1897729822839930624,世界的参差，有趣,1233.017,1753318223,68db616f
1897855084101036544,来自游牧的习俗,1150.008,1753333156,5e6db3f9
1898585785360270080,母单：别碰我的拼图！！,1322.878,1753420262,d5851018
1898586013228955136,非诚勿扰哈哈哈,1245.808,1753420289,ae954710
1898765709031333376,哈哈哈哈哈哈哈哈哈哈哈哈哈哈哈哈哈,1275.348,1753441711,da4a6923
1898851449120022784,真的好合适啊,1430.582,1753451932,85cd1b5c
1899312175110448384,伦儿呢,1370.097,1753506855,7b9475a0
1899329727408561920,\,1359.942,1753508947,4a475a07
1899340591771536128,对对对,1347.304,1753510242,48caf715
1899531646009486080,哈哈哈哈哈哈哈哈,1119.064,1753533017,fbcf58ae
1899651269212594688,做ai算不算呀,1266.478,1753547278,395ce43e
1899780832588526592,想到阿拉丁,1168.616,1753562723,fdcf0543
1899876594664020224,二十年前，唉，可怜的伊拉克人,1125.95,1753574139,51a708fa
1900212638299047936,在说什么？？？。？,1322.045,1753614198,75f02d2b
1900722697047418624,毫无违和感,1415.779,1753675002,29c7c55b
1901576106294143488,短期太奇葩了,1240.402,1753776736,92f8c01f
1902428555867433472,哈哈哈哈哈哈哈哈哈哈哈,1118.455,1753878356,24d07282
1902447002861027584,哇哦,1434.024,1753880555,623dd44
1906668414924016896,中东保守很多了,1144.039,1754383787,1327ee61
1907251422123737856,又到了羞耻小游戏环节哈哈哈哈哈,1398.192,1754453287,654346f5
1907263650541381888,小手段其实是感情蛮好的调剂，但不能没有真心，完全带着戏耍的心态去对待这段感情,1349.382,1754454744,952047f4
1910146676505643008,我要随时看华波波表现,1317.301,1754798428,738a73b
1910248152247194112,波波好可爱啊,1281.79,1754810525,edd6e64f
1911636225866354432,大左嘴替,1348.514,1754975996,954b058c
1911638478308513280,会长太懂女孩儿了哈哈哈,1347.81,1754976264,67c7bc24
1915402208338718720,卢可感觉又风流又老实,1084.624,1755424936,ef46f1d4
1916203344989683968,哈哈哈哈哈哈哈哈哈哈,1329.324,1755520439,d775399
1916742088792471552,牛蛙,1362.372,1755584662,613512da
1925311132990941184,逛宜家 看着那些温馨的家具 很容易构想两个人的未来,1337.444,1756606172,df324538
1929268457724077056,哈哈哈哈哈哈哈哈哈哈,1275.517,1757077922,467053b4
1937975455273985792,哈哈哈哈哈哈哈哈,1106.973,1758115877,945a6cd2
1943658342291830528,希尔顿环境真好,1399.929,1758793330,67fd89f
1953022555216956416,华波波哈哈哈哈哈哈哈哈哈哈哈哈哈哈哈哈,1282.728,1759909631,6e0df0f6
1958150579830921472,太功利性了,1332.809,1760520939,b2d06e53
1969280974567563776,梅丽莎真的好漂亮天哪,1208.194,1761847785,1e751c6e
1988656174098097408,小强也说过类似的，不敢多跟未婚妻见面，都是开车去接她然后远远停在家门口,1175.521,1764157489,c847ffba
1990319103688432128,妈妈结婚的时候？,1147.433,1764355726,d584df77
1995218600776512512,这眼罩好，能不能打包给酷滕送去,1420.12,1764939791,1dcdda72
2003692298001184000,我想要逛海洋公园的时候，他悄悄塞给我一个戒指,1341.086,1765949935,989ff3be
,,0.0,1775683732.8000336,
lb.c,,0.0,1775683732.8000336,
,,0.0,1775683732.8000336,
1895737232665841920,说了什么,1594.545,1752985968,8d60efce
1895737282477396224,哈哈哈哈哈哈哈老王搂住,1716.563,1752986236,f69ff094
1895737326240764160,老王：和我有什么关系,1743.272,1752986542,f69ff094
1895737564225573120,哈哈哈哈哈哈哈哈哈哈哈哈哈哈哈,1663.052,1752991877,a4557f7c
1895737579727720704,哈哈哈哈哈哈哈哈哈哈哈哈哈,1636.993,1752990432,534bf33e
1895737602217578752,吊桥效应,1656.035,1752993518,e967e3fc
1895737608274153728,这里为啥不放正片很好笑啊,1789.469,1752990046,1549437e
1895737615337361664,安全,1603.757,1752991580,6cf1571
1895737656718364928,哈哈哈哈哈哈哈哈这个眼罩哈哈哈哈哈哈,1749.409,1752991974,a4557f7c
1895737658731630848,哈哈哈哈哈哈哈哈哈哈,1497.584,1752991702,a4557f7c
1895737668823126272,哈哈哈哈哈哈哈哈哈哈,1545.58,1752991754,a4557f7c
1895737706764800256,看热闹不嫌事大哈哈哈哈,1701.323,1752994786,e868d6e6
1895737718181695744,笑不活了哈哈哈,1671.507,1752992796,4ae1ebd8
1895737814768128256,哈哈哈哈,1782.453,1752994589,b594b266
1895737824725405952,老王：我尽力了啊,1754.151,1752997563,1091612d
1895737939104076032,哈哈哈哈哈,1709.189,1752997498,1091612d
1895738000198308096,哈哈哈哈哈哈哈哈哈哈,1628.753,1753004360,71c28bd0
1895738021169828096,哈哈哈哈卧槽杨迪哈哈哈,1492.948,1753000323,6cdd056d
1895738075871940864,贴贴好可爱,1567.309,1753002223,2f1c4333
1895738098672177408,原来加长版加在这里,1699.212,1753003076,5465c709
1895738121464025344,哈哈哈哈哈哈哈哈哈哈,1656.539,1753006018,81e32263
1895738373122265344,波波刚刚说话好像老王的口音哈哈哈,1796.676,1753015888,5404f33
1895738395922501888,米可！！！！,1494.288,1753016707,d89d8cbd
1895738397742829824,米可，危，速回！,1492.03,1753013682,6ee65ea5
1895738456102375680,四姐说了啥！,1582.96,1753017881,f81c7508
1895738627515191552,牛,1558.58,1753021306,7d9f8a33
1895738699556557056,讲什么！哈哈哈哈哈哈,1774.953,1753027907,516113ea
1895738810789499136,非直男会谈,1748.073,1753027865,516113ea
1895738985868136704,怪不得没放到正片,1789.951,1753031556,b92fb27d
1895739133566357760,哈哈哈哈哈哈哈哈哈哈,1762.617,1753066553,f7934ca3
1895739144513491200,拦精灵,1581.015,1753073028,f48d5c83
1895739149068505344,拦精灵,1582.704,1753073049,f48d5c83
1895739154537877760,哇,1560.601,1753066056,f7934ca3
1895739172774711552,华波波哈哈哈哈哈哈哈哈哈哈或或或或或或或,1799.497,1753066590,f7934ca3
1895739264873238784,中东组合,1693.461,1753073158,f48d5c83
1895739308636606720,华波波啥都说啊哈哈哈哈哈哈,1775.347,1753078501,5b74304e
1895739310456934656,海带也不是植物,1531.538,1753076872,9cc5a9be
1895739313200009472,？！,1776.766,1753076889,3f6b3267
1895739330522484992,果然是加长版才能看的,1781.375,1753076921,3f6b3267
1895906831025530112,口水哈哈哈哈哈哈哈哈哈哈哈哈哈,1739.304,1753100906,e1f0140c
1895940225822895104,发币好可爱,1554.87,1753104887,9a5f75b6
1895974871134098176,梅丽莎真的好可爱好漂亮,1474.056,1753109017,5a31e3ac
1895977277180010240,这一期简直好笑到爆炸,1743.416,1753109304,5a31e3ac
1896089730320659968,好萌的两个人。。,1564.681,1753122709,7388c77a
1896307287158110464,俄罗斯小姐姐好有节目效果哈哈哈,1702.016,1753148644,13ab9171
1896334982533370624,给我笑岔气了,1755.375,1753151946,708e4a48
1896396461777172992,啊啊啊啊啊啊啊啊啊啊啊啊在干嘛,1496.598,1753159274,fe4eee91
1896555342020727040,直接笑喷哈哈哈哈,1562.963,1753178214,ff3287e5
1896610434808184320,伦想说毛肚吧 因为他那面是有颗粒的,1620.755,1753184782,c89ae7d7
1896662305044209920,每次会长都害怕的掉了,1527.119,1753190965,273d9554
1897190863994496256,这个太好猜了,1574.051,1753253975,6f99a845
1897283620088294144,美国内战,1568.439,1753265032,9c211b2d
1897402826846586880,这能播吗华波波,1775.465,1753279242,3c4a8341
1897475776413565696,我不行了哈哈哈哈哈哈,1768.852,1753287939,9cdf46e6
1897754977691536640,杨迪真的鬼点子一箩筐,1641.181,1753321222,ecd0b892
1897864109346135552,小姐姐气氛组的～,1695.088,1753334232,c76fd2
1898059525744480512,哈哈哈哈哈哈哈哈哈,1472.659,1753357527,60ea1822
1898060394963528192,为啥不让佛罗伦萨上啊,1576.261,1753357631,60ea1822
1898130261355317248,哈哈老王想说暴雨,1538.209,1753365959,a725bfc4
1898587923558453760,杨迪直接尝出来了哈哈哈哈,1542.474,1753420517,ae954710
1898588979633806848,哈哈哈哈哈这段Dylan小女生的感觉太好玩了,1656.928,1753420643,ae954710
1898633274117548032,西八 笑不活了 哈哈哈哈哈哈哈哈哈哈,1782.398,1753425923,60e24333
1898657403714124288,发币好厉害,1536.51,1753428800,470dd9de
1898864820091084288,涛涛,1594.511,1753453526,e3470321
1900014385343060224,弹幕呢，怎么没有弹幕？,1474.018,1753590565,3ad68769
1900014950055944192,我都没有看清是什么东西,1520.297,1753590632,3ad68769
1900015779680882944,猜得太大胆了,1611.896,1753590731,3ad68769
1900016341843597568,看起来好想笑,1648.607,1753590798,3ad68769
1900078932972598272,哈哈哈哈哈哈哈,1776.629,1753598259,ecc35430
1900293250909070848,老王稳如泰山,1723.35,1753623808,968d7bd9
1900353048833126144,味道应该有的,1618.131,1753630936,10c54e37
1901001124350363392,发币好可爱啊,1578.257,1753708193,2c9403ee
1901002382926510592,太可爱了,1672.273,1753708343,2c9403ee
1901764467755164416,哈哈哈哈哈哈哈哈哈哈哈哈,1750.736,1753799191,ddafd2e4
1902238942640826880,这个眼罩好适合老王,1731.008,1753855752,65067beb
1902284649590899712,华波波这么钢铁直男吗没想到哈哈哈,1769.312,1753861201,f5de49c4
1902909050661155072,弹幕呢 四姐说的啥,1582.34,1753935636,2e93938c
1902910756887219968,Dylan的破碎感哈哈哈,1644.472,1753935839,2e93938c
1904506363838182400,哈哈哈哈哈,1741.394,1754126050,3e5e834
1904506528892481536,好奇怪的画面,1761.072,1754126070,3e5e834
1905000656431964672,这个眼罩我不行了,1754.1,1754184974,f5f7f31f
1905339129458194176,再靠近一点点,1456.9,1754225323,ba077aef
1905766002156188416,我嘞个豆,1448.318,1754276211,cdc7bc83
1906135497672774400,哈哈哈哈 加长版果然不一样 我再敷面膜啊  哈哈哈哈 ,1748.007,1754320258,8a4bf8c9
1906673310826237952,中东族,1687.411,1754384370,1327ee61
1906748234274702336,哈哈哈哈哈哈哈哈哈哈哈哈哈哈哈哈,1762.638,1754393302,b145d3d2
1910390807304161024,我要笑疯了哈哈哈哈哈哈哈哈,1627.006,1754827530,8815c960
1915932755691390976,这也太。。。,1487.198,1755488182,51f2909e
1915934066629406464,哈哈哈哈哈哈哈哈哈哈哈哈哈,1643.477,1755488338,51f2909e
1915934230198990336,哈哈哈哈哈哈哈哈哈哈哈哈哈,1663.022,1755488358,51f2909e
1915934679484266240,哈哈哈哈哈哈哈哈哈哈,1716.53,1755488411,51f2909e
1915934832542999808,哈哈哈哈哈哈哈哈哈哈哈哈哈哈哈哈哈,1734.857,1755488430,51f2909e
1920310407324203776,两伊贴贴,1684.752,1756010039,99536495
1921056005467708160,可爱的发币,1554.389,1756098921,912b4cef
1921058110144466944,哈哈哈哈笑得肚子疼,1664.435,1756099172,912b4cef
1930616796109848576,哎呀,1498.221,1757238656,8f57e35c
1938813363061097472,一个奖励杨迪的游戏,1634.819,1758215763,c1c7a66
1942229667884861184,笑得我肚子疼,1783.88,1758623018,b85033c1
1952519966591265280,每次都没接住哈哈哈,1520.245,1759849718,3d553d69
1962432760279010816,我真不行了了太搞笑了哈哈哈哈,1734.276,1761031415,54f7b9d0
1967644616455633664,哈哈哈哈，这个女孩子好可爱，又害怕又好奇哈哈哈,1476.902,1761652716,eb09f285
1968988588058839552,hhhh小姐姐演员的诞生,1698.466,1761812930,269700bc
1970989897527898112,对吗？,1782.473,1762051505,9d717ee2
1981226523604447232,哈哈哈哈哈哈哈哈哈哈哈哈,1648.361,1763271806,1a09d87c
1988660542331797248,四姐说了“安全T”吗,1582.049,1764158010,c847ffba
2000956881128648192,笑得我肚子疼,1562.666,1765623848,e8b22811
2072032170285543936,大左这里为什么吓得抖了一下哈哈哈哈哈哈,1649.79,1774096682,f82fb2da
,,0.0,1775683732.8000336,
lb.c,,0.0,1775683732.8000336,
,,0.0,1775683732.8000336,
1895737421099143424,是隔壁陈鸣飞写的吧？,1945.554,1752987539,25b5c0fd
1895737422600704256,笑死哈哈哈哈哈哈哈,1861.726,1752987442,eb069b0d
1895737448110461184,不容易,1967.315,1752987565,25b5c0fd
1895737537650462976,笑死哈哈哈哈哈哈玩呢,1864.313,1752989866,adb42c8
1895737540972351744,玩儿呢,1860.902,1752989950,aaf3f032
1895737543203721472,哈哈哈,1815.18,1752989891,aaf3f032
1895737661759918336,哈哈哈哈哈哈,1802.631,1752992030,a4557f7c
1895737678914621696,但是体力劳动可以被机器替代，和ai有微妙区别,1970.153,1752991856,5866b398
1895737721998512384,哈哈哈哈哈,1864.31,1752993989,f3d0b903
1895737806614401280,AI能归纳总结现有信息，但无法创新,1995.774,1752997135,13ee2db9
1895737953691865344,工业创作可以，纯艺术不好说,1978.137,1753000003,8e57c960
1895738031194214656,20元手续费省下来了(ಡωಡ)hiahiahia,1903.052,1753004359,39499903
1895738391359099136,我家也有这个碗,1838.498,1753016417,c2e21b9d
1895738396828471552,妈呀陈超好厉害,1945.204,1753016803,cd8ee3cd
1895738416894021888,100块，哈哈哈,1895.824,1753017896,a9208369
1895738540927979776,超超好甜,1939.237,1753019045,8d117f15
1895738575547764992,有胡子应该感受不到吧,1808.657,1753017627,af72eec3
1895738673107276032,不是地铁卡了么,1892.499,1753022773,9c94b6bb
1895738779793592576,ai是用三推一，人脑是举一反三，本质区别,2024.616,1753029280,f9656259
1895738857295941888,玩儿呢，我一个广东人说不出的儿化音,1868.306,1753032504,9ef562ec
1895738900144951552,我觉得体现人情感的东西最不应该被取代，我是看小说的，如果我看的小说都是ai跑的我会死,1994.923,1753053765,5dbe0dac
1895738918381785344,不一样，至少现在的ai没有人脑会抽风（bushi）,2030.729,1753060518,d1e240cc
1895738950300438784,哈哈哈哈哈感情是在玩儿我们呢,1867.398,1753065521,91850ea9
1895738973092286720,聪明的人才看得到（,1851.057,1753066879,532bb614
1895739025076490496,上次还在说地铁卡扣费不好，立马就改转账了，真的听劝,1909.288,1753064244,3e15afd5
1895739121713254656,陈鸣飞的那个刚看完节目吧哈哈,1956.389,1753072388,df6e1fa7
1895739304081592576,哈哈哈哈太像了,1944.846,1753074038,f48d5c83
1895797243433331456,我去,1891.668,1753087842,35861f7e
1895797705813389056,当然不是,1970.665,1753087897,35861f7e
1895872207323318272,ai的数据库全是人给的,2052.858,1753096778,9f5269ce
1895957325815673088,口条真好,2151.186,1753106925,42cad9e5
1895973581704601344,老王好可爱,1844.968,1753108863,692c8ed6
1895992999780010752,华波波也算猜对了,1803.433,1753111178,24b0ce4c
1896092358488199936,我服了怎么这么好笑，老王真的穿了个香蕉牛奶。。,1821.385,1753123022,7388c77a
1896403149620117248,首彩回来打钱！！！,1815.544,1753160072,fe4eee91
1896658760060214528,老金主啊哈哈哈哈哈哈哈哈,1821.352,1753190543,abb3bea8
1896690759756227584,那是服务器和算力限制而已,2125.293,1753194357,b927edf8
1897017590325956608,刘慈欣的诗云,2043.276,1753233319,78c4204e
1897149153428556800,并不会被取代，就那ai原理来说，他是学习的技术，要是没有真人的作品投喂他，而是ai直接互相学习，最后肯定会失去人类所能体会的美感,2017.769,1753249002,af7c4445
1897160788939608064,AI取代不了大师，但能取代普通人，但我们大部分都是普通人,2028.594,1753250389,b0fb79b9
1897196044832664832,不会的 AI没有灵感只是个参考文献的价值,1999.815,1753254592,6f99a845
1897230944923557632,AI确实，一眼看得出AI,2056.543,1753258753,c05066cc
1897282352929849856,您,1876.848,1753264881,290bcf14
1897313971196141824,68+6+,2070.556,1753268650,676c84ca
1897315932888971776,只能模仿，不能取代,2003.459,1753268884,90b41f69
1897321705291076352,我觉得同意的人说的不是高端审美的艺术，他们说的是快时代创作,2090.686,1753269572,55d83f10
1897326315100134656,太厉害了哈哈哈哈哈,1950.759,1753270122,45654410
1897355364035362560,顶级的取代不了，中间底层会被取代,2092.654,1753273584,7ea9d3d5
1897404209155208704,自从知道地铁卡退费事件之后就换成转账了吗,1896.51,1753279407,3c4a8341
1897472786134957568,陈鸣飞投的吧,1948.859,1753287582,20c78ca8
1897763556578141440,这AI卡壳,1962.905,1753322245,28dcc9f6
1897865698693655296,《精彩葡萄酒》,1811.436,1753334421,c76fd2
1897865887454275072,能用的,1823.216,1753334444,c76fd2
1897975346582936832,画家的画有人买，AI的画呢？我觉得人类不会给AI的画赋予价值,2087.338,1753347492,ace2f97d
1898153206907890944,他俩节目效果已经出来了，拿到奖品不过分,1887.829,1753368695,44f44cf9
1898155156404016128,现在ai训练出的图基本都是侵权的，还不知吃了多少有商业版权的图,1990.896,1753368927,c4640bae
1898227304531014400,陈超超陈超超陈超超～,1935.987,1753377528,e8cc9494
1898497181946647040,华波波太搞笑了hhhhhh,1828.307,1753409700,6a79158e
1898589823536064768,那个脱口秀的哥们吗,1965.639,1753420744,ae954710
1898617694602120704,100元哈哈哈哈哈哈哈哈,1897.022,1753424066,25a98a6b
1898762572212570112,哇厉害了,1941.185,1753441337,eeae67ec
1898770444551886848,哈哈哈哈哈哈哈哈哈,1812.799,1753442275,da4a6923
1899295846349428736,深度学习型会成长,2061.503,1753504908,2233a413
1899311810357134336,陈超超超超哈哈哈哈,1937.372,1753506811,8020f1b7
1899619007338927616,可以的,2140.384,1753543432,f6a66d6c
1899619192483758592,辛苦阿雷了 这么一大段  我都要背半天,2145.64,1753543454,f6a66d6c
1900289831134223104,好丝滑,2143.5,1753623400,6908d584
1900727826387780608,直接转账了，不是地铁卡了,1890.432,1753675613,29c7c55b
1900864257726569216,奇马蓝,2054.335,1753691877,75f02d2b
1900992991485978112,好的画家并不会,1994.973,1753707223,1606bf27
1903906590856424448,对，所以对资本来说是好工具,2119.356,1754054552,c29ddf0d
1905365491481060352,首彩葡萄酒～味道不一样～,1814.065,1754228466,ba4142a8
1905383944120050688,ai i不会创造需求，只会解决人类的需求。,2031.372,1754230666,2ad516b
1906676777745390080,阿雷服装好潮哈,2100.595,1754384784,1327ee61
1907503470140018176,作家，和画家不会。但从事写作行业和设计行业的可能会受到影响，纯商业的会受影响,2014.591,1754483333,f5dd2f0d
1907711567622271232,一个画家的画上千或者上万我都觉得值得，但ai产的图最多一块钱,2110.855,1754508140,b59d3043
1909643331546811648,哈哈哈哈哈哈哈,1802.537,1754738424,d7fb52ee
1913366840508620800,有一只萨摩耶就叫陈超超哈哈哈哈哈,1930.9,1755182301,b30a9c4b
1915224874843617536,前面的萨摩耶的别走,1937.599,1755403796,32f67cc0
1915935882930912000,哈哈哈哈哈哈哈哈哈哈哈哈哈哈哈哈哈哈,1859.99,1755488555,51f2909e
1922480732891760896,陈鸣飞投稿,1994.089,1756268762,8dd2ba4e
1928560476044906752,ai会替代那些水平不高的人，真正的艺术家和作家是无法替代的,2055.3,1756993524,cfd3a899
1930620440054015744,现在AI技术还不成熟，以后就不知道了,2042.591,1757239091,8f57e35c
1950374312087470592,可以娱乐，但没有深度的东西,2005.631,1759593936,5ff286de
1953028710341331200,当然不会,1991.043,1759910365,6e0df0f6
1966172314316318464,好可爱啊这两个人，萌萌的,2019.752,1761477204,1ee5697
1970992051982448640,其实AI给创作圈子带来了很多好处，痛苦的是那些想不劳而获的人，AI反而将这些人筛选掉了。,1971.291,1762051762,9d717ee2
1970992805346750208,想要不被取代就得进步，人类是一直在进步的,2037.466,1762051852,9d717ee2
1980015234983286272,画手可能会，画家不会。写手可能会，作家不会。,2003.369,1763127409,916232ae
2004595551308142848,笔触这个东西AI永远做不到,2129.602,1766057611,ffa3828d
2027798215826511616,有道理哦,2053.34,1768823584,8f58d927
,,0.0,1775683732.8000336,
lb.c,,0.0,1775683732.8000336,
,,0.0,1775683732.8000336,
1895737322071625984,哇，倒过来的角度，不错,2320.614,1752985858,bc12bdcf
1895737389348262144,1000个人欸,2404.742,1752986739,1262b263
1895737464325640448,伦的观点每次都好深度,2429.52,1752988798,dd38837b
1895737568671535360,萨沙确实越来越厉害了,2188.029,1752990345,4bb6c894
1895737635520352512,AI学习能力强能模仿但是创新上暂时还做不到，给他看某个画家的画，他能模仿但是要他有自己的特殊风格还做不到,2307.016,1752992123,da8612fa
1895737675886334208,对对对,2518.778,1752992832,a4557f7c
1895737868891427072,来自四姐的认可哈哈哈哈,2383.869,1752995522,e868d6e6
1895738095023132928,其实就是说ai没有创新能力,2449.334,1753007080,fbf9b322
1895738186207301888,黄子宝宝！,2478.478,1753010860,d93d12d4
1895738219937894656,普通话越来越纯正了,2340.564,1753006552,2f987c3c
1895738308387377408,简单且周而复始的工作不会被AI取代，他们只会被机械化和自动化取代,2177.8,1753012446,da6fca28
1895738539074097408,可是这样的画家真的很少啊,2355.484,1753016161,cb47e4db
1895738633898922240,肯定是指定啊,2166.696,1753023213,691ef385
1895738659433844992,厉害,2461.836,1753022215,7d9f8a33
1895738860030628096,ai只能生产“产品”,2438.121,1753027530,9cc53f64
1895739034186518784,伦儿说的好有深度,2417.125,1753066030,91850ea9
1895739151803191552,老王说的对,2249.4,1753067040,f7934ca3
1895739188276859136,罗师杰在做捧哏,2338.921,1753070661,5268d633
1895779537472677120,很喜欢伦二这个比喻,2442.524,1753085731,3a31dcb7
1895880915561975552,说的确实好,2456.856,1753097817,db27ad6e
1895903241901117696,哈哈哈哈哈哈哈哈哈哈哈哈哈哈哈哈哈哈哈,2382.245,1753100478,4365b2b7
1895978595307183360,黄子！,2470.27,1753109461,692c8ed6
1896020644002007808,我真的我好多次都和萨沙一种选择，高度重合,2355.219,1753114473,683bd9b9
1896387667051097344,创作过程本身也很迷人的！,2197.312,1753158226,1195ac4c
1896391286534280448,我觉得最多AI的作品和人类的作品放到平等位置去欣赏，不会谁取代谁，就像人类不会只需要一个艺术家。,2329.047,1753158657,1195ac4c
1896433511490107392,伦真的每次都说的很好,2449.736,1753163691,dd1dd59f
1896446842347168256,对的。还很无厘头,2510.941,1753165280,9ec95bfa
1896478238348470528,AI没有人所具备的“灵性”，这个是根本区别。,2484.776,1753169023,130b1ee9
1896481816450316288,但那么多著名的画家，活着的时候都没见到自己画出名啊，现在这个行业，艺术还是单纯的艺术吗,2362.688,1753169449,21030a05
1896495205256114944,英专生落泪,2257.924,1753171046,272cb156
1896500684711484672,说白了AI都是把现成的 现有的知识告诉你 它无法创新 没有创造力 也不灵活,2475.575,1753171699,fc8a9b09
1897059227684406272,现在门铃还是用的那个，后面的杨紫琼没必要，前面的那个欢迎来到毛雪汪还行,2509.318,1753238282,35645b71
1897154550214244864,现在小说好多都是ai写的,2317.184,1753249646,d7cb2127
1897198418581828096,更像是Freestyle的,2163.42,1753254875,6f99a845
1897285342076082688,中东人好爱用具体的比喻 好玩,2241.494,1753265237,290bcf14
1897353535075926016,哇伦儿讲得很好,2457.048,1753273366,bbeae81b
1897433976919450368,AI可以帮你炒作 帮你买热搜 买水军 坏的也会变好,2340.159,1753282956,d844b0d7
1897838265261261568,ai创造现在最大的问题是版权，它的数据哪来的？,2329.257,1753331151,9cdf46e6
1898170337209376256,伦是有文化的,2407.645,1753370737,c4640bae
1898593071588396800,不指定的话会长和杨迪肯定会控场的，不然非正式会谈就变成非正式广告了,2170.649,1753421131,ae954710
1898594159171501824,这个点很对啊，其实观众也是作品的一部分,2314.377,1753421260,ae954710
1898594721166096128,是的，没法取代艺术先驱者，但是人类多久才会诞生一个艺术先驱者呢,2398.763,1753421327,ae954710
1898858478203265536,AI是能画出来的，但是目前AI还没有真正创新的能力,2354.986,1753452770,85cd1b5c
1899282247644146688,伦说的超好,2450.24,1753503287,c89ae7d7
1899389604638008064,这样就意味着只有大画家才能生存,2315.347,1753516085,422009b7
1899968866063992832,钟逸伦的观点好到我想记下来,2407.551,1753585138,85e961e3
1899971539840366080,是的，有时候ai出来的东西是不实际的，属于给你描述的天花乱坠但其实并不实用,2516.355,1753585457,85e961e3
1900045394068096512,萨沙是不是deepseek了,2365.82,1753594261,37dfb466
1900699314750768896,AI不抽象,2514.068,1753672214,10555ed6
1900775830246937344,完全同意伦儿的观点,2435.304,1753681336,a9930091
1900996813578880512,"很简单，好的创作,有灵感的创作不会被取代",2425.093,1753707679,1606bf27
1901031552633139456,这不兴叫哈哈哈哈,2498.047,1753711820,c35a3236
1901722114823131392,是抽象,2352.846,1753794142,5adbede8
1903867788553414144,这个议题可以看当下社会在机器大生产的时代我们总是追求手工工艺但是再看我们在什么东西上追求什么手工,2232.109,1754049926,8d3fe83f
1904376810779811584,翻译作品是再创造，当然属于文艺作品了,2280.086,1754110606,21f73640
1905336105902178560,1111,2456.232,1754224963,94dc5d7b
1905386536745115904,数据量都是过去的，像ai创造的一些画作都是基于历史风格，没有未来的风格。,2288.044,1754230975,2ad516b
1906081274615969024,制造业，，,2184.094,1754313794,6748a4fa
1907510299724980992,没错,2175.769,1754484147,f5dd2f0d
1909633496364914688,感觉好多代表还有别人不了解ai画画的原理。那真的就是裁缝大集合,2203.365,1754737252,142fcb13
1916012736815445248,有几个确实在搞艺术的，大部分只是在所谓的艺术行业里混口饭吃而已,2297.01,1755497717,272ec1ba
1919515972591515392,ai又不能原创，出来的东西都是人家已经有过的,2324.575,1755915335,d61f036d
1919765655767985408,确实,2390.9,1755945099,39b1306c
1920593694097511424,但是那么多人之中又有多少个大师呢？千里挑一。只能说大师难以被AI替代，但大多数普通人是很容易被AI替代的,2364.264,1756043809,288a6e7
1921471313504249600,哈哈哈哈哈哈哈哈哈哈哈哈哈哈哈哈哈哈哈哈哈哈哈哈哈哈哈哈,2384.908,1756148430,d0352b3
1924730497872245504,但是很多人其实也只是围着光圈内打转，只有少部分是能发出光的哇。ai无法完全取代，但是ai取代大部分工作应该是必然的,2449.995,1756536955,90bb401c
1937410966522432000,不愧是高材生,2428.936,1758048584,664fbc21
1944395634396738304,可是艺术的标准是很难说清的，尤其是超越时代审美的艺术,2372.895,1758881222,952047f4
1946596116557161472,同传不可能，比如自古以来，中国有句老话，你怎么翻译,2271.392,1759143540,24bc755
1953032408702466560,哈哈哈哈哈哈哈哈哈哈哈哈,2390.919,1759910805,6e0df0f6
1964145062028178176,哈哈哈哈哈哈哈哈，怎么我在非正还能听到黄子,2469.118,1761235537,f260f6db
1965470285503505664,但是现实中其实有一些需要创作的。工作他确实是会被AI取代，因为作为商业用途，AI的那个程度是完全够用的。这是我们一个从国内大厂离职的老师跟我们讲的。因为他们当时在做东西就已经套模板用AI。,2380.266,1761393516,d0b3063b
1965962475476472064,梅丽莎好好看,2271.709,1761452189,5c1cccf8
1968996492291897088,好啦ai取代不了伦儿,2435.324,1761813872,269700bc
1969411312866597120,如果人类不再进步 那AI还会是AI嘛,2414.221,1761863323,7ed3ebc
1985133228776545024,翻译读空气什么的感觉能训练,2278.757,1763737521,55203a50
1985134760192303360,可以训练,2518.973,1763737704,55203a50
1996728559007878656,ai应该是从1到60，而人是负责从0到1和从60到100的,2430.868,1765119792,74ba3500
2056102682372178688,ai模仿的只是形式,2363.539,1772197739,fa9ad547
2082958314446724096,AI只是提高效率的工具,2221.713,1775399180,a4d2be15
,,0.0,1775683732.8000336,
lb.c,,0.0,1775683732.8000336,
,,0.0,1775683732.8000336,
1895737410512720128,感觉这个有趣1,2795.193,1752988764,39108e46
1895738094108774656,意识,2662.0,1753003029,6653a374
1895738218117566720,我更喜欢作品独立于作者存在,2704.182,1753012025,729cd479
1895738283766812928,除非ai哪天学会了思考和不按常规，但是人类会允许这样的它们存在吗,2540.067,1753010137,10294f3d
1895738567352094976,主要是用得少了吧,2862.128,1753022489,61f1cb93
1895738632992952576,超超太美啦,2555.795,1753022069,1f0a24fa
1895738636633608448,真的很爱Dylan，每期必cue，哈哈哈,2649.068,1753021557,6e443ff5
1895738730552463616,deepseek是这样的！,2522.65,1753021395,6e443ff5
1895738777964876032,大左又困了,2711.853,1753025162,d6bfe3aa
1895738899238981888,阿雷一定很有语言天赋,2864.374,1753026188,3b5559de
1895738997712851200,加字游戏,2829.421,1753054603,5dbe0dac
1895739267607924992,西语里的人称变位和阴阳性很有意思，我，你，她，他，您，你们，我们，他们，她们，您们,2804.071,1753072834,293203a
1895850139940747008,工作报告AI的确是好帮手！,2543.657,1753094148,416bbb9a
1895921119618453248,作品和作者根本无法分割啊,2714.73,1753102609,e1f0140c
1896012893708357120,ai没有人生，但是ai有你们呐,2743.137,1753113550,698bab0d
1896065447497910528,语言环境很正常手能生巧,2876.525,1753119814,cc2734ec
1896479661995797760,Blade Runner,2645.459,1753169193,130b1ee9
1896654942690213632,中文是积木并且是榫卯结构,2830.122,1753190088,89807551
1896772345109555968,词根词缀 哈哈哈哈哈哈,2818.729,1753204083,1f9c8d2e
1897102321968798464,不知道为啥这个话题老是让我想起崩铁里的博士尊，我们强大的智识星神,2549.068,1753243419,f5a06ba5
1897196758887995392,AI代替不了艺术家，但AI能代替打工人，作为普通人的我是焦虑的,2757.811,1753254677,b0fb79b9
1897363087586601216,是的 英文是树形语言,2824.014,1753274505,84203b4
1897872503666875648,超超说得好～,2569.221,1753335232,c76fd2
1897944087584629760,来了看预告最感兴趣的话题,2788.137,1753343766,9cdf46e6
1898191646873602816,我靠，这个观点让我耳目一新,2536.947,1753373277,f0071fca
1898587064925435904,这个话题好！,2795.805,1753420415,a18ccce
1898596254410661632,ai如果把微醺状态也建模了之后可能就能复刻了，并且能随意还原,2581.86,1753421510,ae954710
1898596665712523776,确实，一个平庸的内核很精准,2640.395,1753421559,ae954710
1898861636539289344,而且目前可能觉得觉得AI的有些图或文字有灵性实际是观众自己的赋予这些东西的主观体验是观众自己的灵性不是AI的,2668.317,1753453146,85cd1b5c
1898899350840110848,是不是ai的记忆能力有上限的原因？,2636.01,1753457642,2ddb40c0
1898913616263543296,ganghood这个真的不是广东华侨带去的词吗江湖的粤语发音啊哈哈,2769.624,1753459343,e8831434
1899395980466646272,大左那个表情，哈哈哈哈哈哈,2727.784,1753516845,2a7b6daf
1899451219231916544,因为没有坚持每天都用ai跟它进行大量互动给它数据样本支撑，所以我认为每个人用的ai都不一样，我觉得我的ai还是挺像我的,2647.849,1753523430,cb8fc6d6
1899934260052788480,中华文化的包容性哈哈哈,2849.24,1753581013,ae954710
1900015569328667392,好喜欢这个话题,2795.283,1753590706,85e961e3
1900048826854286080,那人的灵魂是电子信号吗，如果是，那人有没有可能是超级精细的碳基“机器人”,2655.645,1753594670,37dfb466
1900281300003517184,西部世界的核心就类似这样的,2602.68,1753622383,cd73212b
1900285629850936576,确实起码目前的ai画作没有人画的灵气,2557.858,1753622899,21100105
1901048146860625152,这棵树的动画是ai生成的吧,2803.727,1753713798,bba3e7b3
1901659990159627264,对，写文也是太高大上了，不接地气,2520.306,1753786736,105f52db
1901679859307668992,前面的，你把ai想得太厉害了,2738.443,1753789104,8c5fa1a1
1901694474971820544,知人论世是解析作品的一个重要观点,2714.601,1753790847,bb1af361
1901807782567905536,小熊说法语的表情好可爱,2871.945,1753804354,6b233d5a
1902175987245469952,灵韵,2668.184,1753848248,3fc3c7dc
1903102126856042240,人的反应和情绪千变万化 ai需要基于data来学习复刻 但人心和思想复刻不了 因为你自己都不知道你到底会如何啊,2743.891,1753958652,95e70b5d
1903911544119548672,机械劳动（报告、PPT、标准化文案等等）确实适合AI,2552.306,1754055142,c29ddf0d
1905283396587498240,我也有这样的担心，毕竟大的发现是要在小的累积基础上的。如果这些小的方面都被ai包圆了，人类还会有大发现的灵感吗,2568.797,1754218680,1739167a
1905322044405448448,心理学本来就有灵魂,2690.41,1754223287,f73e1df3
1906144811317396224,我以前学英语的时候，也会想外国人学中文的体验是怎么样的,2818.823,1754321368,de5d2566
1906664836822229760,所以说语文考试里的阅读理解靠标准答案就很扯,2687.504,1754383360,16673124
1906696462252080384,感觉伦儿是语言限制了发言,2529.891,1754387130,64b0d079
1906886153408858112,好适合我英专生来听 ,2814.7,1754409743,937fdd57
1908206015506796288,ai不可能成为艺术家 这句话有问题吗？,2749.178,1754567083,d8a8f583
1910400646260643072,喜欢这个论题,2802.046,1754828703,8815c960
1912295074109538048,前面的也可能没有理解什么叫创作，ai可以实现艺术产出，但跟创作还是差远了的,2744.468,1755054537,a8fe5ea9
1912306335295954944,怪不得我学英语困难,2848.344,1755055879,cdc7bc83
1914618808048601600,说的好好,2678.049,1755331547,39959bed
1914619278565804800,大左看手机哈哈哈,2728.618,1755331603,39959bed
1915193156341953792,现在ai就是一个全领域博士只是专家。他只是没有真实世界的更多样样本数据,2569.108,1755400015,23dde82b
1915445346528739072,电脑病毒：我来看看怎么个事儿？,2576.487,1755430078,aa8cb2c6
1915986185612797696,“就没电了”哈哈哈哈哈哈哈哈,2591.443,1755494551,cd971f7f
1916852564402818816,江湖不是打打杀杀，江湖是人情世故wu～～～～～～,2764.246,1755597832,ebcfcea3
1919268751279502848,这只能证明如今的AI还不聪明，还不智能，难道AI技术不会变得更厉害吗？,2612.277,1755885864,8ff620f
1921321382714216960,信息熵大,2841.927,1756130557,c8faf44f
1922681235663422464,如果AI真达到这个高度，那AI就不是AI了，人类也危险了,2697.724,1756292664,bc17ebe1
1926387262783289344,人类作为个体，生命体验是有限的，而ai作为更高级的文明，或许会不会被我们想的太简单了。,2771.566,1756734456,d0244f28
1928566961126791424,他说的太绝对了，ai技术刚刚起步，未来的发展是不可预知的,2749.14,1756994297,cfd3a899
1928568074974780160,英文是孤立的好吧，中文是组合式的,2834.7,1756994430,cfd3a899
1952531056876225024,如果AI能够有自我意识和思想，AI就是人，人退为动物,2715.729,1759851040,3d553d69
1996732419327971328,中文很简单很适合其他民族学习 所以中国才会是一个多民族国家 并且从不排斥其他文化海纳百川,2835.006,1765120253,74ba3500
1999292041175421696,Ai man姐吗哈哈哈,2602.201,1765425383,e4630f95
2027802308762818304,这个观点好,2541.215,1768824072,8f58d927
2045095330529259520,这个想听很久了！,2795.731,1770885561,e6d149b0
2069023283827016448,AI可以创作，但是每个人有独属的成长经历，他创作的东西是独一无二的，所以替代不了个人,2739.673,1773737995,6b2b33d2
,,0.0,1775683732.8000336,
lb.c,,0.0,1775683732.8000336,
,,0.0,1775683732.8000336,
1895737617359016192,哈哈哈哈,3218.723,1752993544,a4557f7c
1895737713425355008,但是中文商务场合也会这样，中文也有客气和礼貌,2976.263,1752992710,5866b398
1895737727702765824,但是中文之前也这样，白话文运动时就有胡适“干不了，谢谢”“才学疏浅，恐难胜任，恕不从命”的案例,2975.656,1752993017,5866b398
1895737820195557632,哈哈哈 我第一遍也在疑问 你不是医生吗  结果发现卡在了中文上哈哈哈哈哈哈,3227.366,1752997558,fbf64f60
1895737998369591552,好喜欢伦儿讲故事,3143.561,1752999620,7b5f275c
1895738106876236032,伦的冷知识好多哈哈哈哈,3121.118,1753010691,450eca7a
1895738131496800512,英语四级准备,3180.027,1753009480,8fd891b1
1895738136966172928,德语出来说话,2889.523,1753008855,47376c28
1895738139700859136,日本文化有些过于客气了，反而成负担,2979.348,1753006769,13ee2db9
1895738374950981888,日文的语法结构太麻烦了,2947.238,1753012693,58c62de
1895738385889726720,语言环境真的非常重要,2880.638,1753014675,c0184399
1895738605637701888,哈哈哈，西语信息密度太低了,2887.48,1753021179,913778e0
1895738888291848448,和语言背后的语境文化有关的,3004.846,1753030941,5404f33
1895738956675780864,日语真的，可能是因为日本人很容易不安所以很喜欢叠甲,2968.764,1753036550,7a1afabc
1895739047859949824,伦儿个学霸知道的可真多啊,3138.994,1753066617,91850ea9
1895739281281356032,这解释也是费劲，中文六个字解决：有根源无系统。,3165.086,1753078062,1ea53aa5
1895813671943725312,说英文是因为没学过其他语言hhh,3058.228,1753089800,18de2fc4
1895885303986710784,七月八月是纪念凯撒和屋大维硬加进去的我记得,3103.283,1753098340,db27ad6e
1895963615233216000,月天~~~~,3088.264,1753107675,bb240a6
1895984463582683136,伦儿好棒！,3141.672,1753110160,692c8ed6
1896199650127027712,Medium well steak,3202.601,1753135813,74e59e26
1896307962851638528,Mayday！Mayday！,3084.608,1753148725,b748a01c
1896408715746876416,原来如此，怪不得烷烃的英文名是这样命的,3130.385,1753160735,30eb9777
1896433111504550144,月份的英文在西方文化中也算是历史文化的体现,3081.902,1753163643,a076c47d
1896450535448673792,杨迪太有意思了,2936.319,1753165720,9ec95bfa
1896482053151608320,文化语境不同,2926.889,1753169478,130b1ee9
1896482757568255488,看过日语邮件的结构 那是真含蓄啊 好像说“不”是天大的错,2948.052,1753169562,130b1ee9
1896753204394875904,店家不想给别人用，为什么还要设置自己的店名为WiFi名啊，这样每次都解释多麻烦,3049.958,1753201801,2677cf4c
1896946225677535744,是凯撒和奥古斯都加的7月和8月打乱的吧,3129.064,1753224811,a5fb62e5
1897250225970898176,而且13月 和 星期八这种说法 他们只能重新创造一个词,3115.972,1753261051,c5e94360
1897407157516052224,就像知道奶奶的礼物用俄语怎么说，真的那么长吗,2896.574,1753279759,d849b843
1898582067882162432,日本人说一个句子 一半都在委婉,2941.965,1753419819,76036370
1898588868694397440,敬语地狱,2954.96,1753420630,a18ccce
1898590585045603584,这个是历史上的语言融合因素吧,3060.517,1753420834,a18ccce
1898665512134126080,说普通话久了会忘记方言,2905.249,1753429766,b0850c04
1898850951616771840,为什么要留下殖民的痕迹,3157.268,1753451872,ef8bd67d
1898937681158312448,还有星期,3074.909,1753462211,b465622b
1899312426064304384,中文好比压缩包,2881.612,1753506884,714d1f13
1899359596045350144,哈哈哈哈京都人,2942.526,1753512508,48caf715
1899668818784674048,这是人为的，任何国家要是愿意这样，也能在表达一个简单含义时去延申自己的句子,2968.119,1753549370,395ce43e
1899936646569887488,还有星期。日语也要再背一次,3072.627,1753581297,ae954710
1900498638082942464,懂日语的可能会懂吧 真的巨长一段,2997.345,1753648292,8205cc06
1901004936989475584,其实赖赖的发言都挺有信息量挺好的,2962.898,1753708647,2c9403ee
1901005262887011072,好温柔啊,2994.395,1753708686,2c9403ee
1901007210696225280,日耳曼人,3145.006,1753708919,2c9403ee
1901007274919789824,棒棒,3148.423,1753708926,2c9403ee
1901007503156656384,原来如此,3165.412,1753708953,2c9403ee
1901007627769515776,很详尽诶 原来不知道,3169.51,1753708968,2c9403ee
1901036066467942912,唉确实会有些容易导致内耗,3036.179,1753712358,c35a3236
1901601973363943680,中文是象形文字发展来的,3076.554,1753779820,92f8c01f
1902328538762730496,反了,3049.595,1753866433,89ed58e
1902903884662556160,一个Wi-Fi都这么抠啊,3030.227,1753935020,96f86921
1903773304859711744,非常容易不安的日本人,2947.431,1754038663,5eebbb86
1904212771181454848,主谓宾主系表的顺序是一样的,3210.693,1754091051,4213efaf
1904516264131825920,正常吧,2882.476,1754127230,3e5e834
1904516761693761280,哈哈哈,2941.821,1754127290,3e5e834
1904516806791007488,晒伤妆,2947.196,1754127295,3e5e834
1904519028052442624,混了是吗,3179.667,1754127560,3e5e834
1904710780163548160,你习惯了，完全没问题,3083.008,1754150418,1606bf27
1906026731576451328,这个确实有点直接了，中式中也确实可能存在这样的,3018.666,1754307292,c8137052
1906684917807754240,英文比法文容易,3070.951,1754385754,1327ee61
1907637741270252032,呜呜呜英文里器官名词和病的名词和相应科室名词真的大部分完全不一样，太痛苦了真的完全不一样,3237.084,1754499339,ff8d4f0a
1907900244344148736,？我们大学老师都说英文天生自带逻辑……,3046.075,1754530632,21c98764
1907939231465567232,哈哈哈哈哈哈集合,3078.613,1754535280,27e7f95a
1908208058292258560,日本好累,3042.943,1754567326,d8a8f583
1908238397278553600,想委婉也可以委婉呀。只是大家觉得太装不那么说了,2986.636,1754570943,a4b37ddf
1910303699142508800,所以我总觉得他们说话烫嘴？,2905.236,1754817146,664d29dc
1910306040881807360,忍。哈哈哈哈哈哈哈哈哈哈哈,3034.062,1754817425,375127a9
1910306198109537280,濑濑刚来时候的梗,3034.062,1754817444,375127a9
1915449847520377088,动物名+肉表示某种动物的肉。这是几千年沉淀下来的智慧,3051.605,1755430615,aa8cb2c6
1915991236444326656,萨沙好搞笑哈哈哈哈哈哈哈,3217.489,1755495154,cd971f7f
1916226599335198464,donde donde,2931.706,1755523211,41d23346
1916228677268589568,wow,3173.682,1755523459,41d23346
1916315156007532032,前面的，除了没有小贝拉逻辑,3181.139,1755533768,299590f4
1916619295518292480,哈哈哈哈哈哈哈,2919.677,1755570024,51f2909e
1919962561386910208,不安,3011.16,1755968572,3bd57624
1920500537993289984,这个就是我想吐槽的，英语的日期真的好难记,3060.432,1756032704,7b3cb016
1923466522425711872,伦儿才是真正的博学学霸,3150.234,1756386277,a82a2ebb
1929348917360019200,其实中文更没有逻辑，就是你想怎么说都可以，主要就是看积累量了,3057.608,1757087513,467053b4
1932308120081196032,我第一次在国外吃牛排 说五分熟 five，服务员大问号,3201.353,1757440278,52ac390e
1938326182697830400,对对对，这个很麻烦,3032.573,1758157687,69dfa122
1944620545828698368,10个月 那年都要过错,3124.155,1758908033,1875fd96
1960152989767726848,词源太多，还要混着不统一,3101.673,1760759645,7bf5ae5
1960315171222860288,商务对话,2985.653,1760778978,99cb8cc6
1970391830956991744,英语学渣产生了一些不好的回忆……中文换个字就能表达清楚的事儿，在英语里面要挨个背单词,3201.922,1761980210,f517d2b4
1971032280625968128,这不叫逻辑，这叫历史渊源，如果英语本身有逻辑，他就该根据自己的语法规则来解释这些东西，而不是照搬别人的,3173.232,1762056557,9574db04
1986522542408234752,著名“星期八”哈哈哈哈,3064.179,1763903140,2a9d92f9
1988680519910594304,好可爱的语气啊,3211.732,1764160391,c847ffba
2015997122545654016,凯撒大帝修改了历法，十个月变成12个月,3118.741,1767416784,ae954710
2029776380103077120,都去店里吃饭了还不让用WiFi确实不厚道,3021.134,1769059400,361d239
,,0.0,1775683732.8000336,
lb.c,,0.0,1775683732.8000336,
,,0.0,1775683732.8000336,
1895737449360363776,哈哈哈这个音效,3434.307,1752989690,dd38837b
1895737554259906816,汉语自带超链接,3502.689,1752990382,7e894dc7
1895737698191642880,英文不是也有一些语气词吗,3463.7,1752993765,534bf33e
1895737702964760832,现在小孩学典故也是这样的,3515.271,1752993777,5866b398
1895737848280617216,所以他们上大学贵的要死,3301.863,1752995548,136254b6
1895737891691663616,如果目标是跟人勉强交流的话，很简单,3388.746,1752996103,7864b331
1895737902630408448,哈哈哈哈哈哈,3542.495,1752996835,e868d6e6
1895737928165331200,对啊对啊，本来就是啊，所以那些鼓吹国外如何教育平等的，本来就是扯别的，首先连语言就是不平等的门槛很高的,3270.78,1752996508,e868d6e6
1895738086819074304,感觉我和听英语一样,3398.682,1753007529,2f987c3c
1895738104141549824,我听英语听力也这样,3398.818,1753008039,fbf9b322
1895738124207100160,这里应该是well,3591.94,1753002948,90a344d5
1895738260068995328,语言浓缩ww,3415.286,1753013167,58c62de
1895738461571748096,亚洲语言普遍是这样的，主要还是大中华地区辐射,3581.0,1753014800,b345a1e6
1895738525392277760,我也发现了这个问题,3257.235,1753015917,6ee65ea5
1895738653964472576,此处BGM已经日本风格,3569.688,1753025562,226099f9
1895738823556960512,太where了哈哈哈哈哈哈,3558.444,1753026489,8ad6ba0b
1895738935712649472,我感觉老王就这几期非正下来汉语都有进步了,3428.469,1753027972,8d665d98
1895738962153541888,其实我现在在英国生活，无论是跟哪个国家的人说话，我经常回答嗯，他们都可以听懂，真的很方便很中文的表达,3471.945,1753054895,973da82
1895738991337509120,前面啊？的点在哪里？？,3505.733,1753067454,43cb6c93
1895739004096581888,我也才知道,3285.669,1753033782,d5c5e535
1895739009565954304,哈哈哈哈哈哈哈哈哈哈,3317.609,1753068397,f7934ca3
1895739326890217728,成语是超链接，所有熟语俚语和歇后语才是压缩包,3537.481,1753078668,1ea53aa5
1895809281815646464,最惨的是日本人，在这些基础上还要翻译成片假名背,3285.983,1753089277,d2fc1204
1895891365066548224,汉字自带压缩包超链接,3506.18,1753099062,1eeaccb8
1895906708459891456,哈哈哈哈哈哈哈哈哈哈哈哈,3542.014,1753100891,8223018c
1895917280982994176,弹幕呢？,3380.471,1753102152,4365b2b7
1895937886776867584,戴卢可是佛拉芒人,3461.641,1753104608,be52f108
1895945065151751424,1,3469.14,1753105464,83719079
1895974459136292096,老王这个手指的动物太萌了哈哈哈哈哈,3368.702,1753108968,c5fcbd94
1896736230398801920,迪伦想介绍哈哈哈哈哈哈,3285.135,1753199778,b9816bbd
1896738375130942976,哈哈哈哈哈哈哈哈哈哈杨迪太有梗,3552.143,1753200034,b9816bbd
1896773498131941888,不想听，不想了解医学法学这类太专业性的东西,3330.832,1753204221,b176604b
1897146857139167488,吧 吗 哦 ,3449.353,1753248729,35645b71
1897148948762767360,中文常用字2千～三千字，医学法律都能看懂（每个字）英文你得重学,3300.605,1753248978,729e3ab7
1897240958723524864,他是整形医生,3245.183,1753259946,c05066cc
1897344309032788992,HHHHH,3548.929,1753272267,e724095e
1897353674855129344,老王的汉语是靠“百家饭”成长的啊,3413.629,1753273383,d403eb94
1897959016110826496,我感觉日语表达比中文更模糊，但欧语系应该比中文清晰,3481.107,1753345545,9cdf46e6
1898037661450136320,没有语言是难的，融入当地都很容易学会,3360.179,1753354921,6ba6f998
1898147251440773632,学医的英文巨长一个单词,3249.832,1753367985,33c2f0de
1898595100549340416,yeahhh和“え？”的洗脑率也很高,3442.216,1753421373,a18ccce
1898595474438069760,好的，收到,3466.201,1753421417,a18ccce
1899889882369721088,然,3577.428,1753575723,3e3ca627
1899940569846165248,英文里的humm不就是这种意思吗,3483.17,1753581765,ae954710
1900248293867858176,看吧~,3476.886,1753618449,1bd801ae
1900268259098969856,大学学心理学法学，专外学的人想死，开卷我都累死，必须背一些，不然翻都翻不到,3309.209,1753620829,68efaa5c
1900386229888349440,害,3588.413,1753634892,33977ab
1900504034642194432,而且现在还在一直造新词 网络迭代也很快,3536.387,1753648935,8205cc06
1901038009001065984,确实，会有专业壁垒,3267.74,1753712590,c35a3236
1901043281199645696,整形医生不背专业医学词汇吧,3248.477,1753713218,ae954710
1901055028312566528,嗯 用英语的yeah 不行吗,3513.992,1753714619,bba3e7b3
1901699298253806080,哈哈哈哈哈哈哈哈哈,3555.241,1753791422,bb1af361
1902215296740708608,中文一个哦～～～能表达很多意思,3489.451,1753852934,167a1194
1902491000623422720,生物学全是拉丁语,3260.405,1753885800,59b380d7
1903115360002498048,汉文人点了,3530.814,1753960229,95e70b5d
1904402415873511680,哈哈哈哈哈哈,3438.59,1754113659,6327891d
1904520475078927360,我也想听伦儿讲历史,3336.829,1754127732,3e5e834
1904713978178131968,你会不会说重要的是环境问题，像我现在的应试教育，会看和阅读英文，写和说就很差,3417.528,1754150800,1606bf27
1904714897275852288,很多更复杂的，很多中国人也不知道,3523.445,1754150909,1606bf27
1904715420767052544,不就是看语气的吗,3577.83,1754150972,1606bf27
1906688697462662912,小姐姐英文很好好听 不是脖子右柠哈哈哈,3466.311,1754386205,1327ee61
1907359113126774016,粤语无障碍～喺！,3563.437,1754466124,d9a3acb1
1908669758451742720,还有古希腊语,3297.211,1754622365,f41917e3
1910307226334185216,让伦讲下历史,3294.697,1754817567,664d29dc
1915992112592547840,我想听伦说,3296.419,1755495258,cd971f7f
1915994372726802176,四姐reaction好棒,3542.21,1755495527,cd971f7f
1916230844314519808,语言还是要在环境中学,3421.751,1755523717,41d23346
1919282737379220480,匈牙利语也非常难,3351.111,1755887531,8ff620f
1920520378267664128,意群,3403.007,1756035069,99536495
1921097014738263808,陈铭老师说的吧,3438.683,1756103810,bc1232f7
1921950390136930304,就跟中国的好字一样，有时只是表示听到你话里的信息而已,3576.112,1756205540,91f228fb
1926835259497439744,经常看着看着觉得他们几个老外把中文说这么溜好厉害,3412.989,1756787862,b97e7a27
1938829039104673792,笑死我了，这句话谁说的？,3434.256,1758217632,c1c7a66
1996737031745336320,并非,3352.126,1765120802,74ba3500
2011293092187681536,哈哈哈和我对日语的感觉一样，，，呆了10年多 后面觉得是没有尽头的,3529.002,1766856020,1bdc989c
2012585087044033536,这个确实 日本的法律和医学基本是学习德国 舶来词也是基本用德文音译,3321.095,1767010038,83537bde
2018529617530469888,秦嗨汉诺,3562.248,1767718681,a29de8f8
2021310047682553600,是的,3262.826,1768050134,9ae24a60
2035768047671333888,法律也是一样的。中国法律也一样,3275.017,1769773662,f466f7d8
2038743529190839040,先学字，以字正音，阿拉伯人有这个意识，所以他才能学这么快，欧美人完全没有文字的概念，所以觉得中文最难,3384.196,1770128367,7966ad44
2038746329182394624,表情语言，本来也不用翻译,3590.184,1770128701,7966ad44
,,0.0,1775683732.8000336,
lb.c,,0.0,1775683732.8000336,
,,0.0,1775683732.8000336,
1895737386328363264,哈哈哈哈哈哈,3617.105,1752987469,882cd619
1895737509229859072,哈哈哈哈哈哈哈哈哈哈,3676.144,1752989498,59dfb4d2
1895737583057998080,天啊，67个字母组成,3637.073,1752989336,eb069b0d
1895737632492065024,来个短的,3853.378,1752993748,6cf1571
1895737693435302144,哈哈哈不许总结,3609.164,1752993497,6cf1571
1895737816580067584,这里字幕错了，表音文字,3890.122,1752995204,5579ad8f
1895737979226788096,这一季字幕太多错误了，怎么回事啊，中文外文都错,3896.211,1753006124,aab7b18b
1895738066770301184,日语和韩语是不是也是？只要会拼都会读，但是意思得再记,3906.105,1753001542,545954c8
1895738087733432576,哈哈哈哈哈哈哈哈哈,3845.99,1753000556,7b5f275c
1895738152468320512,哈哈哈哈哈哈哈好可爱,3651.946,1753012041,d93d12d4
1895738180737929472,巴别塔,3742.261,1753008044,a62ceb35
1895738275562754304,英文就有刚刚说的英法问题导致逻辑混乱,3943.0,1753015298,b345a1e6
1895738327530180864,日语是半拼音，保留部分中文,3886.0,1753015152,b345a1e6
1895738332093583616,象形文字就是比拼音文字要方便的,3886.0,1753015173,b345a1e6
1895738336648597760,所以传播效率很高，且没有文化断层问题，所以逻辑一直能保持,3943.0,1753015269,b345a1e6
1895738357620117760,想起之前看的用各国语言唱知否。到俄语就跟念咒一样,3849.285,1753016974,910793e9
1895738458845450496,啊啊啊最喜欢听大家聊各语言的特点！这是我当年看非正的初心,3614.056,1753016407,a354f0d2
1895738658519486720,愚者无畏也是一个压缩包呀，它不是常规的意思，俄语也可以生成一个压缩包,3826.746,1753025972,fe92a296
1895738785262964992,哈哈哈哈哈哈,3817.962,1753023551,ef8f951e
1895738933883932928,头晕了,3644.316,1753035085,13a0d4c4
1895738979476017408,确实，看小Q联合国的时候同传俄语的信息密度好低,3838.236,1753041245,cdfc31da
1895739066096783616,哈哈哈哈哈有意思,3612.271,1753067134,91850ea9
1895739104407556352,突然想起之前埃及代表穆小龙的名字也很长,3658.216,1753041498,4e76690
1895739162750324992,尼采：事情没有对错 只有视角不同,3726.186,1753073245,cb0b74b0
1895739177338114304,哈哈哈哈哈大家注意有位烫嘴的德国人要来啦,3629.774,1753067187,91850ea9
1895792428078861312,还真是,3941.511,1753087268,3a31dcb7
1895853082563739136,好漂亮啊,3705.421,1753094499,dc02669c
1895873710125642496,湖南话“搞”也有好多意思。,3601.591,1753096958,29a218df
1895907346799683328,翻译是代表自己翻译的,3697.145,1753100967,d0a706e0
1895978079743661568,decode（语言学人惊坐起,3717.032,1753109399,c5fcbd94
1896108421095192320,姐姐的专业和今天的话题好适配，语言差异,3706.185,1753124937,7388c77a
1896515341271146240,我喜欢这个话题，有意思,3616.444,1753173446,b99d4a1f
1896518162234223872,信息熵,3876.963,1753173782,b99d4a1f
1896543132645330432,这颜值，太好看啦！！！！,3695.311,1753176759,832cc876
1896780626377012736,不动产超级抵押,3636.607,1753205070,1f9c8d2e
1897154366721285632,我又要骄傲了，联合国文件里，就属中文那本最薄（叉会腰）,3813.058,1753249624,729e3ab7
1897941956827989760,都在酒里了,3865.043,1753343512,8b93c9d9
1898002374233537280,好像现在学校初学英语不给学音标了？,3917.24,1753350714,2a453a04
1898102017021935872,满分5,3789.416,1753362592,b29ebb7b
1898156268347363072,我记得我初中那会有学音标 但是不会重点去考,3923.454,1753369060,33c2f0de
1898512243499875328,大左表情笑死我了哈哈哈哈,3865.395,1753411495,4b7d9bf5
1899331643441710592,哈哈哈哈哈哈好可爱,3679.808,1753509175,1091612d
1900180799328848384,确实像吕一,3719.965,1753610403,115a0075
1900386773294106880,不对不对,3653.208,1753634957,33977ab
1901012436203785984,强行闭麦,3615.255,1753709541,2c9403ee
1901013060701833216,字幕乱回了,3657.418,1753709616,2c9403ee
1901170929900720384,还确认下对不对哈哈哈哈,3831.848,1753728435,aa15251e
1901171333829032960,给陈铭总结累了,3859.411,1753728484,aa15251e
1902159930518213632,六书,3947.484,1753846333,705b52ba
1902331185083402240,大学选修语言学讲过这个区别,3951.181,1753866749,92f8c01f
1902335700813538048,分析语,3890.528,1753867287,89ed58e
1903671238854313216,大学老师也一直强调要用外语的语境去理解外语不要纠结于对应中文是什么,3741.737,1754026495,b7a9b2eb
1904763067708153600,萨沙真一点口音没有啊,3759.038,1754156652,ddee2dcd
1905858903875679232,梅丽莎中文好好,3688.86,1754287285,7becfa2e
1906691517007991808,德语也是,3801.725,1754386541,1327ee61
1908906630024663808,俄语∶入门即入土，但不得不说俄语听起来是真的好听,3783.319,1754650603,43d421ca
1913917196015940096,法语也是,3808.423,1755247909,62e4d313
1915995900275556352,好喜欢梅丽莎,3713.265,1755495710,cd971f7f
1916030022574273280,语言的背后是思维逻辑,3695.995,1755499777,272ec1ba
1916079700078810368,忙啊，忙点好啊（doge）,3835.762,1755505699,746f4806
1916625392777953536,很有意思这趴,3621.459,1755570751,51f2909e
1920356151963837440,韩语就是,3912.685,1756015492,954b058c
1920523017751516672,专业的来了,3686.052,1756035384,99536495
1920524371614198784,对!!!!!!,3843.108,1756035545,99536495
1921484775709746688,又美又有学识，太厉害了姐姐,3711.137,1756150034,d0352b3
1921487725823974144,标注拉踩还是没必要哈哈,3945.676,1756150386,d0352b3
1924956553183220992,俄语语法确实难,3781.888,1756563903,e498a6f4
1928311481842799872,我怎么看到了autumn,3673.982,1756963841,272b951b
1929831823954261248,终于说到重点了，一维语言与二维语言,3932.368,1757145080,df7cc456
1937964820096246784,及格了,3795.295,1758114609,ea665755
1940204146955817728,这段话题讨论味道对了！！,3623.895,1758381557,add21500
1947129987367245056,萨沙有口音的，东北口音哈哈哈哈哈哈,3767.265,1759207182,ecb24fe1
1954999544181936896,我们是造字，其他语言是造词，我们是组词,3892.371,1760145306,fb6e727e
1960973806940170496,还有俄语的字感觉都一模一样233,3802.199,1760857494,8b1c7d51
1965271622538264320,字和词不一样啊，汉语的词能数清吗,3769.495,1761369833,b509e6de
1966180469729066752,对的，中国还有很多种方言呢，都是文化,3734.607,1761478176,33978299
1983664562083361280,老王的哇太可爱了,3664.275,1763562443,c53f17b0
1985149511878330880,陈铭没有总结的终究还是要来的,3681.241,1763739462,55203a50
2004619822436624640,上文言文,3868.638,1766060504,ffa3828d
2038747074585654784,这更像造了个固定搭配短语，而不是单词,3646.077,1770128790,7966ad44
2057933376119917312,好漂亮,3689.333,1772415975,dc69dd68
2072056217312398080,母语是汉语好骄傲啊,3882.558,1774099549,f82fb2da
,,0.0,1775683732.8000336,
lb.c,,0.0,1775683732.8000336,
,,0.0,1775683732.8000336,
1895737662774939904,再次安利陈老师的有聊，想了解陈老师对一些话题或者事物的看法的一定要看,4023.906,1752994396,534bf33e
1895737685701005568,俄罗斯女排功勋教练卡尔波利,4271.389,1752994558,7b2fe900
1895737697243730176,俄罗斯队那几年发挥起伏很大，拦防水平下滑了很多，换谁谁都得生气，卡尔波利老爷子不生气才怪了,4283.614,1752994661,7b2fe900
1895737894426349824,还真想听下去,4177.285,1752997978,c7bc6e63
1895737925430644992,不想听,4197.99,1752997336,ca646aae
1895737966459326720,哈哈哈哈哈 我开始逐字学习  doge,4196.912,1752998636,fbf64f60
1895738073137254656,中文是超链接语种,3984.747,1753006704,39499903
1895738140615217408,哈哈哈哈哈哈哈哈哈哈哈哈哈哈哈哈哈哈,4310.057,1753009910,259fe52
1895738233619714304,陈铭老师还想听！,4182.484,1753007774,53b79af0
1895738266444337408,的确，中文很感性,4124.538,1753015157,ef682fb2
1895738305652691200,这个好有意思哈哈哈,4208.39,1753014222,b1b00e21
1895738500780101888,man,3975.847,1753018973,f4eb18b5
1895738511718846720,音译在中文里很少见的，因为我们几乎啥都有对应的,4145.0,1753015534,b345a1e6
1895738631164236032,所以中文真的很美,4112.951,1753025099,a7349199
1895738649401069824,喜欢听陈铭老师说,4192.35,1753025462,105f8ab8
1895738683140051200,粤韵风华请你来学,4228.784,1753024098,99272c49
1895738787997651200,语言这个可以多出几期,4134.263,1753026762,d6bfe3aa
1895738869149044992,偏误,4027.411,1753027772,838e3436
1895738996798492928,哈哈哈哈哈,4203.489,1753035239,187c324
1895739035092488448,还想听,4147.312,1753067760,91850ea9
1895739036006846720,喜欢陈铭老师这期的总结,4148.159,1753035184,187c324
1895739102570451200,哈哈哈哈哈哈哈哈哈哈画,4154.529,1753069234,f7934ca3
1895739191011545344,Hahahaha ,4072.191,1753068882,8c10ef2b
1895793939530218240,嗷～都是……   太地道了萨沙哈哈哈哈哈,4258.574,1753087448,d8c0c6fa
1895917244123625472,希望陈老师说完，简直是精华部分哇,4200.455,1753102147,7d881d54
1895984355831034368,白帝圣剑，御剑跟着我,4280.148,1753110148,25b891ad
1896017901253990656,优先使用枝丫哦,3982.02,1753114146,487f1d6
1896022503672487424,这里也有佛（,4070.515,1753114695,698bab0d
1896322597734351360,中国诗真的作为一个中国人很骄傲，太美了，意境美，有的读起来也美,4105.965,1753150469,996c2fe2
1896460121219883008,好像是这样,3981.646,1753166863,9ec95bfa
1896520846001502976,但是这个总结我喜欢，涨知识,4086.27,1753174102,b99d4a1f
1896521961702968320,还想听，再说个五块钱的吧,4156.119,1753174235,b99d4a1f
1896676574695453952,普希金,4263.726,1753192666,54d3f224
1896725566901062400,哈哈哈哈哈哈哈哈哈哈哈哈哈哈哈,4310.07,1753198507,22445c1f
1896730106723395328,哈哈哈哈哈哈哈这期太有意思了,4209.816,1753199048,9cb4590f
1897010015916183808,对对对跟机关枪似的整个赛场都能听到,4272.545,1753232416,d539e6d1
1897077275255051776,哈哈哈哈哈哈哈哈哈,4190.698,1753240434,3c157400
1897174036765635072,陈老师的总结太棒了,4168.585,1753251969,edbe14cb
1897392318966345984,或许是“道”，但也确实不完全一样,4138.271,1753277990,bbeae81b
1897423909876315136,语言都基于一定逻辑啊，像一个公式往上套，怎么没逻辑了，汉子的构成组词都有逻辑思维啊,4200.979,1753281756,d849b843
1897862636431858688,没听够哈哈哈,4177.458,1753334056,c7d94c30
1897882039651485952,鸟语花香,4319.548,1753336369,5e6db3f9
1897898935013042688,可恶啊这次刚好是我感兴趣的话题,4161.582,1753338383,47a0e8bd
1898160146023362048,这点我作为留子真的深有体会 写英文论文的时候真的是一连二 二连三的感觉 不然会扣分的 但中文很少直接表达这么明确的,4143.613,1753369522,33c2f0de
1898164993313185792,其实古人造字也走过这条路，比如光马就有一百多种，骢骊骓骏骥骁，后来发现这样下去不是个事儿，太麻烦了,3975.043,1753370100,a725bfc4
1898638624019697408,我还没听够,4148.66,1753426561,71afd37d
1898787820446409728,反而英语会听就能拼写出来,3998.591,1753444347,636af638
1899369447870135552,涡轮苏卡！,4306.429,1753513682,3873c0bd
1899754244643268352,我也特喜欢听,4184.346,1753559553,a03bc12f
1899892586974535168,萨沙,4214.495,1753576045,3e3ca627
1900097116832440064,可恶，真的回味无穷啊，陈老师你再讲会儿吧,4169.039,1753600427,664e896
1900296271730859520,哈哈哈哈哈哈哈,4317.511,1753624168,cd73212b
1900392088978706688,笑鼠了,4276.249,1753635590,33977ab
1900392259451958016,太好笑了哈哈哈哈,4296.513,1753635611,33977ab
1901016738342964736,中文是体验,4037.216,1753710054,2c9403ee
1901019576444265728,过分了过分了,4306.717,1753710393,2c9403ee
1901803584791174912,一点也不短，(◐‿◑)﻿,4062.857,1753803854,f40bc1cc
1902041048625348864,不是道，更像理,4143.516,1753832162,18259142
1902331840049217792,感觉中文好美啊，艺术,3990.092,1753866827,92f8c01f
1902332906249409792,中文是瑰宝,4117.378,1753866954,92f8c01f
1902468908746143744,下次是什么时候,4190.613,1753883166,23568bd4
1902949917157764864,言有尽而意无穷,4173.006,1753940507,ca017a5
1903624783280088832,喜欢这个总结！,4097.385,1754020957,f0de91b3
1903829280824533504,我也喜欢看总结,4089.384,1754045335,5f529759
1904583630937199616,赞同，中文逻辑不严谨，甚至会出现颠倒黑白的情况,4118.207,1754135261,b6ee8bbd
1904685207156790528,西班牙拿铁,3995.688,1754147370,7bcfa025
1904719537870318848,中文里面的山有很多很多种,4043.343,1754151462,1606bf27
1904720340727399936,是的，我们中文文字逻辑不强,4117.347,1754151558,1606bf27
1905164537058565632,主持人就是控场的，时长要他负责控制的，没办法的,4223.159,1754204510,630e768b
1905314751845161728,元素周期表,3987.742,1754222417,2eb47862
1905861314233136128,陈铭懂得好多,3967.821,1754287573,7becfa2e
1905869100798891776,你们要聊这个我可就精神了,4216.222,1754288501,acf5d39a
1906539827319374592,哈哈哈哈,4241.001,1754368458,58d57e1c
1906540589273325824,哈哈哈哈哈,4310.782,1754368549,58d57e1c
1906688755184680448,桶装水瓶装水.v,4007.948,1754386211,819e3004
1907523442576883968,绝了,4169.636,1754485714,f5dd2f0d
1907644947604512512,等红灯是在等绿灯,4082.438,1754500198,ff8d4f0a
1907980387771732224,苏卡起手23333,4316.445,1754540186,e06c8437
1910170930404237824,圈粉le,4176.937,1754801319,738a73b
1910230441924162816,陈老师唱了一段跳一跳,3992.914,1754808413,f1feee36
1914555673774369536,山峦峰,4041.505,1755324021,c8be969c
1914633198378391552,白帝圣剑哈哈哈哈哈哈哈,4283.877,1755333263,39959bed
1914709549752189952,太好玩了哈哈哈哈,4297.298,1755342365,7dd1e666
1915999561113992960,哈哈哈哈哈哈哈哈哈,4246.601,1755496146,cd971f7f
1916629292717141760,不会这集都是滴滴滴滴滴吧,4207.55,1755571216,51f2909e
1916847819730828288,老王对中文的运用很通感,4059.05,1755597266,b575b51f
1919200580753647360,喜欢的话题总是听不够，不喜欢的好长，譬如什么信息信息，看到就头晕,4182.566,1755877737,ab909100
1920259340867743488,哈哈哈哈哈,4082.777,1756003951,6fe7767c
1920526322502341120,如如不动,4063.914,1756035778,99536495
1921992866163510272,哈哈哈哈哈,4082.943,1756210604,82b54504
1928582631055161600,我不同意，山我可以解释为突出地面很多的土或者石头,4048.353,1756996165,cfd3a899
1929016966887768832,喜欢语言期,4125.882,1757047942,bd775eca
1929832194772670464,这就叫降维打击,3960.908,1757145124,df7cc456
1932317703025618944,哈哈哈哈哈哈哈哈哈哈,4305.693,1757441420,52ac390e
1937429935681908224,好喜欢陈铭老师的总结 学到很多,4147.093,1758050846,664fbc21
1937697910745701120,其实还是有点口音,4237.83,1758082791,aeeff0bc
1938017766129012736,你不是外国朋友吗？,4224.433,1758120921,bd77f5f3
1943402323418697728,我认为中文是活字印刷术,4043.986,1758762810,fe599c6c
1952092445781283584,苏子开头列字结尾,4254.784,1759798753,b1e41dca
1960114288949624320,我也看了那个视频！！！！俄罗斯教练太凶残了！！！你们可以去网上搜,4271.027,1760755031,6a7c628d
1970983019397520896,听不懂俄语，主要看表情和神态啊哈哈哈,4293.443,1762050685,f517d2b4
1987896814821010944,记笔记。,4214.037,1764066966,a87e4250
1992810780202441728,哈哈哈哈哈哈哈哈哈,4311.986,1764652757,b087944c
1998380675866813952,四姐咋回事，怎么剪这个发型了，还是长发好看,4266.798,1765316740,ffa3828d
2005918499490857216,还得是秦始皇,4012.384,1766215319,11aba778
2027816003223746816,logic,4125.294,1768825705,8f58d927
2035829821229662976,不垢不净，不增不减,4079.032,1769781026,f9735bbb
,,0.0,1775683732.8000336,
lb.c,,0.0,1775683732.8000336,
,,0.0,1775683732.8000336,
1895737401436246272,怎么可能放出来,4342.782,1752987653,5aaa7626
1895737677907988736,啊？不是爷爷辈吗？,4418.736,1752994538,591a47e1
1895737751501246720,哈哈哈哈哈哈哈哈哈哈哈哈哈,4437.159,1752993639,c76f245a
1895737760066015488,爸爸的哥哥不是大伯吗？大爷不是爷爷的兄弟吗,4416.924,1752994737,5866b398
1895737777631760640,那应该听不了泰勒斯威夫特的这首歌吧哈哈哈哈哈哈,4668.85,1752994975,534bf33e
1895737803896492288,老王大好人啊,4585.286,1752995672,ce21b857
1895737832879132928,哈哈哈哈哈哈哈哈哈哈哈哈哈哈哈哈哈,4627.772,1752994815,534bf33e
1895738113259966720,不愧美食博主，这都能跟吃的联系上,4448.927,1753008271,13ee2db9
1895738151553962240,哈哈哈哈哈哈哈陈老师,4623.234,1753004086,e967e3fc
1895738287424246016,哈哈哈哈哈哈哈,4660.359,1753013919,fbf64f60
1895738324795494656,不像演的,4542.675,1753011315,47aef417
1895738367652892928,哈哈哈哈哈哈哈萨沙,4524.058,1753014007,5041b929
1895738494396371200,哈哈哈哈哈哈哈哈,4648.252,1753020067,eabe6363
1895738752438341888,大爷就是伯伯的方言啊,4420.588,1753027986,302e2cd4
1895738870055014656,哈哈哈哈哈哈哈哈哈哈哈哈哈哈,4627.886,1753030164,ea25d4d6
1895738921124860160,鸟语花香,4334.495,1753038594,23ddeab7
1895738943002349824,我笑的不行了,4567.735,1753035604,187c324
1895739028708757760,那确实不好，癌症很痛苦的,4375.493,1753037991,7a1afabc
1895739033272160512,北方大爷就是爸爸的哥哥，还有些地方会叫大爹,4422.924,1753038056,7a1afabc
1895739051508994304,比利时，荷兰，不由自主地dudududu,4370.072,1753045018,cdfc31da
1895739054243680512,这期太好看了哈哈哈哈,4582.978,1753035619,187c324
1895739071566156032,全世界的趋势哈哈哈哈哈哈哈,4405.411,1753069485,f7934ca3
1895739076129558784,看来还是妈妈重要哈哈哈哈哈,4448.138,1753069527,f7934ca3
1895739088888631552,靠北不算？,4416.782,1753068705,d4e31129
1895739092537676032,笑得我肚子疼,4397.34,1753062755,928dfa68
1895739105305137408,是红大爷,4418.911,1753072489,63882395
1895739118072598784,哈哈哈哈 老王太可爱了,4587.157,1753061525,67cfac19
1895739125362299136,哈哈哈,4564.19,1753070523,86ed341b
1895739337812185344,哈哈哈哈哈不愧是学霸,4661.75,1753080270,928ebf4c
1895833647970618624,哎 闽南话林北就是 可惜唐大哥不在了,4408.122,1753092182,717a589b
1895902750144143360,这个还……,4321.524,1753100419,738625c6
1895907869804003328,本来就听不懂，那听不听得到又有什么关系呢，在公共场合说脏话本身就是不文明的行为,4360.674,1753101030,b41d23bf
1895908179586673152,哈哈哈哈哈不行了笑哭了,4388.324,1753101067,8e85fd5f
1895927466716137216,哈哈哈哈哈哈哈哈哈哈哈哈哈哈哈哈哈哈哈,4394.076,1753103366,4365b2b7
1895928548712294912,哈哈哈哈哈哈哈哈哈哈哈哈哈哈哈哈哈哈哈,4520.928,1753103495,4365b2b7
1895982829658685952,我也是,4675.5,1753109966,42cad9e5
1896001296768195840,哈哈哈哈哈哈哈哈哈哈哈哈,4677.235,1753112167,ee1f6f9b
1896400773932488448,哈哈哈哈哈哈哈哈哈哈哈,4598.659,1753159788,e1f0140c
1896512698288793600,跟我们见外了不是,4365.396,1753173131,6a042d86
1896514385674094080,老王又拿吃饭举例哈哈哈哈哈哈哈,4454.776,1753173332,272cb156
1896608734999507456,满意满意特别满意,4371.008,1753184579,6958d185
1896642155020717056,苦肉计哈哈,4590.242,1753188563,445a39f6
1896642936713124608,对对对,4676.515,1753188657,445a39f6
1896696260124513024,自爆型劝架,4561.628,1753195013,fc5c5aac
1896763454762194688,他们不会哈哈哈哈哈哈哈哈,4569.196,1753203023,b9816bbd
1896765768927379200,哈哈哈哈哈哈哈哈哈哈哈哈公费报仇,4542.799,1753203299,e8be185e
1897011300463673856,有带大爷的,4411.438,1753232569,d539e6d1
1897013120430860032,老王好吃的没白吃还挺有劲,4613.994,1753232786,d539e6d1
1897218638458098176,讲的好可爱呀哈哈哈哈哈哈哈,4468.158,1753257286,d9749c34
1897324740884846080,我也是,4678.681,1753269934,8693b549
1897363774932184320,想了解的可以自己找找一些俄的生活vlog之类的,4361.289,1753274587,d403eb94
1897426030323611648,哈哈哈哈哈哈,4387.518,1753282009,d849b843
1897430303178371840,陈老师梦开始的地方,4635.859,1753282518,d849b843
1898107734009310976,有的，闽南话里面的靠北就是,4409.048,1753363274,b29ebb7b
1898140754749313024,拉开了已经,4552.403,1753367210,9a457285
1898604176352239360,风和日丽，鸟语花香,4320.185,1753422454,a18ccce
1898604469584211456,这么长一段吗救命怎么还没完啊哈哈哈哈哈哈哈哈哈,4334.886,1753422489,a18ccce
1898827115965592320,大爷，不是大爷爷啊,4423.334,1753449031,1ffa9383
1899264598080031232,果然是美食博主,4449.549,1753501183,d04c374a
1899496872319092736,凉菜哈哈哈哈这个比喻,4441.171,1753528872,3820b86
1900043563572775680,到底是啥？好想知道,4348.134,1753594043,3ad68769
1900320971148192768,被带歪了，哈哈哈,4644.234,1753627112,968d7bd9
1900998015238881792,0帧起手,4521.96,1753707822,478a57e2
1901003546199856128,北方不说大伯，都是说大爷,4429.826,1753708482,2216f793
1901074396593528576,坑爹只是调侃 上升不到骂人,4438.056,1753716928,bba3e7b3
1901091973570498560,放出来吧，反正听不懂,4334.352,1753719023,18259142
1902337660274969600,哈哈哈哈哈哈哈哈,4604.007,1753867520,92f8c01f
1903081973443330560,哈哈哈哈哈哈,4535.647,1753956250,623dd44
1903082273570880768,哈哈哈哈哈哈哈哈,4568.091,1753956285,623dd44
1903781401921761536,其实有用,4589.383,1754039628,1ddd0afb
1903806233291993600,老王那么有力吗,4603.096,1754042588,29c7c55b
1903952397949739520,这个情节 解放西 看过一样的，哈哈哈哈哈哈,4560.019,1754060012,e1245ea0
1904516717376838400,因为妈妈是孩子的第一位老师啊！,4403.275,1754127284,9e41d483
1904530899417644288,哈哈哈哈哈哈哈哈哈哈哈哈哈你个感冒,4385.563,1754128975,3e5e834
1904530978748724992,和哈哈哈哈哈哈哈哈哈哈哈哈哈哈哈哈哈哈哈哈哈哈哈哈哈哈哈哈哈哈哈哈哈哈哈哈哈哈哈哈哈,4384.499,1754128984,3e5e834
1904532923857065216,没有妹妹呢,4492.766,1754129216,3e5e834
1904538811812607744,哈哈哈哈哈哈哈哈哈哈哈哈哈哈哈哈哈哈哈哈哈,4645.546,1754129918,3e5e834
1904722568506592768,不是，这有什么可防的呢,4341.418,1754151824,1606bf27
1905449384062253056,新疆好像也是,4496.703,1754238467,a48719d1
1905497931360905728,伊朗和俄罗斯打起来啦,4529.621,1754244254,c0863c00
1906542784094295808,哈哈哈哈哈,4559.017,1754368810,58d57e1c
1907526196715882496,哈哈哈哈哈哈哈哈,4523.519,1754486042,f5dd2f0d
1908679452259804928,xx日记,4362.117,1754623521,f41917e3
1908744384842053120,你们听不懂，别人听得懂啊，我就是学俄语的，很多人学俄语日语,4357.8,1754631262,6ba6f998
1909668420170398720,四个层次,4433.428,1754741415,d7fb52ee
1911359300216006400,哈哈哈哈哈哈,4447.784,1754942984,984e8387
1911359604252789760,太逗了,4455.784,1754943020,984e8387
1913398067118770176,马月！受到严格保护,4495.758,1755186024,e540d7cc
1914634620675197952,爸爸好惨,4409.305,1755333432,39959bed
1914635448362681088,老王好有意思啊,4468.254,1755333531,39959bed
1914637087353891840,陈老师好帅好可爱,4628.134,1755333726,39959bed
1916001994548683520,萨沙现在好有效果啊,4525.363,1755496436,cd971f7f
1916630927698902784,哈哈哈哈哈哈哈哈哈哈哈哈哈哈,4395.624,1755571411,51f2909e
1916852277454065152,骄傲的小表情,4513.962,1755597798,b575b51f
1918109775393509888,加长版都听不到,4327.512,1755747703,e10ac76a
1919292270814105600,三句话不离老本行。老王就是老王,4441.278,1755888668,8ff620f
1920360764641292800,大爷（轻声）和大爷（二声）是不一样的辈分,4424.525,1756016042,954b058c
1920530535504589824,苦肉计,4559.312,1756036280,99536495
1924962263669318912,确实,4378.913,1756564583,e498a6f4
1928317987325752320,爸爸不重要和哈哈哈,4437.715,1756964617,272b951b
1928473381473163008,陈铭老师哈哈哈哈哈哈哈哈哈哈哈什么叫你个感冒啊哈哈哈哈哈,4387.472,1756983141,27acc97c
1930119365563671296,关键有个俄罗斯妹子全能听懂，哈哈哈,4350.281,1757179358,5f57ee63
1932318721125803008,哈哈哈哈哈哈哈哈哈哈哈,4386.414,1757441541,52ac390e
1937685851845080064,肺结核我们叫痨病,4387.045,1758081353,748c3342
1937711880739083008,现在有了,4411.543,1758084456,e8f1e80f
1937713293271636224,以身入局,4575.73,1758084625,e8f1e80f
1946610506567641600,哈哈哈哈哈哈哈什么鬼，好搞笑,4396.361,1759145255,3a0f6945
1946616695774839040,毕竟母亲是生你养你的人，是个人都不希望。除非你原生家庭环境不好,4477.17,1759145993,eb269b47
1954247216982614016,就好像放出来我们能听懂一样,4348.708,1760055622,99c7f039
1967670342588077312,阿阿阿啊啊，我要听,4342.408,1761655783,eb09f285
1977879332269668864,哈哈哈哈哈哈哈哈哈,4648.638,1762872790,aedabb3d
1986532170919592192,想听啊,4334.675,1763904288,2a9d92f9
1993856239851235072,哈哈哈哈哈多少是有点私人恩怨了哈哈哈哈哈哈哈哈哈哈哈萨沙,4520.851,1764777385,ed5612f4
1996746304319704576,有的 中西部地区很多,4410.686,1765121908,74ba3500
1999494019419440896,盲猜第四个祖先,4482.623,1765449461,29cd0eb
2004628390627918080,老王男友力爆棚啊，华波波都有150 6了,4609.39,1766061526,ffa3828d
,,0.0,1775683732.8000336,
lb.c,,0.0,1775683732.8000336,
,,0.0,1775683732.8000336,
1895737548723425536,哈哈哈哈哈什么是我们不能听的,4749.619,1752990264,1549437e
1895737557581795584,来啦来啦,5024.737,1752990286,a1639211
1895737558689091840,哈哈哈哈哈哈哈哈哈哈哈哈,4902.274,1752991699,eb069b0d
1895737576405831936,哈哈哈哈哈哈哈哈哈哈笑飞了,4980.356,1752990608,39108e46
1895737633507086592,免礼免礼,5039.074,1752990708,59dfb4d2
1895737685701005571,哈哈哈哈哈哈,5002.412,1752993137,98f16374
1895737800272613632,哈哈哈哈哈哈哈哈哈哈哈哈哈哈哈哈哈哈哈哈哈哈哈哈哈哈哈哈哈哈,4982.027,1752995330,a4557f7c
1895737802998911232,万一听不懂怎么办,4874.018,1752994933,81bc2129
1895737948222492928,什么梗？,4748.329,1752998164,d6922fe2
1895738125113069824,就这个湖北味正宗,4711.305,1753011041,7a763aee
1895738285595529472,双板确实可以倒着滑,5008.25,1753011373,43686648
1895738620225491200,哈哈哈哈哈哈哈哈哈,4984.609,1753022510,65fd9e50
1895738757907714304,太损了,4985.149,1753022518,65fd9e50
1895738832675377408,来来来来,5036.598,1753027077,8a513c81
1895738966708556032,太可爱了超超,4747.358,1753060176,4f7b0147
1895738992243478784,就是歇后语,4867.877,1753034556,c7bc6e63
1895739080684572928,哈哈哈哈哈哈哈哈哈哈,4918.722,1753069998,f7934ca3
1895739131746029824,哈哈哈哈哈哈哈哈哈哈哈哈哈哈哈哈,4994.089,1753062512,3bd1c757
1895739196480917760,这段发出杠铃般的笑声,5030.092,1753075104,28ad2a59
1895739201044320512,斑马斑马，你回到了你的家,4704.204,1753075169,c2cf2fbe
1895739208334020864,突然好凶的超超,4710.536,1753075185,c2cf2fbe
1895739269428252928,哈哈哈哈,4730.776,1753075210,df6e1fa7
1895739282195714304,个斑马 武汉读书学会的第一句武汉话,4704.434,1753073116,76b350d2
1895771221057041664,歇后语骂人是吧hhh,4865.028,1753084740,ea88348b
1895892382798022400,真的很像用歇后语骂人,4858.534,1753099184,1da0b061
1895904636515565824,四姐镜头太少了，感觉他的观点还没开始就没了,4765.842,1753100644,58b836f8
1896404829505373952,哈哈哈哈哈哈哈哈活学活用,4949.724,1753160272,f1957628
1896405288303884800,哈哈哈哈哈哈哈哈哈哈哈哈哈哈笑死我了,5003.653,1753160327,f1957628
1896468623779084032,哈哈哈哈哈哈,4981.223,1753167877,9ec95bfa
1896588932171657472,Dylan好帅,4935.291,1753182219,bd4e22b9
1896649488324662272,非正“倒着哥”,4978.032,1753189438,280fcb51
1896737496214828800,哈哈哈哈哈哈哈哈哈哈哈哈哈哈,4982.203,1753199929,9cb4590f
1897014030158811904,你瞅啥的意思吗,4715.633,1753232894,d539e6d1
1897014233171284992,想咋的,4732.518,1753232919,d539e6d1
1897019864125305344,胖跟秃顶？华波波？哈哈,4804.17,1753233590,88971e98
1897165318887847424,哈哈哈哈哈哈每次都要拿出来反复“鞭尸”,4994.106,1753250929,729e3ab7
1897254941232950272,哈哈哈 杨杨很合适,4903.28,1753261613,2a986023
1897344532589414144,又狠又能播哈哈哈哈，好绝,4852.883,1753272293,55d83f10
1897762938228495616,哈哈哈哈哈哈超超你咋这么可爱呀,4748.926,1753322171,3c4a8341
1898076422447444224,这个味太对了，喵莫斯喵,4713.793,1753359541,49e5e8b6
1898116838467539200,哈哈哈哈哈哈哈,4959.312,1753364359,8d117f15
1898162780163908608,笑晕了这个梗,4843.97,1753369836,b71cfd89
1898407579726848000,我也是！本来已经冷静下来了听到这句话又会死灰复燃,4680.153,1753399018,28dcc9f6
1898620921531941120,哈哈哈哈哈哈哈哈哈哈哈哈哈哈哈哈,4990.806,1753424451,a18ccce
1898621235324599808,萨沙：我这一生如履薄冰,4998.994,1753424488,a18ccce
1898621702788319488,这里就很适合配个bgm：长江黄河还有黑龙江~~~,5007.924,1753424544,a18ccce
1898674081130886656,auv真地儿道～,4950.016,1753430788,2738fae5
1898686192863140864,伦儿,5032.685,1753432232,b0850c04
1898718675599884544,喵喵喵  喵莫比,4716.685,1753436104,f83ddc9a
1898842469316472832,这是歇后语啊,4860.486,1753450861,17e2fe2c
1899339586950643712,喵帕斯,4719.067,1753510122,7ef1f30f
1899599321197446144,谎言不会伤人，真相才是快刀,4805.355,1753541085,bc31ead9
1900380122948168960,是LULU!,4784.341,1753634164,81aeaa1b
1900503618960948736,梅林的胡子,4886.484,1753648886,fcdaa08a
1901024484039726336,哈哈哈哈哈哈哈,4942.838,1753710978,2c9403ee
1901079414683921152,给你俩窝窝是“傻瓜你看什么，你走开”的意思,4779.862,1753717526,e67086c2
1901079829685023488,老王可以啊,4824.392,1753717575,e67086c2
1901079976536206080,盆景的伐木工赢了,4830.592,1753717593,e67086c2
1902231732707858432,啥意思没懂,4835.101,1753854893,c1f2fe77
1902338815436637184,动物吵架哈哈哈,4741.721,1753867658,92f8c01f
1902339230270251776,好可爱,4791.413,1753867708,92f8c01f
1902465103329566464,哈哈哈哈哈哈哈,4900.32,1753882713,24d07282
1902505877391889664,我懂！不仅是吵架，平时明明一件事已经在做了，非补一句你去做一下，我也会生气,4683.771,1753887574,29c4c024
1902512598906821376,翻旧账了,4925.858,1753888375,d89f1503
1902594920603297792,这一段巨好笑,4932.927,1753898188,26f5d348
1903085253296941312,哈哈哈哈哈哈哈哈哈,4913.221,1753956640,623dd44
1903422713532604160,完全沉浸在自己的艺术创作里了,4892.961,1753996869,bb961bc8
1903895399203318784,沉浸在自己的艺术,4885.319,1754053217,c51a6472
1905868802760226304,好有趣,4725.221,1754288465,7becfa2e
1905869663649455104,哈哈哈,4823.731,1754288568,7becfa2e
1906076866142587904,超超好美～～～～～～,5033.296,1754313269,ba077aef
1906843327282730752,不知道两个buff梗被萨沙听到了会怎么样哈哈哈哈,5018.175,1754404638,4ad5b7c7
1906853502798462464,笑飞了这期哈哈哈,4973.051,1754405851,de5d2566
1907283657380028416,个斑马是吧哈哈哈哈,4741.914,1754457129,654346f5
1907369347933021696,咩啊～,4736.208,1754467344,d9a3acb1
1907528459920721920,中文也是哈哈哈哈哈哈,4843.019,1754486312,f5dd2f0d
1907988977269993984,就跟吵架的时候对方说你冷静一点,4687.296,1754541210,952047f4
1909012552659049984,你看看！,4887.06,1754663230,a30a61d9
1914639175487860992,好艺术,4868.566,1755333975,39959bed
1914699145797749760,免礼免礼,5038.536,1755341124,6a35cdb9
1916331482058605056,去五常,4934.547,1755535714,299590f4
1920572473301738496,你别急哈哈哈哈,4680.084,1756041280,bc587f4c
1921150194511518720,无效消音,4767.931,1756110149,cc860fab
1921999990281070336,膝盖脑袋哈哈哈哈哈,4820.756,1756211453,82b54504
1922699810163473408,哈哈哈哈哈哈这个好玩膝盖脑袋哈哈哈哈哈哈哈,4821.902,1756294878,bc17ebe1
1922718678232065536,buludo在大力水手里面就是大块头,4769.819,1756297127,990a1ffc
1924745898970591232,吼吼吼吼吼吼吼吼吼吼吼吼吼吼吼吼,5002.511,1756538791,90bb401c
1924967089098646016,哈哈哈哈哈哈哈哈我懂了,4839.73,1756565159,e498a6f4
1928431833856027648,四川话 哈哈哈,4802.515,1756978188,272b951b
1930122968890291968,一般是表和马,4760.893,1757179787,5f57ee63
1932207309505761536,真不用客气，哈哈哈哈哈哈哈哈哈,5037.71,1757428260,5b4783e3
1932323510836293120,歇后语骂人 在中国能把我骂笑，没有杀伤力,4856.499,1757442112,52ac390e
1938651722562595840,这个环节好想看英国代表,4803.651,1758196494,7514575b
1941575577676902144,中国好像也是,4880.714,1758545045,7a001e02
1956604467680680960,哈哈哈哈哈哈哈哈哈哈哈哈哈哈哈哈哈哈哈哈哈哈哈哈哈哈倒哥,4987.29,1760336628,d35c8a9
1957521618251751424,有备而来,4898.296,1760445961,ae02b522
1963046567418170368,完全get不到哈哈哈，太艺术了,4878.238,1761104586,54f7b9d0
1963047484477570560,卧槽哈哈哈哈哈哈太搞笑了,4987.548,1761104695,54f7b9d0
1963047606246712832,太有梗了我的天啊,5002.101,1761104710,54f7b9d0
1988704206604970240,萨沙现在好大方,4966.483,1764163215,c847ffba
2005156528713694464,形成内部梗了 哈哈哈,5015.259,1766124485,32b92588
2018407658939996416,武汉话好好玩,4761.811,1767704143,964a8dca
2027838086511379968,哈哈哈哈哈哈哈哈哈哈哈哈哈哈,4860.422,1768828337,8f58d927
,,0.0,1775683732.8000336,
lb.c,,0.0,1775683732.8000336,
,,0.0,1775683732.8000336,
1895737252798501120,一个轴打起来了,5382.658,1752985054,7e19df34
1895737399926296832,老王居然赢了哈哈哈哈哈,5194.259,1752987261,f69ff094
1895737549830721792,众爱卿平身,5040.701,1752988640,1f930d45
1895737559796388096,买不完了,5324.051,1752990445,3f8c2705
1895737585272590592,这个除了买卖还能组什么？,5347.699,1752990663,1549437e
1895737629463777536,买了锅巴,5269.404,1752992283,7e894dc7
1895737792127275264,这也太难了除了脏话我一个也想不到,5250.819,1752994250,4374cf64
1895737809332310272,伤疤,5096.912,1752995497,a4557f7c
1895737812956188928,艾丽莎还比了个功夫出招动作，好可爱,5228.918,1752995826,5866b398
1895737818392006912,这下真的势均力敌王不见王了，战力很均衡,5221.14,1752995797,5866b398
1895737822913466624,怎么不把小贝喊回来哈哈哈哈哈 全国总冠军,5232.53,1752995811,ca18aa72
1895737839220920576,随便,5103.405,1752995510,a4557f7c
1895737861601726720,哈哈哈哈哈,5280.223,1752995737,a4557f7c
1895737870728532224,哈哈哈哈哈,5357.137,1752995819,a4557f7c
1895737878009843968,这个难度好高我一下没想出来,5250.43,1752995861,5866b398
1895737975577743616,太搞笑了这段，会长帮得也真是不明显哈哈哈,5309.076,1752998714,d5478533
1895738014786097408,我都想不出这么多orz,5177.407,1752998128,cda41c26
1895738146998948096,富贵使我们相遇,5054.133,1753003938,94179e93
1895738222680969472,上边其实可以的...至少广东话里可以这么讲哈哈哈哈哈,5132.578,1753012151,f11a2bc3
1895738259154637056,那我必须得发个弹幕,5045.758,1753013226,4c2d7347
1895738280117768448,哎哟喂排面是自己给的,5053.218,1753015344,2394c70f
1895738286535053568,我都想不出来,5361.944,1753014671,635d7cfe
1895738288321827072,大左感觉好疲惫呀,5089.831,1753010259,2275038b
1895738300183318784,买了个包,5277.18,1753014758,73e9b877
1895738319326122240,哈哈哈哈哈哈哈哈哈哈哈,5333.776,1753014745,fbf64f60
1895738331187613952,水表,5101.409,1753013084,8f071823
1895738358542864640,哈哈哈哈,5289.412,1753013835,fc1db046
1895738420534677760,厉害,5362.198,1753013915,fc1db046
1895738453367689472,手臂,5083.725,1753019015,c2db3739
1895738483457626368,散步,5110.21,1753018989,c2db3739
1895738492567654656,私奔,5156.474,1753019088,c2db3739
1895738497131057408,散步,5178.373,1753019110,c2db3739
1895738523571949824,伤悲,5147.874,1753019080,c2db3739
1895738528126963968,帅爆,5171.778,1753019103,c2db3739
1895738537287323904,松柏,5115.542,1753019154,c2db3739
1895738560959975680,那么棒,5397.279,1753020515,c2db3739
1895738573719048448,迷恋改编,5350.312,1753020373,c2db3739
1895738581931495680,美丽古堡,5344.655,1753020257,c2db3739
1895738616576446720,雷妃：嬗变的女人,5152.275,1753018117,6ee65ea5
1895738643931697408,上榜,5139.362,1753019071,c2db3739
1895738657605128448,塞北,5125.34,1753019163,c2db3739
1895738663988859136,三百,5114.292,1753022376,fd2dafbb
1895738781613920512,买了个包,5269.515,1753030952,ea25d4d6
1895738925679874304,会长喜欢俄罗斯人哈哈哈哈哈哈,5280.092,1753038953,7a1afabc
1895738932969574656,笑死我了,5378.09,1753029813,bde1c345
1895738939353305344,哈哈哈哈救命笑死我了,5309.07,1753045893,23ddeab7
1895739014146134272,散步,5114.314,1753068800,91850ea9
1895739130831671552,想不出来,5264.519,1753072461,9f25c571
1895739175509397760,会长明目张胆啊哈哈哈哈哈,5276.576,1753072003,9f04a8dc
1895739183721844992,？,5103.33,1753070183,f7934ca3
1895739216546468096,麻辣锅巴？,5317.463,1753073025,39c07fe7
1895739235689271552,思辨,5100.653,1753075567,bf28894c
1895739250285449472,这是真的强……,5354.932,1753072572,9f25c571
1895739315020337408,老王的食物词汇库太丰富了,5202.207,1753075106,cb0b74b0
1895806227742127872,不愧是全球总冠军哈哈哈,5355.453,1753088913,20dfe047
1895865772513874176,呵呵哈哈哈,5295.841,1753096011,f81c7508
1895865835151917056,笑死我了,5302.521,1753096019,f81c7508
1895905592497846784,波波超级不想输给老王啊哈哈,5168.56,1753100758,e1c79dc9
1895913210587020800,厉害也,5356.678,1753101666,738625c6
1895940028228628736,哈哈哈哈杨迪笑死我了,5331.187,1753104863,9a7995d3
1896001709957121536,这个游戏确定不是在考验旁边的观众吗哈哈哈哈哈哈哈,5169.79,1753112216,692c8ed6
1896005638208190720,哈哈哈哈哈哈哈哈哈哈哈哈哈哈哈哈哈哈,5309.536,1753112685,ee1f6f9b
1896037717519832320,我不行了,5303.486,1753116509,35861f7e
1896103813057326080,众爱卿平身,5055.166,1753124388,272d704
1896266853488527360,买了个包,5255.593,1753143824,136938f4
1896397577185262080,买了个表,5252.363,1753159407,8c816764
1896398972085054976,买了个布,5322.799,1753159574,8c816764
1896487745384687360,是全世界冠军强啊  这个怎么可能平衡？,5225.606,1753170156,3f43cf38
1896518030927038976,哈哈哈哈,5287.335,1753173767,6a042d86
1896647238626065664,散步,5186.384,1753189169,445a39f6
1896700332483297024,买了个表,5262.862,1753195499,fc5c5aac
1897110671595089408,买了个饼,5303.296,1753244415,42da3e49
1897164510704274176,会长，真的一点都不偏心,5318.682,1753250833,35645b71
1897465344239936512,这里为啥正片没有啊很好玩,5316.955,1753286695,9c3b5844
1897907599363012096,加长版不是没人吗？,5061.923,1753339416,47a0e8bd
1897994325766477824,应该的应该的哈哈,5048.248,1753349755,4abc64a0
1897996747196894720,哈哈哈哈哈哈哈哈逛超市,5307.543,1753350043,4abc64a0
1898119123121513216,波波太搞笑了,5193.237,1753364632,8d117f15
1898135047518137856,免礼免礼,5075.625,1753366530,eedeee86
1898384560598181888,平身,5075.322,1753396274,b2d05ef3
1898624478083756544,超市逛的差不多了哈哈哈哈哈哈哈,5326.782,1753424875,a18ccce
1898641201796753152,密林古堡,5368.404,1753426868,8d9a3176
1898884709665421312,哈哈哈,5068.504,1753455897,ef9aebaa
1898897792614057216,S 和sh不算一个声母吧,5137.151,1753457456,90af0186
1898916617254438656,平身吧,5045.044,1753459700,22a3160b
1899502490740164608,比芒果台的明星们厉害,5090.131,1753529542,3820b86
1899503928598076672,好难！,5256.872,1753529713,3820b86
1899529220980670720,美丽告别,5329.076,1753532728,3860f01a
1899556139150926336,买了个包,5262.774,1753535937,c8a83ae1
1899575159195537664,我就说梅丽莎眼熟哈哈哈哈，我看过她,5237.393,1753538205,fbcf58ae
1899948884919695104,字幕靠点谱啊,5152.318,1753582756,ae954710
1900027691504725760,随笔,5111.845,1753592151,2b2c365c
1901026696434365696,哈哈哈哈哈哈哈哈笑死我了,5177.66,1753711241,2c9403ee
1901048621018345216,来了,5068.436,1753713855,53f028f4
1902279610704792320,哈哈哈哈哈哈哈哈哈哈哈哈华波波提高笑了 这个节目不能没有他,5287.656,1753860600,c78fc6cd
1902280109591719680,哈哈哈哈哈哈哈哈哈哈杨迪太有梗了,5336.723,1753860660,c78fc6cd
1902422537695188480,哈哈哈哈哈哈哈快乐了,5041.893,1753877639,ddafd2e4
1902693614774649856,这就是冠军局吗,5308.838,1753909954,13f56837
1903910791510760448,果然是冠军,5323.393,1754055052,117508bc
1903911183124587264,冠军！！！,5370.074,1754055099,117508bc
1904583799472911360,那这样没完没了了 卖了个包也可以啊,5323.205,1754135281,3e5e834
1904731512910551296,买了钢笔,5296.383,1754152890,1606bf27
1905066977614457088,瀚笙给的,5216.827,1754192880,f13424e0
1905263256428680192,哈哈哈哈哈会长假装淡定,5280.272,1754216279,aa36fe3a
1907445196561016064,生病,5096.403,1754476386,aff6fc4
1907655909418110976,描了个边，密林古堡,5369.951,1754501505,ff8d4f0a
1907988948337628160,买了个饼,5269.577,1754541206,e06c8437
1907994271211606272,买了广告,5264.943,1754541841,952047f4
1908432339672427264,这都是我应得的,5050.366,1754594063,9342b3c4
1910180167972956160,买了个表,5278.063,1754802420,738a73b
1910181115902401024,这个好玩,5385.844,1754802533,738a73b
1913125294877852928,爱卿平身,5060.819,1755153507,54a9596e
1914074693993248256,华伯伯笑死我,5210.801,1755266684,9d8aa9dd
1919614221571346432,哈哈哈哈哈哈哈哈哈，买买买，都买,5296.307,1755927047,3ae4c2e2
1921022768267938048,我都想不到,5361.449,1756094959,bc587f4c
1924779962440228352,设备,5089.709,1756542851,e8f6d141
1925468671896090112,看似法国vs中东，实则两伊战争,5183.768,1756624952,24f302e9
1928594371599874304,不愧是世界冠军,5361.448,1756997564,cfd3a899
1932625767037357824,太有牌面了,5107.729,1757478144,f487febd
1932832749916950784,波波笑死我了,5190.952,1757502818,75a35b32
1932833280899017472,想念小贝和田田,5232.806,1757502882,75a35b32
1948196474001477888,哈哈哈哈哈哈哈,5316.907,1759334317,2edb9fb1
1949690376261184256,没了个饼 哈哈哈,5334.374,1759512404,c9c423cb
1952273205201067264,上边其实是，他们搅混了,5164.153,1759820301,5ff286de
1956607870947309056,哈哈哈哈哈哈哈哈哈哈哈笑飞了,5336.797,1760337034,d35c8a9
1957526017011285504,发币，顺发nb,5390.776,1760446485,ae02b522
1999460690884832000,哈哈哈哈哈哈哈哈好搞笑哈哈哈哈哈,5054.438,1765445488,14f3cf30
2002097945549358592,前面外国小学生一人一句汉语那个真的哈哈哈笑死我了,5392.207,1765759873,1bae6291
2031437688779518208,满意,5047.429,1769257443,ec44781a
2036248800440067584,手办,5123.573,1769830972,f9735bbb
2036249860122444544,似是故人来,5248.255,1769831099,f9735bbb
,,0.0,1775683732.8000336,
lb.c,,0.0,1775683732.8000336,
,,0.0,1775683732.8000336,
1895737395396448512,jhhhhhhhhhhh,5592.303,1752988526,a7ab481d
1895737412022669568,我都想不起来这么多,5460.772,1752987439,a1639211
1895737441869336832,因为想不起来哈哈哈哈,5481.576,1752987556,f69ff094
1895737443119239424,波波好可爱,5457.3,1752989533,e9b5076c
1895737485532041472,不够看哈哈哈哈哈哈想看轮番制回合,5670.743,1752987808,fcfebb41
1895737626443878656,]',5625.691,1752991166,967ceef9
1895737643598582016,为啥我的弹幕带框框,5614.122,1752990985,3f8c2705
1895737666809860352,文创书包,5664.861,1752992253,88230e29
1895737685701005569,笑死，好像那个两组外国人比中文的视频,5594.036,1752991870,6c6d890c
1895737696287428864,想看陈铭和陈超的,5515.841,1752993725,b594b266
1895737720085909760,我吃柿饼,5633.349,1752993925,4f3c338d
1895737730554892544,我才十八,5654.687,1752994895,f3d0b903
1895737779443699968,哈哈哈哈哈哈哈哈哈,5736.412,1752996216,a4557f7c
1895737794836795648,还好，我来看了加长版,5683.765,1752995605,6cf1571
1895737843750768896,无偿上班,5638.111,1752995528,8eb43737
1895737876189516032,他不会是在拿你重温日语吧233,5757.212,1752997386,4944442d
1895737884393574656,？哈哈哈哈哈,5656.724,1752996132,a4557f7c
1895737888042619136,拿眉笔,5442.43,1753001707,d7f8343a
1895737898075394304,用一之濑当外教是吧哈哈哈哈,5759.226,1752996601,5866b398
1895737912679960832,发币厉害哦,5491.201,1752998959,e868d6e6
1895737956426551552,哈哈哈哈哈哈哈哈哈哈哈哈哈哈哈哈,5736.542,1753005397,e549f4d8
1895738018435141888,我才上班,5615.672,1753004949,4c54570f
1895738042141348096,发币好厉害！,5451.412,1752998910,d5478533
1895738055814779136,游戏能多玩一点吗？来个车轮战了。,5682.602,1752999172,e868d6e6
1895738163407065344,朕心甚慰,5668.633,1753010633,ca2efdba
1895738188941988096,留学生可以打工，就是时间限制很严格,5745.238,1753013337,450eca7a
1895738207178821888,我吃烧饼,5569.522,1753014025,97afe170
1895738304738332928,笑疯了,5717.724,1753014888,c5fcca58
1895738349416059136,我查设备,5603.283,1753013524,20dffd1e
1895738529041322240,我吃柿饼,5549.573,1753019787,c2db3739
1895738564600631552,我曾上榜,5583.306,1753019726,c2db3739
1895738572829856000,五彩书包,5578.215,1753019676,c2db3739
1895738618405163264,哇小熊好棒,5453.439,1753021183,6474f847
1895738628454715648,满意满意,5683.919,1753021786,d3e0ea9e
1895738771581145344,在燃什么啊,5467.292,1753022738,56239c78
1895738808969171200,无偿上班,5557.94,1753033292,8be21198
1895738855467225344,满意满意啊,5669.129,1753027481,8a513c81
1895738904708354304,无偿上班,5550.733,1753055909,a05c4e50
1895738919296143616,厉害,5458.113,1753029509,d0eeaf61
1895739073386483968,外出上班,5662.292,1753071341,86ed341b
1895739233868943616,跟武昌过不去了哈哈哈哈哈哈,5559.595,1753072312,9f04a8dc
1895739271248580864,前面那个五厂上班太痛苦了。,5650.181,1753072906,9f25c571
1895739280375386368,我吃烧饼,5528.493,1753076329,c2cf2fbe
1895739287665086720,哈哈哈哈,5585.042,1753076389,c2cf2fbe
1895739297697861888,666,5456.592,1753076238,c2cf2fbe
1895835379563980800,围城士兵,5651.483,1753092388,182693f5
1895851890223828736,我吃烧饼,5601.387,1753094356,cc93cef3
1895867141996042240,法币好可爱哈哈哈哈,5442.503,1753096175,f81c7508
1895941503516821504,想看华波波,5502.962,1753105039,3c5a3395
1895954531570156032,玩游戏没人能赢得了杨迪吧,5516.139,1753106592,be52f108
1895962419218839040,好可爱啊小熊,5481.88,1753107533,83719079
1896048714238634240,文创商标,5603.24,1753117820,24b0ce4c
1896048828952522752,发币比我厉害,5489.092,1753117833,e871e898
1896387736265527552,好可爱小熊,5433.348,1753158234,f608a6a7
1896401899398836992,我创商标,5627.201,1753159923,8c816764
1896523232526567168,四姐笑死我了,5461.734,1753174387,272cb156
1896696361970702080,真的好喜欢法币啊啊,5497.907,1753195025,ec077e8b
1896969714811750144,哈哈哈哈哈哈哈哈特别满意,5683.167,1753227611,cef95630
1897110463381035008,弄明白,5404.486,1753244390,2bf6365a
1897182469959562240,农民办（农业民生办公室）,5439.96,1753252974,af7c4445
1897184104504922112,无此设备,5617.079,1753253169,af7c4445
1897351985011783168,他发音不但好，调也对,5725.673,1753273182,55d83f10
1897377089222017024,How much?,5715.06,1753276174,7566605b
1897422756426506496,我常上班,5558.897,1753281618,fc5c5aac
1897422918418934784,我出书吧,5568.62,1753281638,fc5c5aac
1897458025171003136,满意满意,5677.512,1753285823,b5323672
1897465090669115648,武昌社保,5582.953,1753286665,d844b0d7
1897769479799142144,法币：let's 骄傲,5481.513,1753322951,3c4a8341
1897938668409864704,哈哈哈哈哈哈,5572.82,1753343120,87627e63
1898060457676681728,这反应怎么那么像外国小孩中文对决哈哈哈哈哈哈,5462.655,1753357638,9cdf46e6
1898138011901385472,怎么没有伦儿,5665.598,1753366883,a0901713
1898178762122903296,我超帅吧！,5632.839,1753371741,a725bfc4
1898423743408421376,这Part这么精彩居然没在正片,5650.83,1753400945,28dcc9f6
1898625744000134400,到底在燃什么哈哈哈哈哈哈哈哈,5464.166,1753425026,a18ccce
1898626550623448832,我测试吧,5559.064,1753425122,a18ccce
1898652728138751488,一之濑刚才输了可能情绪不稳定,5549.571,1753428242,915050e3
1898689587413796352,拿面包,5423.287,1753432636,b0850c04
1899319571606164480,全德国总冠军,5480.43,1753507736,f21b3ea5
1899535640992131840,晚餐随便,5520.474,1753533494,3860f01a
1899602976826559232,会长忍不了了,5665.041,1753541521,89699852
1899607193679394816,很满意，但是不够看啊哈哈哈哈哈,5681.754,1753542023,bc31ead9
1899951105459742976,我查书包啊,5602.221,1753583021,ae954710
1899999679023416320,无偿上班,5655.703,1753588811,87413e4e
1900766299857394432,我出师表,5622.888,1753680200,33977ab
1901031541963149056,无偿上班太有才了,5661.33,1753711819,2c9403ee
1901464422439217664,乃木坂,5411.02,1753763422,80000882
1901466327198751744,五彩水笔,5622.899,1753763649,80000882
1901505084160859136,卧床上班,5635.369,1753768270,a9930091
1901667443429404672,赖赖笑死我了哈哈哈哈哈,5462.246,1753787624,c475edd4
1901688907461504000,绝,5594.196,1753790183,6bdd20d4
1902191443406318080,我才十八,5536.747,1753850090,23b7cf3c
1902282980836447232,想看所有代表玩哈哈哈哈,5692.99,1753861002,c78fc6cd
1902972836168174592,好喜欢发币啊啊啊啊可爱小熊,5497.535,1753943239,94613f3a
1903814713050594560,我吃烧饼,5527.927,1754043599,29c7c55b
1904240408750914304,我吃烧饼,5520.633,1754094346,4213efaf
1904400734091486464,哈哈哈哈哈哈哈哈哈哈哈,5444.369,1754113458,21f73640
1904733937142578688,……,5572.108,1754153179,1606bf27
1907275934575481856,那么棒,5475.248,1754456209,818eee32
1907503311805048832,哈哈哈哈哈哈,5433.297,1754483314,6816ab2b
1907504852112736768,好搞笑,5670.051,1754483498,6816ab2b
1907628097827065088,华波波好搞笑,5413.673,1754498190,ea7aa49a
1907629029776458752,这个游戏好玩！！以后经常,5503.358,1754498301,ea7aa49a
1909211300433862656,文创手办,5641.868,1754686922,2ad516b
1910183692849001728,每期都来这个游戏,5693.155,1754802840,738a73b
1911661393863138816,我才十八,5635.78,1754978996,67c7bc24
1911940037441274368,我常说不,5577.471,1755012213,319d79a8
1916862547517593344,无偿上班这个太狠了哈哈哈哈哈哈,5640.532,1755599022,b575b51f
1916886203115027456,不满意太短了！,5691.918,1755601842,41d23346
1919615919593383936,法币好厉害,5491.366,1755927249,3ae4c2e2
1919874236307270400,太搞笑了,5709.81,1755958043,c4469e21
1924973871791438336,五彩水笔，无偿上班,5634.207,1756565967,e498a6f4
1928489303462333440,武昌酥饼啊,5649.501,1756985039,27acc97c
1931182947986193664,前面说文创的好厉害,5633.131,1757306147,d9c08631
1932631454336961792,满意满意,5684.543,1757478822,f487febd
1936645971006506240,你忙吧,5443.395,1757957390,cc3af606
1938432632782593280,完成设备,5697.579,1758170376,a3545458
1945259887495943936,龙颜大悦,5676.325,1758984249,deea00f
1957526892588923392,他俩这么强的吗？直接加时赛了,5475.556,1760446590,ae02b522
1977901549582004224,关税哈哈哈哈哈哈,5436.202,1762875438,aedabb3d
1977901725834636800,小熊好棒！,5457.17,1762875459,aedabb3d
1988742475853880320,哈哈哈哈这个是Dylan在后面说的,5609.534,1764167777,c847ffba
2002100048816625408,外国小孩中文对决真的，太形象了，这俩都笑死,5467.471,1765760124,1bae6291
2015436799140933120,高级词汇,5450.301,1767349988,a9603673
2018415095944305664,无偿上班(,5616.425,1767705029,964a8dca
2035137440129502976,弄明白,5418.548,1769698488,ca126b
2035137714621479936,你明白,5451.275,1769698521,ca126b
2068517489595502592,那么棒,5472.838,1773677700,471d6181
2077821577877208320,朕很满意,5679.263,1774786834,585cded5
,,0.0,1775683732.8000336,
lb.c,,0.0,1775683732.8000336,
,,0.0,1775683732.8000336,
1895737858867040512,哈哈哈哈哈哈哈哈哈哈哈,6096.333,1752996585,a4557f7c
1895737880752918784,沆瀣一气这词还是能用得到的233,5937.428,1752997598,4944442d
1895737919046914304,哈哈哈哈哈哈哈哈哈哈哈哈哈哈哈哈哈哈哈哈哈哈哈哈哈哈哈,5870.631,1752996356,a4557f7c
1895737949136851200,德国人太好笑了,5863.154,1752999715,8b34e573
1895737969194012928,阿雷真的动漫影视资深中毒哈哈哈哈哈哈,5838.142,1752997069,5866b398
1895738141521187072,犄角旮旯很少用吗？上海话里经常用到啊,6049.474,1753008868,39499903
1895738273742426368,除了呶字都认识,6060.585,1753013759,20dffd1e
1895738364003848448,踽踽独行这种基础词大左一个主持人不认识不应该吧,6002.5,1753015847,e69ebdef
1895738431481811200,圭臬感觉也很常见,6014.236,1753015872,e69ebdef
1895738444249272576,好厉害 卢可！,5923.251,1753018736,1c68567a
1895738555482214656,我觉得奉为圭臬还挺常用的,6019.476,1753019682,79d441b5
1895738669466620160,新梗出现了,5963.161,1753023686,65fd9e50
1895738727817777408,哈哈哈哈还拆啊哈,5877.108,1753023916,5ec74794
1895738740585238784,还得是总冠军！,5923.556,1753029089,d6bfe3aa
1895738798936396032,这期好搞笑,5880.071,1753023927,5ec74794
1895738800765112576,魔法小樱,5811.727,1753025778,ef8f951e
1895738804405768448,Latino American也是American哈哈哈,6088.033,1753033291,5404f33
1895738847263166720,哇好久不见的歌，我现在还全知道且会写呢,5922.622,1753029406,302e2cd4
1895738994978164992,戴卢可好会串场,5918.405,1753033135,5404f33
1895739036921204992,口语里很常见 但书面很少写 才叫生僻字,6084.412,1753069602,221a9f5
1895739067917111552,犄角旮旯哪个地区都用啊,6076.904,1753036132,37b64554
1895739303167234304,超超可能只是重影看成垚了哈哈哈,6025.872,1753080031,3f6b3267
1895803686740271360,德国人神奇的笑点出现了,5860.314,1753088610,677e1eff
1895940938636112896,哈哈哈哈哈哈哈哈哈哈哈哈哈哈哈哈哈哈哈,5956.417,1753104972,4365b2b7
1896006384517540608,哈哈哈哈哈哈哈 太好笑了,5877.08,1753112774,e10bb37e
1896394704246373888,往里玹,5888.848,1753159065,45f0e9c9
1896525961894243328,还记得穆小龙的也特别长,5863.237,1753174712,9c5bc011
1896526792475403776,突然感觉和一个母语者说对方的母语好刺激。,5849.288,1753174811,272cb156
1896528996767018496,伦反应好可爱,6093.046,1753175074,272cb156
1896694142336784640,我为什么这么黑,5850.046,1753194761,16f0b446
1896746298607480576,哈哈哈哈哈哈小魔女dorimi我的童年,5817.55,1753200978,9cb4590f
1896782108769874944,哈哈哈哈阿雷好棒,5823.344,1753205247,5856c37c
1896837444775896832,沆瀣一气，绵绵瓜瓞什么的其实也蛮常用的，都是会读，不一定会写,5963.667,1753211844,9450640
1897302336104199424,原来阿雷也是个二次元啊，圈粉,5807.807,1753267263,729e3ab7
1897408696875986688,bgm是星矢。。。,5826.178,1753279942,7ea9d3d5
1897539050743992576,是真的 喜欢看番剧随便都有N3了 日语听懂会说不算难,5774.395,1753295482,6f99a845
1897540654679205376,碗里选,5906.056,1753295673,6f99a845
1897941885038393856,哈哈哈哈哈德国人,5869.457,1753343503,4227b274
1898063552024567040,善逸！,5827.305,1753358007,9cdf46e6
1898064079399573504,xs我的笑点是发币笑,5864.169,1753358070,9cdf46e6
1898097346118832640,生僻字那个歌词的选择标准太不统一了所以体感好不好也是一阵儿一阵儿的hhh,5931.174,1753362036,45af011b
1898114145447495424,紧跟时事哈哈哈哈,5827.651,1753364038,ba542c3c
1898161274299396864,考试会用到吧，或者语文老师,6051.412,1753369656,9a457285
1898467852772804608,哪里常见？你平时都会说这些吗？我只能读一些，意思知道的就更少了,6031.791,1753406203,a725bfc4
1898468393661528832,确实是American,6081.24,1753406268,a725bfc4
1898544657131158528,会长日常开始挖坑了,5973.106,1753415359,e68aeabe
1898792509870598400,魔法少女小圆，魔法少女奈叶，魔卡少女樱，憧憬成为魔法少女,5789.357,1753444906,c1c112d8
1898950122260736256,我的天啊,5932.388,1753463694,eeae67ec
1899611716883880704,哈哈哈哈杨迪这个变声,5986.176,1753542563,5ebece69
1899953432166147328,怎么难的都会，简单的反而错了超超,6015.364,1753583298,ae954710
1900078198046300160,哈哈哈少女雷,5809.075,1753598172,1091612d
1901032821930525952,哈哈哈哈哈哈哈哈哈,5810.507,1753711972,2c9403ee
1901035550375286784,格局,6102.475,1753712297,2c9403ee
1901038084020175104,笑死,6081.102,1753712599,2c9403ee
1902445816619673088,可爱的四姐,6110.63,1753880414,c085033b
1902473656388011520,哈哈哈哈哈哈哈哈哈哈,5884.153,1753883732,24d07282
1902507918574530560,鬼灭！！,5827.326,1753887817,ecae7fb8
1903092981570356992,哈哈哈哈哈哈哈哈哈,5817.734,1753957562,623dd44
1904588337600721664,中二哈哈哈,5768.847,1754135822,3e5e834
1904588540294738176,和红红火火恍恍惚惚哈哈哈哈哈哈哈哈,5787.755,1754135846,3e5e834
1904607506802715648,xswl,5877.161,1754138107,2f77163b
1904738394345604608,不考生僻字没意思呀,6059.583,1754153710,1606bf27
1905360955819970304,先笑了,5858.11,1754227925,95e70b5d
1906556910518333184,哈哈哈哈哈,5871.662,1754370494,58d57e1c
1907415837069982464,不会是飞天小女警z吧,5820.521,1754472886,43d8243f
1908251049396513536,哈哈哈哈哈,5828.769,1754572451,d8a8f583
1913315501447857152,奉为圭臬不是很常见吗，，,6018.38,1755176181,9b40c598
1916341011081184256,这里阿雷莫名的像唐大哥,5760.723,1755536850,299590f4
1916656189127610112,哪里常见了，只有几个是常见的,6036.563,1755574422,51f2909e
1922655339275858176,犄角旮旯也会，只是不太会写,5941.477,1756289577,99536495
1923491622692854784,歌里的都会比较熟啊,6044.668,1756389269,a82a2ebb
1924750576206771968,哈哈哈哈哈哈哈哈哈哈哈哈哈哈哈哈哈,5819.439,1756539348,90bb401c
1924751062737679616,吼吼吼吼吼吼吼吼吼吼吼吼吼吼吼,5873.51,1756539406,90bb401c
1929398244665353728,初中的时候我们也学这个表演过,5947.352,1757093394,bd775eca
1954296916465043200,戴卢可的承上启下可太中国了哈哈哈哈,5910.649,1760061546,99c7f039
1957531727765723136,哈哈哈哈，陈超其他生僻的都知道奉为圭臬这么日常的居然不会,6007.196,1760447166,ae02b522
1963056219074066944,我的天啊，怎么会有这些这么多语言超能力者,5857.992,1761105737,54f7b9d0
1967686962006220544,笑死，反正我认不全哈哈哈,5978.628,1761657764,eb09f285
1977904572307833856,魔法少女哈哈哈哈哈,5795.978,1762875798,aedabb3d
1977905919635666176,哈哈哈哈哈哈哈哈哈,5956.683,1762875959,aedabb3d
1994610009833088768,超超好厉害,6041.25,1764867242,51701351
2010424270157225984,奉为圭臬这个，我感觉应该都知道啊，看古装剧什么的,6007.049,1766752448,a0b99804
2016016522979979008,超超怎么不认识圭臬，这是固定组合啊，垚涅是啥意思,6007.162,1767419097,ae954710
2026860148143955200,穆小龙？？？,5856.924,1768711758,c0ad9fc7
2036277408915183872,我只会醍醐灌顶和犄角旮旯,5991.627,1769834383,f9735bbb
2038025793061976064,德国人莫名其妙的笑点笑死我了,5864.035,1770042806,b8b5200d
2057973005103436544,高中语文考了你还能记得？反正我是感觉上大一就修为散尽了,6045.684,1772420699,dc69dd68
2058963017848770048,我可能知道他咋学的语言了,5843.198,1772538718,60c31dff
,,0.0,1775683732.8000336,
lb.c,,0.0,1775683732.8000336,
,,0.0,1775683732.8000336,
1895737596345553152,哈哈哈哈哈哈哈,6195.466,1752991046,a1639211
1895737605254254848,笑到捶床,6248.056,1752991132,a1639211
1895737756257587456,哈哈哈哈哈哈哈哈,6247.548,1752993724,46e1d41a
1895737873454829824,这表情包加的哈哈哈哈哈,6247.145,1752995808,591a47e1
1895737955520581888,哈哈哈哈晚上睡觉起来扇自己一巴掌。,6242.077,1752996766,a4557f7c
1895738234534072576,美国的刻板印象又增加了哈哈哈哈哈哈,6262.432,1753014661,d93d12d4
1895738291970871552,地大物博吗哈哈哈,6424.625,1753014057,450eca7a
1895738441514586368,美式英语跟英式的相比是真挺村儿的,6304.472,1753017646,6ed7a38b
1895738527220994304,这句话感觉很深刻,6342.095,1753018411,9cfc41f8
1895738529955680512,好惨,6240.329,1753015944,e967e3fc
1895738545457828096,洋脸在身我心依旧是中国心,6343.404,1753019165,b3e76332
1895738814438543616,伦儿好漂亮,6121.658,1753026098,ef8f951e
1895738827214393600,还好我们中文故意说别的口音腔调不会被说,6221.909,1753034289,9ef562ec
1895738931149246720,哈哈哈哈哈，绝,6261.929,1753027770,105f8ab8
1895738994063806720,以前好像聊过,6323.611,1753065947,c76f245a
1895739099835764992,感觉四姐马上就要入党了,6358.412,1753041164,f2cbd317
1895739164570652928,北京啊，都鼓楼钟楼和胡同了,6466.915,1753074268,cce57685
1895739223836168448,哈哈哈哈,6185.472,1753075358,b465a5f8
1895876772915284736,好红,6342.445,1753097323,f81c7508
1895891145075744000,完啦！漂亮国居然是我自己,6332.931,1753099036,720bb977
1895911263230715648,这一期可太好看了哈哈哈哈哈哈哈,6293.681,1753101434,cc998cf0
1895977013316171008,真的 我现在在英国 班上有美国同学老师都问为什么来英国哈哈哈因为感觉美国人很少来,6233.393,1753109272,7021661
1895996712578404608,哈哈哈哈,6191.243,1753111621,42cad9e5
1896011026604849152,哈哈哈哈哈哈哈哈哈哈,6248.296,1753113327,692c8ed6
1896053738805025792,笑死我了,6338.26,1753118419,35861f7e
1896348810541099264,盆栽伐木工,6185.449,1753153594,b7453a45
1896660913071964928,入党！马上入党！,6335.06,1753190799,280fcb51
1896752974823802112,萨沙真的长大了哈哈哈哈哈还劝架了,6286.28,1753201774,9cb4590f
1897031264495085056,英魂不散,6129.09,1753234949,88971e98
1897172399880213760,缘分,6350.275,1753251773,fe4eee91
1897191079833737984,伦儿好好看,6141.739,1753254000,edbe14cb
1897329347598687232,四年英伦行 一生英国情,6138.756,1753270483,cdc452f4
1897379646639815168,英美日常共轭嫌弃,6150.158,1753276479,d403eb94
1897470722797396480,就像有些人说着说着说英文感觉自己很能似的,6155.088,1753287336,9c3b5844
1897881482706794240,反复播放，笑发财了这段,6120.382,1753336303,a5babba0
1897980178177896192,哈哈哈哈哈哈哈哈,6134.889,1753348068,290bcf14
1897990451865073152,主要是大部分的美国人会对英音有滤镜,6302.454,1753349293,c5e94360
1898037108598766848,我觉得英音比美音好太多了，主要是美式英语有种不好好说话的感觉,6151.32,1753354855,e3a9f12d
1898068025727885056,也没有r音好像,6268.82,1753358540,9cdf46e6
1898469431701780736,四姐吐槽笑死我了,6195.492,1753406392,a725bfc4
1898638472119025920,B+可以了，我的二外只有及格，但我还是往简历上写我会,6389.578,1753426543,a18ccce
1899515964723618304,很多去台湾上大学的人也会有台湾腔,6237.288,1753531148,3820b86
1899583646470362112,哈哈哈哈哈哈哈哈,6195.813,1753539216,fbcf58ae
1899589769240256768,政审吗,6331.689,1753539946,80311199
1899903850559699712,英音好听啊,6271.685,1753577388,3e3ca627
1900743884129465600,东北腔,6156.205,1753677528,fc5824e9
1900962778974280704,“再给我上颚共鸣试试看呢”,6139.283,1753703622,7c263e9f
1901039338478048256,缘分,6410.357,1753712748,2c9403ee
1901092486005857536,这一趴杨迪和大左配合好默契好好玩,6240.882,1753719084,bba3e7b3
1901111475482086656,东北菜好吃不辣,6470.381,1753721348,18259142
1903696970439590656,我以为这个词是 可以,6419.591,1754029563,b7a9b2eb
1903909804733164032,哈哈哈哈哈哈哈哈哈这么严重吗,6142.532,1754054935,c51a6472
1903912608323439360,这个讲过，老师说他没天赋他吃激将法非要学哈哈哈哈,6350.203,1754055269,c51a6472
1904470534801020416,温文尔雅温润如玉钟逸伦,6222.688,1754121779,cc2734ec
1904581796449178880,没事萨沙会倒着说,6144.19,1754135042,5bd65cde
1904592053267419392,伦儿比较像英国的,6176.889,1754136265,3e5e834
1904592758221061888,哈哈哈哈哈哈哈哈哈,6240.501,1754136349,3e5e834
1904741835662920192,中国其它不说，论美食绝对世界第一,6444.448,1754154121,1606bf27
1907997071420911104,很明显是要伐木哈哈哈哈哈,6187.912,1754542175,e06c8437
1910189102486362880,大漂亮,6338.048,1754803485,738a73b
1910189214340135424,漂亮过,6351.282,1754803499,738a73b
1914652145542984448,这期好好看,6310.42,1755335521,39959bed
1916890106191840512,来了来了 入坑点,6131.6,1755602307,41d23346
1938459317036858368,4,6137.704,1758173558,7ce065f9
1942844325235513600,我真该死啊哈哈,6254.36,1758696291,1448c64
1967689487748992512,口音会混也正常，在外地待久了回家就会被说口音变了,6211.908,1761658065,eb09f285
1971860351436493056,真好,6405.79,1762155271,83beff44
1975472819102343680,我喜欢这期的所有！！,6331.166,1762585911,75855fc6
1988749246333072384,可怜的伦儿,6254.717,1764168584,c847ffba
1988750225619440640,支持Dylan，英音好听,6272.114,1764168701,c847ffba
2011318177330127616,好家伙哈哈哈,6456.191,1766859010,1bdc989c
2024979683494084864,这话题能客观的聊吗,6321.496,1768487589,4756a90
2069095069641645568,有没有可能美国人不说纯正的英语才是违背了自己的故乡,6150.449,1773746553,6b2b33d2
,,0.0,1775683732.8000336,
lb.c,,0.0,1775683732.8000336,
,,0.0,1775683732.8000336,
1895737660753285376,这一期真的很好看,6541.435,1752992583,a8f5ef7c
1895737685818446080,享受2025，好戳人的表达,6794.065,1752992554,dd38837b
1895737804802461952,哇哦，好想听一听,6713.441,1752995454,98f16374
1895737829255254272,老王算最有发言权了，毕竟经历过生死后来的,6760.292,1752998269,4944442d
1895737865259159808,但是这种速度也会有很多后遗症,6628.733,1753000515,8b34e573
1895737968288043264,那还是不一样的，中国贫富差距大，但基础建设都很好，欧美可不是,6678.52,1753002110,5e592343
1895738173439840512,应该是说医疗不便利，拖着拖着很多病人就错过最佳治疗时间,6709.748,1753010160,20af4969
1895738642102980864,哇，好会说,6794.595,1753022472,755ab053
1895738734201508096,和平,6749.651,1753027321,d89d8cbd
1895738795295740160,兼容并包,6823.86,1753032301,177de300
1895738872798089472,对自己深爱的国家有反思是很好的一件事,6721.795,1753038055,187c324
1895738902879637760,喜欢这样的真诚分享,6543.19,1753037588,187c324
1895738912006443264,希望都能变得更好,6721.795,1753038063,187c324
1895738932063604992,哈哈哈哈哈在一个伊朗人的房间里两个美国人吵起来了怎么这么好笑,6711.525,1753063546,f032f0af
1895739024153743616,其实这种对速度的适应能力也是一种温水煮青蛙。,6620.268,1753037869,187c324
1895739090717348096,不知苦所以不能言苦。,6622.315,1753037904,187c324
1895739095272362240,来郑州吧，郑州地铁是真的很有人文关怀,6736.904,1753040485,7a1afabc
1895739168219697408,五千年,6837.086,1753066340,e94d0ef6
1895739195574948096,都一样啊，大部分资源掌握在少数人手里，底层挣扎求生,6685.378,1753069042,3e15afd5
1895739298603831552,贫富差距...真的很难缩小,6671.593,1753077459,f04b19be
1895739300432548096,战乱国家的人要考虑的是生存，和平的国家才配谈生活,6772.315,1753073897,f8b0e6b0
1895739333257171200,唉...,6667.752,1753077438,f04b19be
1895916809107255552,来成都坐地铁吧,6741.512,1753102095,cc998cf0
1895922409224457984,幸存者偏差罢了。跟不上的会被毫不留情抛弃消失,6635.987,1753102763,9cc53f64
1895927999803579392,看了饼叔和老王的视频，很感慨,6763.186,1753103429,2f51f428
1895937469820941824,喜欢陈老师每次认真的聆听大家的发言,6547.615,1753104558,7d881d54
1895945543797188096,哈哈哈哈哈哈哈哈哈哈哈哈哈哈哈哈哈哈哈,6503.187,1753105521,4365b2b7
1895971705936303104,中国自己外宣也是重点在传统文化，对内也强化传统文化在中国文化中的代表性，青年文化一定程度上缺失，也有舆论环境的因素，外国人误解也很正常,6589.994,1753108640,108016b
1896042506861772032,这个我居然有点不信,6824.197,1753117080,698bab0d
1896055550030980352,中国也一样只是程度问题罢了,6658.388,1753118635,35861f7e
1896115798288929536,只缘生在此山中我没觉得变化很快但是回头看好像也变了蛮多,6649.705,1753125817,cc2734ec
1896346407598641152,说一样的去认真了解一下中美差异吧，本质是不同的，中国在努力缩小贫富，美国不是,6687.136,1753153307,996c2fe2
1896389793135554816,哎也不是每个中国人都过得很幸福，我就很累,6804.345,1753158479,671e7525
1896445143561997056,每个国家都需要伦这样的理性主义,6735.808,1753165078,2babe5d1
1896692445161556736,未知全貌 不予置评,6500.385,1753194558,d10e6859
1896713597632456448,前面那个为什么不信啊？就用大类来说，南北方的很多人了呀，更别说这么多省，每个省，每个城市，甚至每个村的文化都不一样。,6830.016,1753197080,c93b4313
1896713718285980672,很多元了,6834.261,1753197094,c93b4313
1896732865308570624,AUV,6591.584,1753199377,54d3f224
1896762050744070656,哈哈哈哈哈哈哈在一个伊朗人的房间里,6709.359,1753202856,9cb4590f
1897033430391823872,每个人都累换个地方你会连觉得累的功夫都没有还要担心能不能活到明天,6812.842,1753235207,d539e6d1
1897036751005286656,投共一念起，顿觉天地宽,6735.699,1753235603,c50570d0
1897124829325385984,国外一些媒体的刻意描绘,6600.162,1753246103,42da3e49
1897224976302927360,这俩私下可一定要还是好朋友啊,6713.528,1753258041,e6299164
1897398342565690112,真的，我们被保护得很好了^ω^,6774.265,1753278708,ca23a4
1897434692518111488,苏丹的游戏你是不是原型哈哈哈哈,6776.575,1753283041,b7b7e82b
1897549057816156160,鼓楼钟楼是西安,6483.967,1753296675,6f99a845
1897599146278760704,中国内部当然也有问题，但和国外的程度还是不一样的，多去了解一点再发言吧,6682.239,1753302646,68f3b35d
1897599835788886016,一个江苏各个市县方言文化都不一样,6838.453,1753302728,a12485dc
1898072217221687552,想起luigi,6699.647,1753359040,9cdf46e6
1898085967332604160,这后面的话题多来几期，说不完啊,6609.427,1753360679,d849b843
1898126853265714176,没办法拒绝变化/dog,6625.936,1753365553,ba542c3c
1898641050416426752,人民的愿望都相似。。,6675.15,1753426850,a18ccce
1898785992081696768,英国：勿cue，谢谢,6689.673,1753444129,cc3adea9
1899394054693909504,不接受也很好办，慢慢被淘汰咯,6624.492,1753516615,3873c0bd
1899524978576745984,可能是荒诞吧，比较合适,6523.504,1753532223,7cf865be
1899569833494887168,梦幻不好吗？,6573.202,1753537570,3860f01a
1899644931426164480,中国也不能避免,6661.822,1753546522,d5bc7b78
1899645448348985344,当然我们现在正在努力让中国不一样而且也有了成效,6689.47,1753546584,d5bc7b78
1900034195536137984,Dylan是一个真诚的好人 支持,6720.402,1753592926,2c9403ee
1900231076526713344,美国很多人相当爱国的，其实恰恰是我们。。。。。。,6649.902,1753616396,395ce43e
1900245252292511232,这里的荒谬应该是指外国宣传的中国和实际的中国不一样的意思吧,6582.739,1753618086,fc0b135a
1901033036209402880,“神奇”,6522.2,1753711997,1b6940fa
1901478076861790976,中国禁枪是最明智的选择，而且摄像头多也是为了保护好人，监视坏人,6802.453,1753765050,80000882
1901700931155311616,变差,6642.612,1753791616,105f52db
1901734966363358208,他是个理想主义者，社会需要理想主义者的存在,6719.916,1753795674,71f360aa
1901862417940697600,感谢国家，每有一个新技术出现都是先向全民普及的,6630.792,1753810867,4a4e6679
1902365496134297344,我们不要身在福中不知福了,6793.653,1753870839,92f8c01f
1903699234281745920,很多国家都这样,6658.438,1754029833,b7a9b2eb
1903827465546625536,每次波波玩这种政治梗我都好想笑,6715.322,1754045119,29c7c55b
1904592752574914304,中国不一样,6686.195,1754136348,357dee8e
1904596883444749312,。。。。。。。。。,6636.436,1754136841,3e5e834
1904597355127841024,哪里不都这样,6661.546,1754136897,3e5e834
1904599138847969024,没有说过的多幸福 要求就是没有战争就很幸福了,6809.822,1754137110,3e5e834
1904743391271399168,中国可使用短短30年走完了西方国家的很多路,6615.568,1754154306,1606bf27
1904746212788497664,确实多元化，不同地区不同民族,6820.44,1754154642,1606bf27
1905466819909765888,要哭了 老王,6796.692,1754240545,a48719d1
1905516364379104512,中国和美国还是很不一样的，美国可以说整个政府和社会就是一个企业,6688.725,1754246452,c0863c00
1905590443236882944,华波波接的好哈哈哈哈,6728.909,1754255282,55f41f2d
1905708190906021888,是的，明明有新兴的社群文化，小说影视在海外也有不少受众，但只拿传统文化宣传,6558.317,1754269319,92638f93
1905733248072848128,伦好可爱啊,6721.098,1754272306,f5b9996
1905886098668937984,伦儿很有国家情怀,6698.429,1754290527,7becfa2e
1905887294179910912,阿雷文艺人,6824.672,1754290670,7becfa2e
1906070010057587456,基建狂魔可不是贬义(而是汗颜),6743.759,1754312451,c8137052
1906621653182534144,国内也一样，只是国家投入民生的更多,6672.825,1754378212,da947e05
1909689848987148544,他想表达国家或者政府没有投入更多到基础设施建设或者卫生安全上面,6674.879,1754743970,d7fb52ee
1911377903472814592,真好,6720.915,1754945201,984e8387
1911378403299548928,伦的发言太棒了,6767.166,1754945261,984e8387
1913571332298825216,不予置评  但我家过得很好,6816.41,1755206679,a406af70
1915971349722081024,但是在武汉记得出门的时候手不要插在兜里,6731.172,1755492783,aa8cb2c6
1918412477759778560,对老王来说这里很有烟火气,6809.441,1755783788,dcc7e0e1
1921056285831728384,不接受就会被淘汰,6630.638,1756098955,954b058c
1921056623968288000,中国也差不多,6657.996,1756098995,954b058c
1929404679826503424,我们也是啊 程度没那么离谱就是了,6668.628,1757094161,bd775eca
1945264582373671936,每次听这个方面都想哭,6771.747,1758984808,e84d2ff
1967694729680788480,卢可的共情能力很强,6785.668,1761658690,eb09f285
1967694847532478464,老王好真诚,6789.668,1761658704,eb09f285
1975476124088230656,好棒老王,6795.251,1762586305,75855fc6
1977911950214243328,其实中国也是,6675.488,1762876678,aedabb3d
1986558931577298944,确实，只有一部分人在享受当代,6804.09,1763907478,2a9d92f9
1988754506963415040,Dylan反应好快,6661.622,1764169211,c847ffba
2011320470867702016,世界因你而美好 ,6720.212,1766859284,1bdc989c
2016952177930965504,广州都一直在开新的地铁线路！,6708.314,1767530636,8947ce87
2022025891484004352,什么叫老是说这个？经历过的最深感悟说不是很正常吗？,6786.513,1768135469,6d4f31dd
2027056310750973952,这是一个制度问题 美国的资本主义体制下永远不可能达到钟逸伦想要的这些平等和普惠,6727.425,1768735142,aef87158
2027056891695612928,老王一说话卢可就哭,6782.978,1768735211,aef87158
2029865597738983936,外宣确实做得不好,6562.312,1769070035,361d239
2056133097778429440,荒诞是离谱且可笑，也不好,6531.028,1772201365,fa9ad547
2066239338295500544,中国没美国那么夸张,6675.024,1773406123,a16be46f
2085131327899985664,荒诞,6523.597,1775658224,91e1ddec
,,0.0,1775683732.8000336,
lb.c,,0.0,1775683732.8000336,
,,0.0,1775683732.8000336,
1895737518549602560,中俄那说不清道不明的羁绊呐,6875.785,1752989565,9e8cd452
1895737942753120512,虽然但是这些基建应该都不是白给，还是要考虑利益的。,7087.97,1753004822,545954c8
1895737954606223616,萨沙已经不是老外啦，他是老内,6917.492,1753001311,e4ff31ac
1895737962810282240,给陈老师投币,7148.543,1753000815,e868d6e6
1895738337562956032,萨沙的面相都很中国了,6921.078,1753014984,73e9b877
1895738415065305344,非正不就是这样吗hhh正经起来很正经,6951.491,1753017172,638576ba
1895738442420556032,这已经是精中了自豪了,6856.334,1753017521,47376c28
1895738515367891200,现在的节目越做越大，主题也越来越大了,7111.306,1753019293,193ffd61
1895738546372186368,萨沙越来越老干部了,6860.051,1753019535,1c68567a
1895738560079171840,完全变成中国人了呀萨沙,6854.884,1753019690,b3e76332
1895738708666585344,但中国的利益都是双赢的，大多是经济上的，不能说有利益就是不好的,7102.081,1753028422,a7349199
1895738749695267072,基础在民间，未来在青年,6909.082,1753029610,b77da815
1895738798022037760,东北人来了,6857.033,1753029957,d0eeaf61
1895738808063201536,唐朝那会真挺多的，服饰饮食娱乐活动都交流的特别深，互相影响很大的,7030.588,1753023996,11c5072
1895738836324421888,偶尔有一些宏大深入的话题也挺好的呀,7125.054,1753034905,9ef562ec
1895738864585642240,灵笼,7118.112,1753027731,7bf03337
1895738874618417408,肯定是有利益的，但是我们追求共赢，而不是强取豪夺,7091.369,1753030554,516113ea
1895738916561457408,宏大叙事会让人感动，但也会让人迷失的，感觉没必要一直升华,6997.048,1753038389,187c324
1895738967622914304,这一年真的是舆论反转,6903.166,1753030294,516113ea
1895738974912614656,近代中国的版图就是清朝定下来的，相当部分依赖于乾隆的十全武功，感兴趣可以搜一搜乾隆朝名将,6979.544,1753040743,7a1afabc
1895739005916909824,没有宏大的背景下个人还会存在吗？,7125.643,1753036925,c7bc6e63
1895739146333819136,咋样了。。。挺好的啊人家,6949.86,1753073352,892b4073
1895854446332840192,相信老王说的是话是发自内心的，毕竟亲身经历过战火,7170.238,1753094661,3a31dcb7
1895859660172023808,据说他的老爸是中俄混血？,6880.681,1753095283,1df8460d
1895878303215493376,迷失是因为你自己内核不稳，如果你连听到一点赞美的话都觉得心虚、不适，那是因为你配得感太低了,7007.214,1753097505,68ab50d8
1895886991573313536,萨沙已经入党了，自豪感都有了哈哈哈哈哈哈哈哈哈哈,6853.737,1753098541,ac1ed4e7
1895914456186862592,确实，有过大唐的鼎盛，也有侵华的耻辱，太复杂了这几千年和近两百年,7072.87,1753101815,4f7b0147
1895939496005433088,我发现很多人很抗拒对个人的赞美哈，宏大就是由个人构成的,7124.197,1753104800,d0a706e0
1895962862170590464,是的,7064.0,1753107585,3c890e32
1896057229271011584,从先秦开始的华夏认同,6997.054,1753118835,35861f7e
1896057475954741760,让我想到了威斯特伐利亚和约,7027.006,1753118864,35861f7e
1896138358434982144,一点都不过，中国就是很好。,7190.899,1753128506,7388c77a
1896282581490515456,导播直接不敢切其他人的画面了 大左也管管 心里知道就行了,7189.779,1753145699,c585eb07
1896371636178174208,为什么过了 前面的是配得感太低了吗 陈述事实而已 为什么会觉得过呢,7195.88,1753156315,c0abd974
1896444073528258560,才注意到这个地图中国好大,6967.583,1753164950,a7969c95
1896444504300081408,超棒啊这期话题 很有意义和深度,7003.209,1753165002,a7969c95
1896487634579302400,这个地图也让我印象很深刻,6965.677,1753170143,9ec95bfa
1896489246634756864,说得好,7151.185,1753170335,9ec95bfa
1896515622197177856,他是真的入党了吧，发言太官方，哈哈哈,6917.303,1753173479,8a80d98c
1896527134873361920,萨沙太中国了,6883.176,1753174852,6a042d86
1896527607890110720,真的很震惊,6985.76,1753174908,6a042d86
1896528590154207232,不愧是在世界中心呼唤爱,7171.882,1753175025,6a042d86
1896549573058051072,求同存异,7081.105,1753177527,b99d4a1f
1896678634124171776,说的太好了,7089.925,1753192912,ef5b873
1896689226226035968,为什么要说过了，如果作为国人的我们都不够有自信，都不够乐观自豪的话，这个世界上还有谁愿意更相信我们可以做到这些呢？,7191.378,1753194175,4de79949
1896700212652189440,中国最牛逼的一点，就是同化,6948.592,1753195484,c3929b2
1896846755031494400,天下大同，世界人民大团结，万岁！,6951.603,1753212954,9450640
1897038302151448064,让我想到了高佑思…哈哈,6842.739,1753235788,88971e98
1897132711857199616,因为我们原本就是一个多民族的国家，每个民族存在各自的文化差异，每种文化相互包容,6938.97,1753247042,42da3e49
1897313694656990464,北京欢迎你，为你开天辟地（开放怀抱）你会爱上这里,6908.793,1753268617,729e3ab7
1897402914356966144,love ,7173.813,1753279253,ca23a4
1897552673700808704,执着 信任,6868.324,1753297106,6f99a845
1897601588529782528,现在人真是戾气重了，以前从来不会有人莫名其妙的打问,6997.266,1753302937,a12485dc
1897859954988690432,家国情怀大部分人有，有一部分人确实因为从小的狭隘，自然也看不惯这些,7191.085,1753333736,e0632c99
1897866933580394240,非正这一季带着任务了,7011.467,1753334568,8562c6e6
1897897775447236608,那外国人和自己国家对比就是觉得中国更好啊，看见中国更好的一面讲出来啊，代表们都说的那么真挚真诚,7021.288,1753338245,2aa70d44
1898088222609748480,可以倒着说中文,6878.916,1753360948,8f9aba91
1898092720329620224,带啥任务真好笑,7021.416,1753361484,d849b843
1898132201112459520,宏大背景就是我们每一个中国人的骨血，为啥不能谈,7130.926,1753366191,ba542c3c
1898580836409316096,守正创新 不忘初心,6939.247,1753419672,6126b659
1898666323538942976,用今人的生命还古人的债，这个真是精辟,7155.601,1753429863,915050e3
1898788297942440448,他不是混血儿，是老爸在他很小的时候就“巨星标配”了，但是很小就开始接触中国文化,6894.038,1753444403,cc3adea9
1898791671513404160,宏大和个人不是对立的，而是互相成就，这就是精致利己主义为什么要摒弃,7136.041,1753444806,cc3adea9
1898822681655529728,这太好了！,6843.84,1753448502,636af638
1898910387244854272,莎莎接近中国人了，完全中国化了,6921.603,1753458958,e3470321
1898911684559693568,陈老师真的满腹经纶啊,7076.15,1753459112,e3470321
1898957673719325184,有些弹幕是觉得说坏的才是真吗？坏的好的都是,6994.673,1753464595,6b40ebca
1899330667008161024,已经是东北人的模样了,6896.769,1753509059,8ed82815
1899443844664460800,中俄CP,6903.562,1753522551,e4d84d7d
1899524549423779584,太深了！,7053.949,1753532172,3820b86
1899609802536100352,萨沙太像中国人了,6868.96,1753542334,64c6b79c
1899623826770786560,一点都不过好吗，现在的时代背景下世界是否能和平确实要看中国,7192.147,1753544006,bc31ead9
1899647684927755520,前面的想说啥啊，陈超咋样了？不要引战可以吗,6952.723,1753546850,d5bc7b78
1900087323199353344,哪里过了？自己去了解一下我们在国际事务上做出的贡献，不要这么自卑,7189.371,1753599259,422009b7
1900214028308531712,古代也有疆域图吧 也是有地理分界线的,7038.06,1753614364,b927edf8
1900303293918964224,老王又动感情了,7179.652,1753625005,68efaa5c
1900974547218661632,中国真的格局太大了,7161.167,1753705025,62699b20
1901012750474195456,萨沙就是中国小伙啦 ,6871.084,1753709579,9265523d
1901040459380750080,天下大同！！！世界和平！！！,7183.616,1753712882,1b6940fa
1901066877699254528,近代史 是一个伤痛,7072.148,1753716031,539dfda8
1901118523019670016,互利互惠嘛，有何不可,7108.686,1753722188,18259142
1901639283426035968,我的弹幕呢,7003.772,1753784267,4d2041c5
1902755038712239872,萨沙说的已经得到了国人大会演讲的精华,7009.141,1753917276,3f3063c2
1903662376340233216,陈老师讲得太好了 ,7199.012,1754025439,2e93938c
1903701780291417856,夸得我都绷不住了,6921.694,1754030136,b7a9b2eb
1903776104272515072,中国自古并没有国境线的概念都是以势力范围划定大概的区域，真正接触到把国境化为一条线的应该是清朝的尼布楚条约,7040.655,1754038996,b9df69aa
1903804183300627712,中国是文明型国家,7009.325,1754042344,1ddd0afb
1904413756096572672,会长眼眶红了,7182.497,1754115010,21f73640
1904600175142915328,萨沙这段话 好,6931.724,1754137233,3e5e834
1904602111367773184,哈哈哈,7116.424,1754137464,3e5e834
1905340308922234368,speed不是来了吗？,6912.659,1754225464,2eb47862
1905890199146212096,天下大同！,7147.37,1754291016,7becfa2e
1906120801997426176,倒着说中文笑鼠我了,6883.518,1754318506,712b33d4
1906866720434670336,他爸爸混血,6884.042,1754407427,4ad5b7c7
1907440916215114752,必须得是陈铭,7057.295,1754475876,9adcf5e9
1907441055340190464,没有陈铭可咋整！！！,7062.323,1754475893,9adcf5e9
1907927474462215424,萨沙爸爸好像是中国人,6888.991,1754533878,edceba01
1908264231959804928,不然呢 你想听到什么？,6956.994,1754574023,d8a8f583
1909738694962297344,因为我们的认同不是建立在血缘，种族之上的，是文明,6947.309,1754749793,e06a0bba
1910516879710106368,天下大同,7156.667,1754842559,4cd26c1a
1911108155258463488,愿祖国永远繁荣昌盛，愿人民安居乐业，希望真的能有老吾老以及人之老，幼吾幼以及人之幼的天下大同,7199.845,1754913045,34be5d10
1911383357871574272,说得太好了,7156.072,1754945852,984e8387
1912644363784642048,这个bgm有点宏伟啊哈哈哈哈,6896.867,1755096175,aca1d8af
1912646653195192576,说得太好了！！！,7161.315,1755096448,aca1d8af
1913030470246605824,只有经历过才知道的,7176.765,1755142203,cdc7bc83
1913350480247959552,李白是吉尔吉斯斯坦那边的人,7021.62,1755180351,3302ae89
1914864527842332928,国破家亡，固定搭配，望周知。也不妨看看今天的加沙人民，里面也不乏战争前家境优渥的。,7145.64,1755360839,dfe2ddbf
1916898949210434048,萨沙太老干部。。。,6868.229,1755603361,41d23346
1916900671467390976,读人类简史就知道 国家是人类构造的概念罢了,7052.699,1755603567,41d23346
1921250021379576576,说硬夸的历史及格了吗,7002.11,1756122050,bc587f4c
1923930412557231360,但是听说意大利街上小偷特别多,6841.225,1756441577,99536495
1924986993839221504,陈铭老师口才好，说话才快，没有语言屏障,7130.674,1756567531,e498a6f4
1926357441114275328,投币了,7154.131,1756730901,9eb4a117
1939601543464800000,说的好好,6936.456,1758309722,19031c9a
1971050491086146048,感觉萨沙真的是完全融入中国了,6891.029,1762058728,9574db04
1977023081524779264,都是地球上的人类，没有哪个国家比其他高级,7161.416,1762770716,da85f3fd
1977913530325766400,萨沙已经入党了吗哈哈哈哈哈,6863.869,1762876866,aedabb3d
1985165235720048640,太纯了还是,6863.268,1763741337,55203a50
1992880039746138112,东北代表这一块,6856.653,1764661013,b087944c
2011869610512769024,看哭了,7140.057,1766924746,cc26b091
2011870073975098624,说的太好了,7150.2,1766924802,cc26b091
2026026976464848128,这一期太棒了,7064.553,1768612436,1ca31636
2027856872027209728,非常漂亮的总结,7094.328,1768830577,8f58d927
2035149943106573568,他真的说得好标准,6879.309,1769699978,ca126b
2036292303651953664,我突然意识到中国的中立也是一种和平,7197.221,1769836158,f9735bbb
2082391271548932096,包容  但是有一条你只可意会不可言传的高压红线    触碰即死亡,6946.344,1775331584,6d6f1ac6
2082391448967843072,包容  但是有一条你只可意会不可言传的高压红线  触碰即死无葬身之地,6950.611,1775331605,6d6f1ac6
,,0.0,1775683732.8000336,
lb.c,,0.0,1775683732.8000336,
,,0.0,1775683732.8000336,
1895737650661789952,下周见,7295.403,1752992285,a1639211
1895738054900420864,陈老师说的真好,7214.561,1753006171,255b01e
1895738988594434304,那挺羡慕那个厅结婚的新人了~,7250.967,1753048041,23ddeab7
1895990467888831488,哈哈哈哈哈哈,7243.15,1753110876,99272c49
1896502871931897088,精彩的节目,7207.788,1753171959,bda137c9
1896528826075226624,好看,7223.428,1753175053,6a042d86
1897388807511572224,很客观啊，这就是事实,7202.296,1753277571,d403eb94
1897967201404250624,好看好看,7214.407,1753346521,bdfa401c
1898090557780690176,哈哈哈哈哈哈哈,7364.777,1753361226,9cdf46e6
1898096271319938304,伦儿记词能力这么强啊,7425.896,1753361907,d849b843
1898122321471151616,战歌起泪目了,7222.706,1753365013,66a85677
1903097630284788992,真棒！,7232.354,1753958116,1e5860b0
1910196463095640064,可真正的世界还是弱肉强食,7214.027,1754804363,738a73b
1962554409448054016,旷野的规则是永不回头,7256.422,1761045916,9caedba
1977916378484578816,精彩！,7203.354,1762877206,aedabb3d
,,0.0,1775683732.8000336,
lb.c,,0.0,1775683732.8000336,
,,0.0,1775683732.8000336,
1895737229310398720,一日代表好漂亮！像玛丽莲梦露,36.018,1752985309,59dfb4d2
1895737236021285120,来了！,197.636,1752984891,781e03c0
1895737280388632832,来哔哩哔哩只为了非正,23.323,1752985268,882cd619
1895737340836942080,竟然没有弹幕,102.734,1752986130,7c88818c
1895737356095820032,太美了啊啊啊啊啊啊啊啊啊啊啊,129.037,1752986855,63882395
1895737381790126336,哈哈哈哈我也喜欢测试,330.419,1752986736,4f7b0147
1895737392368161024,再看一遍加长版,74.113,1752987164,6261fc3d
1895737440627822848,就等加长版了,15.67,1752988220,a8fd71fe
1895737488023458048,沉默是最好的回答,188.466,1752989859,5cde034e
1895737757213888768,濑濑晒伤妆？,296.894,1752994571,13ee2db9
1895737813862158592,天呐，杨迪好好，还帮会长解释一下,262.251,1752995588,ef576978
1895737852827242753,濑濑可爱,315.191,1752995616,1091612d
1895737914483511552,我怎么第一反应就知道他要说学历,139.779,1752996339,2775914b
1895737947308134656,果然还是斯拉夫人长在我们的审美上！,73.86,1753005031,2394c70f
1895738002018636032,哈哈哈哈哈哈哈哈哈,195.646,1753006609,bc56a2e1
1895738089553760512,加长版！终于 走起～,118.271,1753002959,ea88348b
1895738128770502912,哈哈哈 让我们说中文,233.897,1753003085,ea88348b
1895738201701060864,哈哈哈哈哈哈,178.352,1753005984,61f1cb93
1895738215382880512,来了,60.699,1753006389,bc56a2e1
1895738423277752576,怪不得,264.523,1753017327,ef8f951e
1895738450633003264,弹幕呢,94.954,1753017693,6474f847
1895738460665778432,来了,9.0,1753017972,d2eb3f6c
1895738543637500160,超超看起来很聪明的美女,286.398,1753016280,a9208369
1895738587400868096,我说会长怎么有种被夺舍的感觉呢,275.37,1753020529,fc5c5aac
1895738736936194304,罗世杰也是博士吧,170.656,1753024489,8d665d98
1895738941182021888,再听一遍哈哈哈哈哈,211.547,1753064144,91850ea9
1895739043304935680,大左你堕落了 居然问出这种问题,183.625,1753066311,c585eb07
1895739119892926720,直接看加长了,50.901,1753065450,532bb614
1895739159101280512,直奔完整版！,2.008,1753066177,df6e1fa7
1895739170954383616,高情商：还在研究中...低情商：懂得都懂,196.746,1753071998,2b09e628
1895739227485212928,想起大不溜，小不溜，哈哈哈,313.856,1753071380,42da3e49
1895739240252674304,本来就是这个议程,275.175,1753075611,9cc5a9be
1895739294963175680,让我们说中文,230.803,1753077391,7d0b1ed6
1895741767471711744,好漂亮我的吗,123.454,1753081229,35861f7e
1895878472815905536,我就说会长怎么突然那样哈哈哈哈哈哈,285.477,1753097525,e1f0140c
1895902343950621952,小姐姐有点用哈利波特的露娜,260.69,1753100371,7bf5ae5
1895913944380697088,全世界都在说中国话。,240.019,1753101754,83719079
1895923691389856000,这封面有点像火仔和托子啊,7.553,1753102916,f48e83fe
1895925654231755520,俄罗斯娜娜什么时候来,123.096,1753103150,9a5f75b6
1896126772140527360,soul说是,314.381,1753127125,757770bd
1896432713985696000,厉害了,157.364,1753163596,d844b0d7
1896548500188124672,头发好美,170.792,1753177399,7be9809b
1896549652783060480,杨迪火是有道理的 尊重人,272.254,1753177536,7be9809b
1896671118996624640,哈哈哈哈确实幸好解释了,273.442,1753192016,9cb4590f
1896702989247416832,超超很适合这个衣服的颜色哦,102.804,1753195815,3c4a8341
1896834873642632704,有俄罗斯美女啊…,35.454,1753211537,88971e98
1896836266168177664,让我们说中文,232.165,1753211703,88971e98
1897134881856050432,漂亮小姐姐～,64.387,1753247301,c76fd2
1897334937960030976,濑濑这个妆真好看,301.592,1753271149,bbeae81b
1897409888377011200,冒犯,196.202,1753280084,4dd44e23
1897435333340270848,约基奇,348.778,1753283118,182ab5fd
1897520115852190208,完蛋，没有提示我怎么看？,116.489,1753293224,28dcc9f6
1897545623813818880,这就冒犯了？弹幕真是敏感肌,201.287,1753296265,d14d0ec
1898012492027085824,赖赖的妆好可爱,336.596,1753351920,4fcac017
1898069933423117568,杨迪预判了弹幕哈哈哈哈哈,271.58,1753358768,ba542c3c
1898129671619960832,这个问题就跟 这是博士，你谈恋爱没？结婚没？一个意思,190.406,1753365889,c4640bae
1898480150421808896,来了,16.649,1753407669,6a79158e
1898575317955005440,超超好好看！,109.88,1753419014,69896d2c
1898577690152768512,花仙子从动画里跑出来了,128.022,1753419297,ae954710
1898649691060092160,西伯利亚可老大了,219.328,1753427880,2391701c
1898711585640666112,陈超这次妆发好可爱啊,102.634,1753435259,6bc89832
1898754234095442176,羌族小煞,92.976,1753440343,2c9219d7
1898798214510129920,你是菠萝的颜色,82.099,1753445586,3665527f
1898849081846541312,萨沙爸爸本身就是中国人，只是他自己从来不提,250.247,1753451650,b47738e
1898894497392836608,哈哈哈哈哈哈,177.674,1753457063,b7a9b2eb
1898943849687043840,一直是这样就得改呀，与时俱进哦,224.299,1753462947,b698ce63
1899364840469068288,这个发量绝了,134.718,1753513133,2a7b6daf
1899448788037526016,超超每期都好美呀,99.793,1753523140,d00654d8
1899516166050156032,不是第一次看 而是第一次意识到 以前太麻木了,216.063,1753531172,118b96e
1899527485797073152,笑死 中文是母语 俄语是二外,237.713,1753532522,568a8045
1899528308618886912,敏感是好事,303.526,1753532620,568a8045
1900192036414916352,一之濑这妆怎么回事,293.915,1753611742,29c7c55b
1900289648556262400,直接看加长版,0.154,1753623378,e67086c2
1900919121772592640,好漂亮,127.615,1753698417,c1f2fe77
1901083258352320512,好厉害的姐姐,153.737,1753717984,80000882
1901138676046841344,好想念松鼠啊,100.073,1753724590,be45fcd2
1901541018550427904,学霸,158.824,1753772553,92f8c01f
1901541640448327936,哈哈哈哈哈哈哈哈哈,233.0,1753772627,92f8c01f
1901557020667466240,口音重成这样吗hhhhhh,247.784,1753774461,28c7b5ab
1902390692148829184,杨迪，综艺没了你可怎么办啊,266.775,1753873842,d89f1503
1902390841935725312,这个家不能没有杨迪,269.141,1753873860,d89f1503
1903658867167214336,萨沙俄语有东北口音,222.721,1754025021,19790be1
1903884035399163392,弹幕确实很敏感（摊手）但本来每个人的敏感度确实都不太一样,210.495,1754051863,c29ddf0d
1904491649607379968,哈哈哈哈说不出来,179.099,1754124296,3e5e834
1904491705198666240,太真实了,185.705,1754124303,3e5e834
1904530408591864832,别说的是人均美女，俄罗斯人一到中年，你看什么样子,267.292,1754128916,45953387
1905824218038253568,一之濑脸咋了？？？,293.709,1754283151,7becfa2e
1906658172484245248,斯拉夫出美女,75.635,1754382566,1327ee61
1906659219936198400,俄罗斯男女比例失衡 现在男人可能更加少了,182.722,1754382691,1327ee61
1909373597710577920,杨迪真懂弹幕啊,277.498,1754706270,8dd2ba4e
1910460639663627264,陈老师在模仿一之濑,45.076,1754835855,922f6f0b
1913105683772238336,希尔顿借了这么久啊,64.327,1755151169,7c712eec
1918431810531300864,这集时长好评,75.498,1755786093,15362246
1918442564634446336,最好看的,148.186,1755787375,15362246
1933845929732174848,什么文化？能不能翻译成中文,304.009,1757623599,d7c947c1
1937313621231702528,丽莎非常漂亮又可爱，前几天在三亚看到本人，很惊艳,124.308,1758036980,ba02a15
1937929668699405312,卡尔波利,48.444,1758110419,32e2455b
1937963074376466688,好漂亮,134.143,1758114401,945a6cd2
1944416070370790912,？？？？？？,169.166,1758883658,ee18cbf2
1946034063152715520,漂亮,127.189,1759076538,eb269b47
1948170065589943552,这就是敏锐，情商和敏锐并不相关,311.502,1759331169,ffdfce2e
1953129821739839744,为啥一之濑是asuka明日香,324.492,1759922418,83b4cbbf
1954420562860454400,好喜欢她,134.846,1760076286,915cc525
1956594679777072128,别太敏感肌,205.333,1760335461,d35c8a9
1960344697746654976,萨沙爸爸是混血,212.087,1760782498,f8089327
1961200116493380096,？？？,189.014,1760884472,a187841b
1963248930037173504,故意的，节目就这样，多少年了还不懂这个套路吗,196.252,1761128710,65b78c7
1968970682843311616,哇俄罗斯美女姐姐,34.602,1761810796,269700bc
1977838097261843200,来了来了,8.955,1762867874,aedabb3d
1977839385668188416,好有才华！好漂亮！,162.561,1762868028,aedabb3d
1992655007401061120,让我们说中文,231.845,1764634187,b087944c
2002223379507534848,超今天的发型好看,289.421,1765774826,8d79c5f3
2004575798560393984,怀念以前长头发的四姐,174.74,1766055256,ffa3828d
2021928450646454528,确实不太好。。。这是啥敏感，之前男代表啥的也没问（从非正第三季开始追的）这本来就不尊重人，敏感也不是什么坏事,202.128,1768123854,6d4f31dd
,,0.0,1775683732.8000336,
lb.c,,0.0,1775683732.8000336,
,,0.0,1775683732.8000336,
1895737342925705472,严谨的德国人,476.148,1752986028,fe4eee91
1895737483040624896,大气,487.444,1752989145,193ffd61
1895737545401536768,怼脸拍，真的好看doge,689.139,1752990986,591a47e1
1895737746736517376,两位的瞳色都好好看,397.339,1752993592,2f3ca03c
1895737759118102784,梅丽莎小姐姐头发太美了，像洋娃娃,677.759,1752995462,13ee2db9
1895737805708431616,呆楞是真的  成熟了！！成熟的帅！！,611.617,1752994452,fbf64f60
1895737827443314944,那真的我们很难这样,466.779,1752995951,1091612d
1895737952785895680,花期短但是开得艳,585.749,1752998353,4eba2802
1895737970108371200,可以一个人买单，然后有空了拿小票算,428.926,1753005751,90af0186
1895737994720547072,split the bill是吗,414.975,1753003281,ea88348b
1895738146084589824,梅丽莎真的太好看了,642.72,1753009208,d93d12d4
1895738169790796032,哈哈哈哈,434.814,1753004847,2f987c3c
1895738187113271552,这个妹子好养眼啊！！,500.242,1753010552,85e3c44a
1895738250027831552,真的，我追过不少外国演员，白人很少有保养好的,603.652,1753012927,302e2cd4
1895738309293347072,男生应该说平权吧,410.11,1753014904,26cd4125
1895738312942391552,这蓝色眼睛真漂亮,701.403,1753012513,68efaa5c
1895738379505996032,小姐姐！10分好看！,681.33,1753013023,302e2cd4
1895738488926998784,听着还挺浪漫的,529.594,1753015004,26cd4125
1895738489832968448,哈哈哈哈哈,621.823,1753019961,ef8f951e
1895738508984160512,五官太美了,684.493,1753017972,8d117f15
1895738562780303616,四姐稳定发挥,422.981,1753022338,fbd7fd41
1895738589221196032,太好看了她,677.254,1753017957,8d117f15
1895738746054611200,陈铭看了一眼梅丽莎哈哈哈哈哈,590.106,1753024833,8d665d98
1895738822642602240,白人皮肤薄，再加上骨相起伏明显，没有胶原蛋白很快就垮了，黄种人只要保养得当一般四十多岁还是没问题的,615.648,1753034058,7a1afabc
1895738826291646720,严谨的德国人哈哈哈哈,462.399,1753024355,bde1c345
1895738886471520512,而且他们生很多孩子 生的女儿也多 我俄罗斯同学她有三个姐妹,706.277,1753041605,7021661
1895739008659984640,这种情况的话一般就是那个吃的多的全付了，关系好的话分别人一口吃的很正常,469.305,1753033834,7a1afabc
1895739055158038784,好问题,629.722,1753070638,bdcbba7
1895739211068707072,萨沙有几分像吉洪诺夫老爷子年轻的时候,649.648,1753071778,9e41d483
1895746442224785664,让我想到了鹊桥仙,527.913,1753081786,35861f7e
1895778905819131904,超超有点星期三的味道好喜欢,385.96,1753085656,73e93c18
1895840500003377408,哈哈哈哈哈哈哈哈哈哈哈,519.208,1753092999,ac1ed4e7
1895840530647078656,紫禁城风水养人,590.76,1753093002,c0d2264f
1895945062736117760,aa就是每个人付自己的，传到中国才变成均分,412.606,1753105463,84633020
1896015890890314496,新代表好可爱,639.956,1753113907,e871e898
1896039919974262784,哈哈哈哈,427.498,1753116771,415655f0
1896457049043406080,活泼可爱美丽，常驻！刷起来,688.508,1753166497,8cb4abb9
1896471204483626240,萨沙确实帅啊 是我喜欢的长相,657.64,1753168184,4ca66879
1896710320119313920,魂断蓝桥,514.263,1753196689,491addc9
1896934522319112192,哈哈哈，是我了,375.813,1753223416,a075ec79
1897173951436752640,一之濑这个妆造没之前的好显得臃肿突出,369.849,1753251958,6f99a845
1897176064527120128,这才是真正的AA AONE 各付各的,417.466,1753252210,6f99a845
1897249138144757248,哎呀超超好美呀这套,372.158,1753260921,d67a388
1897255003031584000,太可爱了,643.527,1753261621,290bcf14
1897330516752267008,四姐没变化，从以前就成熟,627.007,1753270622,7ea9d3d5
1897377323800974592,主要是德国比较严谨,427.117,1753276202,c76fd2
1897409726736857856,原来都是搜来的,571.539,1753280065,be125094
1897789980114699776,哈哈哈 不记得,540.606,1753325395,4227b274
1898072148510532864,高配版星悦,691.839,1753359032,2738fae5
1898073640089037312,我的男生同学也是，大学4年过去之后都不同程度发福了哈哈哈,603.928,1753359210,ba542c3c
1898583508701119488,最漂亮的不是五官吗，尤其眉眼,683.896,1753419991,ae954710
1898652758169973248,deepseek打钱,575.04,1753428246,2391701c
1898755732108109824,因为他们爱晒太阳 高油高甜 亚洲普遍相反,616.917,1753440521,636af638
1899233687024352256,法币还帅好可爱,403.744,1753497498,ad67615a
1899377441013676544,哈？,702.185,1753514635,2a7b6daf
1899524857746892032,我喜欢这种方式，不过最好点一些价位差不多或者好算的,476.688,1753532208,fbcf58ae
1899526800288205568,参考小李子,615.613,1753532440,fbcf58ae
1899527783693058816,好像俄罗斯婚礼和登记是同一天,703.421,1753532557,fbcf58ae
1899611392370790912,4,635.097,1753542524,82c776d
1899956477675331840,是晒伤妆啦,360.467,1753583661,9e6467db
1899975255272139008,这个好,400.959,1753585900,2c9403ee
1899976001933586944,那是因为西方吃饭（夹菜）的模式不一样 每个人分的很清楚,422.475,1753585989,2c9403ee
1899977800535069184,风大,542.187,1753586203,2c9403ee
1899980015152740352,测的好，就是真的好，测的不好，要相信科学,375.102,1753586467,3ad68769
1900241357915115264,怪浪漫,530.228,1753617622,5eebbb86
1900924116316678144,他也是混血吧,597.346,1753699013,c1f2fe77
1900991742497444096,老王好认真,506.845,1753707075,f6eb3d24
1900996645152891136,这个好！我喜欢这样,418.409,1753707659,59b380d7
1901491110711870976,引火烧身,657.108,1753766604,3465c430
1901544698834279680,哈哈哈哈哈哈哈,597.382,1753772992,92f8c01f
1901692904028990720,都一起吃饭的关系了感觉不用太计较吧，这是date诶,487.282,1753790660,71f360aa
1902424479079549184,是帅的啊，五官比例很好,657.34,1753877870,24d07282
1902473228065647616,我喜欢这样，感觉婚礼是给外人看的，不是给自己办的,717.867,1753883681,59b380d7
1903182158839680512,我和一位少年，漫步树林外,487.925,1753968193,a6894687
1903203390071653888,饮食问题,600.437,1753970723,5e85aa98
1903650610780700160,白人虽然不注重保养但没有容貌焦虑可以做自己就很好啊,633.202,1754024036,98decb5
1904495513727200768,这个小姐姐真的好漂亮啊 白白的,603.059,1754124757,3e5e834
1904532634147952640,堵桥来,511.379,1754129182,5bd65cde
1905080521651165952,喝酒喝的吧,597.515,1754194495,39d99fac
1905349996455302912,好喜欢去这样的，有人能懂吗,434.037,1754226619,6d90be6a
1906661267888835072,法币和一日代表眼睛一个色系,393.932,1754382935,1327ee61
1906662046133447168,这次总算到德国人震惊意大利人了,469.062,1754383027,1327ee61
1910284368769920256,因为花期短,698.558,1754814842,664d29dc
1912279399659960064,风在哪不都是一直在吹的么,542.249,1755052668,a8fe5ea9
1913210705083992832,萨沙确实帅，而且帅得很客观，这但没法否认,650.002,1755163688,d88d4d24
1913223966307712512,同事之间可以这样，朋友之间就没必要了,449.744,1755165269,96a9a0bf
1913292098959548672,萨沙确实是特别帅！,660.617,1755173391,7b914c00
1913346863013150208,这个真好,405.051,1755179920,fcf22efb
1916178758985921792,德国人哈哈哈哈,470.385,1755517508,41d23346
1921042340266008320,国外是各点各的套餐，适合aa，中国是一起吃同一盘菜，胃口不同，不适合粗暴的aa,412.351,1756097292,eea468e3
1921042881901795072,中国更难算，所以流行请客而不是aa,441.898,1756097357,eea468e3
1941566684721332736,这两个俄罗斯代表应该就是中国审美里最好看的那一类了,667.832,1758543985,e2e301a6
1944428565982548992,Dylan在写什么,388.052,1758885147,73aed9f3
1953188451575386624,确实帅,649.868,1759929407,194d9898
1960064942610599168,我29岁，孩子10岁。,709.896,1760749149,6a7c628d
1961074382902701824,啊啊啊这个音效好可爱,639.808,1760869483,c8711e27
1965454987081423872,我就这样，各算各的。跟朋友其实我也想这样，不然我感觉不太舒服,456.746,1761391692,d0b3063b
1969275411209221120,hhhhhh,585.68,1761847122,1e751c6e
1977842088578297088,严谨的德国人,480.692,1762868350,aedabb3d
1988648613126933248,妈呀，漂亮姐姐好可爱,643.948,1764156588,c847ffba
1996421042478379264,比aa更aa哈哈哈,415.493,1765083134,7177deef
2025581688474307072,亲兄弟明算账,428.978,1768559354,e5ebf93c
2066188182139764224,你也是 和前几季对比明显,589.72,1773400025,a16be46f
2068219040748953344,我喜欢这样,442.196,1773642122,f2fcfff8
,,0.0,1775683732.8000336,
lb.c,,0.0,1775683732.8000336,
,,0.0,1775683732.8000336,
1895737309572600064,哈哈比利时淡淡吐槽好搞笑啊,864.838,1752985668,47bbec08
1895737494264582400,2333333,743.492,1752989946,c76f245a
1895737546508833024,只能说世界之大无奇不有了233,828.615,1752990204,4944442d
1895737690583175424,？,788.371,1752992554,dbe23620
1895737828349284608,哈哈哈哈哈 就非要有证吗这,788.883,1752994668,fbf64f60
1895737890777305344,这么闭塞吗？,805.983,1752997401,ba65b856
1895738004753322240,比较严重的程度哈哈哈哈哈,1016.022,1753004556,94d50217
1895738144264261888,男：天王盖地虎 女：宝塔镇河妖,875.819,1753006816,47376c28
1895738162501095680,伊拉克也是什叶派国家,830.79,1753007084,43686648
1895738377685668096,对对对,886.688,1753016087,bc9fd41c
1895738640282652928,哈哈哈哈突然想起来戴卢可是不是对dating文化很懂,952.295,1753025347,fe4eee91
1895738693172826368,哈哈哈哈哈《这个华波波不一样》,729.19,1753024957,8d665d98
1895739065182425344,越压抑越开放,844.47,1753052006,65ec0af4
1895739149982863616,哈哈哈哈哈哈哈,907.322,1753065403,f7934ca3
1895769540794055680,前面俄罗斯遍地帅哥美女是真的,769.796,1753084540,4422ff62
1895824043836972544,弹幕突然收声了红红火火恍恍惚惚,734.198,1753091037,cc93cef3
1895828587920556800,这真的不是菠萝卖不出去的营销吗？,871.762,1753091579,1da0b061
1895947042497947392,第三次见面还是第三次嗯嗯？,1049.141,1753105699,c750ae38
1895949991009590528,宗教警察吗？,776.638,1753106051,9e41d483
1895971024152074240,中国人的经商天赋哈哈哈哈哈,917.26,1753108558,5a31e3ac
1896425506115668224,村？哈哈哈哈,953.332,1753162737,42570b8b
1896427127877063168,招展笑死我了,743.277,1753162930,9ec95bfa
1896494509345332736,开放啊,1029.735,1753170963,6a042d86
1896637560244685568,充话费式的结婚,813.804,1753188016,89807551
1896692754986387712,哈哈哈哈哈哈,983.273,1753194595,eac1fc5d
1896706299065560320,老王的眼神在冒星星,838.313,1753196210,d8e5f363
1896713955582526208,天逊尼派和什叶派，想到追风筝的人了,829.491,1753197123,491addc9
1896841388705377280,这跟我们这的警察查房有点像…哈哈,805.028,1753212314,88971e98
1896937991939779840,？？？？,786.906,1753223830,a075ec79
1897123754787030016,哈哈哈哈哈哈哈哈哈哈哈哈哈哈,1020.411,1753245974,45654410
1897176574395630080,来了，直接加长版,974.739,1753252271,d9749c34
1897380653918993152,哈哈哈哈～lady first～,753.071,1753276599,c76fd2
1897380942050808832,短期啦～长期啦～,765.871,1753276634,c76fd2
1897383124666121728,哈哈哈～A到Z～,976.347,1753276894,c76fd2
1897383569446710784,比较严重的程度～红红火火恍恍惚惚～,1015.942,1753276947,c76fd2
1897383907826628352,姐妹们～,1052.127,1753276987,c76fd2
1897551369599046400,可以鼓掌了,1016.475,1753296950,d14d0ec
1897727145607336704,搞对象笑死我了,941.281,1753317904,68db616f
1897898291362938112,YOYO,769.419,1753338306,3dc677eb
1898076736198329856,哈哈哈哈哈哈四姐,967.648,1753359579,ba542c3c
1898220515982619136,哈哈哈哈什么时候看到这个lady first才不会笑啊哈哈,749.918,1753376719,e8cc9494
1898515580160908800,真就体验卡,785.517,1753411893,a18ccce
1898531542490707712,太好笑了hhhhhh,995.742,1753413796,8020f1b7
1898584831534084096,感觉和苏格兰那种男女校联谊会挺像啊,958.956,1753420148,ae954710
1899333614798306816,哈哈哈哈哈哈哈哈,890.75,1753509410,48caf715
1899493708169050112,这是真的 ,810.963,1753528495,49612456
1899558765339352320,哈哈哈哈哈哈哈哈哈哈，有点太诚实了哈,1041.266,1753536250,37dfb466
1899559089802601216,雷妹妹～,1054.905,1753536289,37dfb466
1899632198056381952,华波波很可爱,860.822,1753545004,ddcb952e
1899690611263457024,这个是真的，我伊朗朋友们都证实了,809.166,1753551968,881ef171
1899980184409419520,我还记得诶,767.393,1753586487,2c9403ee
1899980554649404160,救命,801.518,1753586532,2c9403ee
1900176913918403840,老王。我喜欢的,836.184,1753609939,d7c68202
1900207702098475264,什叶派和逊尼派能坐到一起聊天也只有非正式会谈。,831.444,1753613610,253cfa97
1900855482026004736,挖坑了开始，准备回家跪搓衣板了卢可,963.641,1753690831,18259142
1900982139454146048,以前就说过啦,795.933,1753705930,1606bf27
1901030304811390976,真敢问啊大左,1041.459,1753711672,bba3e7b3
1901030501683674368,特殊类的hhhh,1063.512,1753711695,bba3e7b3
1902475393005930752,认真，不是严肃,1021.238,1753883939,59b380d7
1903582328761517312,讽刺的不是波波是国情,851.615,1754015897,1ddd0afb
1904394075097533952,哈尼克孜,728.514,1754112664,712639ae
1904496876288851456,哈哈哈,729.753,1754124919,3e5e834
1904516940261635328,哈哈 被说中p图了,897.961,1754127311,357dee8e
1905292868248203776,哈哈哈哈哈温州人也是站起来了,922.793,1754219809,94dc5d7b
1907465783345827584,大左池州人，差一个字,930.583,1754478840,e06a0bba
1909633575939544320,哈哈哈哈扬扬补刀,729.343,1754737261,d7fb52ee
1909637115907104000,哦～,1068.756,1754737683,d7fb52ee
1910217713125871872,不愧是北欧,991.337,1754806896,7419d9b6
1910285333971808000,开放式保守,800.19,1754814957,664d29dc
1916182003120834304,好神。。。,800.571,1755517895,41d23346
1918092995408932352,买菠萝是吧哈哈哈哈哈,841.599,1755745703,cae536f2
1919839034780907008,哈哈哈哈哈哈哈哈哈哈,1016.446,1755953847,b9f358ce
1920303224746295040,BGM怎么这么燃？,900.242,1756009183,99536495
1929266071559254528,比较严重哈哈哈哈哈哈哈哈,1020.019,1757077637,467053b4
1932278720392444672,严重哈哈哈哈哈哈哈哈,1008.878,1757436773,52ac390e
1933442446847667968,华波波像非正的逗号，哈哈哈,734.125,1757575500,df58247e
1939900940560154624,搞对象哈哈哈哈哈哈,944.041,1758345412,add21500
1941083294070661888,熟悉的音效又回来咯,760.233,1758486360,50b86bf5
1961012560908661760,肯定有,975.077,1760862114,bfa2ee3f
1969395654430585856,大家都知道的话还叫暗示嘛哈哈哈哈哈哈哈,861.564,1761861456,7ed3ebc
1969396057905913344,华波波每次发言都特别有梗 综艺里缺不了这样的角色,868.073,1761861504,7ed3ebc
1977846831144786688,哈哈哈哈哈哈哈哈哈哈,1044.084,1762868915,aedabb3d
2024171551549188864,！！！,787.638,1768391252,6151813e
2026922242222668544,米兰的男模大部分超级无敌穷,1070.323,1768719160,aef87158
2059722213967966208,啊？,1009.869,1772629221,75a3ab51
2059722648640373248,stop 哈哈哈,1044.827,1772629273,75a3ab51
2068224214867537408,感觉这样离婚率好高,1056.652,1773642739,f2fcfff8
,,0.0,1775683732.8000336,
lb.c,,0.0,1775683732.8000336,
,,0.0,1775683732.8000336,
1895737366690631936,被杨迪笑死，哈哈哈哈哈,1112.633,1752986394,eb069b0d
1895737511729664256,婆婆选好了，双方家长见面一次就订婚了？？这么快，和父母之命有啥区别,1166.095,1752990929,5866b398
1895737822007496960,保持神秘感么,1177.151,1752996054,13ee2db9
1895737846460289280,想起唐大哥开车尾随着送老婆哈哈哈哈哈,1216.937,1752995154,fbf64f60
1895737857038323968,陈老师还是会  doge,1334.87,1752995706,fbf64f60
1895737911757213952,哈哈哈哈他吓死我了,1277.525,1752996969,1091612d
1895737960989954304,哈哈哈哈哈哈,1249.715,1753005457,81e32263
1895738084084388096,那怪不得有些时候会吃西餐，因为这样不能玩手机，就会被迫了解对方哈哈哈哈哈哈哈哈哈哈哈,1364.499,1753010046,4e76690
1895738115080294656,说得我都心动了,1313.062,1753001868,755ab053
1895738130582442240,阿雷是真的在为姐妹们考虑啊！,1091.08,1753006285,2394c70f
1895738138786500864,打羽毛球！双打！,1265.968,1753011691,3820b86
1895738178909212928,四姐好喜欢陈老师感觉哈哈哈,1293.779,1753005068,34ea35bf
1895738260974964992,好像伦和四姐都没说？,1306.348,1753009512,e9983320
1895738350330417408,那岂不是完全不了解彼此,1188.238,1753015487,7e01a787
1895738449718644992,还是不一样，父母之命很多面都没见过,1191.878,1753016191,eabe6363
1895738783434248448,知道的不少,1094.625,1753026745,1952548b
1895738787083292928,《再见XX》那段时间的经历给陈老师整工伤了,1245.564,1753025428,8d665d98
1895739087068303616,难怪爱密室剧本杀呢,1281.948,1753071847,a05ec9c0
1895739136301043968,我喜欢看电影，因为不想交流,1267.296,1753063459,3e15afd5
1895739137215402240,赶鸭子上架,1347.576,1753073156,2b09e628
1895739334171529472,有点难评,1318.96,1753077674,6d52a3e9
1895842592684773632,老王好搞笑,1207.55,1753093248,a384683a
1895888808210444032,跟古代似的,1200.836,1753098757,80d76961
1895902850890865152,…男方视角吧，感觉作为女生并不喜欢,1329.906,1753100431,e1f0140c
1895907698449826816,唐小强好像也是这样认识老婆,1154.003,1753101009,7bf5ae5
1895953890084972544,得有个电灯泡,1201.966,1753106516,9e41d483
1895962814724877312,那大家性格都还没合得来咋办,1185.106,1753107580,70be7902
1895975507275771648,杨迪这个上热搜了哈哈哈,1108.05,1753109093,ab62fb5b
1895988325479763456,去逛宜家,1339.945,1753110621,24b0ce4c
1896001397800507136,真的，太套路了,1348.596,1753112179,b7453a45
1896033498947616256,我服了华波波了哈哈哈哈哈哈哈太搞了,1272.126,1753116006,11d561a5
1896422520862296576,陈老师说的前提是两人暧昧期只是临门一脚而已,1358.888,1753162381,2aa70d44
1896426994623953152,好古老的相亲模式hhh,1133.837,1753162914,42570b8b
1896548231191151360,爱情保安,1196.722,1753177367,445a39f6
1897115090000851712,经典来了,1111.63,1753244942,e0632c99
1897117071960705280,人家举例，只是解释吊桥效应,1318.362,1753245178,e0632c99
1897186435279557632,吃完再喝一点 酒壮怂人胆,1334.617,1753253447,6f99a845
1897384505070132992,红红火火恍恍惚惚,1112.117,1753277058,c76fd2
1897392014317188864,陈超好美好美！！！,1426.702,1753277954,dc39d7d8
1897729822839930624,世界的参差，有趣,1233.017,1753318223,68db616f
1897855084101036544,来自游牧的习俗,1150.008,1753333156,5e6db3f9
1898585785360270080,母单：别碰我的拼图！！,1322.878,1753420262,d5851018
1898586013228955136,非诚勿扰哈哈哈,1245.808,1753420289,ae954710
1898765709031333376,哈哈哈哈哈哈哈哈哈哈哈哈哈哈哈哈哈,1275.348,1753441711,da4a6923
1898851449120022784,真的好合适啊,1430.582,1753451932,85cd1b5c
1899312175110448384,伦儿呢,1370.097,1753506855,7b9475a0
1899329727408561920,\,1359.942,1753508947,4a475a07
1899340591771536128,对对对,1347.304,1753510242,48caf715
1899531646009486080,哈哈哈哈哈哈哈哈,1119.064,1753533017,fbcf58ae
1899651269212594688,做ai算不算呀,1266.478,1753547278,395ce43e
1899780832588526592,想到阿拉丁,1168.616,1753562723,fdcf0543
1899876594664020224,二十年前，唉，可怜的伊拉克人,1125.95,1753574139,51a708fa
1900212638299047936,在说什么？？？。？,1322.045,1753614198,75f02d2b
1900722697047418624,毫无违和感,1415.779,1753675002,29c7c55b
1901576106294143488,短期太奇葩了,1240.402,1753776736,92f8c01f
1902428555867433472,哈哈哈哈哈哈哈哈哈哈哈,1118.455,1753878356,24d07282
1902447002861027584,哇哦,1434.024,1753880555,623dd44
1906668414924016896,中东保守很多了,1144.039,1754383787,1327ee61
1907251422123737856,又到了羞耻小游戏环节哈哈哈哈哈,1398.192,1754453287,654346f5
1907263650541381888,小手段其实是感情蛮好的调剂，但不能没有真心，完全带着戏耍的心态去对待这段感情,1349.382,1754454744,952047f4
1910146676505643008,我要随时看华波波表现,1317.301,1754798428,738a73b
1910248152247194112,波波好可爱啊,1281.79,1754810525,edd6e64f
1911636225866354432,大左嘴替,1348.514,1754975996,954b058c
1911638478308513280,会长太懂女孩儿了哈哈哈,1347.81,1754976264,67c7bc24
1915402208338718720,卢可感觉又风流又老实,1084.624,1755424936,ef46f1d4
1916203344989683968,哈哈哈哈哈哈哈哈哈哈,1329.324,1755520439,d775399
1916742088792471552,牛蛙,1362.372,1755584662,613512da
1925311132990941184,逛宜家 看着那些温馨的家具 很容易构想两个人的未来,1337.444,1756606172,df324538
1929268457724077056,哈哈哈哈哈哈哈哈哈哈,1275.517,1757077922,467053b4
1937975455273985792,哈哈哈哈哈哈哈哈,1106.973,1758115877,945a6cd2
1943658342291830528,希尔顿环境真好,1399.929,1758793330,67fd89f
1953022555216956416,华波波哈哈哈哈哈哈哈哈哈哈哈哈哈哈哈哈,1282.728,1759909631,6e0df0f6
1958150579830921472,太功利性了,1332.809,1760520939,b2d06e53
1969280974567563776,梅丽莎真的好漂亮天哪,1208.194,1761847785,1e751c6e
1988656174098097408,小强也说过类似的，不敢多跟未婚妻见面，都是开车去接她然后远远停在家门口,1175.521,1764157489,c847ffba
1990319103688432128,妈妈结婚的时候？,1147.433,1764355726,d584df77
1995218600776512512,这眼罩好，能不能打包给酷滕送去,1420.12,1764939791,1dcdda72
2003692298001184000,我想要逛海洋公园的时候，他悄悄塞给我一个戒指,1341.086,1765949935,989ff3be
,,0.0,1775683732.8000336,
lb.c,,0.0,1775683732.8000336,
,,0.0,1775683732.8000336,
1895737232665841920,说了什么,1594.545,1752985968,8d60efce
1895737282477396224,哈哈哈哈哈哈哈老王搂住,1716.563,1752986236,f69ff094
1895737326240764160,老王：和我有什么关系,1743.272,1752986542,f69ff094
1895737564225573120,哈哈哈哈哈哈哈哈哈哈哈哈哈哈哈,1663.052,1752991877,a4557f7c
1895737579727720704,哈哈哈哈哈哈哈哈哈哈哈哈哈,1636.993,1752990432,534bf33e
1895737602217578752,吊桥效应,1656.035,1752993518,e967e3fc
1895737608274153728,这里为啥不放正片很好笑啊,1789.469,1752990046,1549437e
1895737615337361664,安全,1603.757,1752991580,6cf1571
1895737656718364928,哈哈哈哈哈哈哈哈这个眼罩哈哈哈哈哈哈,1749.409,1752991974,a4557f7c
1895737658731630848,哈哈哈哈哈哈哈哈哈哈,1497.584,1752991702,a4557f7c
1895737668823126272,哈哈哈哈哈哈哈哈哈哈,1545.58,1752991754,a4557f7c
1895737706764800256,看热闹不嫌事大哈哈哈哈,1701.323,1752994786,e868d6e6
1895737718181695744,笑不活了哈哈哈,1671.507,1752992796,4ae1ebd8
1895737814768128256,哈哈哈哈,1782.453,1752994589,b594b266
1895737824725405952,老王：我尽力了啊,1754.151,1752997563,1091612d
1895737939104076032,哈哈哈哈哈,1709.189,1752997498,1091612d
1895738000198308096,哈哈哈哈哈哈哈哈哈哈,1628.753,1753004360,71c28bd0
1895738021169828096,哈哈哈哈卧槽杨迪哈哈哈,1492.948,1753000323,6cdd056d
1895738075871940864,贴贴好可爱,1567.309,1753002223,2f1c4333
1895738098672177408,原来加长版加在这里,1699.212,1753003076,5465c709
1895738121464025344,哈哈哈哈哈哈哈哈哈哈,1656.539,1753006018,81e32263
1895738373122265344,波波刚刚说话好像老王的口音哈哈哈,1796.676,1753015888,5404f33
1895738395922501888,米可！！！！,1494.288,1753016707,d89d8cbd
1895738397742829824,米可，危，速回！,1492.03,1753013682,6ee65ea5
1895738456102375680,四姐说了啥！,1582.96,1753017881,f81c7508
1895738627515191552,牛,1558.58,1753021306,7d9f8a33
1895738699556557056,讲什么！哈哈哈哈哈哈,1774.953,1753027907,516113ea
1895738810789499136,非直男会谈,1748.073,1753027865,516113ea
1895738985868136704,怪不得没放到正片,1789.951,1753031556,b92fb27d
1895739133566357760,哈哈哈哈哈哈哈哈哈哈,1762.617,1753066553,f7934ca3
1895739144513491200,拦精灵,1581.015,1753073028,f48d5c83
1895739149068505344,拦精灵,1582.704,1753073049,f48d5c83
1895739154537877760,哇,1560.601,1753066056,f7934ca3
1895739172774711552,华波波哈哈哈哈哈哈哈哈哈哈或或或或或或或,1799.497,1753066590,f7934ca3
1895739264873238784,中东组合,1693.461,1753073158,f48d5c83
1895739308636606720,华波波啥都说啊哈哈哈哈哈哈,1775.347,1753078501,5b74304e
1895739310456934656,海带也不是植物,1531.538,1753076872,9cc5a9be
1895739313200009472,？！,1776.766,1753076889,3f6b3267
1895739330522484992,果然是加长版才能看的,1781.375,1753076921,3f6b3267
1895906831025530112,口水哈哈哈哈哈哈哈哈哈哈哈哈哈,1739.304,1753100906,e1f0140c
1895940225822895104,发币好可爱,1554.87,1753104887,9a5f75b6
1895974871134098176,梅丽莎真的好可爱好漂亮,1474.056,1753109017,5a31e3ac
1895977277180010240,这一期简直好笑到爆炸,1743.416,1753109304,5a31e3ac
1896089730320659968,好萌的两个人。。,1564.681,1753122709,7388c77a
1896307287158110464,俄罗斯小姐姐好有节目效果哈哈哈,1702.016,1753148644,13ab9171
1896334982533370624,给我笑岔气了,1755.375,1753151946,708e4a48
1896396461777172992,啊啊啊啊啊啊啊啊啊啊啊啊在干嘛,1496.598,1753159274,fe4eee91
1896555342020727040,直接笑喷哈哈哈哈,1562.963,1753178214,ff3287e5
1896610434808184320,伦想说毛肚吧 因为他那面是有颗粒的,1620.755,1753184782,c89ae7d7
1896662305044209920,每次会长都害怕的掉了,1527.119,1753190965,273d9554
1897190863994496256,这个太好猜了,1574.051,1753253975,6f99a845
1897283620088294144,美国内战,1568.439,1753265032,9c211b2d
1897402826846586880,这能播吗华波波,1775.465,1753279242,3c4a8341
1897475776413565696,我不行了哈哈哈哈哈哈,1768.852,1753287939,9cdf46e6
1897754977691536640,杨迪真的鬼点子一箩筐,1641.181,1753321222,ecd0b892
1897864109346135552,小姐姐气氛组的～,1695.088,1753334232,c76fd2
1898059525744480512,哈哈哈哈哈哈哈哈哈,1472.659,1753357527,60ea1822
1898060394963528192,为啥不让佛罗伦萨上啊,1576.261,1753357631,60ea1822
1898130261355317248,哈哈老王想说暴雨,1538.209,1753365959,a725bfc4
1898587923558453760,杨迪直接尝出来了哈哈哈哈,1542.474,1753420517,ae954710
1898588979633806848,哈哈哈哈哈这段Dylan小女生的感觉太好玩了,1656.928,1753420643,ae954710
1898633274117548032,西八 笑不活了 哈哈哈哈哈哈哈哈哈哈,1782.398,1753425923,60e24333
1898657403714124288,发币好厉害,1536.51,1753428800,470dd9de
1898864820091084288,涛涛,1594.511,1753453526,e3470321
1900014385343060224,弹幕呢，怎么没有弹幕？,1474.018,1753590565,3ad68769
1900014950055944192,我都没有看清是什么东西,1520.297,1753590632,3ad68769
1900015779680882944,猜得太大胆了,1611.896,1753590731,3ad68769
1900016341843597568,看起来好想笑,1648.607,1753590798,3ad68769
1900078932972598272,哈哈哈哈哈哈哈,1776.629,1753598259,ecc35430
1900293250909070848,老王稳如泰山,1723.35,1753623808,968d7bd9
1900353048833126144,味道应该有的,1618.131,1753630936,10c54e37
1901001124350363392,发币好可爱啊,1578.257,1753708193,2c9403ee
1901002382926510592,太可爱了,1672.273,1753708343,2c9403ee
1901764467755164416,哈哈哈哈哈哈哈哈哈哈哈哈,1750.736,1753799191,ddafd2e4
1902238942640826880,这个眼罩好适合老王,1731.008,1753855752,65067beb
1902284649590899712,华波波这么钢铁直男吗没想到哈哈哈,1769.312,1753861201,f5de49c4
1902909050661155072,弹幕呢 四姐说的啥,1582.34,1753935636,2e93938c
1902910756887219968,Dylan的破碎感哈哈哈,1644.472,1753935839,2e93938c
1904506363838182400,哈哈哈哈哈,1741.394,1754126050,3e5e834
1904506528892481536,好奇怪的画面,1761.072,1754126070,3e5e834
1905000656431964672,这个眼罩我不行了,1754.1,1754184974,f5f7f31f
1905339129458194176,再靠近一点点,1456.9,1754225323,ba077aef
1905766002156188416,我嘞个豆,1448.318,1754276211,cdc7bc83
1906135497672774400,哈哈哈哈 加长版果然不一样 我再敷面膜啊  哈哈哈哈 ,1748.007,1754320258,8a4bf8c9
1906673310826237952,中东族,1687.411,1754384370,1327ee61
1906748234274702336,哈哈哈哈哈哈哈哈哈哈哈哈哈哈哈哈,1762.638,1754393302,b145d3d2
1910390807304161024,我要笑疯了哈哈哈哈哈哈哈哈,1627.006,1754827530,8815c960
1915932755691390976,这也太。。。,1487.198,1755488182,51f2909e
1915934066629406464,哈哈哈哈哈哈哈哈哈哈哈哈哈,1643.477,1755488338,51f2909e
1915934230198990336,哈哈哈哈哈哈哈哈哈哈哈哈哈,1663.022,1755488358,51f2909e
1915934679484266240,哈哈哈哈哈哈哈哈哈哈,1716.53,1755488411,51f2909e
1915934832542999808,哈哈哈哈哈哈哈哈哈哈哈哈哈哈哈哈哈,1734.857,1755488430,51f2909e
1920310407324203776,两伊贴贴,1684.752,1756010039,99536495
1921056005467708160,可爱的发币,1554.389,1756098921,912b4cef
1921058110144466944,哈哈哈哈笑得肚子疼,1664.435,1756099172,912b4cef
1930616796109848576,哎呀,1498.221,1757238656,8f57e35c
1938813363061097472,一个奖励杨迪的游戏,1634.819,1758215763,c1c7a66
1942229667884861184,笑得我肚子疼,1783.88,1758623018,b85033c1
1952519966591265280,每次都没接住哈哈哈,1520.245,1759849718,3d553d69
1962432760279010816,我真不行了了太搞笑了哈哈哈哈,1734.276,1761031415,54f7b9d0
1967644616455633664,哈哈哈哈，这个女孩子好可爱，又害怕又好奇哈哈哈,1476.902,1761652716,eb09f285
1968988588058839552,hhhh小姐姐演员的诞生,1698.466,1761812930,269700bc
1970989897527898112,对吗？,1782.473,1762051505,9d717ee2
1981226523604447232,哈哈哈哈哈哈哈哈哈哈哈哈,1648.361,1763271806,1a09d87c
1988660542331797248,四姐说了“安全T”吗,1582.049,1764158010,c847ffba
2000956881128648192,笑得我肚子疼,1562.666,1765623848,e8b22811
2072032170285543936,大左这里为什么吓得抖了一下哈哈哈哈哈哈,1649.79,1774096682,f82fb2da
,,0.0,1775683732.8000336,
lb.c,,0.0,1775683732.8000336,
,,0.0,1775683732.8000336,
1895737421099143424,是隔壁陈鸣飞写的吧？,1945.554,1752987539,25b5c0fd
1895737422600704256,笑死哈哈哈哈哈哈哈,1861.726,1752987442,eb069b0d
1895737448110461184,不容易,1967.315,1752987565,25b5c0fd
1895737537650462976,笑死哈哈哈哈哈哈玩呢,1864.313,1752989866,adb42c8
1895737540972351744,玩儿呢,1860.902,1752989950,aaf3f032
1895737543203721472,哈哈哈,1815.18,1752989891,aaf3f032
1895737661759918336,哈哈哈哈哈哈,1802.631,1752992030,a4557f7c
1895737678914621696,但是体力劳动可以被机器替代，和ai有微妙区别,1970.153,1752991856,5866b398
1895737721998512384,哈哈哈哈哈,1864.31,1752993989,f3d0b903
1895737806614401280,AI能归纳总结现有信息，但无法创新,1995.774,1752997135,13ee2db9
1895737953691865344,工业创作可以，纯艺术不好说,1978.137,1753000003,8e57c960
1895738031194214656,20元手续费省下来了(ಡωಡ)hiahiahia,1903.052,1753004359,39499903
1895738391359099136,我家也有这个碗,1838.498,1753016417,c2e21b9d
1895738396828471552,妈呀陈超好厉害,1945.204,1753016803,cd8ee3cd
1895738416894021888,100块，哈哈哈,1895.824,1753017896,a9208369
1895738540927979776,超超好甜,1939.237,1753019045,8d117f15
1895738575547764992,有胡子应该感受不到吧,1808.657,1753017627,af72eec3
1895738673107276032,不是地铁卡了么,1892.499,1753022773,9c94b6bb
1895738779793592576,ai是用三推一，人脑是举一反三，本质区别,2024.616,1753029280,f9656259
1895738857295941888,玩儿呢，我一个广东人说不出的儿化音,1868.306,1753032504,9ef562ec
1895738900144951552,我觉得体现人情感的东西最不应该被取代，我是看小说的，如果我看的小说都是ai跑的我会死,1994.923,1753053765,5dbe0dac
1895738918381785344,不一样，至少现在的ai没有人脑会抽风（bushi）,2030.729,1753060518,d1e240cc
1895738950300438784,哈哈哈哈哈感情是在玩儿我们呢,1867.398,1753065521,91850ea9
1895738973092286720,聪明的人才看得到（,1851.057,1753066879,532bb614
1895739025076490496,上次还在说地铁卡扣费不好，立马就改转账了，真的听劝,1909.288,1753064244,3e15afd5
1895739121713254656,陈鸣飞的那个刚看完节目吧哈哈,1956.389,1753072388,df6e1fa7
1895739304081592576,哈哈哈哈太像了,1944.846,1753074038,f48d5c83
1895797243433331456,我去,1891.668,1753087842,35861f7e
1895797705813389056,当然不是,1970.665,1753087897,35861f7e
1895872207323318272,ai的数据库全是人给的,2052.858,1753096778,9f5269ce
1895957325815673088,口条真好,2151.186,1753106925,42cad9e5
1895973581704601344,老王好可爱,1844.968,1753108863,692c8ed6
1895992999780010752,华波波也算猜对了,1803.433,1753111178,24b0ce4c
1896092358488199936,我服了怎么这么好笑，老王真的穿了个香蕉牛奶。。,1821.385,1753123022,7388c77a
1896403149620117248,首彩回来打钱！！！,1815.544,1753160072,fe4eee91
1896658760060214528,老金主啊哈哈哈哈哈哈哈哈,1821.352,1753190543,abb3bea8
1896690759756227584,那是服务器和算力限制而已,2125.293,1753194357,b927edf8
1897017590325956608,刘慈欣的诗云,2043.276,1753233319,78c4204e
1897149153428556800,并不会被取代，就那ai原理来说，他是学习的技术，要是没有真人的作品投喂他，而是ai直接互相学习，最后肯定会失去人类所能体会的美感,2017.769,1753249002,af7c4445
1897160788939608064,AI取代不了大师，但能取代普通人，但我们大部分都是普通人,2028.594,1753250389,b0fb79b9
1897196044832664832,不会的 AI没有灵感只是个参考文献的价值,1999.815,1753254592,6f99a845
1897230944923557632,AI确实，一眼看得出AI,2056.543,1753258753,c05066cc
1897282352929849856,您,1876.848,1753264881,290bcf14
1897313971196141824,68+6+,2070.556,1753268650,676c84ca
1897315932888971776,只能模仿，不能取代,2003.459,1753268884,90b41f69
1897321705291076352,我觉得同意的人说的不是高端审美的艺术，他们说的是快时代创作,2090.686,1753269572,55d83f10
1897326315100134656,太厉害了哈哈哈哈哈,1950.759,1753270122,45654410
1897355364035362560,顶级的取代不了，中间底层会被取代,2092.654,1753273584,7ea9d3d5
1897404209155208704,自从知道地铁卡退费事件之后就换成转账了吗,1896.51,1753279407,3c4a8341
1897472786134957568,陈鸣飞投的吧,1948.859,1753287582,20c78ca8
1897763556578141440,这AI卡壳,1962.905,1753322245,28dcc9f6
1897865698693655296,《精彩葡萄酒》,1811.436,1753334421,c76fd2
1897865887454275072,能用的,1823.216,1753334444,c76fd2
1897975346582936832,画家的画有人买，AI的画呢？我觉得人类不会给AI的画赋予价值,2087.338,1753347492,ace2f97d
1898153206907890944,他俩节目效果已经出来了，拿到奖品不过分,1887.829,1753368695,44f44cf9
1898155156404016128,现在ai训练出的图基本都是侵权的，还不知吃了多少有商业版权的图,1990.896,1753368927,c4640bae
1898227304531014400,陈超超陈超超陈超超～,1935.987,1753377528,e8cc9494
1898497181946647040,华波波太搞笑了hhhhhh,1828.307,1753409700,6a79158e
1898589823536064768,那个脱口秀的哥们吗,1965.639,1753420744,ae954710
1898617694602120704,100元哈哈哈哈哈哈哈哈,1897.022,1753424066,25a98a6b
1898762572212570112,哇厉害了,1941.185,1753441337,eeae67ec
1898770444551886848,哈哈哈哈哈哈哈哈哈,1812.799,1753442275,da4a6923
1899295846349428736,深度学习型会成长,2061.503,1753504908,2233a413
1899311810357134336,陈超超超超哈哈哈哈,1937.372,1753506811,8020f1b7
1899619007338927616,可以的,2140.384,1753543432,f6a66d6c
1899619192483758592,辛苦阿雷了 这么一大段  我都要背半天,2145.64,1753543454,f6a66d6c
1900289831134223104,好丝滑,2143.5,1753623400,6908d584
1900727826387780608,直接转账了，不是地铁卡了,1890.432,1753675613,29c7c55b
1900864257726569216,奇马蓝,2054.335,1753691877,75f02d2b
1900992991485978112,好的画家并不会,1994.973,1753707223,1606bf27
1903906590856424448,对，所以对资本来说是好工具,2119.356,1754054552,c29ddf0d
1905365491481060352,首彩葡萄酒～味道不一样～,1814.065,1754228466,ba4142a8
1905383944120050688,ai i不会创造需求，只会解决人类的需求。,2031.372,1754230666,2ad516b
1906676777745390080,阿雷服装好潮哈,2100.595,1754384784,1327ee61
1907503470140018176,作家，和画家不会。但从事写作行业和设计行业的可能会受到影响，纯商业的会受影响,2014.591,1754483333,f5dd2f0d
1907711567622271232,一个画家的画上千或者上万我都觉得值得，但ai产的图最多一块钱,2110.855,1754508140,b59d3043
1909643331546811648,哈哈哈哈哈哈哈,1802.537,1754738424,d7fb52ee
1913366840508620800,有一只萨摩耶就叫陈超超哈哈哈哈哈,1930.9,1755182301,b30a9c4b
1915224874843617536,前面的萨摩耶的别走,1937.599,1755403796,32f67cc0
1915935882930912000,哈哈哈哈哈哈哈哈哈哈哈哈哈哈哈哈哈哈,1859.99,1755488555,51f2909e
1922480732891760896,陈鸣飞投稿,1994.089,1756268762,8dd2ba4e
1928560476044906752,ai会替代那些水平不高的人，真正的艺术家和作家是无法替代的,2055.3,1756993524,cfd3a899
1930620440054015744,现在AI技术还不成熟，以后就不知道了,2042.591,1757239091,8f57e35c
1950374312087470592,可以娱乐，但没有深度的东西,2005.631,1759593936,5ff286de
1953028710341331200,当然不会,1991.043,1759910365,6e0df0f6
1966172314316318464,好可爱啊这两个人，萌萌的,2019.752,1761477204,1ee5697
1970992051982448640,其实AI给创作圈子带来了很多好处，痛苦的是那些想不劳而获的人，AI反而将这些人筛选掉了。,1971.291,1762051762,9d717ee2
1970992805346750208,想要不被取代就得进步，人类是一直在进步的,2037.466,1762051852,9d717ee2
1980015234983286272,画手可能会，画家不会。写手可能会，作家不会。,2003.369,1763127409,916232ae
2004595551308142848,笔触这个东西AI永远做不到,2129.602,1766057611,ffa3828d
2027798215826511616,有道理哦,2053.34,1768823584,8f58d927
,,0.0,1775683732.8000336,
lb.c,,0.0,1775683732.8000336,
,,0.0,1775683732.8000336,
1895737322071625984,哇，倒过来的角度，不错,2320.614,1752985858,bc12bdcf
1895737389348262144,1000个人欸,2404.742,1752986739,1262b263
1895737464325640448,伦的观点每次都好深度,2429.52,1752988798,dd38837b
1895737568671535360,萨沙确实越来越厉害了,2188.029,1752990345,4bb6c894
1895737635520352512,AI学习能力强能模仿但是创新上暂时还做不到，给他看某个画家的画，他能模仿但是要他有自己的特殊风格还做不到,2307.016,1752992123,da8612fa
1895737675886334208,对对对,2518.778,1752992832,a4557f7c
1895737868891427072,来自四姐的认可哈哈哈哈,2383.869,1752995522,e868d6e6
1895738095023132928,其实就是说ai没有创新能力,2449.334,1753007080,fbf9b322
1895738186207301888,黄子宝宝！,2478.478,1753010860,d93d12d4
1895738219937894656,普通话越来越纯正了,2340.564,1753006552,2f987c3c
1895738308387377408,简单且周而复始的工作不会被AI取代，他们只会被机械化和自动化取代,2177.8,1753012446,da6fca28
1895738539074097408,可是这样的画家真的很少啊,2355.484,1753016161,cb47e4db
1895738633898922240,肯定是指定啊,2166.696,1753023213,691ef385
1895738659433844992,厉害,2461.836,1753022215,7d9f8a33
1895738860030628096,ai只能生产“产品”,2438.121,1753027530,9cc53f64
1895739034186518784,伦儿说的好有深度,2417.125,1753066030,91850ea9
1895739151803191552,老王说的对,2249.4,1753067040,f7934ca3
1895739188276859136,罗师杰在做捧哏,2338.921,1753070661,5268d633
1895779537472677120,很喜欢伦二这个比喻,2442.524,1753085731,3a31dcb7
1895880915561975552,说的确实好,2456.856,1753097817,db27ad6e
1895903241901117696,哈哈哈哈哈哈哈哈哈哈哈哈哈哈哈哈哈哈哈,2382.245,1753100478,4365b2b7
1895978595307183360,黄子！,2470.27,1753109461,692c8ed6
1896020644002007808,我真的我好多次都和萨沙一种选择，高度重合,2355.219,1753114473,683bd9b9
1896387667051097344,创作过程本身也很迷人的！,2197.312,1753158226,1195ac4c
1896391286534280448,我觉得最多AI的作品和人类的作品放到平等位置去欣赏，不会谁取代谁，就像人类不会只需要一个艺术家。,2329.047,1753158657,1195ac4c
1896433511490107392,伦真的每次都说的很好,2449.736,1753163691,dd1dd59f
1896446842347168256,对的。还很无厘头,2510.941,1753165280,9ec95bfa
1896478238348470528,AI没有人所具备的“灵性”，这个是根本区别。,2484.776,1753169023,130b1ee9
1896481816450316288,但那么多著名的画家，活着的时候都没见到自己画出名啊，现在这个行业，艺术还是单纯的艺术吗,2362.688,1753169449,21030a05
1896495205256114944,英专生落泪,2257.924,1753171046,272cb156
1896500684711484672,说白了AI都是把现成的 现有的知识告诉你 它无法创新 没有创造力 也不灵活,2475.575,1753171699,fc8a9b09
1897059227684406272,现在门铃还是用的那个，后面的杨紫琼没必要，前面的那个欢迎来到毛雪汪还行,2509.318,1753238282,35645b71
1897154550214244864,现在小说好多都是ai写的,2317.184,1753249646,d7cb2127
1897198418581828096,更像是Freestyle的,2163.42,1753254875,6f99a845
1897285342076082688,中东人好爱用具体的比喻 好玩,2241.494,1753265237,290bcf14
1897353535075926016,哇伦儿讲得很好,2457.048,1753273366,bbeae81b
1897433976919450368,AI可以帮你炒作 帮你买热搜 买水军 坏的也会变好,2340.159,1753282956,d844b0d7
1897838265261261568,ai创造现在最大的问题是版权，它的数据哪来的？,2329.257,1753331151,9cdf46e6
1898170337209376256,伦是有文化的,2407.645,1753370737,c4640bae
1898593071588396800,不指定的话会长和杨迪肯定会控场的，不然非正式会谈就变成非正式广告了,2170.649,1753421131,ae954710
1898594159171501824,这个点很对啊，其实观众也是作品的一部分,2314.377,1753421260,ae954710
1898594721166096128,是的，没法取代艺术先驱者，但是人类多久才会诞生一个艺术先驱者呢,2398.763,1753421327,ae954710
1898858478203265536,AI是能画出来的，但是目前AI还没有真正创新的能力,2354.986,1753452770,85cd1b5c
1899282247644146688,伦说的超好,2450.24,1753503287,c89ae7d7
1899389604638008064,这样就意味着只有大画家才能生存,2315.347,1753516085,422009b7
1899968866063992832,钟逸伦的观点好到我想记下来,2407.551,1753585138,85e961e3
1899971539840366080,是的，有时候ai出来的东西是不实际的，属于给你描述的天花乱坠但其实并不实用,2516.355,1753585457,85e961e3
1900045394068096512,萨沙是不是deepseek了,2365.82,1753594261,37dfb466
1900699314750768896,AI不抽象,2514.068,1753672214,10555ed6
1900775830246937344,完全同意伦儿的观点,2435.304,1753681336,a9930091
1900996813578880512,"很简单，好的创作,有灵感的创作不会被取代",2425.093,1753707679,1606bf27
1901031552633139456,这不兴叫哈哈哈哈,2498.047,1753711820,c35a3236
1901722114823131392,是抽象,2352.846,1753794142,5adbede8
1903867788553414144,这个议题可以看当下社会在机器大生产的时代我们总是追求手工工艺但是再看我们在什么东西上追求什么手工,2232.109,1754049926,8d3fe83f
1904376810779811584,翻译作品是再创造，当然属于文艺作品了,2280.086,1754110606,21f73640
1905336105902178560,1111,2456.232,1754224963,94dc5d7b
1905386536745115904,数据量都是过去的，像ai创造的一些画作都是基于历史风格，没有未来的风格。,2288.044,1754230975,2ad516b
1906081274615969024,制造业，，,2184.094,1754313794,6748a4fa
1907510299724980992,没错,2175.769,1754484147,f5dd2f0d
1909633496364914688,感觉好多代表还有别人不了解ai画画的原理。那真的就是裁缝大集合,2203.365,1754737252,142fcb13
1916012736815445248,有几个确实在搞艺术的，大部分只是在所谓的艺术行业里混口饭吃而已,2297.01,1755497717,272ec1ba
1919515972591515392,ai又不能原创，出来的东西都是人家已经有过的,2324.575,1755915335,d61f036d
1919765655767985408,确实,2390.9,1755945099,39b1306c
1920593694097511424,但是那么多人之中又有多少个大师呢？千里挑一。只能说大师难以被AI替代，但大多数普通人是很容易被AI替代的,2364.264,1756043809,288a6e7
1921471313504249600,哈哈哈哈哈哈哈哈哈哈哈哈哈哈哈哈哈哈哈哈哈哈哈哈哈哈哈哈,2384.908,1756148430,d0352b3
1924730497872245504,但是很多人其实也只是围着光圈内打转，只有少部分是能发出光的哇。ai无法完全取代，但是ai取代大部分工作应该是必然的,2449.995,1756536955,90bb401c
1937410966522432000,不愧是高材生,2428.936,1758048584,664fbc21
1944395634396738304,可是艺术的标准是很难说清的，尤其是超越时代审美的艺术,2372.895,1758881222,952047f4
1946596116557161472,同传不可能，比如自古以来，中国有句老话，你怎么翻译,2271.392,1759143540,24bc755
1953032408702466560,哈哈哈哈哈哈哈哈哈哈哈哈,2390.919,1759910805,6e0df0f6
1964145062028178176,哈哈哈哈哈哈哈哈，怎么我在非正还能听到黄子,2469.118,1761235537,f260f6db
1965470285503505664,但是现实中其实有一些需要创作的。工作他确实是会被AI取代，因为作为商业用途，AI的那个程度是完全够用的。这是我们一个从国内大厂离职的老师跟我们讲的。因为他们当时在做东西就已经套模板用AI。,2380.266,1761393516,d0b3063b
1965962475476472064,梅丽莎好好看,2271.709,1761452189,5c1cccf8
1968996492291897088,好啦ai取代不了伦儿,2435.324,1761813872,269700bc
1969411312866597120,如果人类不再进步 那AI还会是AI嘛,2414.221,1761863323,7ed3ebc
1985133228776545024,翻译读空气什么的感觉能训练,2278.757,1763737521,55203a50
1985134760192303360,可以训练,2518.973,1763737704,55203a50
1996728559007878656,ai应该是从1到60，而人是负责从0到1和从60到100的,2430.868,1765119792,74ba3500
2056102682372178688,ai模仿的只是形式,2363.539,1772197739,fa9ad547
2082958314446724096,AI只是提高效率的工具,2221.713,1775399180,a4d2be15
,,0.0,1775683732.8000336,
lb.c,,0.0,1775683732.8000336,
,,0.0,1775683732.8000336,
1895737410512720128,感觉这个有趣1,2795.193,1752988764,39108e46
1895738094108774656,意识,2662.0,1753003029,6653a374
1895738218117566720,我更喜欢作品独立于作者存在,2704.182,1753012025,729cd479
1895738283766812928,除非ai哪天学会了思考和不按常规，但是人类会允许这样的它们存在吗,2540.067,1753010137,10294f3d
1895738567352094976,主要是用得少了吧,2862.128,1753022489,61f1cb93
1895738632992952576,超超太美啦,2555.795,1753022069,1f0a24fa
1895738636633608448,真的很爱Dylan，每期必cue，哈哈哈,2649.068,1753021557,6e443ff5
1895738730552463616,deepseek是这样的！,2522.65,1753021395,6e443ff5
1895738777964876032,大左又困了,2711.853,1753025162,d6bfe3aa
1895738899238981888,阿雷一定很有语言天赋,2864.374,1753026188,3b5559de
1895738997712851200,加字游戏,2829.421,1753054603,5dbe0dac
1895739267607924992,西语里的人称变位和阴阳性很有意思，我，你，她，他，您，你们，我们，他们，她们，您们,2804.071,1753072834,293203a
1895850139940747008,工作报告AI的确是好帮手！,2543.657,1753094148,416bbb9a
1895921119618453248,作品和作者根本无法分割啊,2714.73,1753102609,e1f0140c
1896012893708357120,ai没有人生，但是ai有你们呐,2743.137,1753113550,698bab0d
1896065447497910528,语言环境很正常手能生巧,2876.525,1753119814,cc2734ec
1896479661995797760,Blade Runner,2645.459,1753169193,130b1ee9
1896654942690213632,中文是积木并且是榫卯结构,2830.122,1753190088,89807551
1896772345109555968,词根词缀 哈哈哈哈哈哈,2818.729,1753204083,1f9c8d2e
1897102321968798464,不知道为啥这个话题老是让我想起崩铁里的博士尊，我们强大的智识星神,2549.068,1753243419,f5a06ba5
1897196758887995392,AI代替不了艺术家，但AI能代替打工人，作为普通人的我是焦虑的,2757.811,1753254677,b0fb79b9
1897363087586601216,是的 英文是树形语言,2824.014,1753274505,84203b4
1897872503666875648,超超说得好～,2569.221,1753335232,c76fd2
1897944087584629760,来了看预告最感兴趣的话题,2788.137,1753343766,9cdf46e6
1898191646873602816,我靠，这个观点让我耳目一新,2536.947,1753373277,f0071fca
1898587064925435904,这个话题好！,2795.805,1753420415,a18ccce
1898596254410661632,ai如果把微醺状态也建模了之后可能就能复刻了，并且能随意还原,2581.86,1753421510,ae954710
1898596665712523776,确实，一个平庸的内核很精准,2640.395,1753421559,ae954710
1898861636539289344,而且目前可能觉得觉得AI的有些图或文字有灵性实际是观众自己的赋予这些东西的主观体验是观众自己的灵性不是AI的,2668.317,1753453146,85cd1b5c
1898899350840110848,是不是ai的记忆能力有上限的原因？,2636.01,1753457642,2ddb40c0
1898913616263543296,ganghood这个真的不是广东华侨带去的词吗江湖的粤语发音啊哈哈,2769.624,1753459343,e8831434
1899395980466646272,大左那个表情，哈哈哈哈哈哈,2727.784,1753516845,2a7b6daf
1899451219231916544,因为没有坚持每天都用ai跟它进行大量互动给它数据样本支撑，所以我认为每个人用的ai都不一样，我觉得我的ai还是挺像我的,2647.849,1753523430,cb8fc6d6
1899934260052788480,中华文化的包容性哈哈哈,2849.24,1753581013,ae954710
1900015569328667392,好喜欢这个话题,2795.283,1753590706,85e961e3
1900048826854286080,那人的灵魂是电子信号吗，如果是，那人有没有可能是超级精细的碳基“机器人”,2655.645,1753594670,37dfb466
1900281300003517184,西部世界的核心就类似这样的,2602.68,1753622383,cd73212b
1900285629850936576,确实起码目前的ai画作没有人画的灵气,2557.858,1753622899,21100105
1901048146860625152,这棵树的动画是ai生成的吧,2803.727,1753713798,bba3e7b3
1901659990159627264,对，写文也是太高大上了，不接地气,2520.306,1753786736,105f52db
1901679859307668992,前面的，你把ai想得太厉害了,2738.443,1753789104,8c5fa1a1
1901694474971820544,知人论世是解析作品的一个重要观点,2714.601,1753790847,bb1af361
1901807782567905536,小熊说法语的表情好可爱,2871.945,1753804354,6b233d5a
1902175987245469952,灵韵,2668.184,1753848248,3fc3c7dc
1903102126856042240,人的反应和情绪千变万化 ai需要基于data来学习复刻 但人心和思想复刻不了 因为你自己都不知道你到底会如何啊,2743.891,1753958652,95e70b5d
1903911544119548672,机械劳动（报告、PPT、标准化文案等等）确实适合AI,2552.306,1754055142,c29ddf0d
1905283396587498240,我也有这样的担心，毕竟大的发现是要在小的累积基础上的。如果这些小的方面都被ai包圆了，人类还会有大发现的灵感吗,2568.797,1754218680,1739167a
1905322044405448448,心理学本来就有灵魂,2690.41,1754223287,f73e1df3
1906144811317396224,我以前学英语的时候，也会想外国人学中文的体验是怎么样的,2818.823,1754321368,de5d2566
1906664836822229760,所以说语文考试里的阅读理解靠标准答案就很扯,2687.504,1754383360,16673124
1906696462252080384,感觉伦儿是语言限制了发言,2529.891,1754387130,64b0d079
1906886153408858112,好适合我英专生来听 ,2814.7,1754409743,937fdd57
1908206015506796288,ai不可能成为艺术家 这句话有问题吗？,2749.178,1754567083,d8a8f583
1910400646260643072,喜欢这个论题,2802.046,1754828703,8815c960
1912295074109538048,前面的也可能没有理解什么叫创作，ai可以实现艺术产出，但跟创作还是差远了的,2744.468,1755054537,a8fe5ea9
1912306335295954944,怪不得我学英语困难,2848.344,1755055879,cdc7bc83
1914618808048601600,说的好好,2678.049,1755331547,39959bed
1914619278565804800,大左看手机哈哈哈,2728.618,1755331603,39959bed
1915193156341953792,现在ai就是一个全领域博士只是专家。他只是没有真实世界的更多样样本数据,2569.108,1755400015,23dde82b
1915445346528739072,电脑病毒：我来看看怎么个事儿？,2576.487,1755430078,aa8cb2c6
1915986185612797696,“就没电了”哈哈哈哈哈哈哈哈,2591.443,1755494551,cd971f7f
1916852564402818816,江湖不是打打杀杀，江湖是人情世故wu～～～～～～,2764.246,1755597832,ebcfcea3
1919268751279502848,这只能证明如今的AI还不聪明，还不智能，难道AI技术不会变得更厉害吗？,2612.277,1755885864,8ff620f
1921321382714216960,信息熵大,2841.927,1756130557,c8faf44f
1922681235663422464,如果AI真达到这个高度，那AI就不是AI了，人类也危险了,2697.724,1756292664,bc17ebe1
1926387262783289344,人类作为个体，生命体验是有限的，而ai作为更高级的文明，或许会不会被我们想的太简单了。,2771.566,1756734456,d0244f28
1928566961126791424,他说的太绝对了，ai技术刚刚起步，未来的发展是不可预知的,2749.14,1756994297,cfd3a899
1928568074974780160,英文是孤立的好吧，中文是组合式的,2834.7,1756994430,cfd3a899
1952531056876225024,如果AI能够有自我意识和思想，AI就是人，人退为动物,2715.729,1759851040,3d553d69
1996732419327971328,中文很简单很适合其他民族学习 所以中国才会是一个多民族国家 并且从不排斥其他文化海纳百川,2835.006,1765120253,74ba3500
1999292041175421696,Ai man姐吗哈哈哈,2602.201,1765425383,e4630f95
2027802308762818304,这个观点好,2541.215,1768824072,8f58d927
2045095330529259520,这个想听很久了！,2795.731,1770885561,e6d149b0
2069023283827016448,AI可以创作，但是每个人有独属的成长经历，他创作的东西是独一无二的，所以替代不了个人,2739.673,1773737995,6b2b33d2
,,0.0,1775683732.8000336,
lb.c,,0.0,1775683732.8000336,
,,0.0,1775683732.8000336,
1895737617359016192,哈哈哈哈,3218.723,1752993544,a4557f7c
1895737713425355008,但是中文商务场合也会这样，中文也有客气和礼貌,2976.263,1752992710,5866b398
1895737727702765824,但是中文之前也这样，白话文运动时就有胡适“干不了，谢谢”“才学疏浅，恐难胜任，恕不从命”的案例,2975.656,1752993017,5866b398
1895737820195557632,哈哈哈 我第一遍也在疑问 你不是医生吗  结果发现卡在了中文上哈哈哈哈哈哈,3227.366,1752997558,fbf64f60
1895737998369591552,好喜欢伦儿讲故事,3143.561,1752999620,7b5f275c
1895738106876236032,伦的冷知识好多哈哈哈哈,3121.118,1753010691,450eca7a
1895738131496800512,英语四级准备,3180.027,1753009480,8fd891b1
1895738136966172928,德语出来说话,2889.523,1753008855,47376c28
1895738139700859136,日本文化有些过于客气了，反而成负担,2979.348,1753006769,13ee2db9
1895738374950981888,日文的语法结构太麻烦了,2947.238,1753012693,58c62de
1895738385889726720,语言环境真的非常重要,2880.638,1753014675,c0184399
1895738605637701888,哈哈哈，西语信息密度太低了,2887.48,1753021179,913778e0
1895738888291848448,和语言背后的语境文化有关的,3004.846,1753030941,5404f33
1895738956675780864,日语真的，可能是因为日本人很容易不安所以很喜欢叠甲,2968.764,1753036550,7a1afabc
1895739047859949824,伦儿个学霸知道的可真多啊,3138.994,1753066617,91850ea9
1895739281281356032,这解释也是费劲，中文六个字解决：有根源无系统。,3165.086,1753078062,1ea53aa5
1895813671943725312,说英文是因为没学过其他语言hhh,3058.228,1753089800,18de2fc4
1895885303986710784,七月八月是纪念凯撒和屋大维硬加进去的我记得,3103.283,1753098340,db27ad6e
1895963615233216000,月天~~~~,3088.264,1753107675,bb240a6
1895984463582683136,伦儿好棒！,3141.672,1753110160,692c8ed6
1896199650127027712,Medium well steak,3202.601,1753135813,74e59e26
1896307962851638528,Mayday！Mayday！,3084.608,1753148725,b748a01c
1896408715746876416,原来如此，怪不得烷烃的英文名是这样命的,3130.385,1753160735,30eb9777
1896433111504550144,月份的英文在西方文化中也算是历史文化的体现,3081.902,1753163643,a076c47d
1896450535448673792,杨迪太有意思了,2936.319,1753165720,9ec95bfa
1896482053151608320,文化语境不同,2926.889,1753169478,130b1ee9
1896482757568255488,看过日语邮件的结构 那是真含蓄啊 好像说“不”是天大的错,2948.052,1753169562,130b1ee9
1896753204394875904,店家不想给别人用，为什么还要设置自己的店名为WiFi名啊，这样每次都解释多麻烦,3049.958,1753201801,2677cf4c
1896946225677535744,是凯撒和奥古斯都加的7月和8月打乱的吧,3129.064,1753224811,a5fb62e5
1897250225970898176,而且13月 和 星期八这种说法 他们只能重新创造一个词,3115.972,1753261051,c5e94360
1897407157516052224,就像知道奶奶的礼物用俄语怎么说，真的那么长吗,2896.574,1753279759,d849b843
1898582067882162432,日本人说一个句子 一半都在委婉,2941.965,1753419819,76036370
1898588868694397440,敬语地狱,2954.96,1753420630,a18ccce
1898590585045603584,这个是历史上的语言融合因素吧,3060.517,1753420834,a18ccce
1898665512134126080,说普通话久了会忘记方言,2905.249,1753429766,b0850c04
1898850951616771840,为什么要留下殖民的痕迹,3157.268,1753451872,ef8bd67d
1898937681158312448,还有星期,3074.909,1753462211,b465622b
1899312426064304384,中文好比压缩包,2881.612,1753506884,714d1f13
1899359596045350144,哈哈哈哈京都人,2942.526,1753512508,48caf715
1899668818784674048,这是人为的，任何国家要是愿意这样，也能在表达一个简单含义时去延申自己的句子,2968.119,1753549370,395ce43e
1899936646569887488,还有星期。日语也要再背一次,3072.627,1753581297,ae954710
1900498638082942464,懂日语的可能会懂吧 真的巨长一段,2997.345,1753648292,8205cc06
1901004936989475584,其实赖赖的发言都挺有信息量挺好的,2962.898,1753708647,2c9403ee
1901005262887011072,好温柔啊,2994.395,1753708686,2c9403ee
1901007210696225280,日耳曼人,3145.006,1753708919,2c9403ee
1901007274919789824,棒棒,3148.423,1753708926,2c9403ee
1901007503156656384,原来如此,3165.412,1753708953,2c9403ee
1901007627769515776,很详尽诶 原来不知道,3169.51,1753708968,2c9403ee
1901036066467942912,唉确实会有些容易导致内耗,3036.179,1753712358,c35a3236
1901601973363943680,中文是象形文字发展来的,3076.554,1753779820,92f8c01f
1902328538762730496,反了,3049.595,1753866433,89ed58e
1902903884662556160,一个Wi-Fi都这么抠啊,3030.227,1753935020,96f86921
1903773304859711744,非常容易不安的日本人,2947.431,1754038663,5eebbb86
1904212771181454848,主谓宾主系表的顺序是一样的,3210.693,1754091051,4213efaf
1904516264131825920,正常吧,2882.476,1754127230,3e5e834
1904516761693761280,哈哈哈,2941.821,1754127290,3e5e834
1904516806791007488,晒伤妆,2947.196,1754127295,3e5e834
1904519028052442624,混了是吗,3179.667,1754127560,3e5e834
1904710780163548160,你习惯了，完全没问题,3083.008,1754150418,1606bf27
1906026731576451328,这个确实有点直接了，中式中也确实可能存在这样的,3018.666,1754307292,c8137052
1906684917807754240,英文比法文容易,3070.951,1754385754,1327ee61
1907637741270252032,呜呜呜英文里器官名词和病的名词和相应科室名词真的大部分完全不一样，太痛苦了真的完全不一样,3237.084,1754499339,ff8d4f0a
1907900244344148736,？我们大学老师都说英文天生自带逻辑……,3046.075,1754530632,21c98764
1907939231465567232,哈哈哈哈哈哈集合,3078.613,1754535280,27e7f95a
1908208058292258560,日本好累,3042.943,1754567326,d8a8f583
1908238397278553600,想委婉也可以委婉呀。只是大家觉得太装不那么说了,2986.636,1754570943,a4b37ddf
1910303699142508800,所以我总觉得他们说话烫嘴？,2905.236,1754817146,664d29dc
1910306040881807360,忍。哈哈哈哈哈哈哈哈哈哈哈,3034.062,1754817425,375127a9
1910306198109537280,濑濑刚来时候的梗,3034.062,1754817444,375127a9
1915449847520377088,动物名+肉表示某种动物的肉。这是几千年沉淀下来的智慧,3051.605,1755430615,aa8cb2c6
1915991236444326656,萨沙好搞笑哈哈哈哈哈哈哈,3217.489,1755495154,cd971f7f
1916226599335198464,donde donde,2931.706,1755523211,41d23346
1916228677268589568,wow,3173.682,1755523459,41d23346
1916315156007532032,前面的，除了没有小贝拉逻辑,3181.139,1755533768,299590f4
1916619295518292480,哈哈哈哈哈哈哈,2919.677,1755570024,51f2909e
1919962561386910208,不安,3011.16,1755968572,3bd57624
1920500537993289984,这个就是我想吐槽的，英语的日期真的好难记,3060.432,1756032704,7b3cb016
1923466522425711872,伦儿才是真正的博学学霸,3150.234,1756386277,a82a2ebb
1929348917360019200,其实中文更没有逻辑，就是你想怎么说都可以，主要就是看积累量了,3057.608,1757087513,467053b4
1932308120081196032,我第一次在国外吃牛排 说五分熟 five，服务员大问号,3201.353,1757440278,52ac390e
1938326182697830400,对对对，这个很麻烦,3032.573,1758157687,69dfa122
1944620545828698368,10个月 那年都要过错,3124.155,1758908033,1875fd96
1960152989767726848,词源太多，还要混着不统一,3101.673,1760759645,7bf5ae5
1960315171222860288,商务对话,2985.653,1760778978,99cb8cc6
1970391830956991744,英语学渣产生了一些不好的回忆……中文换个字就能表达清楚的事儿，在英语里面要挨个背单词,3201.922,1761980210,f517d2b4
1971032280625968128,这不叫逻辑，这叫历史渊源，如果英语本身有逻辑，他就该根据自己的语法规则来解释这些东西，而不是照搬别人的,3173.232,1762056557,9574db04
1986522542408234752,著名“星期八”哈哈哈哈,3064.179,1763903140,2a9d92f9
1988680519910594304,好可爱的语气啊,3211.732,1764160391,c847ffba
2015997122545654016,凯撒大帝修改了历法，十个月变成12个月,3118.741,1767416784,ae954710
2029776380103077120,都去店里吃饭了还不让用WiFi确实不厚道,3021.134,1769059400,361d239
,,0.0,1775683732.8000336,
lb.c,,0.0,1775683732.8000336,
,,0.0,1775683732.8000336,
1895737449360363776,哈哈哈这个音效,3434.307,1752989690,dd38837b
1895737554259906816,汉语自带超链接,3502.689,1752990382,7e894dc7
1895737698191642880,英文不是也有一些语气词吗,3463.7,1752993765,534bf33e
1895737702964760832,现在小孩学典故也是这样的,3515.271,1752993777,5866b398
1895737848280617216,所以他们上大学贵的要死,3301.863,1752995548,136254b6
1895737891691663616,如果目标是跟人勉强交流的话，很简单,3388.746,1752996103,7864b331
1895737902630408448,哈哈哈哈哈哈,3542.495,1752996835,e868d6e6
1895737928165331200,对啊对啊，本来就是啊，所以那些鼓吹国外如何教育平等的，本来就是扯别的，首先连语言就是不平等的门槛很高的,3270.78,1752996508,e868d6e6
1895738086819074304,感觉我和听英语一样,3398.682,1753007529,2f987c3c
1895738104141549824,我听英语听力也这样,3398.818,1753008039,fbf9b322
1895738124207100160,这里应该是well,3591.94,1753002948,90a344d5
1895738260068995328,语言浓缩ww,3415.286,1753013167,58c62de
1895738461571748096,亚洲语言普遍是这样的，主要还是大中华地区辐射,3581.0,1753014800,b345a1e6
1895738525392277760,我也发现了这个问题,3257.235,1753015917,6ee65ea5
1895738653964472576,此处BGM已经日本风格,3569.688,1753025562,226099f9
1895738823556960512,太where了哈哈哈哈哈哈,3558.444,1753026489,8ad6ba0b
1895738935712649472,我感觉老王就这几期非正下来汉语都有进步了,3428.469,1753027972,8d665d98
1895738962153541888,其实我现在在英国生活，无论是跟哪个国家的人说话，我经常回答嗯，他们都可以听懂，真的很方便很中文的表达,3471.945,1753054895,973da82
1895738991337509120,前面啊？的点在哪里？？,3505.733,1753067454,43cb6c93
1895739004096581888,我也才知道,3285.669,1753033782,d5c5e535
1895739009565954304,哈哈哈哈哈哈哈哈哈哈,3317.609,1753068397,f7934ca3
1895739326890217728,成语是超链接，所有熟语俚语和歇后语才是压缩包,3537.481,1753078668,1ea53aa5
1895809281815646464,最惨的是日本人，在这些基础上还要翻译成片假名背,3285.983,1753089277,d2fc1204
1895891365066548224,汉字自带压缩包超链接,3506.18,1753099062,1eeaccb8
1895906708459891456,哈哈哈哈哈哈哈哈哈哈哈哈,3542.014,1753100891,8223018c
1895917280982994176,弹幕呢？,3380.471,1753102152,4365b2b7
1895937886776867584,戴卢可是佛拉芒人,3461.641,1753104608,be52f108
1895945065151751424,1,3469.14,1753105464,83719079
1895974459136292096,老王这个手指的动物太萌了哈哈哈哈哈,3368.702,1753108968,c5fcbd94
1896736230398801920,迪伦想介绍哈哈哈哈哈哈,3285.135,1753199778,b9816bbd
1896738375130942976,哈哈哈哈哈哈哈哈哈哈杨迪太有梗,3552.143,1753200034,b9816bbd
1896773498131941888,不想听，不想了解医学法学这类太专业性的东西,3330.832,1753204221,b176604b
1897146857139167488,吧 吗 哦 ,3449.353,1753248729,35645b71
1897148948762767360,中文常用字2千～三千字，医学法律都能看懂（每个字）英文你得重学,3300.605,1753248978,729e3ab7
1897240958723524864,他是整形医生,3245.183,1753259946,c05066cc
1897344309032788992,HHHHH,3548.929,1753272267,e724095e
1897353674855129344,老王的汉语是靠“百家饭”成长的啊,3413.629,1753273383,d403eb94
1897959016110826496,我感觉日语表达比中文更模糊，但欧语系应该比中文清晰,3481.107,1753345545,9cdf46e6
1898037661450136320,没有语言是难的，融入当地都很容易学会,3360.179,1753354921,6ba6f998
1898147251440773632,学医的英文巨长一个单词,3249.832,1753367985,33c2f0de
1898595100549340416,yeahhh和“え？”的洗脑率也很高,3442.216,1753421373,a18ccce
1898595474438069760,好的，收到,3466.201,1753421417,a18ccce
1899889882369721088,然,3577.428,1753575723,3e3ca627
1899940569846165248,英文里的humm不就是这种意思吗,3483.17,1753581765,ae954710
1900248293867858176,看吧~,3476.886,1753618449,1bd801ae
1900268259098969856,大学学心理学法学，专外学的人想死，开卷我都累死，必须背一些，不然翻都翻不到,3309.209,1753620829,68efaa5c
1900386229888349440,害,3588.413,1753634892,33977ab
1900504034642194432,而且现在还在一直造新词 网络迭代也很快,3536.387,1753648935,8205cc06
1901038009001065984,确实，会有专业壁垒,3267.74,1753712590,c35a3236
1901043281199645696,整形医生不背专业医学词汇吧,3248.477,1753713218,ae954710
1901055028312566528,嗯 用英语的yeah 不行吗,3513.992,1753714619,bba3e7b3
1901699298253806080,哈哈哈哈哈哈哈哈哈,3555.241,1753791422,bb1af361
1902215296740708608,中文一个哦～～～能表达很多意思,3489.451,1753852934,167a1194
1902491000623422720,生物学全是拉丁语,3260.405,1753885800,59b380d7
1903115360002498048,汉文人点了,3530.814,1753960229,95e70b5d
1904402415873511680,哈哈哈哈哈哈,3438.59,1754113659,6327891d
1904520475078927360,我也想听伦儿讲历史,3336.829,1754127732,3e5e834
1904713978178131968,你会不会说重要的是环境问题，像我现在的应试教育，会看和阅读英文，写和说就很差,3417.528,1754150800,1606bf27
1904714897275852288,很多更复杂的，很多中国人也不知道,3523.445,1754150909,1606bf27
1904715420767052544,不就是看语气的吗,3577.83,1754150972,1606bf27
1906688697462662912,小姐姐英文很好好听 不是脖子右柠哈哈哈,3466.311,1754386205,1327ee61
1907359113126774016,粤语无障碍～喺！,3563.437,1754466124,d9a3acb1
1908669758451742720,还有古希腊语,3297.211,1754622365,f41917e3
1910307226334185216,让伦讲下历史,3294.697,1754817567,664d29dc
1915992112592547840,我想听伦说,3296.419,1755495258,cd971f7f
1915994372726802176,四姐reaction好棒,3542.21,1755495527,cd971f7f
1916230844314519808,语言还是要在环境中学,3421.751,1755523717,41d23346
1919282737379220480,匈牙利语也非常难,3351.111,1755887531,8ff620f
1920520378267664128,意群,3403.007,1756035069,99536495
1921097014738263808,陈铭老师说的吧,3438.683,1756103810,bc1232f7
1921950390136930304,就跟中国的好字一样，有时只是表示听到你话里的信息而已,3576.112,1756205540,91f228fb
1926835259497439744,经常看着看着觉得他们几个老外把中文说这么溜好厉害,3412.989,1756787862,b97e7a27
1938829039104673792,笑死我了，这句话谁说的？,3434.256,1758217632,c1c7a66
1996737031745336320,并非,3352.126,1765120802,74ba3500
2011293092187681536,哈哈哈和我对日语的感觉一样，，，呆了10年多 后面觉得是没有尽头的,3529.002,1766856020,1bdc989c
2012585087044033536,这个确实 日本的法律和医学基本是学习德国 舶来词也是基本用德文音译,3321.095,1767010038,83537bde
2018529617530469888,秦嗨汉诺,3562.248,1767718681,a29de8f8
2021310047682553600,是的,3262.826,1768050134,9ae24a60
2035768047671333888,法律也是一样的。中国法律也一样,3275.017,1769773662,f466f7d8
2038743529190839040,先学字，以字正音，阿拉伯人有这个意识，所以他才能学这么快，欧美人完全没有文字的概念，所以觉得中文最难,3384.196,1770128367,7966ad44
2038746329182394624,表情语言，本来也不用翻译,3590.184,1770128701,7966ad44
,,0.0,1775683732.8000336,
lb.c,,0.0,1775683732.8000336,
,,0.0,1775683732.8000336,
1895737386328363264,哈哈哈哈哈哈,3617.105,1752987469,882cd619
1895737509229859072,哈哈哈哈哈哈哈哈哈哈,3676.144,1752989498,59dfb4d2
1895737583057998080,天啊，67个字母组成,3637.073,1752989336,eb069b0d
1895737632492065024,来个短的,3853.378,1752993748,6cf1571
1895737693435302144,哈哈哈不许总结,3609.164,1752993497,6cf1571
1895737816580067584,这里字幕错了，表音文字,3890.122,1752995204,5579ad8f
1895737979226788096,这一季字幕太多错误了，怎么回事啊，中文外文都错,3896.211,1753006124,aab7b18b
1895738066770301184,日语和韩语是不是也是？只要会拼都会读，但是意思得再记,3906.105,1753001542,545954c8
1895738087733432576,哈哈哈哈哈哈哈哈哈,3845.99,1753000556,7b5f275c
1895738152468320512,哈哈哈哈哈哈哈好可爱,3651.946,1753012041,d93d12d4
1895738180737929472,巴别塔,3742.261,1753008044,a62ceb35
1895738275562754304,英文就有刚刚说的英法问题导致逻辑混乱,3943.0,1753015298,b345a1e6
1895738327530180864,日语是半拼音，保留部分中文,3886.0,1753015152,b345a1e6
1895738332093583616,象形文字就是比拼音文字要方便的,3886.0,1753015173,b345a1e6
1895738336648597760,所以传播效率很高，且没有文化断层问题，所以逻辑一直能保持,3943.0,1753015269,b345a1e6
1895738357620117760,想起之前看的用各国语言唱知否。到俄语就跟念咒一样,3849.285,1753016974,910793e9
1895738458845450496,啊啊啊最喜欢听大家聊各语言的特点！这是我当年看非正的初心,3614.056,1753016407,a354f0d2
1895738658519486720,愚者无畏也是一个压缩包呀，它不是常规的意思，俄语也可以生成一个压缩包,3826.746,1753025972,fe92a296
1895738785262964992,哈哈哈哈哈哈,3817.962,1753023551,ef8f951e
1895738933883932928,头晕了,3644.316,1753035085,13a0d4c4
1895738979476017408,确实，看小Q联合国的时候同传俄语的信息密度好低,3838.236,1753041245,cdfc31da
1895739066096783616,哈哈哈哈哈有意思,3612.271,1753067134,91850ea9
1895739104407556352,突然想起之前埃及代表穆小龙的名字也很长,3658.216,1753041498,4e76690
1895739162750324992,尼采：事情没有对错 只有视角不同,3726.186,1753073245,cb0b74b0
1895739177338114304,哈哈哈哈哈大家注意有位烫嘴的德国人要来啦,3629.774,1753067187,91850ea9
1895792428078861312,还真是,3941.511,1753087268,3a31dcb7
1895853082563739136,好漂亮啊,3705.421,1753094499,dc02669c
1895873710125642496,湖南话“搞”也有好多意思。,3601.591,1753096958,29a218df
1895907346799683328,翻译是代表自己翻译的,3697.145,1753100967,d0a706e0
1895978079743661568,decode（语言学人惊坐起,3717.032,1753109399,c5fcbd94
1896108421095192320,姐姐的专业和今天的话题好适配，语言差异,3706.185,1753124937,7388c77a
1896515341271146240,我喜欢这个话题，有意思,3616.444,1753173446,b99d4a1f
1896518162234223872,信息熵,3876.963,1753173782,b99d4a1f
1896543132645330432,这颜值，太好看啦！！！！,3695.311,1753176759,832cc876
1896780626377012736,不动产超级抵押,3636.607,1753205070,1f9c8d2e
1897154366721285632,我又要骄傲了，联合国文件里，就属中文那本最薄（叉会腰）,3813.058,1753249624,729e3ab7
1897941956827989760,都在酒里了,3865.043,1753343512,8b93c9d9
1898002374233537280,好像现在学校初学英语不给学音标了？,3917.24,1753350714,2a453a04
1898102017021935872,满分5,3789.416,1753362592,b29ebb7b
1898156268347363072,我记得我初中那会有学音标 但是不会重点去考,3923.454,1753369060,33c2f0de
1898512243499875328,大左表情笑死我了哈哈哈哈,3865.395,1753411495,4b7d9bf5
1899331643441710592,哈哈哈哈哈哈好可爱,3679.808,1753509175,1091612d
1900180799328848384,确实像吕一,3719.965,1753610403,115a0075
1900386773294106880,不对不对,3653.208,1753634957,33977ab
1901012436203785984,强行闭麦,3615.255,1753709541,2c9403ee
1901013060701833216,字幕乱回了,3657.418,1753709616,2c9403ee
1901170929900720384,还确认下对不对哈哈哈哈,3831.848,1753728435,aa15251e
1901171333829032960,给陈铭总结累了,3859.411,1753728484,aa15251e
1902159930518213632,六书,3947.484,1753846333,705b52ba
1902331185083402240,大学选修语言学讲过这个区别,3951.181,1753866749,92f8c01f
1902335700813538048,分析语,3890.528,1753867287,89ed58e
1903671238854313216,大学老师也一直强调要用外语的语境去理解外语不要纠结于对应中文是什么,3741.737,1754026495,b7a9b2eb
1904763067708153600,萨沙真一点口音没有啊,3759.038,1754156652,ddee2dcd
1905858903875679232,梅丽莎中文好好,3688.86,1754287285,7becfa2e
1906691517007991808,德语也是,3801.725,1754386541,1327ee61
1908906630024663808,俄语∶入门即入土，但不得不说俄语听起来是真的好听,3783.319,1754650603,43d421ca
1913917196015940096,法语也是,3808.423,1755247909,62e4d313
1915995900275556352,好喜欢梅丽莎,3713.265,1755495710,cd971f7f
1916030022574273280,语言的背后是思维逻辑,3695.995,1755499777,272ec1ba
1916079700078810368,忙啊，忙点好啊（doge）,3835.762,1755505699,746f4806
1916625392777953536,很有意思这趴,3621.459,1755570751,51f2909e
1920356151963837440,韩语就是,3912.685,1756015492,954b058c
1920523017751516672,专业的来了,3686.052,1756035384,99536495
1920524371614198784,对!!!!!!,3843.108,1756035545,99536495
1921484775709746688,又美又有学识，太厉害了姐姐,3711.137,1756150034,d0352b3
1921487725823974144,标注拉踩还是没必要哈哈,3945.676,1756150386,d0352b3
1924956553183220992,俄语语法确实难,3781.888,1756563903,e498a6f4
1928311481842799872,我怎么看到了autumn,3673.982,1756963841,272b951b
1929831823954261248,终于说到重点了，一维语言与二维语言,3932.368,1757145080,df7cc456
1937964820096246784,及格了,3795.295,1758114609,ea665755
1940204146955817728,这段话题讨论味道对了！！,3623.895,1758381557,add21500
1947129987367245056,萨沙有口音的，东北口音哈哈哈哈哈哈,3767.265,1759207182,ecb24fe1
1954999544181936896,我们是造字，其他语言是造词，我们是组词,3892.371,1760145306,fb6e727e
1960973806940170496,还有俄语的字感觉都一模一样233,3802.199,1760857494,8b1c7d51
1965271622538264320,字和词不一样啊，汉语的词能数清吗,3769.495,1761369833,b509e6de
1966180469729066752,对的，中国还有很多种方言呢，都是文化,3734.607,1761478176,33978299
1983664562083361280,老王的哇太可爱了,3664.275,1763562443,c53f17b0
1985149511878330880,陈铭没有总结的终究还是要来的,3681.241,1763739462,55203a50
2004619822436624640,上文言文,3868.638,1766060504,ffa3828d
2038747074585654784,这更像造了个固定搭配短语，而不是单词,3646.077,1770128790,7966ad44
2057933376119917312,好漂亮,3689.333,1772415975,dc69dd68
2072056217312398080,母语是汉语好骄傲啊,3882.558,1774099549,f82fb2da
,,0.0,1775683732.8000336,
lb.c,,0.0,1775683732.8000336,
,,0.0,1775683732.8000336,
1895737662774939904,再次安利陈老师的有聊，想了解陈老师对一些话题或者事物的看法的一定要看,4023.906,1752994396,534bf33e
1895737685701005568,俄罗斯女排功勋教练卡尔波利,4271.389,1752994558,7b2fe900
1895737697243730176,俄罗斯队那几年发挥起伏很大，拦防水平下滑了很多，换谁谁都得生气，卡尔波利老爷子不生气才怪了,4283.614,1752994661,7b2fe900
1895737894426349824,还真想听下去,4177.285,1752997978,c7bc6e63
1895737925430644992,不想听,4197.99,1752997336,ca646aae
1895737966459326720,哈哈哈哈哈 我开始逐字学习  doge,4196.912,1752998636,fbf64f60
1895738073137254656,中文是超链接语种,3984.747,1753006704,39499903
1895738140615217408,哈哈哈哈哈哈哈哈哈哈哈哈哈哈哈哈哈哈,4310.057,1753009910,259fe52
1895738233619714304,陈铭老师还想听！,4182.484,1753007774,53b79af0
1895738266444337408,的确，中文很感性,4124.538,1753015157,ef682fb2
1895738305652691200,这个好有意思哈哈哈,4208.39,1753014222,b1b00e21
1895738500780101888,man,3975.847,1753018973,f4eb18b5
1895738511718846720,音译在中文里很少见的，因为我们几乎啥都有对应的,4145.0,1753015534,b345a1e6
1895738631164236032,所以中文真的很美,4112.951,1753025099,a7349199
1895738649401069824,喜欢听陈铭老师说,4192.35,1753025462,105f8ab8
1895738683140051200,粤韵风华请你来学,4228.784,1753024098,99272c49
1895738787997651200,语言这个可以多出几期,4134.263,1753026762,d6bfe3aa
1895738869149044992,偏误,4027.411,1753027772,838e3436
1895738996798492928,哈哈哈哈哈,4203.489,1753035239,187c324
1895739035092488448,还想听,4147.312,1753067760,91850ea9
1895739036006846720,喜欢陈铭老师这期的总结,4148.159,1753035184,187c324
1895739102570451200,哈哈哈哈哈哈哈哈哈哈画,4154.529,1753069234,f7934ca3
1895739191011545344,Hahahaha ,4072.191,1753068882,8c10ef2b
1895793939530218240,嗷～都是……   太地道了萨沙哈哈哈哈哈,4258.574,1753087448,d8c0c6fa
1895917244123625472,希望陈老师说完，简直是精华部分哇,4200.455,1753102147,7d881d54
1895984355831034368,白帝圣剑，御剑跟着我,4280.148,1753110148,25b891ad
1896017901253990656,优先使用枝丫哦,3982.02,1753114146,487f1d6
1896022503672487424,这里也有佛（,4070.515,1753114695,698bab0d
1896322597734351360,中国诗真的作为一个中国人很骄傲，太美了，意境美，有的读起来也美,4105.965,1753150469,996c2fe2
1896460121219883008,好像是这样,3981.646,1753166863,9ec95bfa
1896520846001502976,但是这个总结我喜欢，涨知识,4086.27,1753174102,b99d4a1f
1896521961702968320,还想听，再说个五块钱的吧,4156.119,1753174235,b99d4a1f
1896676574695453952,普希金,4263.726,1753192666,54d3f224
1896725566901062400,哈哈哈哈哈哈哈哈哈哈哈哈哈哈哈,4310.07,1753198507,22445c1f
1896730106723395328,哈哈哈哈哈哈哈这期太有意思了,4209.816,1753199048,9cb4590f
1897010015916183808,对对对跟机关枪似的整个赛场都能听到,4272.545,1753232416,d539e6d1
1897077275255051776,哈哈哈哈哈哈哈哈哈,4190.698,1753240434,3c157400
1897174036765635072,陈老师的总结太棒了,4168.585,1753251969,edbe14cb
1897392318966345984,或许是“道”，但也确实不完全一样,4138.271,1753277990,bbeae81b
1897423909876315136,语言都基于一定逻辑啊，像一个公式往上套，怎么没逻辑了，汉子的构成组词都有逻辑思维啊,4200.979,1753281756,d849b843
1897862636431858688,没听够哈哈哈,4177.458,1753334056,c7d94c30
1897882039651485952,鸟语花香,4319.548,1753336369,5e6db3f9
1897898935013042688,可恶啊这次刚好是我感兴趣的话题,4161.582,1753338383,47a0e8bd
1898160146023362048,这点我作为留子真的深有体会 写英文论文的时候真的是一连二 二连三的感觉 不然会扣分的 但中文很少直接表达这么明确的,4143.613,1753369522,33c2f0de
1898164993313185792,其实古人造字也走过这条路，比如光马就有一百多种，骢骊骓骏骥骁，后来发现这样下去不是个事儿，太麻烦了,3975.043,1753370100,a725bfc4
1898638624019697408,我还没听够,4148.66,1753426561,71afd37d
1898787820446409728,反而英语会听就能拼写出来,3998.591,1753444347,636af638
1899369447870135552,涡轮苏卡！,4306.429,1753513682,3873c0bd
1899754244643268352,我也特喜欢听,4184.346,1753559553,a03bc12f
1899892586974535168,萨沙,4214.495,1753576045,3e3ca627
1900097116832440064,可恶，真的回味无穷啊，陈老师你再讲会儿吧,4169.039,1753600427,664e896
1900296271730859520,哈哈哈哈哈哈哈,4317.511,1753624168,cd73212b
1900392088978706688,笑鼠了,4276.249,1753635590,33977ab
1900392259451958016,太好笑了哈哈哈哈,4296.513,1753635611,33977ab
1901016738342964736,中文是体验,4037.216,1753710054,2c9403ee
1901019576444265728,过分了过分了,4306.717,1753710393,2c9403ee
1901803584791174912,一点也不短，(◐‿◑)﻿,4062.857,1753803854,f40bc1cc
1902041048625348864,不是道，更像理,4143.516,1753832162,18259142
1902331840049217792,感觉中文好美啊，艺术,3990.092,1753866827,92f8c01f
1902332906249409792,中文是瑰宝,4117.378,1753866954,92f8c01f
1902468908746143744,下次是什么时候,4190.613,1753883166,23568bd4
1902949917157764864,言有尽而意无穷,4173.006,1753940507,ca017a5
1903624783280088832,喜欢这个总结！,4097.385,1754020957,f0de91b3
1903829280824533504,我也喜欢看总结,4089.384,1754045335,5f529759
1904583630937199616,赞同，中文逻辑不严谨，甚至会出现颠倒黑白的情况,4118.207,1754135261,b6ee8bbd
1904685207156790528,西班牙拿铁,3995.688,1754147370,7bcfa025
1904719537870318848,中文里面的山有很多很多种,4043.343,1754151462,1606bf27
1904720340727399936,是的，我们中文文字逻辑不强,4117.347,1754151558,1606bf27
1905164537058565632,主持人就是控场的，时长要他负责控制的，没办法的,4223.159,1754204510,630e768b
1905314751845161728,元素周期表,3987.742,1754222417,2eb47862
1905861314233136128,陈铭懂得好多,3967.821,1754287573,7becfa2e
1905869100798891776,你们要聊这个我可就精神了,4216.222,1754288501,acf5d39a
1906539827319374592,哈哈哈哈,4241.001,1754368458,58d57e1c
1906540589273325824,哈哈哈哈哈,4310.782,1754368549,58d57e1c
1906688755184680448,桶装水瓶装水.v,4007.948,1754386211,819e3004
1907523442576883968,绝了,4169.636,1754485714,f5dd2f0d
1907644947604512512,等红灯是在等绿灯,4082.438,1754500198,ff8d4f0a
1907980387771732224,苏卡起手23333,4316.445,1754540186,e06c8437
1910170930404237824,圈粉le,4176.937,1754801319,738a73b
1910230441924162816,陈老师唱了一段跳一跳,3992.914,1754808413,f1feee36
1914555673774369536,山峦峰,4041.505,1755324021,c8be969c
1914633198378391552,白帝圣剑哈哈哈哈哈哈哈,4283.877,1755333263,39959bed
1914709549752189952,太好玩了哈哈哈哈,4297.298,1755342365,7dd1e666
1915999561113992960,哈哈哈哈哈哈哈哈哈,4246.601,1755496146,cd971f7f
1916629292717141760,不会这集都是滴滴滴滴滴吧,4207.55,1755571216,51f2909e
1916847819730828288,老王对中文的运用很通感,4059.05,1755597266,b575b51f
1919200580753647360,喜欢的话题总是听不够，不喜欢的好长，譬如什么信息信息，看到就头晕,4182.566,1755877737,ab909100
1920259340867743488,哈哈哈哈哈,4082.777,1756003951,6fe7767c
1920526322502341120,如如不动,4063.914,1756035778,99536495
1921992866163510272,哈哈哈哈哈,4082.943,1756210604,82b54504
1928582631055161600,我不同意，山我可以解释为突出地面很多的土或者石头,4048.353,1756996165,cfd3a899
1929016966887768832,喜欢语言期,4125.882,1757047942,bd775eca
1929832194772670464,这就叫降维打击,3960.908,1757145124,df7cc456
1932317703025618944,哈哈哈哈哈哈哈哈哈哈,4305.693,1757441420,52ac390e
1937429935681908224,好喜欢陈铭老师的总结 学到很多,4147.093,1758050846,664fbc21
1937697910745701120,其实还是有点口音,4237.83,1758082791,aeeff0bc
1938017766129012736,你不是外国朋友吗？,4224.433,1758120921,bd77f5f3
1943402323418697728,我认为中文是活字印刷术,4043.986,1758762810,fe599c6c
1952092445781283584,苏子开头列字结尾,4254.784,1759798753,b1e41dca
1960114288949624320,我也看了那个视频！！！！俄罗斯教练太凶残了！！！你们可以去网上搜,4271.027,1760755031,6a7c628d
1970983019397520896,听不懂俄语，主要看表情和神态啊哈哈哈,4293.443,1762050685,f517d2b4
1987896814821010944,记笔记。,4214.037,1764066966,a87e4250
1992810780202441728,哈哈哈哈哈哈哈哈哈,4311.986,1764652757,b087944c
1998380675866813952,四姐咋回事，怎么剪这个发型了，还是长发好看,4266.798,1765316740,ffa3828d
2005918499490857216,还得是秦始皇,4012.384,1766215319,11aba778
2027816003223746816,logic,4125.294,1768825705,8f58d927
2035829821229662976,不垢不净，不增不减,4079.032,1769781026,f9735bbb
,,0.0,1775683732.8000336,
lb.c,,0.0,1775683732.8000336,
,,0.0,1775683732.8000336,
1895737401436246272,怎么可能放出来,4342.782,1752987653,5aaa7626
1895737677907988736,啊？不是爷爷辈吗？,4418.736,1752994538,591a47e1
1895737751501246720,哈哈哈哈哈哈哈哈哈哈哈哈哈,4437.159,1752993639,c76f245a
1895737760066015488,爸爸的哥哥不是大伯吗？大爷不是爷爷的兄弟吗,4416.924,1752994737,5866b398
1895737777631760640,那应该听不了泰勒斯威夫特的这首歌吧哈哈哈哈哈哈,4668.85,1752994975,534bf33e
1895737803896492288,老王大好人啊,4585.286,1752995672,ce21b857
1895737832879132928,哈哈哈哈哈哈哈哈哈哈哈哈哈哈哈哈哈,4627.772,1752994815,534bf33e
1895738113259966720,不愧美食博主，这都能跟吃的联系上,4448.927,1753008271,13ee2db9
1895738151553962240,哈哈哈哈哈哈哈陈老师,4623.234,1753004086,e967e3fc
1895738287424246016,哈哈哈哈哈哈哈,4660.359,1753013919,fbf64f60
1895738324795494656,不像演的,4542.675,1753011315,47aef417
1895738367652892928,哈哈哈哈哈哈哈萨沙,4524.058,1753014007,5041b929
1895738494396371200,哈哈哈哈哈哈哈哈,4648.252,1753020067,eabe6363
1895738752438341888,大爷就是伯伯的方言啊,4420.588,1753027986,302e2cd4
1895738870055014656,哈哈哈哈哈哈哈哈哈哈哈哈哈哈,4627.886,1753030164,ea25d4d6
1895738921124860160,鸟语花香,4334.495,1753038594,23ddeab7
1895738943002349824,我笑的不行了,4567.735,1753035604,187c324
1895739028708757760,那确实不好，癌症很痛苦的,4375.493,1753037991,7a1afabc
1895739033272160512,北方大爷就是爸爸的哥哥，还有些地方会叫大爹,4422.924,1753038056,7a1afabc
1895739051508994304,比利时，荷兰，不由自主地dudududu,4370.072,1753045018,cdfc31da
1895739054243680512,这期太好看了哈哈哈哈,4582.978,1753035619,187c324
1895739071566156032,全世界的趋势哈哈哈哈哈哈哈,4405.411,1753069485,f7934ca3
1895739076129558784,看来还是妈妈重要哈哈哈哈哈,4448.138,1753069527,f7934ca3
1895739088888631552,靠北不算？,4416.782,1753068705,d4e31129
1895739092537676032,笑得我肚子疼,4397.34,1753062755,928dfa68
1895739105305137408,是红大爷,4418.911,1753072489,63882395
1895739118072598784,哈哈哈哈 老王太可爱了,4587.157,1753061525,67cfac19
1895739125362299136,哈哈哈,4564.19,1753070523,86ed341b
1895739337812185344,哈哈哈哈哈不愧是学霸,4661.75,1753080270,928ebf4c
1895833647970618624,哎 闽南话林北就是 可惜唐大哥不在了,4408.122,1753092182,717a589b
1895902750144143360,这个还……,4321.524,1753100419,738625c6
1895907869804003328,本来就听不懂，那听不听得到又有什么关系呢，在公共场合说脏话本身就是不文明的行为,4360.674,1753101030,b41d23bf
1895908179586673152,哈哈哈哈哈不行了笑哭了,4388.324,1753101067,8e85fd5f
1895927466716137216,哈哈哈哈哈哈哈哈哈哈哈哈哈哈哈哈哈哈哈,4394.076,1753103366,4365b2b7
1895928548712294912,哈哈哈哈哈哈哈哈哈哈哈哈哈哈哈哈哈哈哈,4520.928,1753103495,4365b2b7
1895982829658685952,我也是,4675.5,1753109966,42cad9e5
1896001296768195840,哈哈哈哈哈哈哈哈哈哈哈哈,4677.235,1753112167,ee1f6f9b
1896400773932488448,哈哈哈哈哈哈哈哈哈哈哈,4598.659,1753159788,e1f0140c
1896512698288793600,跟我们见外了不是,4365.396,1753173131,6a042d86
1896514385674094080,老王又拿吃饭举例哈哈哈哈哈哈哈,4454.776,1753173332,272cb156
1896608734999507456,满意满意特别满意,4371.008,1753184579,6958d185
1896642155020717056,苦肉计哈哈,4590.242,1753188563,445a39f6
1896642936713124608,对对对,4676.515,1753188657,445a39f6
1896696260124513024,自爆型劝架,4561.628,1753195013,fc5c5aac
1896763454762194688,他们不会哈哈哈哈哈哈哈哈,4569.196,1753203023,b9816bbd
1896765768927379200,哈哈哈哈哈哈哈哈哈哈哈哈公费报仇,4542.799,1753203299,e8be185e
1897011300463673856,有带大爷的,4411.438,1753232569,d539e6d1
1897013120430860032,老王好吃的没白吃还挺有劲,4613.994,1753232786,d539e6d1
1897218638458098176,讲的好可爱呀哈哈哈哈哈哈哈,4468.158,1753257286,d9749c34
1897324740884846080,我也是,4678.681,1753269934,8693b549
1897363774932184320,想了解的可以自己找找一些俄的生活vlog之类的,4361.289,1753274587,d403eb94
1897426030323611648,哈哈哈哈哈哈,4387.518,1753282009,d849b843
1897430303178371840,陈老师梦开始的地方,4635.859,1753282518,d849b843
1898107734009310976,有的，闽南话里面的靠北就是,4409.048,1753363274,b29ebb7b
1898140754749313024,拉开了已经,4552.403,1753367210,9a457285
1898604176352239360,风和日丽，鸟语花香,4320.185,1753422454,a18ccce
1898604469584211456,这么长一段吗救命怎么还没完啊哈哈哈哈哈哈哈哈哈,4334.886,1753422489,a18ccce
1898827115965592320,大爷，不是大爷爷啊,4423.334,1753449031,1ffa9383
1899264598080031232,果然是美食博主,4449.549,1753501183,d04c374a
1899496872319092736,凉菜哈哈哈哈这个比喻,4441.171,1753528872,3820b86
1900043563572775680,到底是啥？好想知道,4348.134,1753594043,3ad68769
1900320971148192768,被带歪了，哈哈哈,4644.234,1753627112,968d7bd9
1900998015238881792,0帧起手,4521.96,1753707822,478a57e2
1901003546199856128,北方不说大伯，都是说大爷,4429.826,1753708482,2216f793
1901074396593528576,坑爹只是调侃 上升不到骂人,4438.056,1753716928,bba3e7b3
1901091973570498560,放出来吧，反正听不懂,4334.352,1753719023,18259142
1902337660274969600,哈哈哈哈哈哈哈哈,4604.007,1753867520,92f8c01f
1903081973443330560,哈哈哈哈哈哈,4535.647,1753956250,623dd44
1903082273570880768,哈哈哈哈哈哈哈哈,4568.091,1753956285,623dd44
1903781401921761536,其实有用,4589.383,1754039628,1ddd0afb
1903806233291993600,老王那么有力吗,4603.096,1754042588,29c7c55b
1903952397949739520,这个情节 解放西 看过一样的，哈哈哈哈哈哈,4560.019,1754060012,e1245ea0
1904516717376838400,因为妈妈是孩子的第一位老师啊！,4403.275,1754127284,9e41d483
1904530899417644288,哈哈哈哈哈哈哈哈哈哈哈哈哈你个感冒,4385.563,1754128975,3e5e834
1904530978748724992,和哈哈哈哈哈哈哈哈哈哈哈哈哈哈哈哈哈哈哈哈哈哈哈哈哈哈哈哈哈哈哈哈哈哈哈哈哈哈哈哈哈,4384.499,1754128984,3e5e834
1904532923857065216,没有妹妹呢,4492.766,1754129216,3e5e834
1904538811812607744,哈哈哈哈哈哈哈哈哈哈哈哈哈哈哈哈哈哈哈哈哈,4645.546,1754129918,3e5e834
1904722568506592768,不是，这有什么可防的呢,4341.418,1754151824,1606bf27
1905449384062253056,新疆好像也是,4496.703,1754238467,a48719d1
1905497931360905728,伊朗和俄罗斯打起来啦,4529.621,1754244254,c0863c00
1906542784094295808,哈哈哈哈哈,4559.017,1754368810,58d57e1c
1907526196715882496,哈哈哈哈哈哈哈哈,4523.519,1754486042,f5dd2f0d
1908679452259804928,xx日记,4362.117,1754623521,f41917e3
1908744384842053120,你们听不懂，别人听得懂啊，我就是学俄语的，很多人学俄语日语,4357.8,1754631262,6ba6f998
1909668420170398720,四个层次,4433.428,1754741415,d7fb52ee
1911359300216006400,哈哈哈哈哈哈,4447.784,1754942984,984e8387
1911359604252789760,太逗了,4455.784,1754943020,984e8387
1913398067118770176,马月！受到严格保护,4495.758,1755186024,e540d7cc
1914634620675197952,爸爸好惨,4409.305,1755333432,39959bed
1914635448362681088,老王好有意思啊,4468.254,1755333531,39959bed
1914637087353891840,陈老师好帅好可爱,4628.134,1755333726,39959bed
1916001994548683520,萨沙现在好有效果啊,4525.363,1755496436,cd971f7f
1916630927698902784,哈哈哈哈哈哈哈哈哈哈哈哈哈哈,4395.624,1755571411,51f2909e
1916852277454065152,骄傲的小表情,4513.962,1755597798,b575b51f
1918109775393509888,加长版都听不到,4327.512,1755747703,e10ac76a
1919292270814105600,三句话不离老本行。老王就是老王,4441.278,1755888668,8ff620f
1920360764641292800,大爷（轻声）和大爷（二声）是不一样的辈分,4424.525,1756016042,954b058c
1920530535504589824,苦肉计,4559.312,1756036280,99536495
1924962263669318912,确实,4378.913,1756564583,e498a6f4
1928317987325752320,爸爸不重要和哈哈哈,4437.715,1756964617,272b951b
1928473381473163008,陈铭老师哈哈哈哈哈哈哈哈哈哈哈什么叫你个感冒啊哈哈哈哈哈,4387.472,1756983141,27acc97c
1930119365563671296,关键有个俄罗斯妹子全能听懂，哈哈哈,4350.281,1757179358,5f57ee63
1932318721125803008,哈哈哈哈哈哈哈哈哈哈哈,4386.414,1757441541,52ac390e
1937685851845080064,肺结核我们叫痨病,4387.045,1758081353,748c3342
1937711880739083008,现在有了,4411.543,1758084456,e8f1e80f
1937713293271636224,以身入局,4575.73,1758084625,e8f1e80f
1946610506567641600,哈哈哈哈哈哈哈什么鬼，好搞笑,4396.361,1759145255,3a0f6945
1946616695774839040,毕竟母亲是生你养你的人，是个人都不希望。除非你原生家庭环境不好,4477.17,1759145993,eb269b47
1954247216982614016,就好像放出来我们能听懂一样,4348.708,1760055622,99c7f039
1967670342588077312,阿阿阿啊啊，我要听,4342.408,1761655783,eb09f285
1977879332269668864,哈哈哈哈哈哈哈哈哈,4648.638,1762872790,aedabb3d
1986532170919592192,想听啊,4334.675,1763904288,2a9d92f9
1993856239851235072,哈哈哈哈哈多少是有点私人恩怨了哈哈哈哈哈哈哈哈哈哈哈萨沙,4520.851,1764777385,ed5612f4
1996746304319704576,有的 中西部地区很多,4410.686,1765121908,74ba3500
1999494019419440896,盲猜第四个祖先,4482.623,1765449461,29cd0eb
2004628390627918080,老王男友力爆棚啊，华波波都有150 6了,4609.39,1766061526,ffa3828d
,,0.0,1775683732.8000336,
lb.c,,0.0,1775683732.8000336,
,,0.0,1775683732.8000336,
1895737548723425536,哈哈哈哈哈什么是我们不能听的,4749.619,1752990264,1549437e
1895737557581795584,来啦来啦,5024.737,1752990286,a1639211
1895737558689091840,哈哈哈哈哈哈哈哈哈哈哈哈,4902.274,1752991699,eb069b0d
1895737576405831936,哈哈哈哈哈哈哈哈哈哈笑飞了,4980.356,1752990608,39108e46
1895737633507086592,免礼免礼,5039.074,1752990708,59dfb4d2
1895737685701005571,哈哈哈哈哈哈,5002.412,1752993137,98f16374
1895737800272613632,哈哈哈哈哈哈哈哈哈哈哈哈哈哈哈哈哈哈哈哈哈哈哈哈哈哈哈哈哈哈,4982.027,1752995330,a4557f7c
1895737802998911232,万一听不懂怎么办,4874.018,1752994933,81bc2129
1895737948222492928,什么梗？,4748.329,1752998164,d6922fe2
1895738125113069824,就这个湖北味正宗,4711.305,1753011041,7a763aee
1895738285595529472,双板确实可以倒着滑,5008.25,1753011373,43686648
1895738620225491200,哈哈哈哈哈哈哈哈哈,4984.609,1753022510,65fd9e50
1895738757907714304,太损了,4985.149,1753022518,65fd9e50
1895738832675377408,来来来来,5036.598,1753027077,8a513c81
1895738966708556032,太可爱了超超,4747.358,1753060176,4f7b0147
1895738992243478784,就是歇后语,4867.877,1753034556,c7bc6e63
1895739080684572928,哈哈哈哈哈哈哈哈哈哈,4918.722,1753069998,f7934ca3
1895739131746029824,哈哈哈哈哈哈哈哈哈哈哈哈哈哈哈哈,4994.089,1753062512,3bd1c757
1895739196480917760,这段发出杠铃般的笑声,5030.092,1753075104,28ad2a59
1895739201044320512,斑马斑马，你回到了你的家,4704.204,1753075169,c2cf2fbe
1895739208334020864,突然好凶的超超,4710.536,1753075185,c2cf2fbe
1895739269428252928,哈哈哈哈,4730.776,1753075210,df6e1fa7
1895739282195714304,个斑马 武汉读书学会的第一句武汉话,4704.434,1753073116,76b350d2
1895771221057041664,歇后语骂人是吧hhh,4865.028,1753084740,ea88348b
1895892382798022400,真的很像用歇后语骂人,4858.534,1753099184,1da0b061
1895904636515565824,四姐镜头太少了，感觉他的观点还没开始就没了,4765.842,1753100644,58b836f8
1896404829505373952,哈哈哈哈哈哈哈哈活学活用,4949.724,1753160272,f1957628
1896405288303884800,哈哈哈哈哈哈哈哈哈哈哈哈哈哈笑死我了,5003.653,1753160327,f1957628
1896468623779084032,哈哈哈哈哈哈,4981.223,1753167877,9ec95bfa
1896588932171657472,Dylan好帅,4935.291,1753182219,bd4e22b9
1896649488324662272,非正“倒着哥”,4978.032,1753189438,280fcb51
1896737496214828800,哈哈哈哈哈哈哈哈哈哈哈哈哈哈,4982.203,1753199929,9cb4590f
1897014030158811904,你瞅啥的意思吗,4715.633,1753232894,d539e6d1
1897014233171284992,想咋的,4732.518,1753232919,d539e6d1
1897019864125305344,胖跟秃顶？华波波？哈哈,4804.17,1753233590,88971e98
1897165318887847424,哈哈哈哈哈哈每次都要拿出来反复“鞭尸”,4994.106,1753250929,729e3ab7
1897254941232950272,哈哈哈 杨杨很合适,4903.28,1753261613,2a986023
1897344532589414144,又狠又能播哈哈哈哈，好绝,4852.883,1753272293,55d83f10
1897762938228495616,哈哈哈哈哈哈超超你咋这么可爱呀,4748.926,1753322171,3c4a8341
1898076422447444224,这个味太对了，喵莫斯喵,4713.793,1753359541,49e5e8b6
1898116838467539200,哈哈哈哈哈哈哈,4959.312,1753364359,8d117f15
1898162780163908608,笑晕了这个梗,4843.97,1753369836,b71cfd89
1898407579726848000,我也是！本来已经冷静下来了听到这句话又会死灰复燃,4680.153,1753399018,28dcc9f6
1898620921531941120,哈哈哈哈哈哈哈哈哈哈哈哈哈哈哈哈,4990.806,1753424451,a18ccce
1898621235324599808,萨沙：我这一生如履薄冰,4998.994,1753424488,a18ccce
1898621702788319488,这里就很适合配个bgm：长江黄河还有黑龙江~~~,5007.924,1753424544,a18ccce
1898674081130886656,auv真地儿道～,4950.016,1753430788,2738fae5
1898686192863140864,伦儿,5032.685,1753432232,b0850c04
1898718675599884544,喵喵喵  喵莫比,4716.685,1753436104,f83ddc9a
1898842469316472832,这是歇后语啊,4860.486,1753450861,17e2fe2c
1899339586950643712,喵帕斯,4719.067,1753510122,7ef1f30f
1899599321197446144,谎言不会伤人，真相才是快刀,4805.355,1753541085,bc31ead9
1900380122948168960,是LULU!,4784.341,1753634164,81aeaa1b
1900503618960948736,梅林的胡子,4886.484,1753648886,fcdaa08a
1901024484039726336,哈哈哈哈哈哈哈,4942.838,1753710978,2c9403ee
1901079414683921152,给你俩窝窝是“傻瓜你看什么，你走开”的意思,4779.862,1753717526,e67086c2
1901079829685023488,老王可以啊,4824.392,1753717575,e67086c2
1901079976536206080,盆景的伐木工赢了,4830.592,1753717593,e67086c2
1902231732707858432,啥意思没懂,4835.101,1753854893,c1f2fe77
1902338815436637184,动物吵架哈哈哈,4741.721,1753867658,92f8c01f
1902339230270251776,好可爱,4791.413,1753867708,92f8c01f
1902465103329566464,哈哈哈哈哈哈哈,4900.32,1753882713,24d07282
1902505877391889664,我懂！不仅是吵架，平时明明一件事已经在做了，非补一句你去做一下，我也会生气,4683.771,1753887574,29c4c024
1902512598906821376,翻旧账了,4925.858,1753888375,d89f1503
1902594920603297792,这一段巨好笑,4932.927,1753898188,26f5d348
1903085253296941312,哈哈哈哈哈哈哈哈哈,4913.221,1753956640,623dd44
1903422713532604160,完全沉浸在自己的艺术创作里了,4892.961,1753996869,bb961bc8
1903895399203318784,沉浸在自己的艺术,4885.319,1754053217,c51a6472
1905868802760226304,好有趣,4725.221,1754288465,7becfa2e
1905869663649455104,哈哈哈,4823.731,1754288568,7becfa2e
1906076866142587904,超超好美～～～～～～,5033.296,1754313269,ba077aef
1906843327282730752,不知道两个buff梗被萨沙听到了会怎么样哈哈哈哈,5018.175,1754404638,4ad5b7c7
1906853502798462464,笑飞了这期哈哈哈,4973.051,1754405851,de5d2566
1907283657380028416,个斑马是吧哈哈哈哈,4741.914,1754457129,654346f5
1907369347933021696,咩啊～,4736.208,1754467344,d9a3acb1
1907528459920721920,中文也是哈哈哈哈哈哈,4843.019,1754486312,f5dd2f0d
1907988977269993984,就跟吵架的时候对方说你冷静一点,4687.296,1754541210,952047f4
1909012552659049984,你看看！,4887.06,1754663230,a30a61d9
1914639175487860992,好艺术,4868.566,1755333975,39959bed
1914699145797749760,免礼免礼,5038.536,1755341124,6a35cdb9
1916331482058605056,去五常,4934.547,1755535714,299590f4
1920572473301738496,你别急哈哈哈哈,4680.084,1756041280,bc587f4c
1921150194511518720,无效消音,4767.931,1756110149,cc860fab
1921999990281070336,膝盖脑袋哈哈哈哈哈,4820.756,1756211453,82b54504
1922699810163473408,哈哈哈哈哈哈这个好玩膝盖脑袋哈哈哈哈哈哈哈,4821.902,1756294878,bc17ebe1
1922718678232065536,buludo在大力水手里面就是大块头,4769.819,1756297127,990a1ffc
1924745898970591232,吼吼吼吼吼吼吼吼吼吼吼吼吼吼吼吼,5002.511,1756538791,90bb401c
1924967089098646016,哈哈哈哈哈哈哈哈我懂了,4839.73,1756565159,e498a6f4
1928431833856027648,四川话 哈哈哈,4802.515,1756978188,272b951b
1930122968890291968,一般是表和马,4760.893,1757179787,5f57ee63
1932207309505761536,真不用客气，哈哈哈哈哈哈哈哈哈,5037.71,1757428260,5b4783e3
1932323510836293120,歇后语骂人 在中国能把我骂笑，没有杀伤力,4856.499,1757442112,52ac390e
1938651722562595840,这个环节好想看英国代表,4803.651,1758196494,7514575b
1941575577676902144,中国好像也是,4880.714,1758545045,7a001e02
1956604467680680960,哈哈哈哈哈哈哈哈哈哈哈哈哈哈哈哈哈哈哈哈哈哈哈哈哈哈倒哥,4987.29,1760336628,d35c8a9
1957521618251751424,有备而来,4898.296,1760445961,ae02b522
1963046567418170368,完全get不到哈哈哈，太艺术了,4878.238,1761104586,54f7b9d0
1963047484477570560,卧槽哈哈哈哈哈哈太搞笑了,4987.548,1761104695,54f7b9d0
1963047606246712832,太有梗了我的天啊,5002.101,1761104710,54f7b9d0
1988704206604970240,萨沙现在好大方,4966.483,1764163215,c847ffba
2005156528713694464,形成内部梗了 哈哈哈,5015.259,1766124485,32b92588
2018407658939996416,武汉话好好玩,4761.811,1767704143,964a8dca
2027838086511379968,哈哈哈哈哈哈哈哈哈哈哈哈哈哈,4860.422,1768828337,8f58d927
,,0.0,1775683732.8000336,
lb.c,,0.0,1775683732.8000336,
,,0.0,1775683732.8000336,
1895737252798501120,一个轴打起来了,5382.658,1752985054,7e19df34
1895737399926296832,老王居然赢了哈哈哈哈哈,5194.259,1752987261,f69ff094
1895737549830721792,众爱卿平身,5040.701,1752988640,1f930d45
1895737559796388096,买不完了,5324.051,1752990445,3f8c2705
1895737585272590592,这个除了买卖还能组什么？,5347.699,1752990663,1549437e
1895737629463777536,买了锅巴,5269.404,1752992283,7e894dc7
1895737792127275264,这也太难了除了脏话我一个也想不到,5250.819,1752994250,4374cf64
1895737809332310272,伤疤,5096.912,1752995497,a4557f7c
1895737812956188928,艾丽莎还比了个功夫出招动作，好可爱,5228.918,1752995826,5866b398
1895737818392006912,这下真的势均力敌王不见王了，战力很均衡,5221.14,1752995797,5866b398
1895737822913466624,怎么不把小贝喊回来哈哈哈哈哈 全国总冠军,5232.53,1752995811,ca18aa72
1895737839220920576,随便,5103.405,1752995510,a4557f7c
1895737861601726720,哈哈哈哈哈,5280.223,1752995737,a4557f7c
1895737870728532224,哈哈哈哈哈,5357.137,1752995819,a4557f7c
1895737878009843968,这个难度好高我一下没想出来,5250.43,1752995861,5866b398
1895737975577743616,太搞笑了这段，会长帮得也真是不明显哈哈哈,5309.076,1752998714,d5478533
1895738014786097408,我都想不出这么多orz,5177.407,1752998128,cda41c26
1895738146998948096,富贵使我们相遇,5054.133,1753003938,94179e93
1895738222680969472,上边其实可以的...至少广东话里可以这么讲哈哈哈哈哈,5132.578,1753012151,f11a2bc3
1895738259154637056,那我必须得发个弹幕,5045.758,1753013226,4c2d7347
1895738280117768448,哎哟喂排面是自己给的,5053.218,1753015344,2394c70f
1895738286535053568,我都想不出来,5361.944,1753014671,635d7cfe
1895738288321827072,大左感觉好疲惫呀,5089.831,1753010259,2275038b
1895738300183318784,买了个包,5277.18,1753014758,73e9b877
1895738319326122240,哈哈哈哈哈哈哈哈哈哈哈,5333.776,1753014745,fbf64f60
1895738331187613952,水表,5101.409,1753013084,8f071823
1895738358542864640,哈哈哈哈,5289.412,1753013835,fc1db046
1895738420534677760,厉害,5362.198,1753013915,fc1db046
1895738453367689472,手臂,5083.725,1753019015,c2db3739
1895738483457626368,散步,5110.21,1753018989,c2db3739
1895738492567654656,私奔,5156.474,1753019088,c2db3739
1895738497131057408,散步,5178.373,1753019110,c2db3739
1895738523571949824,伤悲,5147.874,1753019080,c2db3739
1895738528126963968,帅爆,5171.778,1753019103,c2db3739
1895738537287323904,松柏,5115.542,1753019154,c2db3739
1895738560959975680,那么棒,5397.279,1753020515,c2db3739
1895738573719048448,迷恋改编,5350.312,1753020373,c2db3739
1895738581931495680,美丽古堡,5344.655,1753020257,c2db3739
1895738616576446720,雷妃：嬗变的女人,5152.275,1753018117,6ee65ea5
1895738643931697408,上榜,5139.362,1753019071,c2db3739
1895738657605128448,塞北,5125.34,1753019163,c2db3739
1895738663988859136,三百,5114.292,1753022376,fd2dafbb
1895738781613920512,买了个包,5269.515,1753030952,ea25d4d6
1895738925679874304,会长喜欢俄罗斯人哈哈哈哈哈哈,5280.092,1753038953,7a1afabc
1895738932969574656,笑死我了,5378.09,1753029813,bde1c345
1895738939353305344,哈哈哈哈救命笑死我了,5309.07,1753045893,23ddeab7
1895739014146134272,散步,5114.314,1753068800,91850ea9
1895739130831671552,想不出来,5264.519,1753072461,9f25c571
1895739175509397760,会长明目张胆啊哈哈哈哈哈,5276.576,1753072003,9f04a8dc
1895739183721844992,？,5103.33,1753070183,f7934ca3
1895739216546468096,麻辣锅巴？,5317.463,1753073025,39c07fe7
1895739235689271552,思辨,5100.653,1753075567,bf28894c
1895739250285449472,这是真的强……,5354.932,1753072572,9f25c571
1895739315020337408,老王的食物词汇库太丰富了,5202.207,1753075106,cb0b74b0
1895806227742127872,不愧是全球总冠军哈哈哈,5355.453,1753088913,20dfe047
1895865772513874176,呵呵哈哈哈,5295.841,1753096011,f81c7508
1895865835151917056,笑死我了,5302.521,1753096019,f81c7508
1895905592497846784,波波超级不想输给老王啊哈哈,5168.56,1753100758,e1c79dc9
1895913210587020800,厉害也,5356.678,1753101666,738625c6
1895940028228628736,哈哈哈哈杨迪笑死我了,5331.187,1753104863,9a7995d3
1896001709957121536,这个游戏确定不是在考验旁边的观众吗哈哈哈哈哈哈哈,5169.79,1753112216,692c8ed6
1896005638208190720,哈哈哈哈哈哈哈哈哈哈哈哈哈哈哈哈哈哈,5309.536,1753112685,ee1f6f9b
1896037717519832320,我不行了,5303.486,1753116509,35861f7e
1896103813057326080,众爱卿平身,5055.166,1753124388,272d704
1896266853488527360,买了个包,5255.593,1753143824,136938f4
1896397577185262080,买了个表,5252.363,1753159407,8c816764
1896398972085054976,买了个布,5322.799,1753159574,8c816764
1896487745384687360,是全世界冠军强啊  这个怎么可能平衡？,5225.606,1753170156,3f43cf38
1896518030927038976,哈哈哈哈,5287.335,1753173767,6a042d86
1896647238626065664,散步,5186.384,1753189169,445a39f6
1896700332483297024,买了个表,5262.862,1753195499,fc5c5aac
1897110671595089408,买了个饼,5303.296,1753244415,42da3e49
1897164510704274176,会长，真的一点都不偏心,5318.682,1753250833,35645b71
1897465344239936512,这里为啥正片没有啊很好玩,5316.955,1753286695,9c3b5844
1897907599363012096,加长版不是没人吗？,5061.923,1753339416,47a0e8bd
1897994325766477824,应该的应该的哈哈,5048.248,1753349755,4abc64a0
1897996747196894720,哈哈哈哈哈哈哈哈逛超市,5307.543,1753350043,4abc64a0
1898119123121513216,波波太搞笑了,5193.237,1753364632,8d117f15
1898135047518137856,免礼免礼,5075.625,1753366530,eedeee86
1898384560598181888,平身,5075.322,1753396274,b2d05ef3
1898624478083756544,超市逛的差不多了哈哈哈哈哈哈哈,5326.782,1753424875,a18ccce
1898641201796753152,密林古堡,5368.404,1753426868,8d9a3176
1898884709665421312,哈哈哈,5068.504,1753455897,ef9aebaa
1898897792614057216,S 和sh不算一个声母吧,5137.151,1753457456,90af0186
1898916617254438656,平身吧,5045.044,1753459700,22a3160b
1899502490740164608,比芒果台的明星们厉害,5090.131,1753529542,3820b86
1899503928598076672,好难！,5256.872,1753529713,3820b86
1899529220980670720,美丽告别,5329.076,1753532728,3860f01a
1899556139150926336,买了个包,5262.774,1753535937,c8a83ae1
1899575159195537664,我就说梅丽莎眼熟哈哈哈哈，我看过她,5237.393,1753538205,fbcf58ae
1899948884919695104,字幕靠点谱啊,5152.318,1753582756,ae954710
1900027691504725760,随笔,5111.845,1753592151,2b2c365c
1901026696434365696,哈哈哈哈哈哈哈哈笑死我了,5177.66,1753711241,2c9403ee
1901048621018345216,来了,5068.436,1753713855,53f028f4
1902279610704792320,哈哈哈哈哈哈哈哈哈哈哈哈华波波提高笑了 这个节目不能没有他,5287.656,1753860600,c78fc6cd
1902280109591719680,哈哈哈哈哈哈哈哈哈哈杨迪太有梗了,5336.723,1753860660,c78fc6cd
1902422537695188480,哈哈哈哈哈哈哈快乐了,5041.893,1753877639,ddafd2e4
1902693614774649856,这就是冠军局吗,5308.838,1753909954,13f56837
1903910791510760448,果然是冠军,5323.393,1754055052,117508bc
1903911183124587264,冠军！！！,5370.074,1754055099,117508bc
1904583799472911360,那这样没完没了了 卖了个包也可以啊,5323.205,1754135281,3e5e834
1904731512910551296,买了钢笔,5296.383,1754152890,1606bf27
1905066977614457088,瀚笙给的,5216.827,1754192880,f13424e0
1905263256428680192,哈哈哈哈哈会长假装淡定,5280.272,1754216279,aa36fe3a
1907445196561016064,生病,5096.403,1754476386,aff6fc4
1907655909418110976,描了个边，密林古堡,5369.951,1754501505,ff8d4f0a
1907988948337628160,买了个饼,5269.577,1754541206,e06c8437
1907994271211606272,买了广告,5264.943,1754541841,952047f4
1908432339672427264,这都是我应得的,5050.366,1754594063,9342b3c4
1910180167972956160,买了个表,5278.063,1754802420,738a73b
1910181115902401024,这个好玩,5385.844,1754802533,738a73b
1913125294877852928,爱卿平身,5060.819,1755153507,54a9596e
1914074693993248256,华伯伯笑死我,5210.801,1755266684,9d8aa9dd
1919614221571346432,哈哈哈哈哈哈哈哈哈，买买买，都买,5296.307,1755927047,3ae4c2e2
1921022768267938048,我都想不到,5361.449,1756094959,bc587f4c
1924779962440228352,设备,5089.709,1756542851,e8f6d141
1925468671896090112,看似法国vs中东，实则两伊战争,5183.768,1756624952,24f302e9
1928594371599874304,不愧是世界冠军,5361.448,1756997564,cfd3a899
1932625767037357824,太有牌面了,5107.729,1757478144,f487febd
1932832749916950784,波波笑死我了,5190.952,1757502818,75a35b32
1932833280899017472,想念小贝和田田,5232.806,1757502882,75a35b32
1948196474001477888,哈哈哈哈哈哈哈,5316.907,1759334317,2edb9fb1
1949690376261184256,没了个饼 哈哈哈,5334.374,1759512404,c9c423cb
1952273205201067264,上边其实是，他们搅混了,5164.153,1759820301,5ff286de
1956607870947309056,哈哈哈哈哈哈哈哈哈哈哈笑飞了,5336.797,1760337034,d35c8a9
1957526017011285504,发币，顺发nb,5390.776,1760446485,ae02b522
1999460690884832000,哈哈哈哈哈哈哈哈好搞笑哈哈哈哈哈,5054.438,1765445488,14f3cf30
2002097945549358592,前面外国小学生一人一句汉语那个真的哈哈哈笑死我了,5392.207,1765759873,1bae6291
2031437688779518208,满意,5047.429,1769257443,ec44781a
2036248800440067584,手办,5123.573,1769830972,f9735bbb
2036249860122444544,似是故人来,5248.255,1769831099,f9735bbb
,,0.0,1775683732.8000336,
lb.c,,0.0,1775683732.8000336,
,,0.0,1775683732.8000336,
1895737395396448512,jhhhhhhhhhhh,5592.303,1752988526,a7ab481d
1895737412022669568,我都想不起来这么多,5460.772,1752987439,a1639211
1895737441869336832,因为想不起来哈哈哈哈,5481.576,1752987556,f69ff094
1895737443119239424,波波好可爱,5457.3,1752989533,e9b5076c
1895737485532041472,不够看哈哈哈哈哈哈想看轮番制回合,5670.743,1752987808,fcfebb41
1895737626443878656,]',5625.691,1752991166,967ceef9
1895737643598582016,为啥我的弹幕带框框,5614.122,1752990985,3f8c2705
1895737666809860352,文创书包,5664.861,1752992253,88230e29
1895737685701005569,笑死，好像那个两组外国人比中文的视频,5594.036,1752991870,6c6d890c
1895737696287428864,想看陈铭和陈超的,5515.841,1752993725,b594b266
1895737720085909760,我吃柿饼,5633.349,1752993925,4f3c338d
1895737730554892544,我才十八,5654.687,1752994895,f3d0b903
1895737779443699968,哈哈哈哈哈哈哈哈哈,5736.412,1752996216,a4557f7c
1895737794836795648,还好，我来看了加长版,5683.765,1752995605,6cf1571
1895737843750768896,无偿上班,5638.111,1752995528,8eb43737
1895737876189516032,他不会是在拿你重温日语吧233,5757.212,1752997386,4944442d
1895737884393574656,？哈哈哈哈哈,5656.724,1752996132,a4557f7c
1895737888042619136,拿眉笔,5442.43,1753001707,d7f8343a
1895737898075394304,用一之濑当外教是吧哈哈哈哈,5759.226,1752996601,5866b398
1895737912679960832,发币厉害哦,5491.201,1752998959,e868d6e6
1895737956426551552,哈哈哈哈哈哈哈哈哈哈哈哈哈哈哈哈,5736.542,1753005397,e549f4d8
1895738018435141888,我才上班,5615.672,1753004949,4c54570f
1895738042141348096,发币好厉害！,5451.412,1752998910,d5478533
1895738055814779136,游戏能多玩一点吗？来个车轮战了。,5682.602,1752999172,e868d6e6
1895738163407065344,朕心甚慰,5668.633,1753010633,ca2efdba
1895738188941988096,留学生可以打工，就是时间限制很严格,5745.238,1753013337,450eca7a
1895738207178821888,我吃烧饼,5569.522,1753014025,97afe170
1895738304738332928,笑疯了,5717.724,1753014888,c5fcca58
1895738349416059136,我查设备,5603.283,1753013524,20dffd1e
1895738529041322240,我吃柿饼,5549.573,1753019787,c2db3739
1895738564600631552,我曾上榜,5583.306,1753019726,c2db3739
1895738568249676032,我才上班,5578.215,1753019651,c2db3739
1895738618405163264,哇小熊好棒,5453.439,1753021183,6474f847
1895738628454715648,满意满意,5683.919,1753021786,d3e0ea9e
1895738771581145344,在燃什么啊,5467.292,1753022738,56239c78
1895738808969171200,无偿上班,5557.94,1753033292,8be21198
1895738855467225344,满意满意啊,5669.129,1753027481,8a513c81
1895738904708354304,无偿上班,5550.733,1753055909,a05c4e50
1895738919296143616,厉害,5458.113,1753029509,d0eeaf61
1895739073386483968,外出上班,5662.292,1753071341,86ed341b
1895739233868943616,跟武昌过不去了哈哈哈哈哈哈,5559.595,1753072312,9f04a8dc
1895739271248580864,前面那个五厂上班太痛苦了。,5650.181,1753072906,9f25c571
1895739280375386368,我吃烧饼,5528.493,1753076329,c2cf2fbe
1895739287665086720,哈哈哈哈,5585.042,1753076389,c2cf2fbe
1895739297697861888,666,5456.592,1753076238,c2cf2fbe
1895835379563980800,围城士兵,5651.483,1753092388,182693f5
1895851890223828736,我吃烧饼,5601.387,1753094356,cc93cef3
1895867141996042240,法币好可爱哈哈哈哈,5442.503,1753096175,f81c7508
1895941503516821504,想看华波波,5502.962,1753105039,3c5a3395
1895954531570156032,玩游戏没人能赢得了杨迪吧,5516.139,1753106592,be52f108
1895962419218839040,好可爱啊小熊,5481.88,1753107533,83719079
1896048714238634240,文创商标,5603.24,1753117820,24b0ce4c
1896048828952522752,发币比我厉害,5489.092,1753117833,e871e898
1896387736265527552,好可爱小熊,5433.348,1753158234,f608a6a7
1896401899398836992,我创商标,5627.201,1753159923,8c816764
1896523232526567168,四姐笑死我了,5461.734,1753174387,272cb156
1896696361970702080,真的好喜欢法币啊啊,5497.907,1753195025,ec077e8b
1896969714811750144,哈哈哈哈哈哈哈哈特别满意,5683.167,1753227611,cef95630
1897110417386297344,你。,5404.486,1753244385,2bf6365a
1897182469959562240,农民办（农业民生办公室）,5439.96,1753252974,af7c4445
1897184104504922112,无此设备,5617.079,1753253169,af7c4445
1897351985011783168,他发音不但好，调也对,5725.673,1753273182,55d83f10
1897377089222017024,How much?,5715.06,1753276174,7566605b
1897422756426506496,我常上班,5558.897,1753281618,fc5c5aac
1897422918418934784,我出书吧,5568.62,1753281638,fc5c5aac
1897458025171003136,满意满意,5677.512,1753285823,b5323672
1897465090669115648,武昌社保,5582.953,1753286665,d844b0d7
1897769479799142144,法币：let's 骄傲,5481.513,1753322951,3c4a8341
1897938668409864704,哈哈哈哈哈哈,5572.82,1753343120,87627e63
1898060457676681728,这反应怎么那么像外国小孩中文对决哈哈哈哈哈哈,5462.655,1753357638,9cdf46e6
1898138011901385472,怎么没有伦儿,5665.598,1753366883,a0901713
1898178762122903296,我超帅吧！,5632.839,1753371741,a725bfc4
1898423743408421376,这Part这么精彩居然没在正片,5650.83,1753400945,28dcc9f6
1898625744000134400,到底在燃什么哈哈哈哈哈哈哈哈,5464.166,1753425026,a18ccce
1898626550623448832,我测试吧,5559.064,1753425122,a18ccce
1898652728138751488,一之濑刚才输了可能情绪不稳定,5549.571,1753428242,915050e3
1898689587413796352,拿面包,5423.287,1753432636,b0850c04
1899319571606164480,全德国总冠军,5480.43,1753507736,f21b3ea5
1899535640992131840,晚餐随便,5520.474,1753533494,3860f01a
1899602976826559232,会长忍不了了,5665.041,1753541521,89699852
1899607193679394816,很满意，但是不够看啊哈哈哈哈哈,5681.754,1753542023,bc31ead9
1899951105459742976,我查书包啊,5602.221,1753583021,ae954710
1899999679023416320,无偿上班,5655.703,1753588811,87413e4e
1900766299857394432,我出师表,5622.888,1753680200,33977ab
1901031541963149056,无偿上班太有才了,5661.33,1753711819,2c9403ee
1901464422439217664,乃木坂,5411.02,1753763422,80000882
1901466327198751744,五彩水笔,5622.899,1753763649,80000882
1901505084160859136,卧床上班,5635.369,1753768270,a9930091
1901667443429404672,赖赖笑死我了哈哈哈哈哈,5462.246,1753787624,c475edd4
1901688907461504000,绝,5594.196,1753790183,6bdd20d4
1902191443406318080,我才十八,5536.747,1753850090,23b7cf3c
1902282980836447232,想看所有代表玩哈哈哈哈,5692.99,1753861002,c78fc6cd
1902972836168174592,好喜欢发币啊啊啊啊可爱小熊,5497.535,1753943239,94613f3a
1903814713050594560,我吃烧饼,5527.927,1754043599,29c7c55b
1904240408750914304,我吃烧饼,5520.633,1754094346,4213efaf
1904400734091486464,哈哈哈哈哈哈哈哈哈哈哈,5444.369,1754113458,21f73640
1904733937142578688,……,5572.108,1754153179,1606bf27
1907275934575481856,那么棒,5475.248,1754456209,818eee32
1907503311805048832,哈哈哈哈哈哈,5433.297,1754483314,6816ab2b
1907504852112736768,好搞笑,5670.051,1754483498,6816ab2b
1907628097827065088,华波波好搞笑,5413.673,1754498190,ea7aa49a
1907629029776458752,这个游戏好玩！！以后经常,5503.358,1754498301,ea7aa49a
1909211300433862656,文创手办,5641.868,1754686922,2ad516b
1910183692849001728,每期都来这个游戏,5693.155,1754802840,738a73b
1911661393863138816,我才十八,5635.78,1754978996,67c7bc24
1911940037441274368,我常说不,5577.471,1755012213,319d79a8
1916862547517593344,无偿上班这个太狠了哈哈哈哈哈哈,5640.532,1755599022,b575b51f
1916886203115027456,不满意太短了！,5691.918,1755601842,41d23346
1919615919593383936,法币好厉害,5491.366,1755927249,3ae4c2e2
1919874236307270400,太搞笑了,5709.81,1755958043,c4469e21
1924973871791438336,五彩水笔，无偿上班,5634.207,1756565967,e498a6f4
1928489303462333440,武昌酥饼啊,5649.501,1756985039,27acc97c
1931182947986193664,前面说文创的好厉害,5633.131,1757306147,d9c08631
1932631454336961792,满意满意,5684.543,1757478822,f487febd
1936645971006506240,你忙吧,5443.395,1757957390,cc3af606
1938432632782593280,完成设备,5697.579,1758170376,a3545458
1945259887495943936,龙颜大悦,5676.325,1758984249,deea00f
1957526892588923392,他俩这么强的吗？直接加时赛了,5475.556,1760446590,ae02b522
1977901549582004224,关税哈哈哈哈哈哈,5436.202,1762875438,aedabb3d
1977901725834636800,小熊好棒！,5457.17,1762875459,aedabb3d
1988742475853880320,哈哈哈哈这个是Dylan在后面说的,5609.534,1764167777,c847ffba
2002100048816625408,外国小孩中文对决真的，太形象了，这俩都笑死,5467.471,1765760124,1bae6291
2015436799140933120,高级词汇,5450.301,1767349988,a9603673
2018415095944305664,无偿上班(,5616.425,1767705029,964a8dca
2035137440129502976,弄明白,5418.548,1769698488,ca126b
2035137714621479936,你明白,5451.275,1769698521,ca126b
2068517489595502592,那么棒,5472.838,1773677700,471d6181
2077821577877208320,朕很满意,5679.263,1774786834,585cded5
,,0.0,1775683732.8000336,
lb.c,,0.0,1775683732.8000336,
,,0.0,1775683732.8000336,
1895737858867040512,哈哈哈哈哈哈哈哈哈哈哈,6096.333,1752996585,a4557f7c
1895737880752918784,沆瀣一气这词还是能用得到的233,5937.428,1752997598,4944442d
1895737919046914304,哈哈哈哈哈哈哈哈哈哈哈哈哈哈哈哈哈哈哈哈哈哈哈哈哈哈哈,5870.631,1752996356,a4557f7c
1895737949136851200,德国人太好笑了,5863.154,1752999715,8b34e573
1895737969194012928,阿雷真的动漫影视资深中毒哈哈哈哈哈哈,5838.142,1752997069,5866b398
1895738141521187072,犄角旮旯很少用吗？上海话里经常用到啊,6049.474,1753008868,39499903
1895738273742426368,除了呶字都认识,6060.585,1753013759,20dffd1e
1895738364003848448,踽踽独行这种基础词大左一个主持人不认识不应该吧,6002.5,1753015847,e69ebdef
1895738431481811200,圭臬感觉也很常见,6014.236,1753015872,e69ebdef
1895738444249272576,好厉害 卢可！,5923.251,1753018736,1c68567a
1895738555482214656,我觉得奉为圭臬还挺常用的,6019.476,1753019682,79d441b5
1895738669466620160,新梗出现了,5963.161,1753023686,65fd9e50
1895738727817777408,哈哈哈哈还拆啊哈,5877.108,1753023916,5ec74794
1895738740585238784,还得是总冠军！,5923.556,1753029089,d6bfe3aa
1895738798936396032,这期好搞笑,5880.071,1753023927,5ec74794
1895738800765112576,魔法小樱,5811.727,1753025778,ef8f951e
1895738804405768448,Latino American也是American哈哈哈,6088.033,1753033291,5404f33
1895738847263166720,哇好久不见的歌，我现在还全知道且会写呢,5922.622,1753029406,302e2cd4
1895738994978164992,戴卢可好会串场,5918.405,1753033135,5404f33
1895739036921204992,口语里很常见 但书面很少写 才叫生僻字,6084.412,1753069602,221a9f5
1895739067917111552,犄角旮旯哪个地区都用啊,6076.904,1753036132,37b64554
1895739303167234304,超超可能只是重影看成垚了哈哈哈,6025.872,1753080031,3f6b3267
1895803686740271360,德国人神奇的笑点出现了,5860.314,1753088610,677e1eff
1895940938636112896,哈哈哈哈哈哈哈哈哈哈哈哈哈哈哈哈哈哈哈,5956.417,1753104972,4365b2b7
1896006384517540608,哈哈哈哈哈哈哈 太好笑了,5877.08,1753112774,e10bb37e
1896394704246373888,往里玹,5888.848,1753159065,45f0e9c9
1896525961894243328,还记得穆小龙的也特别长,5863.237,1753174712,9c5bc011
1896526792475403776,突然感觉和一个母语者说对方的母语好刺激。,5849.288,1753174811,272cb156
1896528996767018496,伦反应好可爱,6093.046,1753175074,272cb156
1896694142336784640,我为什么这么黑,5850.046,1753194761,16f0b446
1896746298607480576,哈哈哈哈哈哈小魔女dorimi我的童年,5817.55,1753200978,9cb4590f
1896782108769874944,哈哈哈哈阿雷好棒,5823.344,1753205247,5856c37c
1896837444775896832,沆瀣一气，绵绵瓜瓞什么的其实也蛮常用的，都是会读，不一定会写,5963.667,1753211844,9450640
1897302336104199424,原来阿雷也是个二次元啊，圈粉,5807.807,1753267263,729e3ab7
1897408696875986688,bgm是星矢。。。,5826.178,1753279942,7ea9d3d5
1897539050743992576,是真的 喜欢看番剧随便都有N3了 日语听懂会说不算难,5774.395,1753295482,6f99a845
1897540654679205376,碗里选,5906.056,1753295673,6f99a845
1897941885038393856,哈哈哈哈哈德国人,5869.457,1753343503,4227b274
1898063552024567040,善逸！,5827.305,1753358007,9cdf46e6
1898064079399573504,xs我的笑点是发币笑,5864.169,1753358070,9cdf46e6
1898097346118832640,生僻字那个歌词的选择标准太不统一了所以体感好不好也是一阵儿一阵儿的hhh,5931.174,1753362036,45af011b
1898114145447495424,紧跟时事哈哈哈哈,5827.651,1753364038,ba542c3c
1898161274299396864,考试会用到吧，或者语文老师,6051.412,1753369656,9a457285
1898467852772804608,哪里常见？你平时都会说这些吗？我只能读一些，意思知道的就更少了,6031.791,1753406203,a725bfc4
1898468393661528832,确实是American,6081.24,1753406268,a725bfc4
1898544657131158528,会长日常开始挖坑了,5973.106,1753415359,e68aeabe
1898792509870598400,魔法少女小圆，魔法少女奈叶，魔卡少女樱，憧憬成为魔法少女,5789.357,1753444906,c1c112d8
1898950122260736256,我的天啊,5932.388,1753463694,eeae67ec
1899611716883880704,哈哈哈哈杨迪这个变声,5986.176,1753542563,5ebece69
1899953432166147328,怎么难的都会，简单的反而错了超超,6015.364,1753583298,ae954710
1900078198046300160,哈哈哈少女雷,5809.075,1753598172,1091612d
1901032821930525952,哈哈哈哈哈哈哈哈哈,5810.507,1753711972,2c9403ee
1901035550375286784,格局,6102.475,1753712297,2c9403ee
1901038084020175104,笑死,6081.102,1753712599,2c9403ee
1902445816619673088,可爱的四姐,6110.63,1753880414,c085033b
1902473656388011520,哈哈哈哈哈哈哈哈哈哈,5884.153,1753883732,24d07282
1902507918574530560,鬼灭！！,5827.326,1753887817,ecae7fb8
1903092981570356992,哈哈哈哈哈哈哈哈哈,5817.734,1753957562,623dd44
1904588337600721664,中二哈哈哈,5768.847,1754135822,3e5e834
1904588540294738176,和红红火火恍恍惚惚哈哈哈哈哈哈哈哈,5787.755,1754135846,3e5e834
1904607506802715648,xswl,5877.161,1754138107,2f77163b
1904738394345604608,不考生僻字没意思呀,6059.583,1754153710,1606bf27
1905360955819970304,先笑了,5858.11,1754227925,95e70b5d
1906556910518333184,哈哈哈哈哈,5871.662,1754370494,58d57e1c
1907415837069982464,不会是飞天小女警z吧,5820.521,1754472886,43d8243f
1908251049396513536,哈哈哈哈哈,5828.769,1754572451,d8a8f583
1913315501447857152,奉为圭臬不是很常见吗，，,6018.38,1755176181,9b40c598
1916341011081184256,这里阿雷莫名的像唐大哥,5760.723,1755536850,299590f4
1916656189127610112,哪里常见了，只有几个是常见的,6036.563,1755574422,51f2909e
1922655339275858176,犄角旮旯也会，只是不太会写,5941.477,1756289577,99536495
1923491622692854784,歌里的都会比较熟啊,6044.668,1756389269,a82a2ebb
1924750576206771968,哈哈哈哈哈哈哈哈哈哈哈哈哈哈哈哈哈,5819.439,1756539348,90bb401c
1924751062737679616,吼吼吼吼吼吼吼吼吼吼吼吼吼吼吼,5873.51,1756539406,90bb401c
1929398244665353728,初中的时候我们也学这个表演过,5947.352,1757093394,bd775eca
1954296916465043200,戴卢可的承上启下可太中国了哈哈哈哈,5910.649,1760061546,99c7f039
1957531727765723136,哈哈哈哈，陈超其他生僻的都知道奉为圭臬这么日常的居然不会,6007.196,1760447166,ae02b522
1963056219074066944,我的天啊，怎么会有这些这么多语言超能力者,5857.992,1761105737,54f7b9d0
1967686962006220544,笑死，反正我认不全哈哈哈,5978.628,1761657764,eb09f285
1977904572307833856,魔法少女哈哈哈哈哈,5795.978,1762875798,aedabb3d
1977905919635666176,哈哈哈哈哈哈哈哈哈,5956.683,1762875959,aedabb3d
1994610009833088768,超超好厉害,6041.25,1764867242,51701351
2010424270157225984,奉为圭臬这个，我感觉应该都知道啊，看古装剧什么的,6007.049,1766752448,a0b99804
2016016522979979008,超超怎么不认识圭臬，这是固定组合啊，垚涅是啥意思,6007.162,1767419097,ae954710
2026860148143955200,穆小龙？？？,5856.924,1768711758,c0ad9fc7
2036277408915183872,我只会醍醐灌顶和犄角旮旯,5991.627,1769834383,f9735bbb
2038025793061976064,德国人莫名其妙的笑点笑死我了,5864.035,1770042806,b8b5200d
2057973005103436544,高中语文考了你还能记得？反正我是感觉上大一就修为散尽了,6045.684,1772420699,dc69dd68
2058963017848770048,我可能知道他咋学的语言了,5843.198,1772538718,60c31dff
,,0.0,1775683732.8000336,
lb.c,,0.0,1775683732.8000336,
,,0.0,1775683732.8000336,
1895737596345553152,哈哈哈哈哈哈哈,6195.466,1752991046,a1639211
1895737605254254848,笑到捶床,6248.056,1752991132,a1639211
1895737756257587456,哈哈哈哈哈哈哈哈,6247.548,1752993724,46e1d41a
1895737873454829824,这表情包加的哈哈哈哈哈,6247.145,1752995808,591a47e1
1895737955520581888,哈哈哈哈晚上睡觉起来扇自己一巴掌。,6242.077,1752996766,a4557f7c
1895738234534072576,美国的刻板印象又增加了哈哈哈哈哈哈,6262.432,1753014661,d93d12d4
1895738291970871552,地大物博吗哈哈哈,6424.625,1753014057,450eca7a
1895738441514586368,美式英语跟英式的相比是真挺村儿的,6304.472,1753017646,6ed7a38b
1895738527220994304,这句话感觉很深刻,6342.095,1753018411,9cfc41f8
1895738529955680512,好惨,6240.329,1753015944,e967e3fc
1895738545457828096,洋脸在身我心依旧是中国心,6343.404,1753019165,b3e76332
1895738814438543616,伦儿好漂亮,6121.658,1753026098,ef8f951e
1895738827214393600,还好我们中文故意说别的口音腔调不会被说,6221.909,1753034289,9ef562ec
1895738931149246720,哈哈哈哈哈，绝,6261.929,1753027770,105f8ab8
1895738994063806720,以前好像聊过,6323.611,1753065947,c76f245a
1895739099835764992,感觉四姐马上就要入党了,6358.412,1753041164,f2cbd317
1895739164570652928,北京啊，都鼓楼钟楼和胡同了,6466.915,1753074268,cce57685
1895739223836168448,哈哈哈哈,6185.472,1753075358,b465a5f8
1895876772915284736,好红,6342.445,1753097323,f81c7508
1895891145075744000,完啦！漂亮国居然是我自己,6332.931,1753099036,720bb977
1895911263230715648,这一期可太好看了哈哈哈哈哈哈哈,6293.681,1753101434,cc998cf0
1895977013316171008,真的 我现在在英国 班上有美国同学老师都问为什么来英国哈哈哈因为感觉美国人很少来,6233.393,1753109272,7021661
1895996712578404608,哈哈哈哈,6191.243,1753111621,42cad9e5
1896011026604849152,哈哈哈哈哈哈哈哈哈哈,6248.296,1753113327,692c8ed6
1896053738805025792,笑死我了,6338.26,1753118419,35861f7e
1896348810541099264,盆栽伐木工,6185.449,1753153594,b7453a45
1896660913071964928,入党！马上入党！,6335.06,1753190799,280fcb51
1896752974823802112,萨沙真的长大了哈哈哈哈哈还劝架了,6286.28,1753201774,9cb4590f
1897031264495085056,英魂不散,6129.09,1753234949,88971e98
1897172399880213760,缘分,6350.275,1753251773,fe4eee91
1897191079833737984,伦儿好好看,6141.739,1753254000,edbe14cb
1897329347598687232,四年英伦行 一生英国情,6138.756,1753270483,cdc452f4
1897379646639815168,英美日常共轭嫌弃,6150.158,1753276479,d403eb94
1897470722797396480,就像有些人说着说着说英文感觉自己很能似的,6155.088,1753287336,9c3b5844
1897881482706794240,反复播放，笑发财了这段,6120.382,1753336303,a5babba0
1897980178177896192,哈哈哈哈哈哈哈哈,6134.889,1753348068,290bcf14
1897990451865073152,主要是大部分的美国人会对英音有滤镜,6302.454,1753349293,c5e94360
1898037108598766848,我觉得英音比美音好太多了，主要是美式英语有种不好好说话的感觉,6151.32,1753354855,e3a9f12d
1898068025727885056,也没有r音好像,6268.82,1753358540,9cdf46e6
1898469431701780736,四姐吐槽笑死我了,6195.492,1753406392,a725bfc4
1898638472119025920,B+可以了，我的二外只有及格，但我还是往简历上写我会,6389.578,1753426543,a18ccce
1899515964723618304,很多去台湾上大学的人也会有台湾腔,6237.288,1753531148,3820b86
1899583646470362112,哈哈哈哈哈哈哈哈,6195.813,1753539216,fbcf58ae
1899589769240256768,政审吗,6331.689,1753539946,80311199
1899903850559699712,英音好听啊,6271.685,1753577388,3e3ca627
1900743884129465600,东北腔,6156.205,1753677528,fc5824e9
1900962778974280704,“再给我上颚共鸣试试看呢”,6139.283,1753703622,7c263e9f
1901039338478048256,缘分,6410.357,1753712748,2c9403ee
1901092486005857536,这一趴杨迪和大左配合好默契好好玩,6240.882,1753719084,bba3e7b3
1901111475482086656,东北菜好吃不辣,6470.381,1753721348,18259142
1903696970439590656,我以为这个词是 可以,6419.591,1754029563,b7a9b2eb
1903909804733164032,哈哈哈哈哈哈哈哈哈这么严重吗,6142.532,1754054935,c51a6472
1903912608323439360,这个讲过，老师说他没天赋他吃激将法非要学哈哈哈哈,6350.203,1754055269,c51a6472
1904470534801020416,温文尔雅温润如玉钟逸伦,6222.688,1754121779,cc2734ec
1904581796449178880,没事萨沙会倒着说,6144.19,1754135042,5bd65cde
1904592053267419392,伦儿比较像英国的,6176.889,1754136265,3e5e834
1904592758221061888,哈哈哈哈哈哈哈哈哈,6240.501,1754136349,3e5e834
1904741835662920192,中国其它不说，论美食绝对世界第一,6444.448,1754154121,1606bf27
1907997071420911104,很明显是要伐木哈哈哈哈哈,6187.912,1754542175,e06c8437
1910189102486362880,大漂亮,6338.048,1754803485,738a73b
1910189214340135424,漂亮过,6351.282,1754803499,738a73b
1914652145542984448,这期好好看,6310.42,1755335521,39959bed
1916890106191840512,来了来了 入坑点,6131.6,1755602307,41d23346
1938459317036858368,4,6137.704,1758173558,7ce065f9
1942844325235513600,我真该死啊哈哈,6254.36,1758696291,1448c64
1967689487748992512,口音会混也正常，在外地待久了回家就会被说口音变了,6211.908,1761658065,eb09f285
1971860351436493056,真好,6405.79,1762155271,83beff44
1975472819102343680,我喜欢这期的所有！！,6331.166,1762585911,75855fc6
1988749246333072384,可怜的伦儿,6254.717,1764168584,c847ffba
1988750225619440640,支持Dylan，英音好听,6272.114,1764168701,c847ffba
2011318177330127616,好家伙哈哈哈,6456.191,1766859010,1bdc989c
2024979683494084864,这话题能客观的聊吗,6321.496,1768487589,4756a90
2069095069641645568,有没有可能美国人不说纯正的英语才是违背了自己的故乡,6150.449,1773746553,6b2b33d2
,,0.0,1775683732.8000336,
lb.c,,0.0,1775683732.8000336,
,,0.0,1775683732.8000336,
1895737660753285376,这一期真的很好看,6541.435,1752992583,a8f5ef7c
1895737685818446080,享受2025，好戳人的表达,6794.065,1752992554,dd38837b
1895737804802461952,哇哦，好想听一听,6713.441,1752995454,98f16374
1895737829255254272,老王算最有发言权了，毕竟经历过生死后来的,6760.292,1752998269,4944442d
1895737865259159808,但是这种速度也会有很多后遗症,6628.733,1753000515,8b34e573
1895737968288043264,那还是不一样的，中国贫富差距大，但基础建设都很好，欧美可不是,6678.52,1753002110,5e592343
1895738173439840512,应该是说医疗不便利，拖着拖着很多病人就错过最佳治疗时间,6709.748,1753010160,20af4969
1895738642102980864,哇，好会说,6794.595,1753022472,755ab053
1895738734201508096,和平,6749.651,1753027321,d89d8cbd
1895738795295740160,兼容并包,6823.86,1753032301,177de300
1895738872798089472,对自己深爱的国家有反思是很好的一件事,6721.795,1753038055,187c324
1895738902879637760,喜欢这样的真诚分享,6543.19,1753037588,187c324
1895738912006443264,希望都能变得更好,6721.795,1753038063,187c324
1895738932063604992,哈哈哈哈哈在一个伊朗人的房间里两个美国人吵起来了怎么这么好笑,6711.525,1753063546,f032f0af
1895739024153743616,其实这种对速度的适应能力也是一种温水煮青蛙。,6620.268,1753037869,187c324
1895739090717348096,不知苦所以不能言苦。,6622.315,1753037904,187c324
1895739095272362240,来郑州吧，郑州地铁是真的很有人文关怀,6736.904,1753040485,7a1afabc
1895739168219697408,五千年,6837.086,1753066340,e94d0ef6
1895739195574948096,都一样啊，大部分资源掌握在少数人手里，底层挣扎求生,6685.378,1753069042,3e15afd5
1895739298603831552,贫富差距...真的很难缩小,6671.593,1753077459,f04b19be
1895739300432548096,战乱国家的人要考虑的是生存，和平的国家才配谈生活,6772.315,1753073897,f8b0e6b0
1895739333257171200,唉...,6667.752,1753077438,f04b19be
1895916809107255552,来成都坐地铁吧,6741.512,1753102095,cc998cf0
1895922409224457984,幸存者偏差罢了。跟不上的会被毫不留情抛弃消失,6635.987,1753102763,9cc53f64
1895927999803579392,看了饼叔和老王的视频，很感慨,6763.186,1753103429,2f51f428
1895937469820941824,喜欢陈老师每次认真的聆听大家的发言,6547.615,1753104558,7d881d54
1895945543797188096,哈哈哈哈哈哈哈哈哈哈哈哈哈哈哈哈哈哈哈,6503.187,1753105521,4365b2b7
1895971705936303104,中国自己外宣也是重点在传统文化，对内也强化传统文化在中国文化中的代表性，青年文化一定程度上缺失，也有舆论环境的因素，外国人误解也很正常,6589.994,1753108640,108016b
1896042506861772032,这个我居然有点不信,6824.197,1753117080,698bab0d
1896055550030980352,中国也一样只是程度问题罢了,6658.388,1753118635,35861f7e
1896115798288929536,只缘生在此山中我没觉得变化很快但是回头看好像也变了蛮多,6649.705,1753125817,cc2734ec
1896346407598641152,说一样的去认真了解一下中美差异吧，本质是不同的，中国在努力缩小贫富，美国不是,6687.136,1753153307,996c2fe2
1896389793135554816,哎也不是每个中国人都过得很幸福，我就很累,6804.345,1753158479,671e7525
1896445143561997056,每个国家都需要伦这样的理性主义,6735.808,1753165078,2babe5d1
1896692445161556736,未知全貌 不予置评,6500.385,1753194558,d10e6859
1896713597632456448,前面那个为什么不信啊？就用大类来说，南北方的很多人了呀，更别说这么多省，每个省，每个城市，甚至每个村的文化都不一样。,6830.016,1753197080,c93b4313
1896713718285980672,很多元了,6834.261,1753197094,c93b4313
1896732865308570624,AUV,6591.584,1753199377,54d3f224
1896762050744070656,哈哈哈哈哈哈哈在一个伊朗人的房间里,6709.359,1753202856,9cb4590f
1897033430391823872,每个人都累换个地方你会连觉得累的功夫都没有还要担心能不能活到明天,6812.842,1753235207,d539e6d1
1897036751005286656,投共一念起，顿觉天地宽,6735.699,1753235603,c50570d0
1897124829325385984,国外一些媒体的刻意描绘,6600.162,1753246103,42da3e49
1897224976302927360,这俩私下可一定要还是好朋友啊,6713.528,1753258041,e6299164
1897398342565690112,真的，我们被保护得很好了^ω^,6774.265,1753278708,ca23a4
1897434692518111488,苏丹的游戏你是不是原型哈哈哈哈,6776.575,1753283041,b7b7e82b
1897549057816156160,鼓楼钟楼是西安,6483.967,1753296675,6f99a845
1897599146278760704,中国内部当然也有问题，但和国外的程度还是不一样的，多去了解一点再发言吧,6682.239,1753302646,68f3b35d
1897599835788886016,一个江苏各个市县方言文化都不一样,6838.453,1753302728,a12485dc
1898072217221687552,想起luigi,6699.647,1753359040,9cdf46e6
1898085967332604160,这后面的话题多来几期，说不完啊,6609.427,1753360679,d849b843
1898126853265714176,没办法拒绝变化/dog,6625.936,1753365553,ba542c3c
1898641050416426752,人民的愿望都相似。。,6675.15,1753426850,a18ccce
1898785992081696768,英国：勿cue，谢谢,6689.673,1753444129,cc3adea9
1899394054693909504,不接受也很好办，慢慢被淘汰咯,6624.492,1753516615,3873c0bd
1899524978576745984,可能是荒诞吧，比较合适,6523.504,1753532223,7cf865be
1899569833494887168,梦幻不好吗？,6573.202,1753537570,3860f01a
1899644931426164480,中国也不能避免,6661.822,1753546522,d5bc7b78
1899645448348985344,当然我们现在正在努力让中国不一样而且也有了成效,6689.47,1753546584,d5bc7b78
1900034195536137984,Dylan是一个真诚的好人 支持,6720.402,1753592926,2c9403ee
1900231076526713344,美国很多人相当爱国的，其实恰恰是我们。。。。。。,6649.902,1753616396,395ce43e
1900245252292511232,这里的荒谬应该是指外国宣传的中国和实际的中国不一样的意思吧,6582.739,1753618086,fc0b135a
1901033036209402880,“神奇”,6522.2,1753711997,1b6940fa
1901478076861790976,中国禁枪是最明智的选择，而且摄像头多也是为了保护好人，监视坏人,6802.453,1753765050,80000882
1901700931155311616,变差,6642.612,1753791616,105f52db
1901734966363358208,他是个理想主义者，社会需要理想主义者的存在,6719.916,1753795674,71f360aa
1901862417940697600,感谢国家，每有一个新技术出现都是先向全民普及的,6630.792,1753810867,4a4e6679
1902365496134297344,我们不要身在福中不知福了,6793.653,1753870839,92f8c01f
1903699234281745920,很多国家都这样,6658.438,1754029833,b7a9b2eb
1903827465546625536,每次波波玩这种政治梗我都好想笑,6715.322,1754045119,29c7c55b
1904592752574914304,中国不一样,6686.195,1754136348,357dee8e
1904596883444749312,。。。。。。。。。,6636.436,1754136841,3e5e834
1904597355127841024,哪里不都这样,6661.546,1754136897,3e5e834
1904599138847969024,没有说过的多幸福 要求就是没有战争就很幸福了,6809.822,1754137110,3e5e834
1904743391271399168,中国可使用短短30年走完了西方国家的很多路,6615.568,1754154306,1606bf27
1904746212788497664,确实多元化，不同地区不同民族,6820.44,1754154642,1606bf27
1905466819909765888,要哭了 老王,6796.692,1754240545,a48719d1
1905516364379104512,中国和美国还是很不一样的，美国可以说整个政府和社会就是一个企业,6688.725,1754246452,c0863c00
1905590443236882944,华波波接的好哈哈哈哈,6728.909,1754255282,55f41f2d
1905708190906021888,是的，明明有新兴的社群文化，小说影视在海外也有不少受众，但只拿传统文化宣传,6558.317,1754269319,92638f93
1905733248072848128,伦好可爱啊,6721.098,1754272306,f5b9996
1905886098668937984,伦儿很有国家情怀,6698.429,1754290527,7becfa2e
1905887294179910912,阿雷文艺人,6824.672,1754290670,7becfa2e
1906070010057587456,基建狂魔可不是贬义(而是汗颜),6743.759,1754312451,c8137052
1906621653182534144,国内也一样，只是国家投入民生的更多,6672.825,1754378212,da947e05
1909689848987148544,他想表达国家或者政府没有投入更多到基础设施建设或者卫生安全上面,6674.879,1754743970,d7fb52ee
1911377903472814592,真好,6720.915,1754945201,984e8387
1911378403299548928,伦的发言太棒了,6767.166,1754945261,984e8387
1913571332298825216,不予置评  但我家过得很好,6816.41,1755206679,a406af70
1915971349722081024,但是在武汉记得出门的时候手不要插在兜里,6731.172,1755492783,aa8cb2c6
1918412477759778560,对老王来说这里很有烟火气,6809.441,1755783788,dcc7e0e1
1921056285831728384,不接受就会被淘汰,6630.638,1756098955,954b058c
1921056623968288000,中国也差不多,6657.996,1756098995,954b058c
1929404679826503424,我们也是啊 程度没那么离谱就是了,6668.628,1757094161,bd775eca
1945264582373671936,每次听这个方面都想哭,6771.747,1758984808,e84d2ff
1967694729680788480,卢可的共情能力很强,6785.668,1761658690,eb09f285
1967694847532478464,老王好真诚,6789.668,1761658704,eb09f285
1975476124088230656,好棒老王,6795.251,1762586305,75855fc6
1977911950214243328,其实中国也是,6675.488,1762876678,aedabb3d
1986558931577298944,确实，只有一部分人在享受当代,6804.09,1763907478,2a9d92f9
1988754506963415040,Dylan反应好快,6661.622,1764169211,c847ffba
2011320470867702016,世界因你而美好 ,6720.212,1766859284,1bdc989c
2016952177930965504,广州都一直在开新的地铁线路！,6708.314,1767530636,8947ce87
2022025891484004352,什么叫老是说这个？经历过的最深感悟说不是很正常吗？,6786.513,1768135469,6d4f31dd
2027056310750973952,这是一个制度问题 美国的资本主义体制下永远不可能达到钟逸伦想要的这些平等和普惠,6727.425,1768735142,aef87158
2027056891695612928,老王一说话卢可就哭,6782.978,1768735211,aef87158
2029865597738983936,外宣确实做得不好,6562.312,1769070035,361d239
2056133097778429440,荒诞是离谱且可笑，也不好,6531.028,1772201365,fa9ad547
2066239338295500544,中国没美国那么夸张,6675.024,1773406123,a16be46f
2085131327899985664,荒诞,6523.597,1775658224,91e1ddec
,,0.0,1775683732.8000336,
lb.c,,0.0,1775683732.8000336,
,,0.0,1775683732.8000336,
1895737518549602560,中俄那说不清道不明的羁绊呐,6875.785,1752989565,9e8cd452
1895737942753120512,虽然但是这些基建应该都不是白给，还是要考虑利益的。,7087.97,1753004822,545954c8
1895737954606223616,萨沙已经不是老外啦，他是老内,6917.492,1753001311,e4ff31ac
1895737962810282240,给陈老师投币,7148.543,1753000815,e868d6e6
1895738337562956032,萨沙的面相都很中国了,6921.078,1753014984,73e9b877
1895738415065305344,非正不就是这样吗hhh正经起来很正经,6951.491,1753017172,638576ba
1895738442420556032,这已经是精中了自豪了,6856.334,1753017521,47376c28
1895738515367891200,现在的节目越做越大，主题也越来越大了,7111.306,1753019293,193ffd61
1895738546372186368,萨沙越来越老干部了,6860.051,1753019535,1c68567a
1895738560079171840,完全变成中国人了呀萨沙,6854.884,1753019690,b3e76332
1895738708666585344,但中国的利益都是双赢的，大多是经济上的，不能说有利益就是不好的,7102.081,1753028422,a7349199
1895738749695267072,基础在民间，未来在青年,6909.082,1753029610,b77da815
1895738798022037760,东北人来了,6857.033,1753029957,d0eeaf61
1895738808063201536,唐朝那会真挺多的，服饰饮食娱乐活动都交流的特别深，互相影响很大的,7030.588,1753023996,11c5072
1895738836324421888,偶尔有一些宏大深入的话题也挺好的呀,7125.054,1753034905,9ef562ec
1895738864585642240,灵笼,7118.112,1753027731,7bf03337
1895738874618417408,肯定是有利益的，但是我们追求共赢，而不是强取豪夺,7091.369,1753030554,516113ea
1895738916561457408,宏大叙事会让人感动，但也会让人迷失的，感觉没必要一直升华,6997.048,1753038389,187c324
1895738967622914304,这一年真的是舆论反转,6903.166,1753030294,516113ea
1895738974912614656,近代中国的版图就是清朝定下来的，相当部分依赖于乾隆的十全武功，感兴趣可以搜一搜乾隆朝名将,6979.544,1753040743,7a1afabc
1895739005916909824,没有宏大的背景下个人还会存在吗？,7125.643,1753036925,c7bc6e63
1895739146333819136,咋样了。。。挺好的啊人家,6949.86,1753073352,892b4073
1895854446332840192,相信老王说的是话是发自内心的，毕竟亲身经历过战火,7170.238,1753094661,3a31dcb7
1895859660172023808,据说他的老爸是中俄混血？,6880.681,1753095283,1df8460d
1895878303215493376,迷失是因为你自己内核不稳，如果你连听到一点赞美的话都觉得心虚、不适，那是因为你配得感太低了,7007.214,1753097505,68ab50d8
1895886991573313536,萨沙已经入党了，自豪感都有了哈哈哈哈哈哈哈哈哈哈,6853.737,1753098541,ac1ed4e7
1895914456186862592,确实，有过大唐的鼎盛，也有侵华的耻辱，太复杂了这几千年和近两百年,7072.87,1753101815,4f7b0147
1895939496005433088,我发现很多人很抗拒对个人的赞美哈，宏大就是由个人构成的,7124.197,1753104800,d0a706e0
1895962862170590464,是的,7064.0,1753107585,3c890e32
1896057229271011584,从先秦开始的华夏认同,6997.054,1753118835,35861f7e
1896057475954741760,让我想到了威斯特伐利亚和约,7027.006,1753118864,35861f7e
1896138358434982144,一点都不过，中国就是很好。,7190.899,1753128506,7388c77a
1896282581490515456,导播直接不敢切其他人的画面了 大左也管管 心里知道就行了,7189.779,1753145699,c585eb07
1896371636178174208,为什么过了 前面的是配得感太低了吗 陈述事实而已 为什么会觉得过呢,7195.88,1753156315,c0abd974
1896444073528258560,才注意到这个地图中国好大,6967.583,1753164950,a7969c95
1896444504300081408,超棒啊这期话题 很有意义和深度,7003.209,1753165002,a7969c95
1896487634579302400,这个地图也让我印象很深刻,6965.677,1753170143,9ec95bfa
1896489246634756864,说得好,7151.185,1753170335,9ec95bfa
1896515622197177856,他是真的入党了吧，发言太官方，哈哈哈,6917.303,1753173479,8a80d98c
1896527134873361920,萨沙太中国了,6883.176,1753174852,6a042d86
1896527607890110720,真的很震惊,6985.76,1753174908,6a042d86
1896528590154207232,不愧是在世界中心呼唤爱,7171.882,1753175025,6a042d86
1896549573058051072,求同存异,7081.105,1753177527,b99d4a1f
1896678634124171776,说的太好了,7089.925,1753192912,ef5b873
1896689226226035968,为什么要说过了，如果作为国人的我们都不够有自信，都不够乐观自豪的话，这个世界上还有谁愿意更相信我们可以做到这些呢？,7191.378,1753194175,4de79949
1896700212652189440,中国最牛逼的一点，就是同化,6948.592,1753195484,c3929b2
1896846755031494400,天下大同，世界人民大团结，万岁！,6951.603,1753212954,9450640
1897038302151448064,让我想到了高佑思…哈哈,6842.739,1753235788,88971e98
1897132711857199616,因为我们原本就是一个多民族的国家，每个民族存在各自的文化差异，每种文化相互包容,6938.97,1753247042,42da3e49
1897313694656990464,北京欢迎你，为你开天辟地（开放怀抱）你会爱上这里,6908.793,1753268617,729e3ab7
1897402914356966144,love ,7173.813,1753279253,ca23a4
1897552673700808704,执着 信任,6868.324,1753297106,6f99a845
1897601588529782528,现在人真是戾气重了，以前从来不会有人莫名其妙的打问,6997.266,1753302937,a12485dc
1897859954988690432,家国情怀大部分人有，有一部分人确实因为从小的狭隘，自然也看不惯这些,7191.085,1753333736,e0632c99
1897866933580394240,非正这一季带着任务了,7011.467,1753334568,8562c6e6
1897897775447236608,那外国人和自己国家对比就是觉得中国更好啊，看见中国更好的一面讲出来啊，代表们都说的那么真挚真诚,7021.288,1753338245,2aa70d44
1898088222609748480,可以倒着说中文,6878.916,1753360948,8f9aba91
1898092720329620224,带啥任务真好笑,7021.416,1753361484,d849b843
1898132201112459520,宏大背景就是我们每一个中国人的骨血，为啥不能谈,7130.926,1753366191,ba542c3c
1898580836409316096,守正创新 不忘初心,6939.247,1753419672,6126b659
1898666323538942976,用今人的生命还古人的债，这个真是精辟,7155.601,1753429863,915050e3
1898788297942440448,他不是混血儿，是老爸在他很小的时候就“巨星标配”了，但是很小就开始接触中国文化,6894.038,1753444403,cc3adea9
1898791671513404160,宏大和个人不是对立的，而是互相成就，这就是精致利己主义为什么要摒弃,7136.041,1753444806,cc3adea9
1898822681655529728,这太好了！,6843.84,1753448502,636af638
1898910387244854272,莎莎接近中国人了，完全中国化了,6921.603,1753458958,e3470321
1898911684559693568,陈老师真的满腹经纶啊,7076.15,1753459112,e3470321
1898957673719325184,有些弹幕是觉得说坏的才是真吗？坏的好的都是,6994.673,1753464595,6b40ebca
1899330667008161024,已经是东北人的模样了,6896.769,1753509059,8ed82815
1899443844664460800,中俄CP,6903.562,1753522551,e4d84d7d
1899524549423779584,太深了！,7053.949,1753532172,3820b86
1899609802536100352,萨沙太像中国人了,6868.96,1753542334,64c6b79c
1899623826770786560,一点都不过好吗，现在的时代背景下世界是否能和平确实要看中国,7192.147,1753544006,bc31ead9
1899647684927755520,前面的想说啥啊，陈超咋样了？不要引战可以吗,6952.723,1753546850,d5bc7b78
1900087323199353344,哪里过了？自己去了解一下我们在国际事务上做出的贡献，不要这么自卑,7189.371,1753599259,422009b7
1900214028308531712,古代也有疆域图吧 也是有地理分界线的,7038.06,1753614364,b927edf8
1900303293918964224,老王又动感情了,7179.652,1753625005,68efaa5c
1900974547218661632,中国真的格局太大了,7161.167,1753705025,62699b20
1901012750474195456,萨沙就是中国小伙啦 ,6871.084,1753709579,9265523d
1901040459380750080,天下大同！！！世界和平！！！,7183.616,1753712882,1b6940fa
1901066877699254528,近代史 是一个伤痛,7072.148,1753716031,539dfda8
1901118523019670016,互利互惠嘛，有何不可,7108.686,1753722188,18259142
1901639283426035968,我的弹幕呢,7003.772,1753784267,4d2041c5
1902755038712239872,萨沙说的已经得到了国人大会演讲的精华,7009.141,1753917276,3f3063c2
1903662376340233216,陈老师讲得太好了 ,7199.012,1754025439,2e93938c
1903701780291417856,夸得我都绷不住了,6921.694,1754030136,b7a9b2eb
1903776104272515072,中国自古并没有国境线的概念都是以势力范围划定大概的区域，真正接触到把国境化为一条线的应该是清朝的尼布楚条约,7040.655,1754038996,b9df69aa
1903804183300627712,中国是文明型国家,7009.325,1754042344,1ddd0afb
1904413756096572672,会长眼眶红了,7182.497,1754115010,21f73640
1904600175142915328,萨沙这段话 好,6931.724,1754137233,3e5e834
1904602111367773184,哈哈哈,7116.424,1754137464,3e5e834
1905340308922234368,speed不是来了吗？,6912.659,1754225464,2eb47862
1905890199146212096,天下大同！,7147.37,1754291016,7becfa2e
1906120801997426176,倒着说中文笑鼠我了,6883.518,1754318506,712b33d4
1906866720434670336,他爸爸混血,6884.042,1754407427,4ad5b7c7
1907440916215114752,必须得是陈铭,7057.295,1754475876,9adcf5e9
1907441055340190464,没有陈铭可咋整！！！,7062.323,1754475893,9adcf5e9
1907927474462215424,萨沙爸爸好像是中国人,6888.991,1754533878,edceba01
1908264231959804928,不然呢 你想听到什么？,6956.994,1754574023,d8a8f583
1909738694962297344,因为我们的认同不是建立在血缘，种族之上的，是文明,6947.309,1754749793,e06a0bba
1910516879710106368,天下大同,7156.667,1754842559,4cd26c1a
1911108155258463488,愿祖国永远繁荣昌盛，愿人民安居乐业，希望真的能有老吾老以及人之老，幼吾幼以及人之幼的天下大同,7199.845,1754913045,34be5d10
1911383357871574272,说得太好了,7156.072,1754945852,984e8387
1912644363784642048,这个bgm有点宏伟啊哈哈哈哈,6896.867,1755096175,aca1d8af
1912646653195192576,说得太好了！！！,7161.315,1755096448,aca1d8af
1913030470246605824,只有经历过才知道的,7176.765,1755142203,cdc7bc83
1913350480247959552,李白是吉尔吉斯斯坦那边的人,7021.62,1755180351,3302ae89
1914864527842332928,国破家亡，固定搭配，望周知。也不妨看看今天的加沙人民，里面也不乏战争前家境优渥的。,7145.64,1755360839,dfe2ddbf
1916898949210434048,萨沙太老干部。。。,6868.229,1755603361,41d23346
1916900671467390976,读人类简史就知道 国家是人类构造的概念罢了,7052.699,1755603567,41d23346
1921250021379576576,说硬夸的历史及格了吗,7002.11,1756122050,bc587f4c
1923930412557231360,但是听说意大利街上小偷特别多,6841.225,1756441577,99536495
1924986993839221504,陈铭老师口才好，说话才快，没有语言屏障,7130.674,1756567531,e498a6f4
1926357441114275328,投币了,7154.131,1756730901,9eb4a117
1939601543464800000,说的好好,6936.456,1758309722,19031c9a
1971050491086146048,感觉萨沙真的是完全融入中国了,6891.029,1762058728,9574db04
1977023081524779264,都是地球上的人类，没有哪个国家比其他高级,7161.416,1762770716,da85f3fd
1977913530325766400,萨沙已经入党了吗哈哈哈哈哈,6863.869,1762876866,aedabb3d
1985165235720048640,太纯了还是,6863.268,1763741337,55203a50
1992880039746138112,东北代表这一块,6856.653,1764661013,b087944c
2011869610512769024,看哭了,7140.057,1766924746,cc26b091
2011870073975098624,说的太好了,7150.2,1766924802,cc26b091
2026026976464848128,这一期太棒了,7064.553,1768612436,1ca31636
2027856872027209728,非常漂亮的总结,7094.328,1768830577,8f58d927
2035149943106573568,他真的说得好标准,6879.309,1769699978,ca126b
2036292303651953664,我突然意识到中国的中立也是一种和平,7197.221,1769836158,f9735bbb
2082391271548932096,包容  但是有一条你只可意会不可言传的高压红线    触碰即死亡,6946.344,1775331584,6d6f1ac6
2082391448967843072,包容  但是有一条你只可意会不可言传的高压红线  触碰即死无葬身之地,6950.611,1775331605,6d6f1ac6
,,0.0,1775683732.8000336,
lb.c,,0.0,1775683732.8000336,
,,0.0,1775683732.8000336,
1895737650661789952,下周见,7295.403,1752992285,a1639211
1895738054900420864,陈老师说的真好,7214.561,1753006171,255b01e
1895738988594434304,那挺羡慕那个厅结婚的新人了~,7250.967,1753048041,23ddeab7
1895990467888831488,哈哈哈哈哈哈,7243.15,1753110876,99272c49
1896502871931897088,精彩的节目,7207.788,1753171959,bda137c9
1896528826075226624,好看,7223.428,1753175053,6a042d86
1897388807511572224,很客观啊，这就是事实,7202.296,1753277571,d403eb94
1897967201404250624,好看好看,7214.407,1753346521,bdfa401c
1898090557780690176,哈哈哈哈哈哈哈,7364.777,1753361226,9cdf46e6
1898096271319938304,伦儿记词能力这么强啊,7425.896,1753361907,d849b843
1898122321471151616,战歌起泪目了,7222.706,1753365013,66a85677
1903097630284788992,真棒！,7232.354,1753958116,1e5860b0
1910196463095640064,可真正的世界还是弱肉强食,7214.027,1754804363,738a73b
1962554409448054016,旷野的规则是永不回头,7256.422,1761045916,9caedba
1977916378484578816,精彩！,7203.354,1762877206,aedabb3d
,,0.0,1775683732.8000336,
lb.c,,0.0,1775683732.8000336,
,,0.0,1775683732.8000336,
1895737229310398720,一日代表好漂亮！像玛丽莲梦露,36.018,1752985309,59dfb4d2
1895737236021285120,来了！,197.636,1752984891,781e03c0
1895737280388632832,来哔哩哔哩只为了非正,23.323,1752985268,882cd619
1895737340836942080,竟然没有弹幕,102.734,1752986130,7c88818c
1895737356095820032,太美了啊啊啊啊啊啊啊啊啊啊啊,129.037,1752986855,63882395
1895737381790126336,哈哈哈哈我也喜欢测试,330.419,1752986736,4f7b0147
1895737392368161024,再看一遍加长版,74.113,1752987164,6261fc3d
1895737440627822848,就等加长版了,15.67,1752988220,a8fd71fe
1895737488023458048,沉默是最好的回答,188.466,1752989859,5cde034e
1895737757213888768,濑濑晒伤妆？,296.894,1752994571,13ee2db9
1895737813862158592,天呐，杨迪好好，还帮会长解释一下,262.251,1752995588,ef576978
1895737852827242753,濑濑可爱,315.191,1752995616,1091612d
1895737914483511552,我怎么第一反应就知道他要说学历,139.779,1752996339,2775914b
1895737947308134656,果然还是斯拉夫人长在我们的审美上！,73.86,1753005031,2394c70f
1895738002018636032,哈哈哈哈哈哈哈哈哈,195.646,1753006609,bc56a2e1
1895738089553760512,加长版！终于 走起～,118.271,1753002959,ea88348b
1895738128770502912,哈哈哈 让我们说中文,233.897,1753003085,ea88348b
1895738201701060864,哈哈哈哈哈哈,178.352,1753005984,61f1cb93
1895738215382880512,来了,60.699,1753006389,bc56a2e1
1895738423277752576,怪不得,264.523,1753017327,ef8f951e
1895738450633003264,弹幕呢,94.954,1753017693,6474f847
1895738460665778432,来了,9.0,1753017972,d2eb3f6c
1895738543637500160,超超看起来很聪明的美女,286.398,1753016280,a9208369
1895738587400868096,我说会长怎么有种被夺舍的感觉呢,275.37,1753020529,fc5c5aac
1895738736936194304,罗世杰也是博士吧,170.656,1753024489,8d665d98
1895738941182021888,再听一遍哈哈哈哈哈,211.547,1753064144,91850ea9
1895739043304935680,大左你堕落了 居然问出这种问题,183.625,1753066311,c585eb07
1895739119892926720,直接看加长了,50.901,1753065450,532bb614
1895739159101280512,直奔完整版！,2.008,1753066177,df6e1fa7
1895739170954383616,高情商：还在研究中...低情商：懂得都懂,196.746,1753071998,2b09e628
1895739227485212928,想起大不溜，小不溜，哈哈哈,313.856,1753071380,42da3e49
1895739240252674304,本来就是这个议程,275.175,1753075611,9cc5a9be
1895739294963175680,让我们说中文,230.803,1753077391,7d0b1ed6
1895741767471711744,好漂亮我的吗,123.454,1753081229,35861f7e
1895878472815905536,我就说会长怎么突然那样哈哈哈哈哈哈,285.477,1753097525,e1f0140c
1895902343950621952,小姐姐有点用哈利波特的露娜,260.69,1753100371,7bf5ae5
1895913944380697088,全世界都在说中国话。,240.019,1753101754,83719079
1895923691389856000,这封面有点像火仔和托子啊,7.553,1753102916,f48e83fe
1895925654231755520,俄罗斯娜娜什么时候来,123.096,1753103150,9a5f75b6
1896126772140527360,soul说是,314.381,1753127125,757770bd
1896432713985696000,厉害了,157.364,1753163596,d844b0d7
1896548500188124672,头发好美,170.792,1753177399,7be9809b
1896549652783060480,杨迪火是有道理的 尊重人,272.254,1753177536,7be9809b
1896671118996624640,哈哈哈哈确实幸好解释了,273.442,1753192016,9cb4590f
1896702989247416832,超超很适合这个衣服的颜色哦,102.804,1753195815,3c4a8341
1896834873642632704,有俄罗斯美女啊…,35.454,1753211537,88971e98
1896836266168177664,让我们说中文,232.165,1753211703,88971e98
1897134881856050432,漂亮小姐姐～,64.387,1753247301,c76fd2
1897334937960030976,濑濑这个妆真好看,301.592,1753271149,bbeae81b
1897409888377011200,冒犯,196.202,1753280084,4dd44e23
1897435333340270848,约基奇,348.778,1753283118,182ab5fd
1897520115852190208,完蛋，没有提示我怎么看？,116.489,1753293224,28dcc9f6
1897545623813818880,这就冒犯了？弹幕真是敏感肌,201.287,1753296265,d14d0ec
1898012492027085824,赖赖的妆好可爱,336.596,1753351920,4fcac017
1898069933423117568,杨迪预判了弹幕哈哈哈哈哈,271.58,1753358768,ba542c3c
1898129671619960832,这个问题就跟 这是博士，你谈恋爱没？结婚没？一个意思,190.406,1753365889,c4640bae
1898480150421808896,来了,16.649,1753407669,6a79158e
1898575317955005440,超超好好看！,109.88,1753419014,69896d2c
1898577690152768512,花仙子从动画里跑出来了,128.022,1753419297,ae954710
1898649691060092160,西伯利亚可老大了,219.328,1753427880,2391701c
1898711585640666112,陈超这次妆发好可爱啊,102.634,1753435259,6bc89832
1898754234095442176,羌族小煞,92.976,1753440343,2c9219d7
1898798214510129920,你是菠萝的颜色,82.099,1753445586,3665527f
1898849081846541312,萨沙爸爸本身就是中国人，只是他自己从来不提,250.247,1753451650,b47738e
1898894497392836608,哈哈哈哈哈哈,177.674,1753457063,b7a9b2eb
1898943849687043840,一直是这样就得改呀，与时俱进哦,224.299,1753462947,b698ce63
1899364840469068288,这个发量绝了,134.718,1753513133,2a7b6daf
1899448788037526016,超超每期都好美呀,99.793,1753523140,d00654d8
1899516166050156032,不是第一次看 而是第一次意识到 以前太麻木了,216.063,1753531172,118b96e
1899527485797073152,笑死 中文是母语 俄语是二外,237.713,1753532522,568a8045
1899528308618886912,敏感是好事,303.526,1753532620,568a8045
1900192036414916352,一之濑这妆怎么回事,293.915,1753611742,29c7c55b
1900289648556262400,直接看加长版,0.154,1753623378,e67086c2
1900919121772592640,好漂亮,127.615,1753698417,c1f2fe77
1901083258352320512,好厉害的姐姐,153.737,1753717984,80000882
1901138676046841344,好想念松鼠啊,100.073,1753724590,be45fcd2
1901541018550427904,学霸,158.824,1753772553,92f8c01f
1901541640448327936,哈哈哈哈哈哈哈哈哈,233.0,1753772627,92f8c01f
1901557020667466240,口音重成这样吗hhhhhh,247.784,1753774461,28c7b5ab
1902390692148829184,杨迪，综艺没了你可怎么办啊,266.775,1753873842,d89f1503
1902390841935725312,这个家不能没有杨迪,269.141,1753873860,d89f1503
1903658867167214336,萨沙俄语有东北口音,222.721,1754025021,19790be1
1903884035399163392,弹幕确实很敏感（摊手）但本来每个人的敏感度确实都不太一样,210.495,1754051863,c29ddf0d
1904491649607379968,哈哈哈哈说不出来,179.099,1754124296,3e5e834
1904491705198666240,太真实了,185.705,1754124303,3e5e834
1904530408591864832,别说的是人均美女，俄罗斯人一到中年，你看什么样子,267.292,1754128916,45953387
1905824218038253568,一之濑脸咋了？？？,293.709,1754283151,7becfa2e
1906658172484245248,斯拉夫出美女,75.635,1754382566,1327ee61
1906659219936198400,俄罗斯男女比例失衡 现在男人可能更加少了,182.722,1754382691,1327ee61
1909373597710577920,杨迪真懂弹幕啊,277.498,1754706270,8dd2ba4e
1910460639663627264,陈老师在模仿一之濑,45.076,1754835855,922f6f0b
1913105683772238336,希尔顿借了这么久啊,64.327,1755151169,7c712eec
1918431810531300864,这集时长好评,75.498,1755786093,15362246
1918442564634446336,最好看的,148.186,1755787375,15362246
1933845929732174848,什么文化？能不能翻译成中文,304.009,1757623599,d7c947c1
1937313621231702528,丽莎非常漂亮又可爱，前几天在三亚看到本人，很惊艳,124.308,1758036980,ba02a15
1937929668699405312,卡尔波利,48.444,1758110419,32e2455b
1937963074376466688,好漂亮,134.143,1758114401,945a6cd2
1944416070370790912,？？？？？？,169.166,1758883658,ee18cbf2
1946034063152715520,漂亮,127.189,1759076538,eb269b47
1948170065589943552,这就是敏锐，情商和敏锐并不相关,311.502,1759331169,ffdfce2e
1953129821739839744,为啥一之濑是asuka明日香,324.492,1759922418,83b4cbbf
1954420562860454400,好喜欢她,134.846,1760076286,915cc525
1956594679777072128,别太敏感肌,205.333,1760335461,d35c8a9
1960344697746654976,萨沙爸爸是混血,212.087,1760782498,f8089327
1961200116493380096,？？？,189.014,1760884472,a187841b
1963248930037173504,故意的，节目就这样，多少年了还不懂这个套路吗,196.252,1761128710,65b78c7
1968970682843311616,哇俄罗斯美女姐姐,34.602,1761810796,269700bc
1977838097261843200,来了来了,8.955,1762867874,aedabb3d
1977839385668188416,好有才华！好漂亮！,162.561,1762868028,aedabb3d
1992655007401061120,让我们说中文,231.845,1764634187,b087944c
2002223379507534848,超今天的发型好看,289.421,1765774826,8d79c5f3
2004575798560393984,怀念以前长头发的四姐,174.74,1766055256,ffa3828d
2021928450646454528,确实不太好。。。这是啥敏感，之前男代表啥的也没问（从非正第三季开始追的）这本来就不尊重人，敏感也不是什么坏事,202.128,1768123854,6d4f31dd
,,0.0,1775683732.8000336,
lb.c,,0.0,1775683732.8000336,
,,0.0,1775683732.8000336,
1895737342925705472,严谨的德国人,476.148,1752986028,fe4eee91
1895737483040624896,大气,487.444,1752989145,193ffd61
1895737545401536768,怼脸拍，真的好看doge,689.139,1752990986,591a47e1
1895737746736517376,两位的瞳色都好好看,397.339,1752993592,2f3ca03c
1895737759118102784,梅丽莎小姐姐头发太美了，像洋娃娃,677.759,1752995462,13ee2db9
1895737805708431616,呆楞是真的  成熟了！！成熟的帅！！,611.617,1752994452,fbf64f60
1895737827443314944,那真的我们很难这样,466.779,1752995951,1091612d
1895737952785895680,花期短但是开得艳,585.749,1752998353,4eba2802
1895737970108371200,可以一个人买单，然后有空了拿小票算,428.926,1753005751,90af0186
1895737994720547072,split the bill是吗,414.975,1753003281,ea88348b
1895738146084589824,梅丽莎真的太好看了,642.72,1753009208,d93d12d4
1895738169790796032,哈哈哈哈,434.814,1753004847,2f987c3c
1895738187113271552,这个妹子好养眼啊！！,500.242,1753010552,85e3c44a
1895738250027831552,真的，我追过不少外国演员，白人很少有保养好的,603.652,1753012927,302e2cd4
1895738309293347072,男生应该说平权吧,410.11,1753014904,26cd4125
1895738312942391552,这蓝色眼睛真漂亮,701.403,1753012513,68efaa5c
1895738379505996032,小姐姐！10分好看！,681.33,1753013023,302e2cd4
1895738488926998784,听着还挺浪漫的,529.594,1753015004,26cd4125
1895738489832968448,哈哈哈哈哈,621.823,1753019961,ef8f951e
1895738508984160512,五官太美了,684.493,1753017972,8d117f15
1895738562780303616,四姐稳定发挥,422.981,1753022338,fbd7fd41
1895738589221196032,太好看了她,677.254,1753017957,8d117f15
1895738746054611200,陈铭看了一眼梅丽莎哈哈哈哈哈,590.106,1753024833,8d665d98
1895738822642602240,白人皮肤薄，再加上骨相起伏明显，没有胶原蛋白很快就垮了，黄种人只要保养得当一般四十多岁还是没问题的,615.648,1753034058,7a1afabc
1895738826291646720,严谨的德国人哈哈哈哈,462.399,1753024355,bde1c345
1895738886471520512,而且他们生很多孩子 生的女儿也多 我俄罗斯同学她有三个姐妹,706.277,1753041605,7021661
1895739008659984640,这种情况的话一般就是那个吃的多的全付了，关系好的话分别人一口吃的很正常,469.305,1753033834,7a1afabc
1895739055158038784,好问题,629.722,1753070638,bdcbba7
1895739211068707072,萨沙有几分像吉洪诺夫老爷子年轻的时候,649.648,1753071778,9e41d483
1895746442224785664,让我想到了鹊桥仙,527.913,1753081786,35861f7e
1895778905819131904,超超有点星期三的味道好喜欢,385.96,1753085656,73e93c18
1895840500003377408,哈哈哈哈哈哈哈哈哈哈哈,519.208,1753092999,ac1ed4e7
1895840530647078656,紫禁城风水养人,590.76,1753093002,c0d2264f
1895945062736117760,aa就是每个人付自己的，传到中国才变成均分,412.606,1753105463,84633020
1896015890890314496,新代表好可爱,639.956,1753113907,e871e898
1896039919974262784,哈哈哈哈,427.498,1753116771,415655f0
1896457049043406080,活泼可爱美丽，常驻！刷起来,688.508,1753166497,8cb4abb9
1896471204483626240,萨沙确实帅啊 是我喜欢的长相,657.64,1753168184,4ca66879
1896710320119313920,魂断蓝桥,514.263,1753196689,491addc9
1896934522319112192,哈哈哈，是我了,375.813,1753223416,a075ec79
1897173951436752640,一之濑这个妆造没之前的好显得臃肿突出,369.849,1753251958,6f99a845
1897176064527120128,这才是真正的AA AONE 各付各的,417.466,1753252210,6f99a845
1897249138144757248,哎呀超超好美呀这套,372.158,1753260921,d67a388
1897255003031584000,太可爱了,643.527,1753261621,290bcf14
1897330516752267008,四姐没变化，从以前就成熟,627.007,1753270622,7ea9d3d5
1897377323800974592,主要是德国比较严谨,427.117,1753276202,c76fd2
1897409726736857856,原来都是搜来的,571.539,1753280065,be125094
1897789980114699776,哈哈哈 不记得,540.606,1753325395,4227b274
1898072148510532864,高配版星悦,691.839,1753359032,2738fae5
1898073640089037312,我的男生同学也是，大学4年过去之后都不同程度发福了哈哈哈,603.928,1753359210,ba542c3c
1898583508701119488,最漂亮的不是五官吗，尤其眉眼,683.896,1753419991,ae954710
1898652758169973248,deepseek打钱,575.04,1753428246,2391701c
1898755732108109824,因为他们爱晒太阳 高油高甜 亚洲普遍相反,616.917,1753440521,636af638
1899233687024352256,法币还帅好可爱,403.744,1753497498,ad67615a
1899377441013676544,哈？,702.185,1753514635,2a7b6daf
1899524857746892032,我喜欢这种方式，不过最好点一些价位差不多或者好算的,476.688,1753532208,fbcf58ae
1899526800288205568,参考小李子,615.613,1753532440,fbcf58ae
1899527783693058816,好像俄罗斯婚礼和登记是同一天,703.421,1753532557,fbcf58ae
1899611392370790912,4,635.097,1753542524,82c776d
1899956477675331840,是晒伤妆啦,360.467,1753583661,9e6467db
1899975255272139008,这个好,400.959,1753585900,2c9403ee
1899976001933586944,那是因为西方吃饭（夹菜）的模式不一样 每个人分的很清楚,422.475,1753585989,2c9403ee
1899977800535069184,风大,542.187,1753586203,2c9403ee
1899980015152740352,测的好，就是真的好，测的不好，要相信科学,375.102,1753586467,3ad68769
1900241357915115264,怪浪漫,530.228,1753617622,5eebbb86
1900924116316678144,他也是混血吧,597.346,1753699013,c1f2fe77
1900991742497444096,老王好认真,506.845,1753707075,f6eb3d24
1900996645152891136,这个好！我喜欢这样,418.409,1753707659,59b380d7
1901491110711870976,引火烧身,657.108,1753766604,3465c430
1901544698834279680,哈哈哈哈哈哈哈,597.382,1753772992,92f8c01f
1901692904028990720,都一起吃饭的关系了感觉不用太计较吧，这是date诶,487.282,1753790660,71f360aa
1902424479079549184,是帅的啊，五官比例很好,657.34,1753877870,24d07282
1902473228065647616,我喜欢这样，感觉婚礼是给外人看的，不是给自己办的,717.867,1753883681,59b380d7
1903182158839680512,我和一位少年，漫步树林外,487.925,1753968193,a6894687
1903203390071653888,饮食问题,600.437,1753970723,5e85aa98
1903650610780700160,白人虽然不注重保养但没有容貌焦虑可以做自己就很好啊,633.202,1754024036,98decb5
1904495513727200768,这个小姐姐真的好漂亮啊 白白的,603.059,1754124757,3e5e834
1904532634147952640,堵桥来,511.379,1754129182,5bd65cde
1905080521651165952,喝酒喝的吧,597.515,1754194495,39d99fac
1905349996455302912,好喜欢去这样的，有人能懂吗,434.037,1754226619,6d90be6a
1906661267888835072,法币和一日代表眼睛一个色系,393.932,1754382935,1327ee61
1906662046133447168,这次总算到德国人震惊意大利人了,469.062,1754383027,1327ee61
1910284368769920256,因为花期短,698.558,1754814842,664d29dc
1912279399659960064,风在哪不都是一直在吹的么,542.249,1755052668,a8fe5ea9
1913210705083992832,萨沙确实帅，而且帅得很客观，这但没法否认,650.002,1755163688,d88d4d24
1913223966307712512,同事之间可以这样，朋友之间就没必要了,449.744,1755165269,96a9a0bf
1913292098959548672,萨沙确实是特别帅！,660.617,1755173391,7b914c00
1913346863013150208,这个真好,405.051,1755179920,fcf22efb
1916178758985921792,德国人哈哈哈哈,470.385,1755517508,41d23346
1921042340266008320,国外是各点各的套餐，适合aa，中国是一起吃同一盘菜，胃口不同，不适合粗暴的aa,412.351,1756097292,eea468e3
1921042881901795072,中国更难算，所以流行请客而不是aa,441.898,1756097357,eea468e3
1941566684721332736,这两个俄罗斯代表应该就是中国审美里最好看的那一类了,667.832,1758543985,e2e301a6
1944428565982548992,Dylan在写什么,388.052,1758885147,73aed9f3
1953188451575386624,确实帅,649.868,1759929407,194d9898
1960064942610599168,我29岁，孩子10岁。,709.896,1760749149,6a7c628d
1961074382902701824,啊啊啊这个音效好可爱,639.808,1760869483,c8711e27
1965454987081423872,我就这样，各算各的。跟朋友其实我也想这样，不然我感觉不太舒服,456.746,1761391692,d0b3063b
1969275411209221120,hhhhhh,585.68,1761847122,1e751c6e
1977842088578297088,严谨的德国人,480.692,1762868350,aedabb3d
1988648613126933248,妈呀，漂亮姐姐好可爱,643.948,1764156588,c847ffba
1996421042478379264,比aa更aa哈哈哈,415.493,1765083134,7177deef
2025581688474307072,亲兄弟明算账,428.978,1768559354,e5ebf93c
2066188182139764224,你也是 和前几季对比明显,589.72,1773400025,a16be46f
2068219040748953344,我喜欢这样,442.196,1773642122,f2fcfff8
,,0.0,1775683732.8000336,
lb.c,,0.0,1775683732.8000336,
,,0.0,1775683732.8000336,
1895737309572600064,哈哈比利时淡淡吐槽好搞笑啊,864.838,1752985668,47bbec08
1895737494264582400,2333333,743.492,1752989946,c76f245a
1895737546508833024,只能说世界之大无奇不有了233,828.615,1752990204,4944442d
1895737690583175424,？,788.371,1752992554,dbe23620
1895737828349284608,哈哈哈哈哈 就非要有证吗这,788.883,1752994668,fbf64f60
1895737890777305344,这么闭塞吗？,805.983,1752997401,ba65b856
1895738004753322240,比较严重的程度哈哈哈哈哈,1016.022,1753004556,94d50217
1895738144264261888,男：天王盖地虎 女：宝塔镇河妖,875.819,1753006816,47376c28
1895738162501095680,伊拉克也是什叶派国家,830.79,1753007084,43686648
1895738377685668096,对对对,886.688,1753016087,bc9fd41c
1895738640282652928,哈哈哈哈突然想起来戴卢可是不是对dating文化很懂,952.295,1753025347,fe4eee91
1895738693172826368,哈哈哈哈哈《这个华波波不一样》,729.19,1753024957,8d665d98
1895739065182425344,越压抑越开放,844.47,1753052006,65ec0af4
1895739149982863616,哈哈哈哈哈哈哈,907.322,1753065403,f7934ca3
1895769540794055680,前面俄罗斯遍地帅哥美女是真的,769.796,1753084540,4422ff62
1895824043836972544,弹幕突然收声了红红火火恍恍惚惚,734.198,1753091037,cc93cef3
1895828587920556800,这真的不是菠萝卖不出去的营销吗？,871.762,1753091579,1da0b061
1895947042497947392,第三次见面还是第三次嗯嗯？,1049.141,1753105699,c750ae38
1895949991009590528,宗教警察吗？,776.638,1753106051,9e41d483
1895971024152074240,中国人的经商天赋哈哈哈哈哈,917.26,1753108558,5a31e3ac
1896425506115668224,村？哈哈哈哈,953.332,1753162737,42570b8b
1896427127877063168,招展笑死我了,743.277,1753162930,9ec95bfa
1896494509345332736,开放啊,1029.735,1753170963,6a042d86
1896637560244685568,充话费式的结婚,813.804,1753188016,89807551
1896692754986387712,哈哈哈哈哈哈,983.273,1753194595,eac1fc5d
1896706299065560320,老王的眼神在冒星星,838.313,1753196210,d8e5f363
1896713955582526208,天逊尼派和什叶派，想到追风筝的人了,829.491,1753197123,491addc9
1896841388705377280,这跟我们这的警察查房有点像…哈哈,805.028,1753212314,88971e98
1896937991939779840,？？？？,786.906,1753223830,a075ec79
1897123754787030016,哈哈哈哈哈哈哈哈哈哈哈哈哈哈,1020.411,1753245974,45654410
1897176574395630080,来了，直接加长版,974.739,1753252271,d9749c34
1897380653918993152,哈哈哈哈～lady first～,753.071,1753276599,c76fd2
1897380942050808832,短期啦～长期啦～,765.871,1753276634,c76fd2
1897383124666121728,哈哈哈～A到Z～,976.347,1753276894,c76fd2
1897383569446710784,比较严重的程度～红红火火恍恍惚惚～,1015.942,1753276947,c76fd2
1897383907826628352,姐妹们～,1052.127,1753276987,c76fd2
1897551369599046400,可以鼓掌了,1016.475,1753296950,d14d0ec
1897727145607336704,搞对象笑死我了,941.281,1753317904,68db616f
1897898291362938112,YOYO,769.419,1753338306,3dc677eb
1898076736198329856,哈哈哈哈哈哈四姐,967.648,1753359579,ba542c3c
1898220515982619136,哈哈哈哈什么时候看到这个lady first才不会笑啊哈哈,749.918,1753376719,e8cc9494
1898515580160908800,真就体验卡,785.517,1753411893,a18ccce
1898531542490707712,太好笑了hhhhhh,995.742,1753413796,8020f1b7
1898584831534084096,感觉和苏格兰那种男女校联谊会挺像啊,958.956,1753420148,ae954710
1899333614798306816,哈哈哈哈哈哈哈哈,890.75,1753509410,48caf715
1899493708169050112,这是真的 ,810.963,1753528495,49612456
1899558765339352320,哈哈哈哈哈哈哈哈哈哈，有点太诚实了哈,1041.266,1753536250,37dfb466
1899559089802601216,雷妹妹～,1054.905,1753536289,37dfb466
1899632198056381952,华波波很可爱,860.822,1753545004,ddcb952e
1899690611263457024,这个是真的，我伊朗朋友们都证实了,809.166,1753551968,881ef171
1899980184409419520,我还记得诶,767.393,1753586487,2c9403ee
1899980554649404160,救命,801.518,1753586532,2c9403ee
1900176913918403840,老王。我喜欢的,836.184,1753609939,d7c68202
1900207702098475264,什叶派和逊尼派能坐到一起聊天也只有非正式会谈。,831.444,1753613610,253cfa97
1900855482026004736,挖坑了开始，准备回家跪搓衣板了卢可,963.641,1753690831,18259142
1900982139454146048,以前就说过啦,795.933,1753705930,1606bf27
1901030304811390976,真敢问啊大左,1041.459,1753711672,bba3e7b3
1901030501683674368,特殊类的hhhh,1063.512,1753711695,bba3e7b3
1902475393005930752,认真，不是严肃,1021.238,1753883939,59b380d7
1903582328761517312,讽刺的不是波波是国情,851.615,1754015897,1ddd0afb
1904394075097533952,哈尼克孜,728.514,1754112664,712639ae
1904496876288851456,哈哈哈,729.753,1754124919,3e5e834
1904516940261635328,哈哈 被说中p图了,897.961,1754127311,357dee8e
1905292868248203776,哈哈哈哈哈温州人也是站起来了,922.793,1754219809,94dc5d7b
1907465783345827584,大左池州人，差一个字,930.583,1754478840,e06a0bba
1909633575939544320,哈哈哈哈扬扬补刀,729.343,1754737261,d7fb52ee
1909637115907104000,哦～,1068.756,1754737683,d7fb52ee
1910217713125871872,不愧是北欧,991.337,1754806896,7419d9b6
1910285333971808000,开放式保守,800.19,1754814957,664d29dc
1916182003120834304,好神。。。,800.571,1755517895,41d23346
1918092995408932352,买菠萝是吧哈哈哈哈哈,841.599,1755745703,cae536f2
1919839034780907008,哈哈哈哈哈哈哈哈哈哈,1016.446,1755953847,b9f358ce
1920303224746295040,BGM怎么这么燃？,900.242,1756009183,99536495
1929266071559254528,比较严重哈哈哈哈哈哈哈哈,1020.019,1757077637,467053b4
1932278720392444672,严重哈哈哈哈哈哈哈哈,1008.878,1757436773,52ac390e
1933442446847667968,华波波像非正的逗号，哈哈哈,734.125,1757575500,df58247e
1939900940560154624,搞对象哈哈哈哈哈哈,944.041,1758345412,add21500
1941083294070661888,熟悉的音效又回来咯,760.233,1758486360,50b86bf5
1961012560908661760,肯定有,975.077,1760862114,bfa2ee3f
1969395654430585856,大家都知道的话还叫暗示嘛哈哈哈哈哈哈哈,861.564,1761861456,7ed3ebc
1969396057905913344,华波波每次发言都特别有梗 综艺里缺不了这样的角色,868.073,1761861504,7ed3ebc
1977846831144786688,哈哈哈哈哈哈哈哈哈哈,1044.084,1762868915,aedabb3d
2024171551549188864,！！！,787.638,1768391252,6151813e
2026922242222668544,米兰的男模大部分超级无敌穷,1070.323,1768719160,aef87158
2059722213967966208,啊？,1009.869,1772629221,75a3ab51
2059722648640373248,stop 哈哈哈,1044.827,1772629273,75a3ab51
2068224214867537408,感觉这样离婚率好高,1056.652,1773642739,f2fcfff8
,,0.0,1775683732.8000336,
lb.c,,0.0,1775683732.8000336,
,,0.0,1775683732.8000336,
1895737366690631936,被杨迪笑死，哈哈哈哈哈,1112.633,1752986394,eb069b0d
1895737511729664256,婆婆选好了，双方家长见面一次就订婚了？？这么快，和父母之命有啥区别,1166.095,1752990929,5866b398
1895737822007496960,保持神秘感么,1177.151,1752996054,13ee2db9
1895737846460289280,想起唐大哥开车尾随着送老婆哈哈哈哈哈,1216.937,1752995154,fbf64f60
1895737857038323968,陈老师还是会  doge,1334.87,1752995706,fbf64f60
1895737911757213952,哈哈哈哈他吓死我了,1277.525,1752996969,1091612d
1895737960989954304,哈哈哈哈哈哈,1249.715,1753005457,81e32263
1895738084084388096,那怪不得有些时候会吃西餐，因为这样不能玩手机，就会被迫了解对方哈哈哈哈哈哈哈哈哈哈哈,1364.499,1753010046,4e76690
1895738115080294656,说得我都心动了,1313.062,1753001868,755ab053
1895738130582442240,阿雷是真的在为姐妹们考虑啊！,1091.08,1753006285,2394c70f
1895738138786500864,打羽毛球！双打！,1265.968,1753011691,3820b86
1895738178909212928,四姐好喜欢陈老师感觉哈哈哈,1293.779,1753005068,34ea35bf
1895738260974964992,好像伦和四姐都没说？,1306.348,1753009512,e9983320
1895738350330417408,那岂不是完全不了解彼此,1188.238,1753015487,7e01a787
1895738449718644992,还是不一样，父母之命很多面都没见过,1191.878,1753016191,eabe6363
1895738783434248448,知道的不少,1094.625,1753026745,1952548b
1895738787083292928,《再见XX》那段时间的经历给陈老师整工伤了,1245.564,1753025428,8d665d98
1895739087068303616,难怪爱密室剧本杀呢,1281.948,1753071847,a05ec9c0
1895739136301043968,我喜欢看电影，因为不想交流,1267.296,1753063459,3e15afd5
1895739137215402240,赶鸭子上架,1347.576,1753073156,2b09e628
1895739334171529472,有点难评,1318.96,1753077674,6d52a3e9
1895842592684773632,老王好搞笑,1207.55,1753093248,a384683a
1895888808210444032,跟古代似的,1200.836,1753098757,80d76961
1895902850890865152,…男方视角吧，感觉作为女生并不喜欢,1329.906,1753100431,e1f0140c
1895907698449826816,唐小强好像也是这样认识老婆,1154.003,1753101009,7bf5ae5
1895953890084972544,得有个电灯泡,1201.966,1753106516,9e41d483
1895962814724877312,那大家性格都还没合得来咋办,1185.106,1753107580,70be7902
1895975507275771648,杨迪这个上热搜了哈哈哈,1108.05,1753109093,ab62fb5b
1895988325479763456,去逛宜家,1339.945,1753110621,24b0ce4c
1896001397800507136,真的，太套路了,1348.596,1753112179,b7453a45
1896033498947616256,我服了华波波了哈哈哈哈哈哈哈太搞了,1272.126,1753116006,11d561a5
1896422520862296576,陈老师说的前提是两人暧昧期只是临门一脚而已,1358.888,1753162381,2aa70d44
1896426994623953152,好古老的相亲模式hhh,1133.837,1753162914,42570b8b
1896548231191151360,爱情保安,1196.722,1753177367,445a39f6
1897115090000851712,经典来了,1111.63,1753244942,e0632c99
1897117071960705280,人家举例，只是解释吊桥效应,1318.362,1753245178,e0632c99
1897186435279557632,吃完再喝一点 酒壮怂人胆,1334.617,1753253447,6f99a845
1897384505070132992,红红火火恍恍惚惚,1112.117,1753277058,c76fd2
1897392014317188864,陈超好美好美！！！,1426.702,1753277954,dc39d7d8
1897729822839930624,世界的参差，有趣,1233.017,1753318223,68db616f
1897855084101036544,来自游牧的习俗,1150.008,1753333156,5e6db3f9
1898585785360270080,母单：别碰我的拼图！！,1322.878,1753420262,d5851018
1898586013228955136,非诚勿扰哈哈哈,1245.808,1753420289,ae954710
1898765709031333376,哈哈哈哈哈哈哈哈哈哈哈哈哈哈哈哈哈,1275.348,1753441711,da4a6923
1898851449120022784,真的好合适啊,1430.582,1753451932,85cd1b5c
1899312175110448384,伦儿呢,1370.097,1753506855,7b9475a0
1899329727408561920,\,1359.942,1753508947,4a475a07
1899340591771536128,对对对,1347.304,1753510242,48caf715
1899531646009486080,哈哈哈哈哈哈哈哈,1119.064,1753533017,fbcf58ae
1899651269212594688,做ai算不算呀,1266.478,1753547278,395ce43e
1899780832588526592,想到阿拉丁,1168.616,1753562723,fdcf0543
1899876594664020224,二十年前，唉，可怜的伊拉克人,1125.95,1753574139,51a708fa
1900212638299047936,在说什么？？？。？,1322.045,1753614198,75f02d2b
1900722697047418624,毫无违和感,1415.779,1753675002,29c7c55b
1901576106294143488,短期太奇葩了,1240.402,1753776736,92f8c01f
1902428555867433472,哈哈哈哈哈哈哈哈哈哈哈,1118.455,1753878356,24d07282
1902447002861027584,哇哦,1434.024,1753880555,623dd44
1906668414924016896,中东保守很多了,1144.039,1754383787,1327ee61
1907251422123737856,又到了羞耻小游戏环节哈哈哈哈哈,1398.192,1754453287,654346f5
1907263650541381888,小手段其实是感情蛮好的调剂，但不能没有真心，完全带着戏耍的心态去对待这段感情,1349.382,1754454744,952047f4
1910146676505643008,我要随时看华波波表现,1317.301,1754798428,738a73b
1910248152247194112,波波好可爱啊,1281.79,1754810525,edd6e64f
1911636225866354432,大左嘴替,1348.514,1754975996,954b058c
1911638478308513280,会长太懂女孩儿了哈哈哈,1347.81,1754976264,67c7bc24
1915402208338718720,卢可感觉又风流又老实,1084.624,1755424936,ef46f1d4
1916203344989683968,哈哈哈哈哈哈哈哈哈哈,1329.324,1755520439,d775399
1916742088792471552,牛蛙,1362.372,1755584662,613512da
1925311132990941184,逛宜家 看着那些温馨的家具 很容易构想两个人的未来,1337.444,1756606172,df324538
1929268457724077056,哈哈哈哈哈哈哈哈哈哈,1275.517,1757077922,467053b4
1937975455273985792,哈哈哈哈哈哈哈哈,1106.973,1758115877,945a6cd2
1943658342291830528,希尔顿环境真好,1399.929,1758793330,67fd89f
1953022555216956416,华波波哈哈哈哈哈哈哈哈哈哈哈哈哈哈哈哈,1282.728,1759909631,6e0df0f6
1958150579830921472,太功利性了,1332.809,1760520939,b2d06e53
1969280974567563776,梅丽莎真的好漂亮天哪,1208.194,1761847785,1e751c6e
1988656174098097408,小强也说过类似的，不敢多跟未婚妻见面，都是开车去接她然后远远停在家门口,1175.521,1764157489,c847ffba
1990319103688432128,妈妈结婚的时候？,1147.433,1764355726,d584df77
1995218600776512512,这眼罩好，能不能打包给酷滕送去,1420.12,1764939791,1dcdda72
2003692298001184000,我想要逛海洋公园的时候，他悄悄塞给我一个戒指,1341.086,1765949935,989ff3be
,,0.0,1775683732.8000336,
lb.c,,0.0,1775683732.8000336,
,,0.0,1775683732.8000336,
1895737232665841920,说了什么,1594.545,1752985968,8d60efce
1895737282477396224,哈哈哈哈哈哈哈老王搂住,1716.563,1752986236,f69ff094
1895737326240764160,老王：和我有什么关系,1743.272,1752986542,f69ff094
1895737564225573120,哈哈哈哈哈哈哈哈哈哈哈哈哈哈哈,1663.052,1752991877,a4557f7c
1895737579727720704,哈哈哈哈哈哈哈哈哈哈哈哈哈,1636.993,1752990432,534bf33e
1895737602217578752,吊桥效应,1656.035,1752993518,e967e3fc
1895737608274153728,这里为啥不放正片很好笑啊,1789.469,1752990046,1549437e
1895737615337361664,安全,1603.757,1752991580,6cf1571
1895737656718364928,哈哈哈哈哈哈哈哈这个眼罩哈哈哈哈哈哈,1749.409,1752991974,a4557f7c
1895737658731630848,哈哈哈哈哈哈哈哈哈哈,1497.584,1752991702,a4557f7c
1895737668823126272,哈哈哈哈哈哈哈哈哈哈,1545.58,1752991754,a4557f7c
1895737706764800256,看热闹不嫌事大哈哈哈哈,1701.323,1752994786,e868d6e6
1895737718181695744,笑不活了哈哈哈,1671.507,1752992796,4ae1ebd8
1895737814768128256,哈哈哈哈,1782.453,1752994589,b594b266
1895737824725405952,老王：我尽力了啊,1754.151,1752997563,1091612d
1895737939104076032,哈哈哈哈哈,1709.189,1752997498,1091612d
1895738000198308096,哈哈哈哈哈哈哈哈哈哈,1628.753,1753004360,71c28bd0
1895738021169828096,哈哈哈哈卧槽杨迪哈哈哈,1492.948,1753000323,6cdd056d
1895738075871940864,贴贴好可爱,1567.309,1753002223,2f1c4333
1895738098672177408,原来加长版加在这里,1699.212,1753003076,5465c709
1895738121464025344,哈哈哈哈哈哈哈哈哈哈,1656.539,1753006018,81e32263
1895738373122265344,波波刚刚说话好像老王的口音哈哈哈,1796.676,1753015888,5404f33
1895738395922501888,米可！！！！,1494.288,1753016707,d89d8cbd
1895738397742829824,米可，危，速回！,1492.03,1753013682,6ee65ea5
1895738456102375680,四姐说了啥！,1582.96,1753017881,f81c7508
1895738627515191552,牛,1558.58,1753021306,7d9f8a33
1895738699556557056,讲什么！哈哈哈哈哈哈,1774.953,1753027907,516113ea
1895738810789499136,非直男会谈,1748.073,1753027865,516113ea
1895738985868136704,怪不得没放到正片,1789.951,1753031556,b92fb27d
1895739133566357760,哈哈哈哈哈哈哈哈哈哈,1762.617,1753066553,f7934ca3
1895739144513491200,拦精灵,1581.015,1753073028,f48d5c83
1895739149068505344,拦精灵,1582.704,1753073049,f48d5c83
1895739154537877760,哇,1560.601,1753066056,f7934ca3
1895739172774711552,华波波哈哈哈哈哈哈哈哈哈哈或或或或或或或,1799.497,1753066590,f7934ca3
1895739264873238784,中东组合,1693.461,1753073158,f48d5c83
1895739308636606720,华波波啥都说啊哈哈哈哈哈哈,1775.347,1753078501,5b74304e
1895739310456934656,海带也不是植物,1531.538,1753076872,9cc5a9be
1895739313200009472,？！,1776.766,1753076889,3f6b3267
1895739330522484992,果然是加长版才能看的,1781.375,1753076921,3f6b3267
1895906831025530112,口水哈哈哈哈哈哈哈哈哈哈哈哈哈,1739.304,1753100906,e1f0140c
1895940225822895104,发币好可爱,1554.87,1753104887,9a5f75b6
1895974871134098176,梅丽莎真的好可爱好漂亮,1474.056,1753109017,5a31e3ac
1895977277180010240,这一期简直好笑到爆炸,1743.416,1753109304,5a31e3ac
1896089730320659968,好萌的两个人。。,1564.681,1753122709,7388c77a
1896307287158110464,俄罗斯小姐姐好有节目效果哈哈哈,1702.016,1753148644,13ab9171
1896334982533370624,给我笑岔气了,1755.375,1753151946,708e4a48
1896396461777172992,啊啊啊啊啊啊啊啊啊啊啊啊在干嘛,1496.598,1753159274,fe4eee91
1896555342020727040,直接笑喷哈哈哈哈,1562.963,1753178214,ff3287e5
1896610434808184320,伦想说毛肚吧 因为他那面是有颗粒的,1620.755,1753184782,c89ae7d7
1896662305044209920,每次会长都害怕的掉了,1527.119,1753190965,273d9554
1897190863994496256,这个太好猜了,1574.051,1753253975,6f99a845
1897283620088294144,美国内战,1568.439,1753265032,9c211b2d
1897402826846586880,这能播吗华波波,1775.465,1753279242,3c4a8341
1897475776413565696,我不行了哈哈哈哈哈哈,1768.852,1753287939,9cdf46e6
1897754977691536640,杨迪真的鬼点子一箩筐,1641.181,1753321222,ecd0b892
1897864109346135552,小姐姐气氛组的～,1695.088,1753334232,c76fd2
1898059525744480512,哈哈哈哈哈哈哈哈哈,1472.659,1753357527,60ea1822
1898060394963528192,为啥不让佛罗伦萨上啊,1576.261,1753357631,60ea1822
1898130261355317248,哈哈老王想说暴雨,1538.209,1753365959,a725bfc4
1898587923558453760,杨迪直接尝出来了哈哈哈哈,1542.474,1753420517,ae954710
1898588979633806848,哈哈哈哈哈这段Dylan小女生的感觉太好玩了,1656.928,1753420643,ae954710
1898633274117548032,西八 笑不活了 哈哈哈哈哈哈哈哈哈哈,1782.398,1753425923,60e24333
1898657403714124288,发币好厉害,1536.51,1753428800,470dd9de
1898864820091084288,涛涛,1594.511,1753453526,e3470321
1900014385343060224,弹幕呢，怎么没有弹幕？,1474.018,1753590565,3ad68769
1900014950055944192,我都没有看清是什么东西,1520.297,1753590632,3ad68769
1900015779680882944,猜得太大胆了,1611.896,1753590731,3ad68769
1900016341843597568,看起来好想笑,1648.607,1753590798,3ad68769
1900078932972598272,哈哈哈哈哈哈哈,1776.629,1753598259,ecc35430
1900293250909070848,老王稳如泰山,1723.35,1753623808,968d7bd9
1900353048833126144,味道应该有的,1618.131,1753630936,10c54e37
1901001124350363392,发币好可爱啊,1578.257,1753708193,2c9403ee
1901002382926510592,太可爱了,1672.273,1753708343,2c9403ee
1901764467755164416,哈哈哈哈哈哈哈哈哈哈哈哈,1750.736,1753799191,ddafd2e4
1902238942640826880,这个眼罩好适合老王,1731.008,1753855752,65067beb
1902284649590899712,华波波这么钢铁直男吗没想到哈哈哈,1769.312,1753861201,f5de49c4
1902909050661155072,弹幕呢 四姐说的啥,1582.34,1753935636,2e93938c
1902910756887219968,Dylan的破碎感哈哈哈,1644.472,1753935839,2e93938c
1904506363838182400,哈哈哈哈哈,1741.394,1754126050,3e5e834
1904506528892481536,好奇怪的画面,1761.072,1754126070,3e5e834
1905000656431964672,这个眼罩我不行了,1754.1,1754184974,f5f7f31f
1905339129458194176,再靠近一点点,1456.9,1754225323,ba077aef
1905766002156188416,我嘞个豆,1448.318,1754276211,cdc7bc83
1906135497672774400,哈哈哈哈 加长版果然不一样 我再敷面膜啊  哈哈哈哈 ,1748.007,1754320258,8a4bf8c9
1906673310826237952,中东族,1687.411,1754384370,1327ee61
1906748234274702336,哈哈哈哈哈哈哈哈哈哈哈哈哈哈哈哈,1762.638,1754393302,b145d3d2
1910390807304161024,我要笑疯了哈哈哈哈哈哈哈哈,1627.006,1754827530,8815c960
1915932755691390976,这也太。。。,1487.198,1755488182,51f2909e
1915934066629406464,哈哈哈哈哈哈哈哈哈哈哈哈哈,1643.477,1755488338,51f2909e
1915934230198990336,哈哈哈哈哈哈哈哈哈哈哈哈哈,1663.022,1755488358,51f2909e
1915934679484266240,哈哈哈哈哈哈哈哈哈哈,1716.53,1755488411,51f2909e
1915934832542999808,哈哈哈哈哈哈哈哈哈哈哈哈哈哈哈哈哈,1734.857,1755488430,51f2909e
1920310407324203776,两伊贴贴,1684.752,1756010039,99536495
1921056005467708160,可爱的发币,1554.389,1756098921,912b4cef
1921058110144466944,哈哈哈哈笑得肚子疼,1664.435,1756099172,912b4cef
1930616796109848576,哎呀,1498.221,1757238656,8f57e35c
1938813363061097472,一个奖励杨迪的游戏,1634.819,1758215763,c1c7a66
1942229667884861184,笑得我肚子疼,1783.88,1758623018,b85033c1
1952519966591265280,每次都没接住哈哈哈,1520.245,1759849718,3d553d69
1962432760279010816,我真不行了了太搞笑了哈哈哈哈,1734.276,1761031415,54f7b9d0
1967644616455633664,哈哈哈哈，这个女孩子好可爱，又害怕又好奇哈哈哈,1476.902,1761652716,eb09f285
1968988588058839552,hhhh小姐姐演员的诞生,1698.466,1761812930,269700bc
1970989897527898112,对吗？,1782.473,1762051505,9d717ee2
1981226523604447232,哈哈哈哈哈哈哈哈哈哈哈哈,1648.361,1763271806,1a09d87c
1988660542331797248,四姐说了“安全T”吗,1582.049,1764158010,c847ffba
2000956881128648192,笑得我肚子疼,1562.666,1765623848,e8b22811
2072032170285543936,大左这里为什么吓得抖了一下哈哈哈哈哈哈,1649.79,1774096682,f82fb2da
,,0.0,1775683732.8000336,
lb.c,,0.0,1775683732.8000336,
,,0.0,1775683732.8000336,
1895737421099143424,是隔壁陈鸣飞写的吧？,1945.554,1752987539,25b5c0fd
1895737422600704256,笑死哈哈哈哈哈哈哈,1861.726,1752987442,eb069b0d
1895737448110461184,不容易,1967.315,1752987565,25b5c0fd
1895737537650462976,笑死哈哈哈哈哈哈玩呢,1864.313,1752989866,adb42c8
1895737540972351744,玩儿呢,1860.902,1752989950,aaf3f032
1895737543203721472,哈哈哈,1815.18,1752989891,aaf3f032
1895737661759918336,哈哈哈哈哈哈,1802.631,1752992030,a4557f7c
1895737678914621696,但是体力劳动可以被机器替代，和ai有微妙区别,1970.153,1752991856,5866b398
1895737721998512384,哈哈哈哈哈,1864.31,1752993989,f3d0b903
1895737806614401280,AI能归纳总结现有信息，但无法创新,1995.774,1752997135,13ee2db9
1895737953691865344,工业创作可以，纯艺术不好说,1978.137,1753000003,8e57c960
1895738031194214656,20元手续费省下来了(ಡωಡ)hiahiahia,1903.052,1753004359,39499903
1895738391359099136,我家也有这个碗,1838.498,1753016417,c2e21b9d
1895738396828471552,妈呀陈超好厉害,1945.204,1753016803,cd8ee3cd
1895738416894021888,100块，哈哈哈,1895.824,1753017896,a9208369
1895738540927979776,超超好甜,1939.237,1753019045,8d117f15
1895738575547764992,有胡子应该感受不到吧,1808.657,1753017627,af72eec3
1895738673107276032,不是地铁卡了么,1892.499,1753022773,9c94b6bb
1895738779793592576,ai是用三推一，人脑是举一反三，本质区别,2024.616,1753029280,f9656259
1895738857295941888,玩儿呢，我一个广东人说不出的儿化音,1868.306,1753032504,9ef562ec
1895738900144951552,我觉得体现人情感的东西最不应该被取代，我是看小说的，如果我看的小说都是ai跑的我会死,1994.923,1753053765,5dbe0dac
1895738918381785344,不一样，至少现在的ai没有人脑会抽风（bushi）,2030.729,1753060518,d1e240cc
1895738950300438784,哈哈哈哈哈感情是在玩儿我们呢,1867.398,1753065521,91850ea9
1895738973092286720,聪明的人才看得到（,1851.057,1753066879,532bb614
1895739025076490496,上次还在说地铁卡扣费不好，立马就改转账了，真的听劝,1909.288,1753064244,3e15afd5
1895739121713254656,陈鸣飞的那个刚看完节目吧哈哈,1956.389,1753072388,df6e1fa7
1895739304081592576,哈哈哈哈太像了,1944.846,1753074038,f48d5c83
1895797243433331456,我去,1891.668,1753087842,35861f7e
1895797705813389056,当然不是,1970.665,1753087897,35861f7e
1895872207323318272,ai的数据库全是人给的,2052.858,1753096778,9f5269ce
1895957325815673088,口条真好,2151.186,1753106925,42cad9e5
1895973581704601344,老王好可爱,1844.968,1753108863,692c8ed6
1895992999780010752,华波波也算猜对了,1803.433,1753111178,24b0ce4c
1896092358488199936,我服了怎么这么好笑，老王真的穿了个香蕉牛奶。。,1821.385,1753123022,7388c77a
1896403149620117248,首彩回来打钱！！！,1815.544,1753160072,fe4eee91
1896658760060214528,老金主啊哈哈哈哈哈哈哈哈,1821.352,1753190543,abb3bea8
1896690759756227584,那是服务器和算力限制而已,2125.293,1753194357,b927edf8
1897017590325956608,刘慈欣的诗云,2043.276,1753233319,78c4204e
1897149153428556800,并不会被取代，就那ai原理来说，他是学习的技术，要是没有真人的作品投喂他，而是ai直接互相学习，最后肯定会失去人类所能体会的美感,2017.769,1753249002,af7c4445
1897160788939608064,AI取代不了大师，但能取代普通人，但我们大部分都是普通人,2028.594,1753250389,b0fb79b9
1897196044832664832,不会的 AI没有灵感只是个参考文献的价值,1999.815,1753254592,6f99a845
1897230944923557632,AI确实，一眼看得出AI,2056.543,1753258753,c05066cc
1897282352929849856,您,1876.848,1753264881,290bcf14
1897313971196141824,68+6+,2070.556,1753268650,676c84ca
1897315932888971776,只能模仿，不能取代,2003.459,1753268884,90b41f69
1897321705291076352,我觉得同意的人说的不是高端审美的艺术，他们说的是快时代创作,2090.686,1753269572,55d83f10
1897326315100134656,太厉害了哈哈哈哈哈,1950.759,1753270122,45654410
1897355364035362560,顶级的取代不了，中间底层会被取代,2092.654,1753273584,7ea9d3d5
1897404209155208704,自从知道地铁卡退费事件之后就换成转账了吗,1896.51,1753279407,3c4a8341
1897472786134957568,陈鸣飞投的吧,1948.859,1753287582,20c78ca8
1897763556578141440,这AI卡壳,1962.905,1753322245,28dcc9f6
1897865698693655296,《精彩葡萄酒》,1811.436,1753334421,c76fd2
1897865887454275072,能用的,1823.216,1753334444,c76fd2
1897975346582936832,画家的画有人买，AI的画呢？我觉得人类不会给AI的画赋予价值,2087.338,1753347492,ace2f97d
1898153206907890944,他俩节目效果已经出来了，拿到奖品不过分,1887.829,1753368695,44f44cf9
1898155156404016128,现在ai训练出的图基本都是侵权的，还不知吃了多少有商业版权的图,1990.896,1753368927,c4640bae
1898227304531014400,陈超超陈超超陈超超～,1935.987,1753377528,e8cc9494
1898497181946647040,华波波太搞笑了hhhhhh,1828.307,1753409700,6a79158e
1898589823536064768,那个脱口秀的哥们吗,1965.639,1753420744,ae954710
1898617694602120704,100元哈哈哈哈哈哈哈哈,1897.022,1753424066,25a98a6b
1898762572212570112,哇厉害了,1941.185,1753441337,eeae67ec
1898770444551886848,哈哈哈哈哈哈哈哈哈,1812.799,1753442275,da4a6923
1899295846349428736,深度学习型会成长,2061.503,1753504908,2233a413
1899311810357134336,陈超超超超哈哈哈哈,1937.372,1753506811,8020f1b7
1899619007338927616,可以的,2140.384,1753543432,f6a66d6c
1899619192483758592,辛苦阿雷了 这么一大段  我都要背半天,2145.64,1753543454,f6a66d6c
1900289831134223104,好丝滑,2143.5,1753623400,6908d584
1900727826387780608,直接转账了，不是地铁卡了,1890.432,1753675613,29c7c55b
1900864257726569216,奇马蓝,2054.335,1753691877,75f02d2b
1900992991485978112,好的画家并不会,1994.973,1753707223,1606bf27
1903906590856424448,对，所以对资本来说是好工具,2119.356,1754054552,c29ddf0d
1905365491481060352,首彩葡萄酒～味道不一样～,1814.065,1754228466,ba4142a8
1905383944120050688,ai i不会创造需求，只会解决人类的需求。,2031.372,1754230666,2ad516b
1906676777745390080,阿雷服装好潮哈,2100.595,1754384784,1327ee61
1907503470140018176,作家，和画家不会。但从事写作行业和设计行业的可能会受到影响，纯商业的会受影响,2014.591,1754483333,f5dd2f0d
1907711567622271232,一个画家的画上千或者上万我都觉得值得，但ai产的图最多一块钱,2110.855,1754508140,b59d3043
1909643331546811648,哈哈哈哈哈哈哈,1802.537,1754738424,d7fb52ee
1913366840508620800,有一只萨摩耶就叫陈超超哈哈哈哈哈,1930.9,1755182301,b30a9c4b
1915224874843617536,前面的萨摩耶的别走,1937.599,1755403796,32f67cc0
1915935882930912000,哈哈哈哈哈哈哈哈哈哈哈哈哈哈哈哈哈哈,1859.99,1755488555,51f2909e
1922480732891760896,陈鸣飞投稿,1994.089,1756268762,8dd2ba4e
1928560476044906752,ai会替代那些水平不高的人，真正的艺术家和作家是无法替代的,2055.3,1756993524,cfd3a899
1930620440054015744,现在AI技术还不成熟，以后就不知道了,2042.591,1757239091,8f57e35c
1950374312087470592,可以娱乐，但没有深度的东西,2005.631,1759593936,5ff286de
1953028710341331200,当然不会,1991.043,1759910365,6e0df0f6
1966172314316318464,好可爱啊这两个人，萌萌的,2019.752,1761477204,1ee5697
1970992051982448640,其实AI给创作圈子带来了很多好处，痛苦的是那些想不劳而获的人，AI反而将这些人筛选掉了。,1971.291,1762051762,9d717ee2
1970992805346750208,想要不被取代就得进步，人类是一直在进步的,2037.466,1762051852,9d717ee2
1980015234983286272,画手可能会，画家不会。写手可能会，作家不会。,2003.369,1763127409,916232ae
2004595551308142848,笔触这个东西AI永远做不到,2129.602,1766057611,ffa3828d
2027798215826511616,有道理哦,2053.34,1768823584,8f58d927
,,0.0,1775683732.8000336,
lb.c,,0.0,1775683732.8000336,
,,0.0,1775683732.8000336,
1895737322071625984,哇，倒过来的角度，不错,2320.614,1752985858,bc12bdcf
1895737389348262144,1000个人欸,2404.742,1752986739,1262b263
1895737464325640448,伦的观点每次都好深度,2429.52,1752988798,dd38837b
1895737568671535360,萨沙确实越来越厉害了,2188.029,1752990345,4bb6c894
1895737635520352512,AI学习能力强能模仿但是创新上暂时还做不到，给他看某个画家的画，他能模仿但是要他有自己的特殊风格还做不到,2307.016,1752992123,da8612fa
1895737675886334208,对对对,2518.778,1752992832,a4557f7c
1895737868891427072,来自四姐的认可哈哈哈哈,2383.869,1752995522,e868d6e6
1895738095023132928,其实就是说ai没有创新能力,2449.334,1753007080,fbf9b322
1895738186207301888,黄子宝宝！,2478.478,1753010860,d93d12d4
1895738219937894656,普通话越来越纯正了,2340.564,1753006552,2f987c3c
1895738308387377408,简单且周而复始的工作不会被AI取代，他们只会被机械化和自动化取代,2177.8,1753012446,da6fca28
1895738539074097408,可是这样的画家真的很少啊,2355.484,1753016161,cb47e4db
1895738633898922240,肯定是指定啊,2166.696,1753023213,691ef385
1895738659433844992,厉害,2461.836,1753022215,7d9f8a33
1895738860030628096,ai只能生产“产品”,2438.121,1753027530,9cc53f64
1895739034186518784,伦儿说的好有深度,2417.125,1753066030,91850ea9
1895739151803191552,老王说的对,2249.4,1753067040,f7934ca3
1895739188276859136,罗师杰在做捧哏,2338.921,1753070661,5268d633
1895779537472677120,很喜欢伦二这个比喻,2442.524,1753085731,3a31dcb7
1895880915561975552,说的确实好,2456.856,1753097817,db27ad6e
1895903241901117696,哈哈哈哈哈哈哈哈哈哈哈哈哈哈哈哈哈哈哈,2382.245,1753100478,4365b2b7
1895978595307183360,黄子！,2470.27,1753109461,692c8ed6
1896020644002007808,我真的我好多次都和萨沙一种选择，高度重合,2355.219,1753114473,683bd9b9
1896387667051097344,创作过程本身也很迷人的！,2197.312,1753158226,1195ac4c
1896391286534280448,我觉得最多AI的作品和人类的作品放到平等位置去欣赏，不会谁取代谁，就像人类不会只需要一个艺术家。,2329.047,1753158657,1195ac4c
1896433511490107392,伦真的每次都说的很好,2449.736,1753163691,dd1dd59f
1896446842347168256,对的。还很无厘头,2510.941,1753165280,9ec95bfa
1896478238348470528,AI没有人所具备的“灵性”，这个是根本区别。,2484.776,1753169023,130b1ee9
1896481816450316288,但那么多著名的画家，活着的时候都没见到自己画出名啊，现在这个行业，艺术还是单纯的艺术吗,2362.688,1753169449,21030a05
1896495205256114944,英专生落泪,2257.924,1753171046,272cb156
1896500684711484672,说白了AI都是把现成的 现有的知识告诉你 它无法创新 没有创造力 也不灵活,2475.575,1753171699,fc8a9b09
1897059227684406272,现在门铃还是用的那个，后面的杨紫琼没必要，前面的那个欢迎来到毛雪汪还行,2509.318,1753238282,35645b71
1897154550214244864,现在小说好多都是ai写的,2317.184,1753249646,d7cb2127
1897198418581828096,更像是Freestyle的,2163.42,1753254875,6f99a845
1897285342076082688,中东人好爱用具体的比喻 好玩,2241.494,1753265237,290bcf14
1897353535075926016,哇伦儿讲得很好,2457.048,1753273366,bbeae81b
1897433976919450368,AI可以帮你炒作 帮你买热搜 买水军 坏的也会变好,2340.159,1753282956,d844b0d7
1897838265261261568,ai创造现在最大的问题是版权，它的数据哪来的？,2329.257,1753331151,9cdf46e6
1898170337209376256,伦是有文化的,2407.645,1753370737,c4640bae
1898593071588396800,不指定的话会长和杨迪肯定会控场的，不然非正式会谈就变成非正式广告了,2170.649,1753421131,ae954710
1898594159171501824,这个点很对啊，其实观众也是作品的一部分,2314.377,1753421260,ae954710
1898594721166096128,是的，没法取代艺术先驱者，但是人类多久才会诞生一个艺术先驱者呢,2398.763,1753421327,ae954710
1898858478203265536,AI是能画出来的，但是目前AI还没有真正创新的能力,2354.986,1753452770,85cd1b5c
1899282247644146688,伦说的超好,2450.24,1753503287,c89ae7d7
1899389604638008064,这样就意味着只有大画家才能生存,2315.347,1753516085,422009b7
1899968866063992832,钟逸伦的观点好到我想记下来,2407.551,1753585138,85e961e3
1899971539840366080,是的，有时候ai出来的东西是不实际的，属于给你描述的天花乱坠但其实并不实用,2516.355,1753585457,85e961e3
1900045394068096512,萨沙是不是deepseek了,2365.82,1753594261,37dfb466
1900699314750768896,AI不抽象,2514.068,1753672214,10555ed6
1900775830246937344,完全同意伦儿的观点,2435.304,1753681336,a9930091
1900996813578880512,"很简单，好的创作,有灵感的创作不会被取代",2425.093,1753707679,1606bf27
1901031552633139456,这不兴叫哈哈哈哈,2498.047,1753711820,c35a3236
1901722114823131392,是抽象,2352.846,1753794142,5adbede8
1903867788553414144,这个议题可以看当下社会在机器大生产的时代我们总是追求手工工艺但是再看我们在什么东西上追求什么手工,2232.109,1754049926,8d3fe83f
1904376810779811584,翻译作品是再创造，当然属于文艺作品了,2280.086,1754110606,21f73640
1905336105902178560,1111,2456.232,1754224963,94dc5d7b
1905386536745115904,数据量都是过去的，像ai创造的一些画作都是基于历史风格，没有未来的风格。,2288.044,1754230975,2ad516b
1906081274615969024,制造业，，,2184.094,1754313794,6748a4fa
1907510299724980992,没错,2175.769,1754484147,f5dd2f0d
1909633496364914688,感觉好多代表还有别人不了解ai画画的原理。那真的就是裁缝大集合,2203.365,1754737252,142fcb13
1916012736815445248,有几个确实在搞艺术的，大部分只是在所谓的艺术行业里混口饭吃而已,2297.01,1755497717,272ec1ba
1919515972591515392,ai又不能原创，出来的东西都是人家已经有过的,2324.575,1755915335,d61f036d
1919765655767985408,确实,2390.9,1755945099,39b1306c
1920593694097511424,但是那么多人之中又有多少个大师呢？千里挑一。只能说大师难以被AI替代，但大多数普通人是很容易被AI替代的,2364.264,1756043809,288a6e7
1921471313504249600,哈哈哈哈哈哈哈哈哈哈哈哈哈哈哈哈哈哈哈哈哈哈哈哈哈哈哈哈,2384.908,1756148430,d0352b3
1924730497872245504,但是很多人其实也只是围着光圈内打转，只有少部分是能发出光的哇。ai无法完全取代，但是ai取代大部分工作应该是必然的,2449.995,1756536955,90bb401c
1937410966522432000,不愧是高材生,2428.936,1758048584,664fbc21
1944395634396738304,可是艺术的标准是很难说清的，尤其是超越时代审美的艺术,2372.895,1758881222,952047f4
1946596116557161472,同传不可能，比如自古以来，中国有句老话，你怎么翻译,2271.392,1759143540,24bc755
1953032408702466560,哈哈哈哈哈哈哈哈哈哈哈哈,2390.919,1759910805,6e0df0f6
1964145062028178176,哈哈哈哈哈哈哈哈，怎么我在非正还能听到黄子,2469.118,1761235537,f260f6db
1965470285503505664,但是现实中其实有一些需要创作的。工作他确实是会被AI取代，因为作为商业用途，AI的那个程度是完全够用的。这是我们一个从国内大厂离职的老师跟我们讲的。因为他们当时在做东西就已经套模板用AI。,2380.266,1761393516,d0b3063b
1965962475476472064,梅丽莎好好看,2271.709,1761452189,5c1cccf8
1968996492291897088,好啦ai取代不了伦儿,2435.324,1761813872,269700bc
1969411312866597120,如果人类不再进步 那AI还会是AI嘛,2414.221,1761863323,7ed3ebc
1985133228776545024,翻译读空气什么的感觉能训练,2278.757,1763737521,55203a50
1985134760192303360,可以训练,2518.973,1763737704,55203a50
1996728559007878656,ai应该是从1到60，而人是负责从0到1和从60到100的,2430.868,1765119792,74ba3500
2056102682372178688,ai模仿的只是形式,2363.539,1772197739,fa9ad547
2082958314446724096,AI只是提高效率的工具,2221.713,1775399180,a4d2be15
,,0.0,1775683732.8000336,
lb.c,,0.0,1775683732.8000336,
,,0.0,1775683732.8000336,
1895737410512720128,感觉这个有趣1,2795.193,1752988764,39108e46
1895738094108774656,意识,2662.0,1753003029,6653a374
1895738218117566720,我更喜欢作品独立于作者存在,2704.182,1753012025,729cd479
1895738283766812928,除非ai哪天学会了思考和不按常规，但是人类会允许这样的它们存在吗,2540.067,1753010137,10294f3d
1895738567352094976,主要是用得少了吧,2862.128,1753022489,61f1cb93
1895738632992952576,超超太美啦,2555.795,1753022069,1f0a24fa
1895738636633608448,真的很爱Dylan，每期必cue，哈哈哈,2649.068,1753021557,6e443ff5
1895738730552463616,deepseek是这样的！,2522.65,1753021395,6e443ff5
1895738777964876032,大左又困了,2711.853,1753025162,d6bfe3aa
1895738899238981888,阿雷一定很有语言天赋,2864.374,1753026188,3b5559de
1895738997712851200,加字游戏,2829.421,1753054603,5dbe0dac
1895739267607924992,西语里的人称变位和阴阳性很有意思，我，你，她，他，您，你们，我们，他们，她们，您们,2804.071,1753072834,293203a
1895850139940747008,工作报告AI的确是好帮手！,2543.657,1753094148,416bbb9a
1895921119618453248,作品和作者根本无法分割啊,2714.73,1753102609,e1f0140c
1896012893708357120,ai没有人生，但是ai有你们呐,2743.137,1753113550,698bab0d
1896065447497910528,语言环境很正常手能生巧,2876.525,1753119814,cc2734ec
1896479661995797760,Blade Runner,2645.459,1753169193,130b1ee9
1896654942690213632,中文是积木并且是榫卯结构,2830.122,1753190088,89807551
1896772345109555968,词根词缀 哈哈哈哈哈哈,2818.729,1753204083,1f9c8d2e
1897102321968798464,不知道为啥这个话题老是让我想起崩铁里的博士尊，我们强大的智识星神,2549.068,1753243419,f5a06ba5
1897196758887995392,AI代替不了艺术家，但AI能代替打工人，作为普通人的我是焦虑的,2757.811,1753254677,b0fb79b9
1897363087586601216,是的 英文是树形语言,2824.014,1753274505,84203b4
1897872503666875648,超超说得好～,2569.221,1753335232,c76fd2
1897944087584629760,来了看预告最感兴趣的话题,2788.137,1753343766,9cdf46e6
1898191646873602816,我靠，这个观点让我耳目一新,2536.947,1753373277,f0071fca
1898587064925435904,这个话题好！,2795.805,1753420415,a18ccce
1898596254410661632,ai如果把微醺状态也建模了之后可能就能复刻了，并且能随意还原,2581.86,1753421510,ae954710
1898596665712523776,确实，一个平庸的内核很精准,2640.395,1753421559,ae954710
1898861636539289344,而且目前可能觉得觉得AI的有些图或文字有灵性实际是观众自己的赋予这些东西的主观体验是观众自己的灵性不是AI的,2668.317,1753453146,85cd1b5c
1898899350840110848,是不是ai的记忆能力有上限的原因？,2636.01,1753457642,2ddb40c0
1898913616263543296,ganghood这个真的不是广东华侨带去的词吗江湖的粤语发音啊哈哈,2769.624,1753459343,e8831434
1899395980466646272,大左那个表情，哈哈哈哈哈哈,2727.784,1753516845,2a7b6daf
1899451219231916544,因为没有坚持每天都用ai跟它进行大量互动给它数据样本支撑，所以我认为每个人用的ai都不一样，我觉得我的ai还是挺像我的,2647.849,1753523430,cb8fc6d6
1899934260052788480,中华文化的包容性哈哈哈,2849.24,1753581013,ae954710
1900015569328667392,好喜欢这个话题,2795.283,1753590706,85e961e3
1900048826854286080,那人的灵魂是电子信号吗，如果是，那人有没有可能是超级精细的碳基“机器人”,2655.645,1753594670,37dfb466
1900281300003517184,西部世界的核心就类似这样的,2602.68,1753622383,cd73212b
1900285629850936576,确实起码目前的ai画作没有人画的灵气,2557.858,1753622899,21100105
1901048146860625152,这棵树的动画是ai生成的吧,2803.727,1753713798,bba3e7b3
1901659990159627264,对，写文也是太高大上了，不接地气,2520.306,1753786736,105f52db
1901679859307668992,前面的，你把ai想得太厉害了,2738.443,1753789104,8c5fa1a1
1901694474971820544,知人论世是解析作品的一个重要观点,2714.601,1753790847,bb1af361
1901807782567905536,小熊说法语的表情好可爱,2871.945,1753804354,6b233d5a
1902175987245469952,灵韵,2668.184,1753848248,3fc3c7dc
1903102126856042240,人的反应和情绪千变万化 ai需要基于data来学习复刻 但人心和思想复刻不了 因为你自己都不知道你到底会如何啊,2743.891,1753958652,95e70b5d
1903911544119548672,机械劳动（报告、PPT、标准化文案等等）确实适合AI,2552.306,1754055142,c29ddf0d
1905283396587498240,我也有这样的担心，毕竟大的发现是要在小的累积基础上的。如果这些小的方面都被ai包圆了，人类还会有大发现的灵感吗,2568.797,1754218680,1739167a
1905322044405448448,心理学本来就有灵魂,2690.41,1754223287,f73e1df3
1906144811317396224,我以前学英语的时候，也会想外国人学中文的体验是怎么样的,2818.823,1754321368,de5d2566
1906664836822229760,所以说语文考试里的阅读理解靠标准答案就很扯,2687.504,1754383360,16673124
1906696462252080384,感觉伦儿是语言限制了发言,2529.891,1754387130,64b0d079
1906886153408858112,好适合我英专生来听 ,2814.7,1754409743,937fdd57
1908206015506796288,ai不可能成为艺术家 这句话有问题吗？,2749.178,1754567083,d8a8f583
1910400646260643072,喜欢这个论题,2802.046,1754828703,8815c960
1912295074109538048,前面的也可能没有理解什么叫创作，ai可以实现艺术产出，但跟创作还是差远了的,2744.468,1755054537,a8fe5ea9
1912306335295954944,怪不得我学英语困难,2848.344,1755055879,cdc7bc83
1914618808048601600,说的好好,2678.049,1755331547,39959bed
1914619278565804800,大左看手机哈哈哈,2728.618,1755331603,39959bed
1915193156341953792,现在ai就是一个全领域博士只是专家。他只是没有真实世界的更多样样本数据,2569.108,1755400015,23dde82b
1915445346528739072,电脑病毒：我来看看怎么个事儿？,2576.487,1755430078,aa8cb2c6
1915986185612797696,“就没电了”哈哈哈哈哈哈哈哈,2591.443,1755494551,cd971f7f
1916852564402818816,江湖不是打打杀杀，江湖是人情世故wu～～～～～～,2764.246,1755597832,ebcfcea3
1919268751279502848,这只能证明如今的AI还不聪明，还不智能，难道AI技术不会变得更厉害吗？,2612.277,1755885864,8ff620f
1921321382714216960,信息熵大,2841.927,1756130557,c8faf44f
1922681235663422464,如果AI真达到这个高度，那AI就不是AI了，人类也危险了,2697.724,1756292664,bc17ebe1
1926387262783289344,人类作为个体，生命体验是有限的，而ai作为更高级的文明，或许会不会被我们想的太简单了。,2771.566,1756734456,d0244f28
1928566961126791424,他说的太绝对了，ai技术刚刚起步，未来的发展是不可预知的,2749.14,1756994297,cfd3a899
1928568074974780160,英文是孤立的好吧，中文是组合式的,2834.7,1756994430,cfd3a899
1952531056876225024,如果AI能够有自我意识和思想，AI就是人，人退为动物,2715.729,1759851040,3d553d69
1996732419327971328,中文很简单很适合其他民族学习 所以中国才会是一个多民族国家 并且从不排斥其他文化海纳百川,2835.006,1765120253,74ba3500
1999292041175421696,Ai man姐吗哈哈哈,2602.201,1765425383,e4630f95
2027802308762818304,这个观点好,2541.215,1768824072,8f58d927
2045095330529259520,这个想听很久了！,2795.731,1770885561,e6d149b0
2069023283827016448,AI可以创作，但是每个人有独属的成长经历，他创作的东西是独一无二的，所以替代不了个人,2739.673,1773737995,6b2b33d2
,,0.0,1775683732.8000336,
lb.c,,0.0,1775683732.8000336,
,,0.0,1775683732.8000336,
1895737617359016192,哈哈哈哈,3218.723,1752993544,a4557f7c
1895737713425355008,但是中文商务场合也会这样，中文也有客气和礼貌,2976.263,1752992710,5866b398
1895737727702765824,但是中文之前也这样，白话文运动时就有胡适“干不了，谢谢”“才学疏浅，恐难胜任，恕不从命”的案例,2975.656,1752993017,5866b398
1895737820195557632,哈哈哈 我第一遍也在疑问 你不是医生吗  结果发现卡在了中文上哈哈哈哈哈哈,3227.366,1752997558,fbf64f60
1895737998369591552,好喜欢伦儿讲故事,3143.561,1752999620,7b5f275c
1895738106876236032,伦的冷知识好多哈哈哈哈,3121.118,1753010691,450eca7a
1895738131496800512,英语四级准备,3180.027,1753009480,8fd891b1
1895738136966172928,德语出来说话,2889.523,1753008855,47376c28
1895738139700859136,日本文化有些过于客气了，反而成负担,2979.348,1753006769,13ee2db9
1895738374950981888,日文的语法结构太麻烦了,2947.238,1753012693,58c62de
1895738385889726720,语言环境真的非常重要,2880.638,1753014675,c0184399
1895738605637701888,哈哈哈，西语信息密度太低了,2887.48,1753021179,913778e0
1895738888291848448,和语言背后的语境文化有关的,3004.846,1753030941,5404f33
1895738956675780864,日语真的，可能是因为日本人很容易不安所以很喜欢叠甲,2968.764,1753036550,7a1afabc
1895739047859949824,伦儿个学霸知道的可真多啊,3138.994,1753066617,91850ea9
1895739281281356032,这解释也是费劲，中文六个字解决：有根源无系统。,3165.086,1753078062,1ea53aa5
1895813671943725312,说英文是因为没学过其他语言hhh,3058.228,1753089800,18de2fc4
1895885303986710784,七月八月是纪念凯撒和屋大维硬加进去的我记得,3103.283,1753098340,db27ad6e
1895963615233216000,月天~~~~,3088.264,1753107675,bb240a6
1895984463582683136,伦儿好棒！,3141.672,1753110160,692c8ed6
1896199650127027712,Medium well steak,3202.601,1753135813,74e59e26
1896307962851638528,Mayday！Mayday！,3084.608,1753148725,b748a01c
1896408715746876416,原来如此，怪不得烷烃的英文名是这样命的,3130.385,1753160735,30eb9777
1896433111504550144,月份的英文在西方文化中也算是历史文化的体现,3081.902,1753163643,a076c47d
1896450535448673792,杨迪太有意思了,2936.319,1753165720,9ec95bfa
1896482053151608320,文化语境不同,2926.889,1753169478,130b1ee9
1896482757568255488,看过日语邮件的结构 那是真含蓄啊 好像说“不”是天大的错,2948.052,1753169562,130b1ee9
1896753204394875904,店家不想给别人用，为什么还要设置自己的店名为WiFi名啊，这样每次都解释多麻烦,3049.958,1753201801,2677cf4c
1896946225677535744,是凯撒和奥古斯都加的7月和8月打乱的吧,3129.064,1753224811,a5fb62e5
1897250225970898176,而且13月 和 星期八这种说法 他们只能重新创造一个词,3115.972,1753261051,c5e94360
1897407157516052224,就像知道奶奶的礼物用俄语怎么说，真的那么长吗,2896.574,1753279759,d849b843
1898582067882162432,日本人说一个句子 一半都在委婉,2941.965,1753419819,76036370
1898588868694397440,敬语地狱,2954.96,1753420630,a18ccce
1898590585045603584,这个是历史上的语言融合因素吧,3060.517,1753420834,a18ccce
1898665512134126080,说普通话久了会忘记方言,2905.249,1753429766,b0850c04
1898850951616771840,为什么要留下殖民的痕迹,3157.268,1753451872,ef8bd67d
1898937681158312448,还有星期,3074.909,1753462211,b465622b
1899312426064304384,中文好比压缩包,2881.612,1753506884,714d1f13
1899359596045350144,哈哈哈哈京都人,2942.526,1753512508,48caf715
1899668818784674048,这是人为的，任何国家要是愿意这样，也能在表达一个简单含义时去延申自己的句子,2968.119,1753549370,395ce43e
1899936646569887488,还有星期。日语也要再背一次,3072.627,1753581297,ae954710
1900498638082942464,懂日语的可能会懂吧 真的巨长一段,2997.345,1753648292,8205cc06
1901004936989475584,其实赖赖的发言都挺有信息量挺好的,2962.898,1753708647,2c9403ee
1901005262887011072,好温柔啊,2994.395,1753708686,2c9403ee
1901007210696225280,日耳曼人,3145.006,1753708919,2c9403ee
1901007274919789824,棒棒,3148.423,1753708926,2c9403ee
1901007503156656384,原来如此,3165.412,1753708953,2c9403ee
1901007627769515776,很详尽诶 原来不知道,3169.51,1753708968,2c9403ee
1901036066467942912,唉确实会有些容易导致内耗,3036.179,1753712358,c35a3236
1901601973363943680,中文是象形文字发展来的,3076.554,1753779820,92f8c01f
1902328538762730496,反了,3049.595,1753866433,89ed58e
1902903884662556160,一个Wi-Fi都这么抠啊,3030.227,1753935020,96f86921
1903773304859711744,非常容易不安的日本人,2947.431,1754038663,5eebbb86
1904212771181454848,主谓宾主系表的顺序是一样的,3210.693,1754091051,4213efaf
1904516264131825920,正常吧,2882.476,1754127230,3e5e834
1904516761693761280,哈哈哈,2941.821,1754127290,3e5e834
1904516806791007488,晒伤妆,2947.196,1754127295,3e5e834
1904519028052442624,混了是吗,3179.667,1754127560,3e5e834
1904710780163548160,你习惯了，完全没问题,3083.008,1754150418,1606bf27
1906026731576451328,这个确实有点直接了，中式中也确实可能存在这样的,3018.666,1754307292,c8137052
1906684917807754240,英文比法文容易,3070.951,1754385754,1327ee61
1907637741270252032,呜呜呜英文里器官名词和病的名词和相应科室名词真的大部分完全不一样，太痛苦了真的完全不一样,3237.084,1754499339,ff8d4f0a
1907900244344148736,？我们大学老师都说英文天生自带逻辑……,3046.075,1754530632,21c98764
1907939231465567232,哈哈哈哈哈哈集合,3078.613,1754535280,27e7f95a
1908208058292258560,日本好累,3042.943,1754567326,d8a8f583
1908238397278553600,想委婉也可以委婉呀。只是大家觉得太装不那么说了,2986.636,1754570943,a4b37ddf
1910303699142508800,所以我总觉得他们说话烫嘴？,2905.236,1754817146,664d29dc
1910306040881807360,忍。哈哈哈哈哈哈哈哈哈哈哈,3034.062,1754817425,375127a9
1910306198109537280,濑濑刚来时候的梗,3034.062,1754817444,375127a9
1915449847520377088,动物名+肉表示某种动物的肉。这是几千年沉淀下来的智慧,3051.605,1755430615,aa8cb2c6
1915991236444326656,萨沙好搞笑哈哈哈哈哈哈哈,3217.489,1755495154,cd971f7f
1916226599335198464,donde donde,2931.706,1755523211,41d23346
1916228677268589568,wow,3173.682,1755523459,41d23346
1916315156007532032,前面的，除了没有小贝拉逻辑,3181.139,1755533768,299590f4
1916619295518292480,哈哈哈哈哈哈哈,2919.677,1755570024,51f2909e
1919962561386910208,不安,3011.16,1755968572,3bd57624
1920500537993289984,这个就是我想吐槽的，英语的日期真的好难记,3060.432,1756032704,7b3cb016
1923466522425711872,伦儿才是真正的博学学霸,3150.234,1756386277,a82a2ebb
1929348917360019200,其实中文更没有逻辑，就是你想怎么说都可以，主要就是看积累量了,3057.608,1757087513,467053b4
1932308120081196032,我第一次在国外吃牛排 说五分熟 five，服务员大问号,3201.353,1757440278,52ac390e
1938326182697830400,对对对，这个很麻烦,3032.573,1758157687,69dfa122
1944620545828698368,10个月 那年都要过错,3124.155,1758908033,1875fd96
1960152989767726848,词源太多，还要混着不统一,3101.673,1760759645,7bf5ae5
1960315171222860288,商务对话,2985.653,1760778978,99cb8cc6
1970391830956991744,英语学渣产生了一些不好的回忆……中文换个字就能表达清楚的事儿，在英语里面要挨个背单词,3201.922,1761980210,f517d2b4
1971032280625968128,这不叫逻辑，这叫历史渊源，如果英语本身有逻辑，他就该根据自己的语法规则来解释这些东西，而不是照搬别人的,3173.232,1762056557,9574db04
1986522542408234752,著名“星期八”哈哈哈哈,3064.179,1763903140,2a9d92f9
1988680519910594304,好可爱的语气啊,3211.732,1764160391,c847ffba
2015997122545654016,凯撒大帝修改了历法，十个月变成12个月,3118.741,1767416784,ae954710
2029776380103077120,都去店里吃饭了还不让用WiFi确实不厚道,3021.134,1769059400,361d239
,,0.0,1775683732.8000336,
lb.c,,0.0,1775683732.8000336,
,,0.0,1775683732.8000336,
1895737449360363776,哈哈哈这个音效,3434.307,1752989690,dd38837b
1895737554259906816,汉语自带超链接,3502.689,1752990382,7e894dc7
1895737698191642880,英文不是也有一些语气词吗,3463.7,1752993765,534bf33e
1895737702964760832,现在小孩学典故也是这样的,3515.271,1752993777,5866b398
1895737848280617216,所以他们上大学贵的要死,3301.863,1752995548,136254b6
1895737891691663616,如果目标是跟人勉强交流的话，很简单,3388.746,1752996103,7864b331
1895737902630408448,哈哈哈哈哈哈,3542.495,1752996835,e868d6e6
1895737928165331200,对啊对啊，本来就是啊，所以那些鼓吹国外如何教育平等的，本来就是扯别的，首先连语言就是不平等的门槛很高的,3270.78,1752996508,e868d6e6
1895738086819074304,感觉我和听英语一样,3398.682,1753007529,2f987c3c
1895738104141549824,我听英语听力也这样,3398.818,1753008039,fbf9b322
1895738124207100160,这里应该是well,3591.94,1753002948,90a344d5
1895738260068995328,语言浓缩ww,3415.286,1753013167,58c62de
1895738461571748096,亚洲语言普遍是这样的，主要还是大中华地区辐射,3581.0,1753014800,b345a1e6
1895738525392277760,我也发现了这个问题,3257.235,1753015917,6ee65ea5
1895738653964472576,此处BGM已经日本风格,3569.688,1753025562,226099f9
1895738823556960512,太where了哈哈哈哈哈哈,3558.444,1753026489,8ad6ba0b
1895738935712649472,我感觉老王就这几期非正下来汉语都有进步了,3428.469,1753027972,8d665d98
1895738962153541888,其实我现在在英国生活，无论是跟哪个国家的人说话，我经常回答嗯，他们都可以听懂，真的很方便很中文的表达,3471.945,1753054895,973da82
1895738991337509120,前面啊？的点在哪里？？,3505.733,1753067454,43cb6c93
1895739004096581888,我也才知道,3285.669,1753033782,d5c5e535
1895739009565954304,哈哈哈哈哈哈哈哈哈哈,3317.609,1753068397,f7934ca3
1895739326890217728,成语是超链接，所有熟语俚语和歇后语才是压缩包,3537.481,1753078668,1ea53aa5
1895809281815646464,最惨的是日本人，在这些基础上还要翻译成片假名背,3285.983,1753089277,d2fc1204
1895891365066548224,汉字自带压缩包超链接,3506.18,1753099062,1eeaccb8
1895906708459891456,哈哈哈哈哈哈哈哈哈哈哈哈,3542.014,1753100891,8223018c
1895917280982994176,弹幕呢？,3380.471,1753102152,4365b2b7
1895937886776867584,戴卢可是佛拉芒人,3461.641,1753104608,be52f108
1895945065151751424,1,3469.14,1753105464,83719079
1895974459136292096,老王这个手指的动物太萌了哈哈哈哈哈,3368.702,1753108968,c5fcbd94
1896736230398801920,迪伦想介绍哈哈哈哈哈哈,3285.135,1753199778,b9816bbd
1896738375130942976,哈哈哈哈哈哈哈哈哈哈杨迪太有梗,3552.143,1753200034,b9816bbd
1896773498131941888,不想听，不想了解医学法学这类太专业性的东西,3330.832,1753204221,b176604b
1897146857139167488,吧 吗 哦 ,3449.353,1753248729,35645b71
1897148948762767360,中文常用字2千～三千字，医学法律都能看懂（每个字）英文你得重学,3300.605,1753248978,729e3ab7
1897240958723524864,他是整形医生,3245.183,1753259946,c05066cc
1897344309032788992,HHHHH,3548.929,1753272267,e724095e
1897353674855129344,老王的汉语是靠“百家饭”成长的啊,3413.629,1753273383,d403eb94
1897959016110826496,我感觉日语表达比中文更模糊，但欧语系应该比中文清晰,3481.107,1753345545,9cdf46e6
1898037661450136320,没有语言是难的，融入当地都很容易学会,3360.179,1753354921,6ba6f998
1898147251440773632,学医的英文巨长一个单词,3249.832,1753367985,33c2f0de
1898595100549340416,yeahhh和“え？”的洗脑率也很高,3442.216,1753421373,a18ccce
1898595474438069760,好的，收到,3466.201,1753421417,a18ccce
1899889882369721088,然,3577.428,1753575723,3e3ca627
1899940569846165248,英文里的humm不就是这种意思吗,3483.17,1753581765,ae954710
1900248293867858176,看吧~,3476.886,1753618449,1bd801ae
1900268259098969856,大学学心理学法学，专外学的人想死，开卷我都累死，必须背一些，不然翻都翻不到,3309.209,1753620829,68efaa5c
1900386229888349440,害,3588.413,1753634892,33977ab
1900504034642194432,而且现在还在一直造新词 网络迭代也很快,3536.387,1753648935,8205cc06
1901038009001065984,确实，会有专业壁垒,3267.74,1753712590,c35a3236
1901043281199645696,整形医生不背专业医学词汇吧,3248.477,1753713218,ae954710
1901055028312566528,嗯 用英语的yeah 不行吗,3513.992,1753714619,bba3e7b3
1901699298253806080,哈哈哈哈哈哈哈哈哈,3555.241,1753791422,bb1af361
1902215296740708608,中文一个哦～～～能表达很多意思,3489.451,1753852934,167a1194
1902491000623422720,生物学全是拉丁语,3260.405,1753885800,59b380d7
1903115360002498048,汉文人点了,3530.814,1753960229,95e70b5d
1904402415873511680,哈哈哈哈哈哈,3438.59,1754113659,6327891d
1904520475078927360,我也想听伦儿讲历史,3336.829,1754127732,3e5e834
1904713978178131968,你会不会说重要的是环境问题，像我现在的应试教育，会看和阅读英文，写和说就很差,3417.528,1754150800,1606bf27
1904714897275852288,很多更复杂的，很多中国人也不知道,3523.445,1754150909,1606bf27
1904715420767052544,不就是看语气的吗,3577.83,1754150972,1606bf27
1906688697462662912,小姐姐英文很好好听 不是脖子右柠哈哈哈,3466.311,1754386205,1327ee61
1907359113126774016,粤语无障碍～喺！,3563.437,1754466124,d9a3acb1
1908669758451742720,还有古希腊语,3297.211,1754622365,f41917e3
1910307226334185216,让伦讲下历史,3294.697,1754817567,664d29dc
1915992112592547840,我想听伦说,3296.419,1755495258,cd971f7f
1915994372726802176,四姐reaction好棒,3542.21,1755495527,cd971f7f
1916230844314519808,语言还是要在环境中学,3421.751,1755523717,41d23346
1919282737379220480,匈牙利语也非常难,3351.111,1755887531,8ff620f
1920520378267664128,意群,3403.007,1756035069,99536495
1921097014738263808,陈铭老师说的吧,3438.683,1756103810,bc1232f7
1921950390136930304,就跟中国的好字一样，有时只是表示听到你话里的信息而已,3576.112,1756205540,91f228fb
1926835259497439744,经常看着看着觉得他们几个老外把中文说这么溜好厉害,3412.989,1756787862,b97e7a27
1938829039104673792,笑死我了，这句话谁说的？,3434.256,1758217632,c1c7a66
1996737031745336320,并非,3352.126,1765120802,74ba3500
2011293092187681536,哈哈哈和我对日语的感觉一样，，，呆了10年多 后面觉得是没有尽头的,3529.002,1766856020,1bdc989c
2012585087044033536,这个确实 日本的法律和医学基本是学习德国 舶来词也是基本用德文音译,3321.095,1767010038,83537bde
2018529617530469888,秦嗨汉诺,3562.248,1767718681,a29de8f8
2021310047682553600,是的,3262.826,1768050134,9ae24a60
2035768047671333888,法律也是一样的。中国法律也一样,3275.017,1769773662,f466f7d8
2038743529190839040,先学字，以字正音，阿拉伯人有这个意识，所以他才能学这么快，欧美人完全没有文字的概念，所以觉得中文最难,3384.196,1770128367,7966ad44
2038746329182394624,表情语言，本来也不用翻译,3590.184,1770128701,7966ad44
,,0.0,1775683732.8000336,
lb.c,,0.0,1775683732.8000336,
,,0.0,1775683732.8000336,
1895737386328363264,哈哈哈哈哈哈,3617.105,1752987469,882cd619
1895737509229859072,哈哈哈哈哈哈哈哈哈哈,3676.144,1752989498,59dfb4d2
1895737583057998080,天啊，67个字母组成,3637.073,1752989336,eb069b0d
1895737632492065024,来个短的,3853.378,1752993748,6cf1571
1895737693435302144,哈哈哈不许总结,3609.164,1752993497,6cf1571
1895737816580067584,这里字幕错了，表音文字,3890.122,1752995204,5579ad8f
1895737979226788096,这一季字幕太多错误了，怎么回事啊，中文外文都错,3896.211,1753006124,aab7b18b
1895738066770301184,日语和韩语是不是也是？只要会拼都会读，但是意思得再记,3906.105,1753001542,545954c8
1895738087733432576,哈哈哈哈哈哈哈哈哈,3845.99,1753000556,7b5f275c
1895738152468320512,哈哈哈哈哈哈哈好可爱,3651.946,1753012041,d93d12d4
1895738180737929472,巴别塔,3742.261,1753008044,a62ceb35
1895738275562754304,英文就有刚刚说的英法问题导致逻辑混乱,3943.0,1753015298,b345a1e6
1895738327530180864,日语是半拼音，保留部分中文,3886.0,1753015152,b345a1e6
1895738332093583616,象形文字就是比拼音文字要方便的,3886.0,1753015173,b345a1e6
1895738336648597760,所以传播效率很高，且没有文化断层问题，所以逻辑一直能保持,3943.0,1753015269,b345a1e6
1895738357620117760,想起之前看的用各国语言唱知否。到俄语就跟念咒一样,3849.285,1753016974,910793e9
1895738458845450496,啊啊啊最喜欢听大家聊各语言的特点！这是我当年看非正的初心,3614.056,1753016407,a354f0d2
1895738658519486720,愚者无畏也是一个压缩包呀，它不是常规的意思，俄语也可以生成一个压缩包,3826.746,1753025972,fe92a296
1895738785262964992,哈哈哈哈哈哈,3817.962,1753023551,ef8f951e
1895738933883932928,头晕了,3644.316,1753035085,13a0d4c4
1895738979476017408,确实，看小Q联合国的时候同传俄语的信息密度好低,3838.236,1753041245,cdfc31da
1895739066096783616,哈哈哈哈哈有意思,3612.271,1753067134,91850ea9
1895739104407556352,突然想起之前埃及代表穆小龙的名字也很长,3658.216,1753041498,4e76690
1895739162750324992,尼采：事情没有对错 只有视角不同,3726.186,1753073245,cb0b74b0
1895739177338114304,哈哈哈哈哈大家注意有位烫嘴的德国人要来啦,3629.774,1753067187,91850ea9
1895792428078861312,还真是,3941.511,1753087268,3a31dcb7
1895853082563739136,好漂亮啊,3705.421,1753094499,dc02669c
1895873710125642496,湖南话“搞”也有好多意思。,3601.591,1753096958,29a218df
1895907346799683328,翻译是代表自己翻译的,3697.145,1753100967,d0a706e0
1895978079743661568,decode（语言学人惊坐起,3717.032,1753109399,c5fcbd94
1896108421095192320,姐姐的专业和今天的话题好适配，语言差异,3706.185,1753124937,7388c77a
1896515341271146240,我喜欢这个话题，有意思,3616.444,1753173446,b99d4a1f
1896518162234223872,信息熵,3876.963,1753173782,b99d4a1f
1896543132645330432,这颜值，太好看啦！！！！,3695.311,1753176759,832cc876
1896780626377012736,不动产超级抵押,3636.607,1753205070,1f9c8d2e
1897154366721285632,我又要骄傲了，联合国文件里，就属中文那本最薄（叉会腰）,3813.058,1753249624,729e3ab7
1897941956827989760,都在酒里了,3865.043,1753343512,8b93c9d9
1898002374233537280,好像现在学校初学英语不给学音标了？,3917.24,1753350714,2a453a04
1898102017021935872,满分5,3789.416,1753362592,b29ebb7b
1898156268347363072,我记得我初中那会有学音标 但是不会重点去考,3923.454,1753369060,33c2f0de
1898512243499875328,大左表情笑死我了哈哈哈哈,3865.395,1753411495,4b7d9bf5
1899331643441710592,哈哈哈哈哈哈好可爱,3679.808,1753509175,1091612d
1900180799328848384,确实像吕一,3719.965,1753610403,115a0075
1900386773294106880,不对不对,3653.208,1753634957,33977ab
1901012436203785984,强行闭麦,3615.255,1753709541,2c9403ee
1901013060701833216,字幕乱回了,3657.418,1753709616,2c9403ee
1901170929900720384,还确认下对不对哈哈哈哈,3831.848,1753728435,aa15251e
1901171333829032960,给陈铭总结累了,3859.411,1753728484,aa15251e
1902159930518213632,六书,3947.484,1753846333,705b52ba
1902331185083402240,大学选修语言学讲过这个区别,3951.181,1753866749,92f8c01f
1902335700813538048,分析语,3890.528,1753867287,89ed58e
1903671238854313216,大学老师也一直强调要用外语的语境去理解外语不要纠结于对应中文是什么,3741.737,1754026495,b7a9b2eb
1904763067708153600,萨沙真一点口音没有啊,3759.038,1754156652,ddee2dcd
1905858903875679232,梅丽莎中文好好,3688.86,1754287285,7becfa2e
1906691517007991808,德语也是,3801.725,1754386541,1327ee61
1908906630024663808,俄语∶入门即入土，但不得不说俄语听起来是真的好听,3783.319,1754650603,43d421ca
1913917196015940096,法语也是,3808.423,1755247909,62e4d313
1915995900275556352,好喜欢梅丽莎,3713.265,1755495710,cd971f7f
1916030022574273280,语言的背后是思维逻辑,3695.995,1755499777,272ec1ba
1916079700078810368,忙啊，忙点好啊（doge）,3835.762,1755505699,746f4806
1916625392777953536,很有意思这趴,3621.459,1755570751,51f2909e
1920356151963837440,韩语就是,3912.685,1756015492,954b058c
1920523017751516672,专业的来了,3686.052,1756035384,99536495
1920524371614198784,对!!!!!!,3843.108,1756035545,99536495
1921484775709746688,又美又有学识，太厉害了姐姐,3711.137,1756150034,d0352b3
1921487725823974144,标注拉踩还是没必要哈哈,3945.676,1756150386,d0352b3
1924956553183220992,俄语语法确实难,3781.888,1756563903,e498a6f4
1928311481842799872,我怎么看到了autumn,3673.982,1756963841,272b951b
1929831823954261248,终于说到重点了，一维语言与二维语言,3932.368,1757145080,df7cc456
1937964820096246784,及格了,3795.295,1758114609,ea665755
1940204146955817728,这段话题讨论味道对了！！,3623.895,1758381557,add21500
1947129987367245056,萨沙有口音的，东北口音哈哈哈哈哈哈,3767.265,1759207182,ecb24fe1
1954999544181936896,我们是造字，其他语言是造词，我们是组词,3892.371,1760145306,fb6e727e
1960973806940170496,还有俄语的字感觉都一模一样233,3802.199,1760857494,8b1c7d51
1965271622538264320,字和词不一样啊，汉语的词能数清吗,3769.495,1761369833,b509e6de
1966180469729066752,对的，中国还有很多种方言呢，都是文化,3734.607,1761478176,33978299
1983664562083361280,老王的哇太可爱了,3664.275,1763562443,c53f17b0
1985149511878330880,陈铭没有总结的终究还是要来的,3681.241,1763739462,55203a50
2004619822436624640,上文言文,3868.638,1766060504,ffa3828d
2038747074585654784,这更像造了个固定搭配短语，而不是单词,3646.077,1770128790,7966ad44
2057933376119917312,好漂亮,3689.333,1772415975,dc69dd68
2072056217312398080,母语是汉语好骄傲啊,3882.558,1774099549,f82fb2da
,,0.0,1775683732.8000336,
lb.c,,0.0,1775683732.8000336,
,,0.0,1775683732.8000336,
1895737662774939904,再次安利陈老师的有聊，想了解陈老师对一些话题或者事物的看法的一定要看,4023.906,1752994396,534bf33e
1895737685701005568,俄罗斯女排功勋教练卡尔波利,4271.389,1752994558,7b2fe900
1895737697243730176,俄罗斯队那几年发挥起伏很大，拦防水平下滑了很多，换谁谁都得生气，卡尔波利老爷子不生气才怪了,4283.614,1752994661,7b2fe900
1895737894426349824,还真想听下去,4177.285,1752997978,c7bc6e63
1895737925430644992,不想听,4197.99,1752997336,ca646aae
1895737966459326720,哈哈哈哈哈 我开始逐字学习  doge,4196.912,1752998636,fbf64f60
1895738073137254656,中文是超链接语种,3984.747,1753006704,39499903
1895738140615217408,哈哈哈哈哈哈哈哈哈哈哈哈哈哈哈哈哈哈,4310.057,1753009910,259fe52
1895738233619714304,陈铭老师还想听！,4182.484,1753007774,53b79af0
1895738266444337408,的确，中文很感性,4124.538,1753015157,ef682fb2
1895738305652691200,这个好有意思哈哈哈,4208.39,1753014222,b1b00e21
1895738500780101888,man,3975.847,1753018973,f4eb18b5
1895738511718846720,音译在中文里很少见的，因为我们几乎啥都有对应的,4145.0,1753015534,b345a1e6
1895738631164236032,所以中文真的很美,4112.951,1753025099,a7349199
1895738649401069824,喜欢听陈铭老师说,4192.35,1753025462,105f8ab8
1895738683140051200,粤韵风华请你来学,4228.784,1753024098,99272c49
1895738787997651200,语言这个可以多出几期,4134.263,1753026762,d6bfe3aa
1895738869149044992,偏误,4027.411,1753027772,838e3436
1895738996798492928,哈哈哈哈哈,4203.489,1753035239,187c324
1895739035092488448,还想听,4147.312,1753067760,91850ea9
1895739036006846720,喜欢陈铭老师这期的总结,4148.159,1753035184,187c324
1895739102570451200,哈哈哈哈哈哈哈哈哈哈画,4154.529,1753069234,f7934ca3
1895739191011545344,Hahahaha ,4072.191,1753068882,8c10ef2b
1895793939530218240,嗷～都是……   太地道了萨沙哈哈哈哈哈,4258.574,1753087448,d8c0c6fa
1895917244123625472,希望陈老师说完，简直是精华部分哇,4200.455,1753102147,7d881d54
1895984355831034368,白帝圣剑，御剑跟着我,4280.148,1753110148,25b891ad
1896017901253990656,优先使用枝丫哦,3982.02,1753114146,487f1d6
1896022503672487424,这里也有佛（,4070.515,1753114695,698bab0d
1896322597734351360,中国诗真的作为一个中国人很骄傲，太美了，意境美，有的读起来也美,4105.965,1753150469,996c2fe2
1896460121219883008,好像是这样,3981.646,1753166863,9ec95bfa
1896520846001502976,但是这个总结我喜欢，涨知识,4086.27,1753174102,b99d4a1f
1896521961702968320,还想听，再说个五块钱的吧,4156.119,1753174235,b99d4a1f
1896676574695453952,普希金,4263.726,1753192666,54d3f224
1896725566901062400,哈哈哈哈哈哈哈哈哈哈哈哈哈哈哈,4310.07,1753198507,22445c1f
1896730106723395328,哈哈哈哈哈哈哈这期太有意思了,4209.816,1753199048,9cb4590f
1897010015916183808,对对对跟机关枪似的整个赛场都能听到,4272.545,1753232416,d539e6d1
1897077275255051776,哈哈哈哈哈哈哈哈哈,4190.698,1753240434,3c157400
1897174036765635072,陈老师的总结太棒了,4168.585,1753251969,edbe14cb
1897392318966345984,或许是“道”，但也确实不完全一样,4138.271,1753277990,bbeae81b
1897423909876315136,语言都基于一定逻辑啊，像一个公式往上套，怎么没逻辑了，汉子的构成组词都有逻辑思维啊,4200.979,1753281756,d849b843
1897862636431858688,没听够哈哈哈,4177.458,1753334056,c7d94c30
1897882039651485952,鸟语花香,4319.548,1753336369,5e6db3f9
1897898935013042688,可恶啊这次刚好是我感兴趣的话题,4161.582,1753338383,47a0e8bd
1898160146023362048,这点我作为留子真的深有体会 写英文论文的时候真的是一连二 二连三的感觉 不然会扣分的 但中文很少直接表达这么明确的,4143.613,1753369522,33c2f0de
1898164993313185792,其实古人造字也走过这条路，比如光马就有一百多种，骢骊骓骏骥骁，后来发现这样下去不是个事儿，太麻烦了,3975.043,1753370100,a725bfc4
1898638624019697408,我还没听够,4148.66,1753426561,71afd37d
1898787820446409728,反而英语会听就能拼写出来,3998.591,1753444347,636af638
1899369447870135552,涡轮苏卡！,4306.429,1753513682,3873c0bd
1899754244643268352,我也特喜欢听,4184.346,1753559553,a03bc12f
1899892586974535168,萨沙,4214.495,1753576045,3e3ca627
1900097116832440064,可恶，真的回味无穷啊，陈老师你再讲会儿吧,4169.039,1753600427,664e896
1900296271730859520,哈哈哈哈哈哈哈,4317.511,1753624168,cd73212b
1900392088978706688,笑鼠了,4276.249,1753635590,33977ab
1900392259451958016,太好笑了哈哈哈哈,4296.513,1753635611,33977ab
1901016738342964736,中文是体验,4037.216,1753710054,2c9403ee
1901019576444265728,过分了过分了,4306.717,1753710393,2c9403ee
1901803584791174912,一点也不短，(◐‿◑)﻿,4062.857,1753803854,f40bc1cc
1902041048625348864,不是道，更像理,4143.516,1753832162,18259142
1902331840049217792,感觉中文好美啊，艺术,3990.092,1753866827,92f8c01f
1902332906249409792,中文是瑰宝,4117.378,1753866954,92f8c01f
1902468908746143744,下次是什么时候,4190.613,1753883166,23568bd4
1902949917157764864,言有尽而意无穷,4173.006,1753940507,ca017a5
1903624783280088832,喜欢这个总结！,4097.385,1754020957,f0de91b3
1903829280824533504,我也喜欢看总结,4089.384,1754045335,5f529759
1904583630937199616,赞同，中文逻辑不严谨，甚至会出现颠倒黑白的情况,4118.207,1754135261,b6ee8bbd
1904685207156790528,西班牙拿铁,3995.688,1754147370,7bcfa025
1904719537870318848,中文里面的山有很多很多种,4043.343,1754151462,1606bf27
1904720340727399936,是的，我们中文文字逻辑不强,4117.347,1754151558,1606bf27
1905164537058565632,主持人就是控场的，时长要他负责控制的，没办法的,4223.159,1754204510,630e768b
1905314751845161728,元素周期表,3987.742,1754222417,2eb47862
1905861314233136128,陈铭懂得好多,3967.821,1754287573,7becfa2e
1905869100798891776,你们要聊这个我可就精神了,4216.222,1754288501,acf5d39a
1906539827319374592,哈哈哈哈,4241.001,1754368458,58d57e1c
1906540589273325824,哈哈哈哈哈,4310.782,1754368549,58d57e1c
1906688755184680448,桶装水瓶装水.v,4007.948,1754386211,819e3004
1907523442576883968,绝了,4169.636,1754485714,f5dd2f0d
1907644947604512512,等红灯是在等绿灯,4082.438,1754500198,ff8d4f0a
1907980387771732224,苏卡起手23333,4316.445,1754540186,e06c8437
1910170930404237824,圈粉le,4176.937,1754801319,738a73b
1910230441924162816,陈老师唱了一段跳一跳,3992.914,1754808413,f1feee36
1914555673774369536,山峦峰,4041.505,1755324021,c8be969c
1914633198378391552,白帝圣剑哈哈哈哈哈哈哈,4283.877,1755333263,39959bed
1914709549752189952,太好玩了哈哈哈哈,4297.298,1755342365,7dd1e666
1915999561113992960,哈哈哈哈哈哈哈哈哈,4246.601,1755496146,cd971f7f
1916629292717141760,不会这集都是滴滴滴滴滴吧,4207.55,1755571216,51f2909e
1916847819730828288,老王对中文的运用很通感,4059.05,1755597266,b575b51f
1919200580753647360,喜欢的话题总是听不够，不喜欢的好长，譬如什么信息信息，看到就头晕,4182.566,1755877737,ab909100
1920259340867743488,哈哈哈哈哈,4082.777,1756003951,6fe7767c
1920526322502341120,如如不动,4063.914,1756035778,99536495
1921992866163510272,哈哈哈哈哈,4082.943,1756210604,82b54504
1928582631055161600,我不同意，山我可以解释为突出地面很多的土或者石头,4048.353,1756996165,cfd3a899
1929016966887768832,喜欢语言期,4125.882,1757047942,bd775eca
1929832194772670464,这就叫降维打击,3960.908,1757145124,df7cc456
1932317703025618944,哈哈哈哈哈哈哈哈哈哈,4305.693,1757441420,52ac390e
1937429935681908224,好喜欢陈铭老师的总结 学到很多,4147.093,1758050846,664fbc21
1937697910745701120,其实还是有点口音,4237.83,1758082791,aeeff0bc
1938017766129012736,你不是外国朋友吗？,4224.433,1758120921,bd77f5f3
1943402323418697728,我认为中文是活字印刷术,4043.986,1758762810,fe599c6c
1952092445781283584,苏子开头列字结尾,4254.784,1759798753,b1e41dca
1960114288949624320,我也看了那个视频！！！！俄罗斯教练太凶残了！！！你们可以去网上搜,4271.027,1760755031,6a7c628d
1970983019397520896,听不懂俄语，主要看表情和神态啊哈哈哈,4293.443,1762050685,f517d2b4
1987896814821010944,记笔记。,4214.037,1764066966,a87e4250
1992810780202441728,哈哈哈哈哈哈哈哈哈,4311.986,1764652757,b087944c
1998380675866813952,四姐咋回事，怎么剪这个发型了，还是长发好看,4266.798,1765316740,ffa3828d
2005918499490857216,还得是秦始皇,4012.384,1766215319,11aba778
2027816003223746816,logic,4125.294,1768825705,8f58d927
2035829821229662976,不垢不净，不增不减,4079.032,1769781026,f9735bbb
,,0.0,1775683732.8000336,
lb.c,,0.0,1775683732.8000336,
,,0.0,1775683732.8000336,
1895737401436246272,怎么可能放出来,4342.782,1752987653,5aaa7626
1895737677907988736,啊？不是爷爷辈吗？,4418.736,1752994538,591a47e1
1895737751501246720,哈哈哈哈哈哈哈哈哈哈哈哈哈,4437.159,1752993639,c76f245a
1895737760066015488,爸爸的哥哥不是大伯吗？大爷不是爷爷的兄弟吗,4416.924,1752994737,5866b398
1895737777631760640,那应该听不了泰勒斯威夫特的这首歌吧哈哈哈哈哈哈,4668.85,1752994975,534bf33e
1895737803896492288,老王大好人啊,4585.286,1752995672,ce21b857
1895737832879132928,哈哈哈哈哈哈哈哈哈哈哈哈哈哈哈哈哈,4627.772,1752994815,534bf33e
1895738113259966720,不愧美食博主，这都能跟吃的联系上,4448.927,1753008271,13ee2db9
1895738151553962240,哈哈哈哈哈哈哈陈老师,4623.234,1753004086,e967e3fc
1895738287424246016,哈哈哈哈哈哈哈,4660.359,1753013919,fbf64f60
1895738324795494656,不像演的,4542.675,1753011315,47aef417
1895738367652892928,哈哈哈哈哈哈哈萨沙,4524.058,1753014007,5041b929
1895738494396371200,哈哈哈哈哈哈哈哈,4648.252,1753020067,eabe6363
1895738752438341888,大爷就是伯伯的方言啊,4420.588,1753027986,302e2cd4
1895738870055014656,哈哈哈哈哈哈哈哈哈哈哈哈哈哈,4627.886,1753030164,ea25d4d6
1895738921124860160,鸟语花香,4334.495,1753038594,23ddeab7
1895738943002349824,我笑的不行了,4567.735,1753035604,187c324
1895739028708757760,那确实不好，癌症很痛苦的,4375.493,1753037991,7a1afabc
1895739033272160512,北方大爷就是爸爸的哥哥，还有些地方会叫大爹,4422.924,1753038056,7a1afabc
1895739051508994304,比利时，荷兰，不由自主地dudududu,4370.072,1753045018,cdfc31da
1895739054243680512,这期太好看了哈哈哈哈,4582.978,1753035619,187c324
1895739071566156032,全世界的趋势哈哈哈哈哈哈哈,4405.411,1753069485,f7934ca3
1895739076129558784,看来还是妈妈重要哈哈哈哈哈,4448.138,1753069527,f7934ca3
1895739088888631552,靠北不算？,4416.782,1753068705,d4e31129
1895739092537676032,笑得我肚子疼,4397.34,1753062755,928dfa68
1895739105305137408,是红大爷,4418.911,1753072489,63882395
1895739118072598784,哈哈哈哈 老王太可爱了,4587.157,1753061525,67cfac19
1895739125362299136,哈哈哈,4564.19,1753070523,86ed341b
1895739337812185344,哈哈哈哈哈不愧是学霸,4661.75,1753080270,928ebf4c
1895833647970618624,哎 闽南话林北就是 可惜唐大哥不在了,4408.122,1753092182,717a589b
1895902750144143360,这个还……,4321.524,1753100419,738625c6
1895907869804003328,本来就听不懂，那听不听得到又有什么关系呢，在公共场合说脏话本身就是不文明的行为,4360.674,1753101030,b41d23bf
1895908179586673152,哈哈哈哈哈不行了笑哭了,4388.324,1753101067,8e85fd5f
1895927466716137216,哈哈哈哈哈哈哈哈哈哈哈哈哈哈哈哈哈哈哈,4394.076,1753103366,4365b2b7
1895928548712294912,哈哈哈哈哈哈哈哈哈哈哈哈哈哈哈哈哈哈哈,4520.928,1753103495,4365b2b7
1895982829658685952,我也是,4675.5,1753109966,42cad9e5
1896001296768195840,哈哈哈哈哈哈哈哈哈哈哈哈,4677.235,1753112167,ee1f6f9b
1896400773932488448,哈哈哈哈哈哈哈哈哈哈哈,4598.659,1753159788,e1f0140c
1896512698288793600,跟我们见外了不是,4365.396,1753173131,6a042d86
1896514385674094080,老王又拿吃饭举例哈哈哈哈哈哈哈,4454.776,1753173332,272cb156
1896608734999507456,满意满意特别满意,4371.008,1753184579,6958d185
1896642155020717056,苦肉计哈哈,4590.242,1753188563,445a39f6
1896642936713124608,对对对,4676.515,1753188657,445a39f6
1896696260124513024,自爆型劝架,4561.628,1753195013,fc5c5aac
1896763454762194688,他们不会哈哈哈哈哈哈哈哈,4569.196,1753203023,b9816bbd
1896765768927379200,哈哈哈哈哈哈哈哈哈哈哈哈公费报仇,4542.799,1753203299,e8be185e
1897011300463673856,有带大爷的,4411.438,1753232569,d539e6d1
1897013120430860032,老王好吃的没白吃还挺有劲,4613.994,1753232786,d539e6d1
1897218638458098176,讲的好可爱呀哈哈哈哈哈哈哈,4468.158,1753257286,d9749c34
1897324740884846080,我也是,4678.681,1753269934,8693b549
1897363774932184320,想了解的可以自己找找一些俄的生活vlog之类的,4361.289,1753274587,d403eb94
1897426030323611648,哈哈哈哈哈哈,4387.518,1753282009,d849b843
1897430303178371840,陈老师梦开始的地方,4635.859,1753282518,d849b843
1898107734009310976,有的，闽南话里面的靠北就是,4409.048,1753363274,b29ebb7b
1898140754749313024,拉开了已经,4552.403,1753367210,9a457285
1898604176352239360,风和日丽，鸟语花香,4320.185,1753422454,a18ccce
1898604469584211456,这么长一段吗救命怎么还没完啊哈哈哈哈哈哈哈哈哈,4334.886,1753422489,a18ccce
1898827115965592320,大爷，不是大爷爷啊,4423.334,1753449031,1ffa9383
1899264598080031232,果然是美食博主,4449.549,1753501183,d04c374a
1899496872319092736,凉菜哈哈哈哈这个比喻,4441.171,1753528872,3820b86
1900043563572775680,到底是啥？好想知道,4348.134,1753594043,3ad68769
1900320971148192768,被带歪了，哈哈哈,4644.234,1753627112,968d7bd9
1900998015238881792,0帧起手,4521.96,1753707822,478a57e2
1901003546199856128,北方不说大伯，都是说大爷,4429.826,1753708482,2216f793
1901074396593528576,坑爹只是调侃 上升不到骂人,4438.056,1753716928,bba3e7b3
1901091973570498560,放出来吧，反正听不懂,4334.352,1753719023,18259142
1902337660274969600,哈哈哈哈哈哈哈哈,4604.007,1753867520,92f8c01f
1903081973443330560,哈哈哈哈哈哈,4535.647,1753956250,623dd44
1903082273570880768,哈哈哈哈哈哈哈哈,4568.091,1753956285,623dd44
1903781401921761536,其实有用,4589.383,1754039628,1ddd0afb
1903806233291993600,老王那么有力吗,4603.096,1754042588,29c7c55b
1903952397949739520,这个情节 解放西 看过一样的，哈哈哈哈哈哈,4560.019,1754060012,e1245ea0
1904516717376838400,因为妈妈是孩子的第一位老师啊！,4403.275,1754127284,9e41d483
1904530899417644288,哈哈哈哈哈哈哈哈哈哈哈哈哈你个感冒,4385.563,1754128975,3e5e834
1904530978748724992,和哈哈哈哈哈哈哈哈哈哈哈哈哈哈哈哈哈哈哈哈哈哈哈哈哈哈哈哈哈哈哈哈哈哈哈哈哈哈哈哈哈,4384.499,1754128984,3e5e834
1904532923857065216,没有妹妹呢,4492.766,1754129216,3e5e834
1904538811812607744,哈哈哈哈哈哈哈哈哈哈哈哈哈哈哈哈哈哈哈哈哈,4645.546,1754129918,3e5e834
1904722568506592768,不是，这有什么可防的呢,4341.418,1754151824,1606bf27
1905449384062253056,新疆好像也是,4496.703,1754238467,a48719d1
1905497931360905728,伊朗和俄罗斯打起来啦,4529.621,1754244254,c0863c00
1906542784094295808,哈哈哈哈哈,4559.017,1754368810,58d57e1c
1907526196715882496,哈哈哈哈哈哈哈哈,4523.519,1754486042,f5dd2f0d
1908679452259804928,xx日记,4362.117,1754623521,f41917e3
1908744384842053120,你们听不懂，别人听得懂啊，我就是学俄语的，很多人学俄语日语,4357.8,1754631262,6ba6f998
1909668420170398720,四个层次,4433.428,1754741415,d7fb52ee
1911359300216006400,哈哈哈哈哈哈,4447.784,1754942984,984e8387
1911359604252789760,太逗了,4455.784,1754943020,984e8387
1913398067118770176,马月！受到严格保护,4495.758,1755186024,e540d7cc
1914634620675197952,爸爸好惨,4409.305,1755333432,39959bed
1914635448362681088,老王好有意思啊,4468.254,1755333531,39959bed
1914637087353891840,陈老师好帅好可爱,4628.134,1755333726,39959bed
1916001994548683520,萨沙现在好有效果啊,4525.363,1755496436,cd971f7f
1916630927698902784,哈哈哈哈哈哈哈哈哈哈哈哈哈哈,4395.624,1755571411,51f2909e
1916852277454065152,骄傲的小表情,4513.962,1755597798,b575b51f
1918109775393509888,加长版都听不到,4327.512,1755747703,e10ac76a
1919292270814105600,三句话不离老本行。老王就是老王,4441.278,1755888668,8ff620f
1920360764641292800,大爷（轻声）和大爷（二声）是不一样的辈分,4424.525,1756016042,954b058c
1920530535504589824,苦肉计,4559.312,1756036280,99536495
1924962263669318912,确实,4378.913,1756564583,e498a6f4
1928317987325752320,爸爸不重要和哈哈哈,4437.715,1756964617,272b951b
1928473381473163008,陈铭老师哈哈哈哈哈哈哈哈哈哈哈什么叫你个感冒啊哈哈哈哈哈,4387.472,1756983141,27acc97c
1930119365563671296,关键有个俄罗斯妹子全能听懂，哈哈哈,4350.281,1757179358,5f57ee63
1932318721125803008,哈哈哈哈哈哈哈哈哈哈哈,4386.414,1757441541,52ac390e
1937685851845080064,肺结核我们叫痨病,4387.045,1758081353,748c3342
1937711880739083008,现在有了,4411.543,1758084456,e8f1e80f
1937713293271636224,以身入局,4575.73,1758084625,e8f1e80f
1946610506567641600,哈哈哈哈哈哈哈什么鬼，好搞笑,4396.361,1759145255,3a0f6945
1946616695774839040,毕竟母亲是生你养你的人，是个人都不希望。除非你原生家庭环境不好,4477.17,1759145993,eb269b47
1954247216982614016,就好像放出来我们能听懂一样,4348.708,1760055622,99c7f039
1967670342588077312,阿阿阿啊啊，我要听,4342.408,1761655783,eb09f285
1977879332269668864,哈哈哈哈哈哈哈哈哈,4648.638,1762872790,aedabb3d
1986532170919592192,想听啊,4334.675,1763904288,2a9d92f9
1993856239851235072,哈哈哈哈哈多少是有点私人恩怨了哈哈哈哈哈哈哈哈哈哈哈萨沙,4520.851,1764777385,ed5612f4
1996746304319704576,有的 中西部地区很多,4410.686,1765121908,74ba3500
1999494019419440896,盲猜第四个祖先,4482.623,1765449461,29cd0eb
2004628390627918080,老王男友力爆棚啊，华波波都有150 6了,4609.39,1766061526,ffa3828d
,,0.0,1775683732.8000336,
lb.c,,0.0,1775683732.8000336,
,,0.0,1775683732.8000336,
1895737548723425536,哈哈哈哈哈什么是我们不能听的,4749.619,1752990264,1549437e
1895737557581795584,来啦来啦,5024.737,1752990286,a1639211
1895737558689091840,哈哈哈哈哈哈哈哈哈哈哈哈,4902.274,1752991699,eb069b0d
1895737576405831936,哈哈哈哈哈哈哈哈哈哈笑飞了,4980.356,1752990608,39108e46
1895737633507086592,免礼免礼,5039.074,1752990708,59dfb4d2
1895737685701005571,哈哈哈哈哈哈,5002.412,1752993137,98f16374
1895737800272613632,哈哈哈哈哈哈哈哈哈哈哈哈哈哈哈哈哈哈哈哈哈哈哈哈哈哈哈哈哈哈,4982.027,1752995330,a4557f7c
1895737802998911232,万一听不懂怎么办,4874.018,1752994933,81bc2129
1895737948222492928,什么梗？,4748.329,1752998164,d6922fe2
1895738125113069824,就这个湖北味正宗,4711.305,1753011041,7a763aee
1895738285595529472,双板确实可以倒着滑,5008.25,1753011373,43686648
1895738620225491200,哈哈哈哈哈哈哈哈哈,4984.609,1753022510,65fd9e50
1895738757907714304,太损了,4985.149,1753022518,65fd9e50
1895738832675377408,来来来来,5036.598,1753027077,8a513c81
1895738966708556032,太可爱了超超,4747.358,1753060176,4f7b0147
1895738992243478784,就是歇后语,4867.877,1753034556,c7bc6e63
1895739080684572928,哈哈哈哈哈哈哈哈哈哈,4918.722,1753069998,f7934ca3
1895739131746029824,哈哈哈哈哈哈哈哈哈哈哈哈哈哈哈哈,4994.089,1753062512,3bd1c757
1895739196480917760,这段发出杠铃般的笑声,5030.092,1753075104,28ad2a59
1895739201044320512,斑马斑马，你回到了你的家,4704.204,1753075169,c2cf2fbe
1895739208334020864,突然好凶的超超,4710.536,1753075185,c2cf2fbe
1895739269428252928,哈哈哈哈,4730.776,1753075210,df6e1fa7
1895739282195714304,个斑马 武汉读书学会的第一句武汉话,4704.434,1753073116,76b350d2
1895771221057041664,歇后语骂人是吧hhh,4865.028,1753084740,ea88348b
1895892382798022400,真的很像用歇后语骂人,4858.534,1753099184,1da0b061
1895904636515565824,四姐镜头太少了，感觉他的观点还没开始就没了,4765.842,1753100644,58b836f8
1896404829505373952,哈哈哈哈哈哈哈哈活学活用,4949.724,1753160272,f1957628
1896405288303884800,哈哈哈哈哈哈哈哈哈哈哈哈哈哈笑死我了,5003.653,1753160327,f1957628
1896468623779084032,哈哈哈哈哈哈,4981.223,1753167877,9ec95bfa
1896588932171657472,Dylan好帅,4935.291,1753182219,bd4e22b9
1896649488324662272,非正“倒着哥”,4978.032,1753189438,280fcb51
1896737496214828800,哈哈哈哈哈哈哈哈哈哈哈哈哈哈,4982.203,1753199929,9cb4590f
1897014030158811904,你瞅啥的意思吗,4715.633,1753232894,d539e6d1
1897014233171284992,想咋的,4732.518,1753232919,d539e6d1
1897019864125305344,胖跟秃顶？华波波？哈哈,4804.17,1753233590,88971e98
1897165318887847424,哈哈哈哈哈哈每次都要拿出来反复“鞭尸”,4994.106,1753250929,729e3ab7
1897254941232950272,哈哈哈 杨杨很合适,4903.28,1753261613,2a986023
1897344532589414144,又狠又能播哈哈哈哈，好绝,4852.883,1753272293,55d83f10
1897762938228495616,哈哈哈哈哈哈超超你咋这么可爱呀,4748.926,1753322171,3c4a8341
1898076422447444224,这个味太对了，喵莫斯喵,4713.793,1753359541,49e5e8b6
1898116838467539200,哈哈哈哈哈哈哈,4959.312,1753364359,8d117f15
1898162780163908608,笑晕了这个梗,4843.97,1753369836,b71cfd89
1898407579726848000,我也是！本来已经冷静下来了听到这句话又会死灰复燃,4680.153,1753399018,28dcc9f6
1898620921531941120,哈哈哈哈哈哈哈哈哈哈哈哈哈哈哈哈,4990.806,1753424451,a18ccce
1898621235324599808,萨沙：我这一生如履薄冰,4998.994,1753424488,a18ccce
1898621702788319488,这里就很适合配个bgm：长江黄河还有黑龙江~~~,5007.924,1753424544,a18ccce
1898674081130886656,auv真地儿道～,4950.016,1753430788,2738fae5
1898686192863140864,伦儿,5032.685,1753432232,b0850c04
1898718675599884544,喵喵喵  喵莫比,4716.685,1753436104,f83ddc9a
1898842469316472832,这是歇后语啊,4860.486,1753450861,17e2fe2c
1899339586950643712,喵帕斯,4719.067,1753510122,7ef1f30f
1899599321197446144,谎言不会伤人，真相才是快刀,4805.355,1753541085,bc31ead9
1900380122948168960,是LULU!,4784.341,1753634164,81aeaa1b
1900503618960948736,梅林的胡子,4886.484,1753648886,fcdaa08a
1901024484039726336,哈哈哈哈哈哈哈,4942.838,1753710978,2c9403ee
1901079414683921152,给你俩窝窝是“傻瓜你看什么，你走开”的意思,4779.862,1753717526,e67086c2
1901079829685023488,老王可以啊,4824.392,1753717575,e67086c2
1901079976536206080,盆景的伐木工赢了,4830.592,1753717593,e67086c2
1902231732707858432,啥意思没懂,4835.101,1753854893,c1f2fe77
1902338815436637184,动物吵架哈哈哈,4741.721,1753867658,92f8c01f
1902339230270251776,好可爱,4791.413,1753867708,92f8c01f
1902465103329566464,哈哈哈哈哈哈哈,4900.32,1753882713,24d07282
1902505877391889664,我懂！不仅是吵架，平时明明一件事已经在做了，非补一句你去做一下，我也会生气,4683.771,1753887574,29c4c024
1902512598906821376,翻旧账了,4925.858,1753888375,d89f1503
1902594920603297792,这一段巨好笑,4932.927,1753898188,26f5d348
1903085253296941312,哈哈哈哈哈哈哈哈哈,4913.221,1753956640,623dd44
1903422713532604160,完全沉浸在自己的艺术创作里了,4892.961,1753996869,bb961bc8
1903895399203318784,沉浸在自己的艺术,4885.319,1754053217,c51a6472
1905868802760226304,好有趣,4725.221,1754288465,7becfa2e
1905869663649455104,哈哈哈,4823.731,1754288568,7becfa2e
1906076866142587904,超超好美～～～～～～,5033.296,1754313269,ba077aef
1906843327282730752,不知道两个buff梗被萨沙听到了会怎么样哈哈哈哈,5018.175,1754404638,4ad5b7c7
1906853502798462464,笑飞了这期哈哈哈,4973.051,1754405851,de5d2566
1907283657380028416,个斑马是吧哈哈哈哈,4741.914,1754457129,654346f5
1907369347933021696,咩啊～,4736.208,1754467344,d9a3acb1
1907528459920721920,中文也是哈哈哈哈哈哈,4843.019,1754486312,f5dd2f0d
1907988977269993984,就跟吵架的时候对方说你冷静一点,4687.296,1754541210,952047f4
1909012552659049984,你看看！,4887.06,1754663230,a30a61d9
1914639175487860992,好艺术,4868.566,1755333975,39959bed
1914699145797749760,免礼免礼,5038.536,1755341124,6a35cdb9
1916331482058605056,去五常,4934.547,1755535714,299590f4
1920572473301738496,你别急哈哈哈哈,4680.084,1756041280,bc587f4c
1921150194511518720,无效消音,4767.931,1756110149,cc860fab
1921999990281070336,膝盖脑袋哈哈哈哈哈,4820.756,1756211453,82b54504
1922699810163473408,哈哈哈哈哈哈这个好玩膝盖脑袋哈哈哈哈哈哈哈,4821.902,1756294878,bc17ebe1
1922718678232065536,buludo在大力水手里面就是大块头,4769.819,1756297127,990a1ffc
1924745898970591232,吼吼吼吼吼吼吼吼吼吼吼吼吼吼吼吼,5002.511,1756538791,90bb401c
1924967089098646016,哈哈哈哈哈哈哈哈我懂了,4839.73,1756565159,e498a6f4
1928431833856027648,四川话 哈哈哈,4802.515,1756978188,272b951b
1930122968890291968,一般是表和马,4760.893,1757179787,5f57ee63
1932207309505761536,真不用客气，哈哈哈哈哈哈哈哈哈,5037.71,1757428260,5b4783e3
1932323510836293120,歇后语骂人 在中国能把我骂笑，没有杀伤力,4856.499,1757442112,52ac390e
1938651722562595840,这个环节好想看英国代表,4803.651,1758196494,7514575b
1941575577676902144,中国好像也是,4880.714,1758545045,7a001e02
1956604467680680960,哈哈哈哈哈哈哈哈哈哈哈哈哈哈哈哈哈哈哈哈哈哈哈哈哈哈倒哥,4987.29,1760336628,d35c8a9
1957521618251751424,有备而来,4898.296,1760445961,ae02b522
1963046567418170368,完全get不到哈哈哈，太艺术了,4878.238,1761104586,54f7b9d0
1963047484477570560,卧槽哈哈哈哈哈哈太搞笑了,4987.548,1761104695,54f7b9d0
1963047606246712832,太有梗了我的天啊,5002.101,1761104710,54f7b9d0
1988704206604970240,萨沙现在好大方,4966.483,1764163215,c847ffba
2005156528713694464,形成内部梗了 哈哈哈,5015.259,1766124485,32b92588
2018407658939996416,武汉话好好玩,4761.811,1767704143,964a8dca
2027838086511379968,哈哈哈哈哈哈哈哈哈哈哈哈哈哈,4860.422,1768828337,8f58d927
,,0.0,1775683732.8000336,
lb.c,,0.0,1775683732.8000336,
,,0.0,1775683732.8000336,
1895737252798501120,一个轴打起来了,5382.658,1752985054,7e19df34
1895737399926296832,老王居然赢了哈哈哈哈哈,5194.259,1752987261,f69ff094
1895737549830721792,众爱卿平身,5040.701,1752988640,1f930d45
1895737559796388096,买不完了,5324.051,1752990445,3f8c2705
1895737585272590592,这个除了买卖还能组什么？,5347.699,1752990663,1549437e
1895737629463777536,买了锅巴,5269.404,1752992283,7e894dc7
1895737792127275264,这也太难了除了脏话我一个也想不到,5250.819,1752994250,4374cf64
1895737809332310272,伤疤,5096.912,1752995497,a4557f7c
1895737812956188928,艾丽莎还比了个功夫出招动作，好可爱,5228.918,1752995826,5866b398
1895737818392006912,这下真的势均力敌王不见王了，战力很均衡,5221.14,1752995797,5866b398
1895737822913466624,怎么不把小贝喊回来哈哈哈哈哈 全国总冠军,5232.53,1752995811,ca18aa72
1895737839220920576,随便,5103.405,1752995510,a4557f7c
1895737861601726720,哈哈哈哈哈,5280.223,1752995737,a4557f7c
1895737870728532224,哈哈哈哈哈,5357.137,1752995819,a4557f7c
1895737878009843968,这个难度好高我一下没想出来,5250.43,1752995861,5866b398
1895737975577743616,太搞笑了这段，会长帮得也真是不明显哈哈哈,5309.076,1752998714,d5478533
1895738014786097408,我都想不出这么多orz,5177.407,1752998128,cda41c26
1895738146998948096,富贵使我们相遇,5054.133,1753003938,94179e93
1895738222680969472,上边其实可以的...至少广东话里可以这么讲哈哈哈哈哈,5132.578,1753012151,f11a2bc3
1895738259154637056,那我必须得发个弹幕,5045.758,1753013226,4c2d7347
1895738280117768448,哎哟喂排面是自己给的,5053.218,1753015344,2394c70f
1895738286535053568,我都想不出来,5361.944,1753014671,635d7cfe
1895738288321827072,大左感觉好疲惫呀,5089.831,1753010259,2275038b
1895738300183318784,买了个包,5277.18,1753014758,73e9b877
1895738319326122240,哈哈哈哈哈哈哈哈哈哈哈,5333.776,1753014745,fbf64f60
1895738331187613952,水表,5101.409,1753013084,8f071823
1895738358542864640,哈哈哈哈,5289.412,1753013835,fc1db046
1895738420534677760,厉害,5362.198,1753013915,fc1db046
1895738453367689472,手臂,5083.725,1753019015,c2db3739
1895738483457626368,散步,5110.21,1753018989,c2db3739
1895738492567654656,私奔,5156.474,1753019088,c2db3739
1895738497131057408,散步,5178.373,1753019110,c2db3739
1895738523571949824,伤悲,5147.874,1753019080,c2db3739
1895738528126963968,帅爆,5171.778,1753019103,c2db3739
1895738537287323904,松柏,5115.542,1753019154,c2db3739
1895738560959975680,那么棒,5397.279,1753020515,c2db3739
1895738573719048448,迷恋改编,5350.312,1753020373,c2db3739
1895738581931495680,美丽古堡,5344.655,1753020257,c2db3739
1895738616576446720,雷妃：嬗变的女人,5152.275,1753018117,6ee65ea5
1895738643931697408,上榜,5139.362,1753019071,c2db3739
1895738657605128448,塞北,5125.34,1753019163,c2db3739
1895738663988859136,三百,5114.292,1753022376,fd2dafbb
1895738781613920512,买了个包,5269.515,1753030952,ea25d4d6
1895738925679874304,会长喜欢俄罗斯人哈哈哈哈哈哈,5280.092,1753038953,7a1afabc
1895738932969574656,笑死我了,5378.09,1753029813,bde1c345
1895738939353305344,哈哈哈哈救命笑死我了,5309.07,1753045893,23ddeab7
1895739014146134272,散步,5114.314,1753068800,91850ea9
1895739130831671552,想不出来,5264.519,1753072461,9f25c571
1895739175509397760,会长明目张胆啊哈哈哈哈哈,5276.576,1753072003,9f04a8dc
1895739183721844992,？,5103.33,1753070183,f7934ca3
1895739216546468096,麻辣锅巴？,5317.463,1753073025,39c07fe7
1895739235689271552,思辨,5100.653,1753075567,bf28894c
1895739250285449472,这是真的强……,5354.932,1753072572,9f25c571
1895739315020337408,老王的食物词汇库太丰富了,5202.207,1753075106,cb0b74b0
1895806227742127872,不愧是全球总冠军哈哈哈,5355.453,1753088913,20dfe047
1895865772513874176,呵呵哈哈哈,5295.841,1753096011,f81c7508
1895865835151917056,笑死我了,5302.521,1753096019,f81c7508
1895905592497846784,波波超级不想输给老王啊哈哈,5168.56,1753100758,e1c79dc9
1895913210587020800,厉害也,5356.678,1753101666,738625c6
1895940028228628736,哈哈哈哈杨迪笑死我了,5331.187,1753104863,9a7995d3
1896001709957121536,这个游戏确定不是在考验旁边的观众吗哈哈哈哈哈哈哈,5169.79,1753112216,692c8ed6
1896005638208190720,哈哈哈哈哈哈哈哈哈哈哈哈哈哈哈哈哈哈,5309.536,1753112685,ee1f6f9b
1896037717519832320,我不行了,5303.486,1753116509,35861f7e
1896103813057326080,众爱卿平身,5055.166,1753124388,272d704
1896266853488527360,买了个包,5255.593,1753143824,136938f4
1896397577185262080,买了个表,5252.363,1753159407,8c816764
1896398972085054976,买了个布,5322.799,1753159574,8c816764
1896487745384687360,是全世界冠军强啊  这个怎么可能平衡？,5225.606,1753170156,3f43cf38
1896518030927038976,哈哈哈哈,5287.335,1753173767,6a042d86
1896647238626065664,散步,5186.384,1753189169,445a39f6
1896700332483297024,买了个表,5262.862,1753195499,fc5c5aac
1897110671595089408,买了个饼,5303.296,1753244415,42da3e49
1897164510704274176,会长，真的一点都不偏心,5318.682,1753250833,35645b71
1897465344239936512,这里为啥正片没有啊很好玩,5316.955,1753286695,9c3b5844
1897907599363012096,加长版不是没人吗？,5061.923,1753339416,47a0e8bd
1897994325766477824,应该的应该的哈哈,5048.248,1753349755,4abc64a0
1897996747196894720,哈哈哈哈哈哈哈哈逛超市,5307.543,1753350043,4abc64a0
1898119123121513216,波波太搞笑了,5193.237,1753364632,8d117f15
1898135047518137856,免礼免礼,5075.625,1753366530,eedeee86
1898384560598181888,平身,5075.322,1753396274,b2d05ef3
1898624478083756544,超市逛的差不多了哈哈哈哈哈哈哈,5326.782,1753424875,a18ccce
1898641201796753152,密林古堡,5368.404,1753426868,8d9a3176
1898884709665421312,哈哈哈,5068.504,1753455897,ef9aebaa
1898897792614057216,S 和sh不算一个声母吧,5137.151,1753457456,90af0186
1898916617254438656,平身吧,5045.044,1753459700,22a3160b
1899502490740164608,比芒果台的明星们厉害,5090.131,1753529542,3820b86
1899503928598076672,好难！,5256.872,1753529713,3820b86
1899529220980670720,美丽告别,5329.076,1753532728,3860f01a
1899556139150926336,买了个包,5262.774,1753535937,c8a83ae1
1899575159195537664,我就说梅丽莎眼熟哈哈哈哈，我看过她,5237.393,1753538205,fbcf58ae
1899948884919695104,字幕靠点谱啊,5152.318,1753582756,ae954710
1900027691504725760,随笔,5111.845,1753592151,2b2c365c
1901026696434365696,哈哈哈哈哈哈哈哈笑死我了,5177.66,1753711241,2c9403ee
1901048621018345216,来了,5068.436,1753713855,53f028f4
1902279610704792320,哈哈哈哈哈哈哈哈哈哈哈哈华波波提高笑了 这个节目不能没有他,5287.656,1753860600,c78fc6cd
1902280109591719680,哈哈哈哈哈哈哈哈哈哈杨迪太有梗了,5336.723,1753860660,c78fc6cd
1902422537695188480,哈哈哈哈哈哈哈快乐了,5041.893,1753877639,ddafd2e4
1902693614774649856,这就是冠军局吗,5308.838,1753909954,13f56837
1903910791510760448,果然是冠军,5323.393,1754055052,117508bc
1903911183124587264,冠军！！！,5370.074,1754055099,117508bc
1904583799472911360,那这样没完没了了 卖了个包也可以啊,5323.205,1754135281,3e5e834
1904731512910551296,买了钢笔,5296.383,1754152890,1606bf27
1905066977614457088,瀚笙给的,5216.827,1754192880,f13424e0
1905263256428680192,哈哈哈哈哈会长假装淡定,5280.272,1754216279,aa36fe3a
1907445196561016064,生病,5096.403,1754476386,aff6fc4
1907655909418110976,描了个边，密林古堡,5369.951,1754501505,ff8d4f0a
1907988948337628160,买了个饼,5269.577,1754541206,e06c8437
1907994271211606272,买了广告,5264.943,1754541841,952047f4
1908432339672427264,这都是我应得的,5050.366,1754594063,9342b3c4
1910180167972956160,买了个表,5278.063,1754802420,738a73b
1910181115902401024,这个好玩,5385.844,1754802533,738a73b
1913125294877852928,爱卿平身,5060.819,1755153507,54a9596e
1914074693993248256,华伯伯笑死我,5210.801,1755266684,9d8aa9dd
1919614221571346432,哈哈哈哈哈哈哈哈哈，买买买，都买,5296.307,1755927047,3ae4c2e2
1921022768267938048,我都想不到,5361.449,1756094959,bc587f4c
1924779962440228352,设备,5089.709,1756542851,e8f6d141
1925468671896090112,看似法国vs中东，实则两伊战争,5183.768,1756624952,24f302e9
1928594371599874304,不愧是世界冠军,5361.448,1756997564,cfd3a899
1932625767037357824,太有牌面了,5107.729,1757478144,f487febd
1932832749916950784,波波笑死我了,5190.952,1757502818,75a35b32
1932833280899017472,想念小贝和田田,5232.806,1757502882,75a35b32
1948196474001477888,哈哈哈哈哈哈哈,5316.907,1759334317,2edb9fb1
1949690376261184256,没了个饼 哈哈哈,5334.374,1759512404,c9c423cb
1952273205201067264,上边其实是，他们搅混了,5164.153,1759820301,5ff286de
1956607870947309056,哈哈哈哈哈哈哈哈哈哈哈笑飞了,5336.797,1760337034,d35c8a9
1957526017011285504,发币，顺发nb,5390.776,1760446485,ae02b522
1999460690884832000,哈哈哈哈哈哈哈哈好搞笑哈哈哈哈哈,5054.438,1765445488,14f3cf30
2002097945549358592,前面外国小学生一人一句汉语那个真的哈哈哈笑死我了,5392.207,1765759873,1bae6291
2031437688779518208,满意,5047.429,1769257443,ec44781a
2036248800440067584,手办,5123.573,1769830972,f9735bbb
2036249860122444544,似是故人来,5248.255,1769831099,f9735bbb
,,0.0,1775683732.8000336,
lb.c,,0.0,1775683732.8000336,
,,0.0,1775683732.8000336,
1895737395396448512,jhhhhhhhhhhh,5592.303,1752988526,a7ab481d
1895737412022669568,我都想不起来这么多,5460.772,1752987439,a1639211
1895737441869336832,因为想不起来哈哈哈哈,5481.576,1752987556,f69ff094
1895737443119239424,波波好可爱,5457.3,1752989533,e9b5076c
1895737485532041472,不够看哈哈哈哈哈哈想看轮番制回合,5670.743,1752987808,fcfebb41
1895737626443878656,]',5625.691,1752991166,967ceef9
1895737643598582016,为啥我的弹幕带框框,5614.122,1752990985,3f8c2705
1895737666809860352,文创书包,5664.861,1752992253,88230e29
1895737685701005569,笑死，好像那个两组外国人比中文的视频,5594.036,1752991870,6c6d890c
1895737696287428864,想看陈铭和陈超的,5515.841,1752993725,b594b266
1895737720085909760,我吃柿饼,5633.349,1752993925,4f3c338d
1895737730554892544,我才十八,5654.687,1752994895,f3d0b903
1895737779443699968,哈哈哈哈哈哈哈哈哈,5736.412,1752996216,a4557f7c
1895737794836795648,还好，我来看了加长版,5683.765,1752995605,6cf1571
1895737843750768896,无偿上班,5638.111,1752995528,8eb43737
1895737876189516032,他不会是在拿你重温日语吧233,5757.212,1752997386,4944442d
1895737884393574656,？哈哈哈哈哈,5656.724,1752996132,a4557f7c
1895737888042619136,拿眉笔,5442.43,1753001707,d7f8343a
1895737898075394304,用一之濑当外教是吧哈哈哈哈,5759.226,1752996601,5866b398
1895737912679960832,发币厉害哦,5491.201,1752998959,e868d6e6
1895737956426551552,哈哈哈哈哈哈哈哈哈哈哈哈哈哈哈哈,5736.542,1753005397,e549f4d8
1895738018435141888,我才上班,5615.672,1753004949,4c54570f
1895738042141348096,发币好厉害！,5451.412,1752998910,d5478533
1895738055814779136,游戏能多玩一点吗？来个车轮战了。,5682.602,1752999172,e868d6e6
1895738163407065344,朕心甚慰,5668.633,1753010633,ca2efdba
1895738188941988096,留学生可以打工，就是时间限制很严格,5745.238,1753013337,450eca7a
1895738207178821888,我吃烧饼,5569.522,1753014025,97afe170
1895738304738332928,笑疯了,5717.724,1753014888,c5fcca58
1895738349416059136,我查设备,5603.283,1753013524,20dffd1e
1895738529041322240,我吃柿饼,5549.573,1753019787,c2db3739
1895738564600631552,我曾上榜,5583.306,1753019726,c2db3739
1895738568249676032,我才上班,5578.215,1753019651,c2db3739
1895738618405163264,哇小熊好棒,5453.439,1753021183,6474f847
1895738628454715648,满意满意,5683.919,1753021786,d3e0ea9e
1895738771581145344,在燃什么啊,5467.292,1753022738,56239c78
1895738808969171200,无偿上班,5557.94,1753033292,8be21198
1895738855467225344,满意满意啊,5669.129,1753027481,8a513c81
1895738904708354304,无偿上班,5550.733,1753055909,a05c4e50
1895738919296143616,厉害,5458.113,1753029509,d0eeaf61
1895739073386483968,外出上班,5662.292,1753071341,86ed341b
1895739233868943616,跟武昌过不去了哈哈哈哈哈哈,5559.595,1753072312,9f04a8dc
1895739271248580864,前面那个五厂上班太痛苦了。,5650.181,1753072906,9f25c571
1895739280375386368,我吃烧饼,5528.493,1753076329,c2cf2fbe
1895739287665086720,哈哈哈哈,5585.042,1753076389,c2cf2fbe
1895739297697861888,666,5456.592,1753076238,c2cf2fbe
1895835379563980800,围城士兵,5651.483,1753092388,182693f5
1895851890223828736,我吃烧饼,5601.387,1753094356,cc93cef3
1895867141996042240,法币好可爱哈哈哈哈,5442.503,1753096175,f81c7508
1895941503516821504,想看华波波,5502.962,1753105039,3c5a3395
1895954531570156032,玩游戏没人能赢得了杨迪吧,5516.139,1753106592,be52f108
1895962419218839040,好可爱啊小熊,5481.88,1753107533,83719079
1896048714238634240,文创商标,5603.24,1753117820,24b0ce4c
1896048828952522752,发币比我厉害,5489.092,1753117833,e871e898
1896387736265527552,好可爱小熊,5433.348,1753158234,f608a6a7
1896401899398836992,我创商标,5627.201,1753159923,8c816764
1896523232526567168,四姐笑死我了,5461.734,1753174387,272cb156
1896696361970702080,真的好喜欢法币啊啊,5497.907,1753195025,ec077e8b
1896969714811750144,哈哈哈哈哈哈哈哈特别满意,5683.167,1753227611,cef95630
1897110417386297344,你。,5404.486,1753244385,2bf6365a
1897182469959562240,农民办（农业民生办公室）,5439.96,1753252974,af7c4445
1897184104504922112,无此设备,5617.079,1753253169,af7c4445
1897351985011783168,他发音不但好，调也对,5725.673,1753273182,55d83f10
1897377089222017024,How much?,5715.06,1753276174,7566605b
1897422756426506496,我常上班,5558.897,1753281618,fc5c5aac
1897422918418934784,我出书吧,5568.62,1753281638,fc5c5aac
1897458025171003136,满意满意,5677.512,1753285823,b5323672
1897465090669115648,武昌社保,5582.953,1753286665,d844b0d7
1897769479799142144,法币：let's 骄傲,5481.513,1753322951,3c4a8341
1897938668409864704,哈哈哈哈哈哈,5572.82,1753343120,87627e63
1898060457676681728,这反应怎么那么像外国小孩中文对决哈哈哈哈哈哈,5462.655,1753357638,9cdf46e6
1898138011901385472,怎么没有伦儿,5665.598,1753366883,a0901713
1898178762122903296,我超帅吧！,5632.839,1753371741,a725bfc4
1898423743408421376,这Part这么精彩居然没在正片,5650.83,1753400945,28dcc9f6
1898625744000134400,到底在燃什么哈哈哈哈哈哈哈哈,5464.166,1753425026,a18ccce
1898626550623448832,我测试吧,5559.064,1753425122,a18ccce
1898652728138751488,一之濑刚才输了可能情绪不稳定,5549.571,1753428242,915050e3
1898689587413796352,拿面包,5423.287,1753432636,b0850c04
1899319571606164480,全德国总冠军,5480.43,1753507736,f21b3ea5
1899535640992131840,晚餐随便,5520.474,1753533494,3860f01a
1899602976826559232,会长忍不了了,5665.041,1753541521,89699852
1899607193679394816,很满意，但是不够看啊哈哈哈哈哈,5681.754,1753542023,bc31ead9
1899951105459742976,我查书包啊,5602.221,1753583021,ae954710
1899999679023416320,无偿上班,5655.703,1753588811,87413e4e
1900766299857394432,我出师表,5622.888,1753680200,33977ab
1901031541963149056,无偿上班太有才了,5661.33,1753711819,2c9403ee
1901464422439217664,乃木坂,5411.02,1753763422,80000882
1901466327198751744,五彩水笔,5622.899,1753763649,80000882
1901505084160859136,卧床上班,5635.369,1753768270,a9930091
1901667443429404672,赖赖笑死我了哈哈哈哈哈,5462.246,1753787624,c475edd4
1901688907461504000,绝,5594.196,1753790183,6bdd20d4
1902191443406318080,我才十八,5536.747,1753850090,23b7cf3c
1902282980836447232,想看所有代表玩哈哈哈哈,5692.99,1753861002,c78fc6cd
1902972836168174592,好喜欢发币啊啊啊啊可爱小熊,5497.535,1753943239,94613f3a
1903814713050594560,我吃烧饼,5527.927,1754043599,29c7c55b
1904240408750914304,我吃烧饼,5520.633,1754094346,4213efaf
1904400734091486464,哈哈哈哈哈哈哈哈哈哈哈,5444.369,1754113458,21f73640
1904733937142578688,……,5572.108,1754153179,1606bf27
1907275934575481856,那么棒,5475.248,1754456209,818eee32
1907503311805048832,哈哈哈哈哈哈,5433.297,1754483314,6816ab2b
1907504852112736768,好搞笑,5670.051,1754483498,6816ab2b
1907628097827065088,华波波好搞笑,5413.673,1754498190,ea7aa49a
1907629029776458752,这个游戏好玩！！以后经常,5503.358,1754498301,ea7aa49a
1909211300433862656,文创手办,5641.868,1754686922,2ad516b
1910183692849001728,每期都来这个游戏,5693.155,1754802840,738a73b
1911661393863138816,我才十八,5635.78,1754978996,67c7bc24
1911940037441274368,我常说不,5577.471,1755012213,319d79a8
1916862547517593344,无偿上班这个太狠了哈哈哈哈哈哈,5640.532,1755599022,b575b51f
1916886203115027456,不满意太短了！,5691.918,1755601842,41d23346
1919615919593383936,法币好厉害,5491.366,1755927249,3ae4c2e2
1919874236307270400,太搞笑了,5709.81,1755958043,c4469e21
1924973871791438336,五彩水笔，无偿上班,5634.207,1756565967,e498a6f4
1928489303462333440,武昌酥饼啊,5649.501,1756985039,27acc97c
1931182947986193664,前面说文创的好厉害,5633.131,1757306147,d9c08631
1932631454336961792,满意满意,5684.543,1757478822,f487febd
1936645971006506240,你忙吧,5443.395,1757957390,cc3af606
1938432632782593280,完成设备,5697.579,1758170376,a3545458
1945259887495943936,龙颜大悦,5676.325,1758984249,deea00f
1957526892588923392,他俩这么强的吗？直接加时赛了,5475.556,1760446590,ae02b522
1977901549582004224,关税哈哈哈哈哈哈,5436.202,1762875438,aedabb3d
1977901725834636800,小熊好棒！,5457.17,1762875459,aedabb3d
1988742475853880320,哈哈哈哈这个是Dylan在后面说的,5609.534,1764167777,c847ffba
2002100048816625408,外国小孩中文对决真的，太形象了，这俩都笑死,5467.471,1765760124,1bae6291
2015436799140933120,高级词汇,5450.301,1767349988,a9603673
2018415095944305664,无偿上班(,5616.425,1767705029,964a8dca
2035137440129502976,弄明白,5418.548,1769698488,ca126b
2035137714621479936,你明白,5451.275,1769698521,ca126b
2068517489595502592,那么棒,5472.838,1773677700,471d6181
2077821577877208320,朕很满意,5679.263,1774786834,585cded5
,,0.0,1775683732.8000336,
lb.c,,0.0,1775683732.8000336,
,,0.0,1775683732.8000336,
1895737858867040512,哈哈哈哈哈哈哈哈哈哈哈,6096.333,1752996585,a4557f7c
1895737880752918784,沆瀣一气这词还是能用得到的233,5937.428,1752997598,4944442d
1895737919046914304,哈哈哈哈哈哈哈哈哈哈哈哈哈哈哈哈哈哈哈哈哈哈哈哈哈哈哈,5870.631,1752996356,a4557f7c
1895737949136851200,德国人太好笑了,5863.154,1752999715,8b34e573
1895737969194012928,阿雷真的动漫影视资深中毒哈哈哈哈哈哈,5838.142,1752997069,5866b398
1895738141521187072,犄角旮旯很少用吗？上海话里经常用到啊,6049.474,1753008868,39499903
1895738273742426368,除了呶字都认识,6060.585,1753013759,20dffd1e
1895738364003848448,踽踽独行这种基础词大左一个主持人不认识不应该吧,6002.5,1753015847,e69ebdef
1895738431481811200,圭臬感觉也很常见,6014.236,1753015872,e69ebdef
1895738444249272576,好厉害 卢可！,5923.251,1753018736,1c68567a
1895738555482214656,我觉得奉为圭臬还挺常用的,6019.476,1753019682,79d441b5
1895738669466620160,新梗出现了,5963.161,1753023686,65fd9e50
1895738727817777408,哈哈哈哈还拆啊哈,5877.108,1753023916,5ec74794
1895738740585238784,还得是总冠军！,5923.556,1753029089,d6bfe3aa
1895738798936396032,这期好搞笑,5880.071,1753023927,5ec74794
1895738800765112576,魔法小樱,5811.727,1753025778,ef8f951e
1895738804405768448,Latino American也是American哈哈哈,6088.033,1753033291,5404f33
1895738847263166720,哇好久不见的歌，我现在还全知道且会写呢,5922.622,1753029406,302e2cd4
1895738994978164992,戴卢可好会串场,5918.405,1753033135,5404f33
1895739036921204992,口语里很常见 但书面很少写 才叫生僻字,6084.412,1753069602,221a9f5
1895739067917111552,犄角旮旯哪个地区都用啊,6076.904,1753036132,37b64554
1895739303167234304,超超可能只是重影看成垚了哈哈哈,6025.872,1753080031,3f6b3267
1895803686740271360,德国人神奇的笑点出现了,5860.314,1753088610,677e1eff
1895940938636112896,哈哈哈哈哈哈哈哈哈哈哈哈哈哈哈哈哈哈哈,5956.417,1753104972,4365b2b7
1896006384517540608,哈哈哈哈哈哈哈 太好笑了,5877.08,1753112774,e10bb37e
1896394704246373888,往里玹,5888.848,1753159065,45f0e9c9
1896525961894243328,还记得穆小龙的也特别长,5863.237,1753174712,9c5bc011
1896526792475403776,突然感觉和一个母语者说对方的母语好刺激。,5849.288,1753174811,272cb156
1896528996767018496,伦反应好可爱,6093.046,1753175074,272cb156
1896694142336784640,我为什么这么黑,5850.046,1753194761,16f0b446
1896746298607480576,哈哈哈哈哈哈小魔女dorimi我的童年,5817.55,1753200978,9cb4590f
1896782108769874944,哈哈哈哈阿雷好棒,5823.344,1753205247,5856c37c
1896837444775896832,沆瀣一气，绵绵瓜瓞什么的其实也蛮常用的，都是会读，不一定会写,5963.667,1753211844,9450640
1897302336104199424,原来阿雷也是个二次元啊，圈粉,5807.807,1753267263,729e3ab7
1897408696875986688,bgm是星矢。。。,5826.178,1753279942,7ea9d3d5
1897539050743992576,是真的 喜欢看番剧随便都有N3了 日语听懂会说不算难,5774.395,1753295482,6f99a845
1897540654679205376,碗里选,5906.056,1753295673,6f99a845
1897941885038393856,哈哈哈哈哈德国人,5869.457,1753343503,4227b274
1898063552024567040,善逸！,5827.305,1753358007,9cdf46e6
1898064079399573504,xs我的笑点是发币笑,5864.169,1753358070,9cdf46e6
1898097346118832640,生僻字那个歌词的选择标准太不统一了所以体感好不好也是一阵儿一阵儿的hhh,5931.174,1753362036,45af011b
1898114145447495424,紧跟时事哈哈哈哈,5827.651,1753364038,ba542c3c
1898161274299396864,考试会用到吧，或者语文老师,6051.412,1753369656,9a457285
1898467852772804608,哪里常见？你平时都会说这些吗？我只能读一些，意思知道的就更少了,6031.791,1753406203,a725bfc4
1898468393661528832,确实是American,6081.24,1753406268,a725bfc4
1898544657131158528,会长日常开始挖坑了,5973.106,1753415359,e68aeabe
1898792509870598400,魔法少女小圆，魔法少女奈叶，魔卡少女樱，憧憬成为魔法少女,5789.357,1753444906,c1c112d8
1898950122260736256,我的天啊,5932.388,1753463694,eeae67ec
1899611716883880704,哈哈哈哈杨迪这个变声,5986.176,1753542563,5ebece69
1899953432166147328,怎么难的都会，简单的反而错了超超,6015.364,1753583298,ae954710
1900078198046300160,哈哈哈少女雷,5809.075,1753598172,1091612d
1901032821930525952,哈哈哈哈哈哈哈哈哈,5810.507,1753711972,2c9403ee
1901035550375286784,格局,6102.475,1753712297,2c9403ee
1901038084020175104,笑死,6081.102,1753712599,2c9403ee
1902445816619673088,可爱的四姐,6110.63,1753880414,c085033b
1902473656388011520,哈哈哈哈哈哈哈哈哈哈,5884.153,1753883732,24d07282
1902507918574530560,鬼灭！！,5827.326,1753887817,ecae7fb8
1903092981570356992,哈哈哈哈哈哈哈哈哈,5817.734,1753957562,623dd44
1904588337600721664,中二哈哈哈,5768.847,1754135822,3e5e834
1904588540294738176,和红红火火恍恍惚惚哈哈哈哈哈哈哈哈,5787.755,1754135846,3e5e834
1904607506802715648,xswl,5877.161,1754138107,2f77163b
1904738394345604608,不考生僻字没意思呀,6059.583,1754153710,1606bf27
1905360955819970304,先笑了,5858.11,1754227925,95e70b5d
1906556910518333184,哈哈哈哈哈,5871.662,1754370494,58d57e1c
1907415837069982464,不会是飞天小女警z吧,5820.521,1754472886,43d8243f
1908251049396513536,哈哈哈哈哈,5828.769,1754572451,d8a8f583
1913315501447857152,奉为圭臬不是很常见吗，，,6018.38,1755176181,9b40c598
1916341011081184256,这里阿雷莫名的像唐大哥,5760.723,1755536850,299590f4
1916656189127610112,哪里常见了，只有几个是常见的,6036.563,1755574422,51f2909e
1922655339275858176,犄角旮旯也会，只是不太会写,5941.477,1756289577,99536495
1923491622692854784,歌里的都会比较熟啊,6044.668,1756389269,a82a2ebb
1924750576206771968,哈哈哈哈哈哈哈哈哈哈哈哈哈哈哈哈哈,5819.439,1756539348,90bb401c
1924751062737679616,吼吼吼吼吼吼吼吼吼吼吼吼吼吼吼,5873.51,1756539406,90bb401c
1929398244665353728,初中的时候我们也学这个表演过,5947.352,1757093394,bd775eca
1954296916465043200,戴卢可的承上启下可太中国了哈哈哈哈,5910.649,1760061546,99c7f039
1957531727765723136,哈哈哈哈，陈超其他生僻的都知道奉为圭臬这么日常的居然不会,6007.196,1760447166,ae02b522
1963056219074066944,我的天啊，怎么会有这些这么多语言超能力者,5857.992,1761105737,54f7b9d0
1967686962006220544,笑死，反正我认不全哈哈哈,5978.628,1761657764,eb09f285
1977904572307833856,魔法少女哈哈哈哈哈,5795.978,1762875798,aedabb3d
1977905919635666176,哈哈哈哈哈哈哈哈哈,5956.683,1762875959,aedabb3d
1994610009833088768,超超好厉害,6041.25,1764867242,51701351
2010424270157225984,奉为圭臬这个，我感觉应该都知道啊，看古装剧什么的,6007.049,1766752448,a0b99804
2016016522979979008,超超怎么不认识圭臬，这是固定组合啊，垚涅是啥意思,6007.162,1767419097,ae954710
2026860148143955200,穆小龙？？？,5856.924,1768711758,c0ad9fc7
2036277408915183872,我只会醍醐灌顶和犄角旮旯,5991.627,1769834383,f9735bbb
2038025793061976064,德国人莫名其妙的笑点笑死我了,5864.035,1770042806,b8b5200d
2057973005103436544,高中语文考了你还能记得？反正我是感觉上大一就修为散尽了,6045.684,1772420699,dc69dd68
2058963017848770048,我可能知道他咋学的语言了,5843.198,1772538718,60c31dff
,,0.0,1775683732.8000336,
lb.c,,0.0,1775683732.8000336,
,,0.0,1775683732.8000336,
1895737596345553152,哈哈哈哈哈哈哈,6195.466,1752991046,a1639211
1895737605254254848,笑到捶床,6248.056,1752991132,a1639211
1895737756257587456,哈哈哈哈哈哈哈哈,6247.548,1752993724,46e1d41a
1895737873454829824,这表情包加的哈哈哈哈哈,6247.145,1752995808,591a47e1
1895737955520581888,哈哈哈哈晚上睡觉起来扇自己一巴掌。,6242.077,1752996766,a4557f7c
1895738234534072576,美国的刻板印象又增加了哈哈哈哈哈哈,6262.432,1753014661,d93d12d4
1895738291970871552,地大物博吗哈哈哈,6424.625,1753014057,450eca7a
1895738441514586368,美式英语跟英式的相比是真挺村儿的,6304.472,1753017646,6ed7a38b
1895738527220994304,这句话感觉很深刻,6342.095,1753018411,9cfc41f8
1895738529955680512,好惨,6240.329,1753015944,e967e3fc
1895738545457828096,洋脸在身我心依旧是中国心,6343.404,1753019165,b3e76332
1895738814438543616,伦儿好漂亮,6121.658,1753026098,ef8f951e
1895738827214393600,还好我们中文故意说别的口音腔调不会被说,6221.909,1753034289,9ef562ec
1895738931149246720,哈哈哈哈哈，绝,6261.929,1753027770,105f8ab8
1895738994063806720,以前好像聊过,6323.611,1753065947,c76f245a
1895739099835764992,感觉四姐马上就要入党了,6358.412,1753041164,f2cbd317
1895739164570652928,北京啊，都鼓楼钟楼和胡同了,6466.915,1753074268,cce57685
1895739223836168448,哈哈哈哈,6185.472,1753075358,b465a5f8
1895876772915284736,好红,6342.445,1753097323,f81c7508
1895891145075744000,完啦！漂亮国居然是我自己,6332.931,1753099036,720bb977
1895911263230715648,这一期可太好看了哈哈哈哈哈哈哈,6293.681,1753101434,cc998cf0
1895977013316171008,真的 我现在在英国 班上有美国同学老师都问为什么来英国哈哈哈因为感觉美国人很少来,6233.393,1753109272,7021661
1895996712578404608,哈哈哈哈,6191.243,1753111621,42cad9e5
1896011026604849152,哈哈哈哈哈哈哈哈哈哈,6248.296,1753113327,692c8ed6
1896053738805025792,笑死我了,6338.26,1753118419,35861f7e
1896348810541099264,盆栽伐木工,6185.449,1753153594,b7453a45
1896660913071964928,入党！马上入党！,6335.06,1753190799,280fcb51
1896752974823802112,萨沙真的长大了哈哈哈哈哈还劝架了,6286.28,1753201774,9cb4590f
1897031264495085056,英魂不散,6129.09,1753234949,88971e98
1897172399880213760,缘分,6350.275,1753251773,fe4eee91
1897191079833737984,伦儿好好看,6141.739,1753254000,edbe14cb
1897329347598687232,四年英伦行 一生英国情,6138.756,1753270483,cdc452f4
1897379646639815168,英美日常共轭嫌弃,6150.158,1753276479,d403eb94
1897470722797396480,就像有些人说着说着说英文感觉自己很能似的,6155.088,1753287336,9c3b5844
1897881482706794240,反复播放，笑发财了这段,6120.382,1753336303,a5babba0
1897980178177896192,哈哈哈哈哈哈哈哈,6134.889,1753348068,290bcf14
1897990451865073152,主要是大部分的美国人会对英音有滤镜,6302.454,1753349293,c5e94360
1898037108598766848,我觉得英音比美音好太多了，主要是美式英语有种不好好说话的感觉,6151.32,1753354855,e3a9f12d
1898068025727885056,也没有r音好像,6268.82,1753358540,9cdf46e6
1898469431701780736,四姐吐槽笑死我了,6195.492,1753406392,a725bfc4
1898638472119025920,B+可以了，我的二外只有及格，但我还是往简历上写我会,6389.578,1753426543,a18ccce
1899515964723618304,很多去台湾上大学的人也会有台湾腔,6237.288,1753531148,3820b86
1899583646470362112,哈哈哈哈哈哈哈哈,6195.813,1753539216,fbcf58ae
1899589769240256768,政审吗,6331.689,1753539946,80311199
1899903850559699712,英音好听啊,6271.685,1753577388,3e3ca627
1900743884129465600,东北腔,6156.205,1753677528,fc5824e9
1900962778974280704,“再给我上颚共鸣试试看呢”,6139.283,1753703622,7c263e9f
1901039338478048256,缘分,6410.357,1753712748,2c9403ee
1901092486005857536,这一趴杨迪和大左配合好默契好好玩,6240.882,1753719084,bba3e7b3
1901111475482086656,东北菜好吃不辣,6470.381,1753721348,18259142
1903696970439590656,我以为这个词是 可以,6419.591,1754029563,b7a9b2eb
1903909804733164032,哈哈哈哈哈哈哈哈哈这么严重吗,6142.532,1754054935,c51a6472
1903912608323439360,这个讲过，老师说他没天赋他吃激将法非要学哈哈哈哈,6350.203,1754055269,c51a6472
1904470534801020416,温文尔雅温润如玉钟逸伦,6222.688,1754121779,cc2734ec
1904581796449178880,没事萨沙会倒着说,6144.19,1754135042,5bd65cde
1904592053267419392,伦儿比较像英国的,6176.889,1754136265,3e5e834
1904592758221061888,哈哈哈哈哈哈哈哈哈,6240.501,1754136349,3e5e834
1904741835662920192,中国其它不说，论美食绝对世界第一,6444.448,1754154121,1606bf27
1907997071420911104,很明显是要伐木哈哈哈哈哈,6187.912,1754542175,e06c8437
1910189102486362880,大漂亮,6338.048,1754803485,738a73b
1910189214340135424,漂亮过,6351.282,1754803499,738a73b
1914652145542984448,这期好好看,6310.42,1755335521,39959bed
1916890106191840512,来了来了 入坑点,6131.6,1755602307,41d23346
1938459317036858368,4,6137.704,1758173558,7ce065f9
1942844325235513600,我真该死啊哈哈,6254.36,1758696291,1448c64
1967689487748992512,口音会混也正常，在外地待久了回家就会被说口音变了,6211.908,1761658065,eb09f285
1971860351436493056,真好,6405.79,1762155271,83beff44
1975472819102343680,我喜欢这期的所有！！,6331.166,1762585911,75855fc6
1988749246333072384,可怜的伦儿,6254.717,1764168584,c847ffba
1988750225619440640,支持Dylan，英音好听,6272.114,1764168701,c847ffba
2011318177330127616,好家伙哈哈哈,6456.191,1766859010,1bdc989c
2024979683494084864,这话题能客观的聊吗,6321.496,1768487589,4756a90
2069095069641645568,有没有可能美国人不说纯正的英语才是违背了自己的故乡,6150.449,1773746553,6b2b33d2
,,0.0,1775683732.8000336,
lb.c,,0.0,1775683732.8000336,
,,0.0,1775683732.8000336,
1895737660753285376,这一期真的很好看,6541.435,1752992583,a8f5ef7c
1895737685818446080,享受2025，好戳人的表达,6794.065,1752992554,dd38837b
1895737804802461952,哇哦，好想听一听,6713.441,1752995454,98f16374
1895737829255254272,老王算最有发言权了，毕竟经历过生死后来的,6760.292,1752998269,4944442d
1895737865259159808,但是这种速度也会有很多后遗症,6628.733,1753000515,8b34e573
1895737968288043264,那还是不一样的，中国贫富差距大，但基础建设都很好，欧美可不是,6678.52,1753002110,5e592343
1895738173439840512,应该是说医疗不便利，拖着拖着很多病人就错过最佳治疗时间,6709.748,1753010160,20af4969
1895738642102980864,哇，好会说,6794.595,1753022472,755ab053
1895738734201508096,和平,6749.651,1753027321,d89d8cbd
1895738795295740160,兼容并包,6823.86,1753032301,177de300
1895738872798089472,对自己深爱的国家有反思是很好的一件事,6721.795,1753038055,187c324
1895738902879637760,喜欢这样的真诚分享,6543.19,1753037588,187c324
1895738912006443264,希望都能变得更好,6721.795,1753038063,187c324
1895738932063604992,哈哈哈哈哈在一个伊朗人的房间里两个美国人吵起来了怎么这么好笑,6711.525,1753063546,f032f0af
1895739024153743616,其实这种对速度的适应能力也是一种温水煮青蛙。,6620.268,1753037869,187c324
1895739090717348096,不知苦所以不能言苦。,6622.315,1753037904,187c324
1895739095272362240,来郑州吧，郑州地铁是真的很有人文关怀,6736.904,1753040485,7a1afabc
1895739168219697408,五千年,6837.086,1753066340,e94d0ef6
1895739195574948096,都一样啊，大部分资源掌握在少数人手里，底层挣扎求生,6685.378,1753069042,3e15afd5
1895739298603831552,贫富差距...真的很难缩小,6671.593,1753077459,f04b19be
1895739300432548096,战乱国家的人要考虑的是生存，和平的国家才配谈生活,6772.315,1753073897,f8b0e6b0
1895739333257171200,唉...,6667.752,1753077438,f04b19be
1895916809107255552,来成都坐地铁吧,6741.512,1753102095,cc998cf0
1895922409224457984,幸存者偏差罢了。跟不上的会被毫不留情抛弃消失,6635.987,1753102763,9cc53f64
1895927999803579392,看了饼叔和老王的视频，很感慨,6763.186,1753103429,2f51f428
1895937469820941824,喜欢陈老师每次认真的聆听大家的发言,6547.615,1753104558,7d881d54
1895945543797188096,哈哈哈哈哈哈哈哈哈哈哈哈哈哈哈哈哈哈哈,6503.187,1753105521,4365b2b7
1895971705936303104,中国自己外宣也是重点在传统文化，对内也强化传统文化在中国文化中的代表性，青年文化一定程度上缺失，也有舆论环境的因素，外国人误解也很正常,6589.994,1753108640,108016b
1896042506861772032,这个我居然有点不信,6824.197,1753117080,698bab0d
1896055550030980352,中国也一样只是程度问题罢了,6658.388,1753118635,35861f7e
1896115798288929536,只缘生在此山中我没觉得变化很快但是回头看好像也变了蛮多,6649.705,1753125817,cc2734ec
1896346407598641152,说一样的去认真了解一下中美差异吧，本质是不同的，中国在努力缩小贫富，美国不是,6687.136,1753153307,996c2fe2
1896389793135554816,哎也不是每个中国人都过得很幸福，我就很累,6804.345,1753158479,671e7525
1896445143561997056,每个国家都需要伦这样的理性主义,6735.808,1753165078,2babe5d1
1896692445161556736,未知全貌 不予置评,6500.385,1753194558,d10e6859
1896713597632456448,前面那个为什么不信啊？就用大类来说，南北方的很多人了呀，更别说这么多省，每个省，每个城市，甚至每个村的文化都不一样。,6830.016,1753197080,c93b4313
1896713718285980672,很多元了,6834.261,1753197094,c93b4313
1896732865308570624,AUV,6591.584,1753199377,54d3f224
1896762050744070656,哈哈哈哈哈哈哈在一个伊朗人的房间里,6709.359,1753202856,9cb4590f
1897033430391823872,每个人都累换个地方你会连觉得累的功夫都没有还要担心能不能活到明天,6812.842,1753235207,d539e6d1
1897036751005286656,投共一念起，顿觉天地宽,6735.699,1753235603,c50570d0
1897124829325385984,国外一些媒体的刻意描绘,6600.162,1753246103,42da3e49
1897224976302927360,这俩私下可一定要还是好朋友啊,6713.528,1753258041,e6299164
1897398342565690112,真的，我们被保护得很好了^ω^,6774.265,1753278708,ca23a4
1897434692518111488,苏丹的游戏你是不是原型哈哈哈哈,6776.575,1753283041,b7b7e82b
1897549057816156160,鼓楼钟楼是西安,6483.967,1753296675,6f99a845
1897599146278760704,中国内部当然也有问题，但和国外的程度还是不一样的，多去了解一点再发言吧,6682.239,1753302646,68f3b35d
1897599835788886016,一个江苏各个市县方言文化都不一样,6838.453,1753302728,a12485dc
1898072217221687552,想起luigi,6699.647,1753359040,9cdf46e6
1898085967332604160,这后面的话题多来几期，说不完啊,6609.427,1753360679,d849b843
1898126853265714176,没办法拒绝变化/dog,6625.936,1753365553,ba542c3c
1898641050416426752,人民的愿望都相似。。,6675.15,1753426850,a18ccce
1898785992081696768,英国：勿cue，谢谢,6689.673,1753444129,cc3adea9
1899394054693909504,不接受也很好办，慢慢被淘汰咯,6624.492,1753516615,3873c0bd
1899524978576745984,可能是荒诞吧，比较合适,6523.504,1753532223,7cf865be
1899569833494887168,梦幻不好吗？,6573.202,1753537570,3860f01a
1899644931426164480,中国也不能避免,6661.822,1753546522,d5bc7b78
1899645448348985344,当然我们现在正在努力让中国不一样而且也有了成效,6689.47,1753546584,d5bc7b78
1900034195536137984,Dylan是一个真诚的好人 支持,6720.402,1753592926,2c9403ee
1900231076526713344,美国很多人相当爱国的，其实恰恰是我们。。。。。。,6649.902,1753616396,395ce43e
1900245252292511232,这里的荒谬应该是指外国宣传的中国和实际的中国不一样的意思吧,6582.739,1753618086,fc0b135a
1901033036209402880,“神奇”,6522.2,1753711997,1b6940fa
1901478076861790976,中国禁枪是最明智的选择，而且摄像头多也是为了保护好人，监视坏人,6802.453,1753765050,80000882
1901700931155311616,变差,6642.612,1753791616,105f52db
1901734966363358208,他是个理想主义者，社会需要理想主义者的存在,6719.916,1753795674,71f360aa
1901862417940697600,感谢国家，每有一个新技术出现都是先向全民普及的,6630.792,1753810867,4a4e6679
1902365496134297344,我们不要身在福中不知福了,6793.653,1753870839,92f8c01f
1903699234281745920,很多国家都这样,6658.438,1754029833,b7a9b2eb
1903827465546625536,每次波波玩这种政治梗我都好想笑,6715.322,1754045119,29c7c55b
1904592752574914304,中国不一样,6686.195,1754136348,357dee8e
1904596883444749312,。。。。。。。。。,6636.436,1754136841,3e5e834
1904597355127841024,哪里不都这样,6661.546,1754136897,3e5e834
1904599138847969024,没有说过的多幸福 要求就是没有战争就很幸福了,6809.822,1754137110,3e5e834
1904743391271399168,中国可使用短短30年走完了西方国家的很多路,6615.568,1754154306,1606bf27
1904746212788497664,确实多元化，不同地区不同民族,6820.44,1754154642,1606bf27
1905466819909765888,要哭了 老王,6796.692,1754240545,a48719d1
1905516364379104512,中国和美国还是很不一样的，美国可以说整个政府和社会就是一个企业,6688.725,1754246452,c0863c00
1905590443236882944,华波波接的好哈哈哈哈,6728.909,1754255282,55f41f2d
1905708190906021888,是的，明明有新兴的社群文化，小说影视在海外也有不少受众，但只拿传统文化宣传,6558.317,1754269319,92638f93
1905733248072848128,伦好可爱啊,6721.098,1754272306,f5b9996
1905886098668937984,伦儿很有国家情怀,6698.429,1754290527,7becfa2e
1905887294179910912,阿雷文艺人,6824.672,1754290670,7becfa2e
1906070010057587456,基建狂魔可不是贬义(而是汗颜),6743.759,1754312451,c8137052
1906621653182534144,国内也一样，只是国家投入民生的更多,6672.825,1754378212,da947e05
1909689848987148544,他想表达国家或者政府没有投入更多到基础设施建设或者卫生安全上面,6674.879,1754743970,d7fb52ee
1911377903472814592,真好,6720.915,1754945201,984e8387
1911378403299548928,伦的发言太棒了,6767.166,1754945261,984e8387
1913571332298825216,不予置评  但我家过得很好,6816.41,1755206679,a406af70
1915971349722081024,但是在武汉记得出门的时候手不要插在兜里,6731.172,1755492783,aa8cb2c6
1918412477759778560,对老王来说这里很有烟火气,6809.441,1755783788,dcc7e0e1
1921056285831728384,不接受就会被淘汰,6630.638,1756098955,954b058c
1921056623968288000,中国也差不多,6657.996,1756098995,954b058c
1929404679826503424,我们也是啊 程度没那么离谱就是了,6668.628,1757094161,bd775eca
1945264582373671936,每次听这个方面都想哭,6771.747,1758984808,e84d2ff
1967694729680788480,卢可的共情能力很强,6785.668,1761658690,eb09f285
1967694847532478464,老王好真诚,6789.668,1761658704,eb09f285
1975476124088230656,好棒老王,6795.251,1762586305,75855fc6
1977911950214243328,其实中国也是,6675.488,1762876678,aedabb3d
1986558931577298944,确实，只有一部分人在享受当代,6804.09,1763907478,2a9d92f9
1988754506963415040,Dylan反应好快,6661.622,1764169211,c847ffba
2011320470867702016,世界因你而美好 ,6720.212,1766859284,1bdc989c
2016952177930965504,广州都一直在开新的地铁线路！,6708.314,1767530636,8947ce87
2022025891484004352,什么叫老是说这个？经历过的最深感悟说不是很正常吗？,6786.513,1768135469,6d4f31dd
2027056310750973952,这是一个制度问题 美国的资本主义体制下永远不可能达到钟逸伦想要的这些平等和普惠,6727.425,1768735142,aef87158
2027056891695612928,老王一说话卢可就哭,6782.978,1768735211,aef87158
2029865597738983936,外宣确实做得不好,6562.312,1769070035,361d239
2056133097778429440,荒诞是离谱且可笑，也不好,6531.028,1772201365,fa9ad547
2066239338295500544,中国没美国那么夸张,6675.024,1773406123,a16be46f
2085131327899985664,荒诞,6523.597,1775658224,91e1ddec
,,0.0,1775683732.8000336,
lb.c,,0.0,1775683732.8000336,
,,0.0,1775683732.8000336,
1895737518549602560,中俄那说不清道不明的羁绊呐,6875.785,1752989565,9e8cd452
1895737942753120512,虽然但是这些基建应该都不是白给，还是要考虑利益的。,7087.97,1753004822,545954c8
1895737954606223616,萨沙已经不是老外啦，他是老内,6917.492,1753001311,e4ff31ac
1895737962810282240,给陈老师投币,7148.543,1753000815,e868d6e6
1895738337562956032,萨沙的面相都很中国了,6921.078,1753014984,73e9b877
1895738415065305344,非正不就是这样吗hhh正经起来很正经,6951.491,1753017172,638576ba
1895738442420556032,这已经是精中了自豪了,6856.334,1753017521,47376c28
1895738515367891200,现在的节目越做越大，主题也越来越大了,7111.306,1753019293,193ffd61
1895738546372186368,萨沙越来越老干部了,6860.051,1753019535,1c68567a
1895738560079171840,完全变成中国人了呀萨沙,6854.884,1753019690,b3e76332
1895738708666585344,但中国的利益都是双赢的，大多是经济上的，不能说有利益就是不好的,7102.081,1753028422,a7349199
1895738749695267072,基础在民间，未来在青年,6909.082,1753029610,b77da815
1895738798022037760,东北人来了,6857.033,1753029957,d0eeaf61
1895738808063201536,唐朝那会真挺多的，服饰饮食娱乐活动都交流的特别深，互相影响很大的,7030.588,1753023996,11c5072
1895738836324421888,偶尔有一些宏大深入的话题也挺好的呀,7125.054,1753034905,9ef562ec
1895738864585642240,灵笼,7118.112,1753027731,7bf03337
1895738874618417408,肯定是有利益的，但是我们追求共赢，而不是强取豪夺,7091.369,1753030554,516113ea
1895738916561457408,宏大叙事会让人感动，但也会让人迷失的，感觉没必要一直升华,6997.048,1753038389,187c324
1895738967622914304,这一年真的是舆论反转,6903.166,1753030294,516113ea
1895738974912614656,近代中国的版图就是清朝定下来的，相当部分依赖于乾隆的十全武功，感兴趣可以搜一搜乾隆朝名将,6979.544,1753040743,7a1afabc
1895739005916909824,没有宏大的背景下个人还会存在吗？,7125.643,1753036925,c7bc6e63
1895739146333819136,咋样了。。。挺好的啊人家,6949.86,1753073352,892b4073
1895854446332840192,相信老王说的是话是发自内心的，毕竟亲身经历过战火,7170.238,1753094661,3a31dcb7
1895859660172023808,据说他的老爸是中俄混血？,6880.681,1753095283,1df8460d
1895878303215493376,迷失是因为你自己内核不稳，如果你连听到一点赞美的话都觉得心虚、不适，那是因为你配得感太低了,7007.214,1753097505,68ab50d8
1895886991573313536,萨沙已经入党了，自豪感都有了哈哈哈哈哈哈哈哈哈哈,6853.737,1753098541,ac1ed4e7
1895914456186862592,确实，有过大唐的鼎盛，也有侵华的耻辱，太复杂了这几千年和近两百年,7072.87,1753101815,4f7b0147
1895939496005433088,我发现很多人很抗拒对个人的赞美哈，宏大就是由个人构成的,7124.197,1753104800,d0a706e0
1895962862170590464,是的,7064.0,1753107585,3c890e32
1896057229271011584,从先秦开始的华夏认同,6997.054,1753118835,35861f7e
1896057475954741760,让我想到了威斯特伐利亚和约,7027.006,1753118864,35861f7e
1896138358434982144,一点都不过，中国就是很好。,7190.899,1753128506,7388c77a
1896282581490515456,导播直接不敢切其他人的画面了 大左也管管 心里知道就行了,7189.779,1753145699,c585eb07
1896371636178174208,为什么过了 前面的是配得感太低了吗 陈述事实而已 为什么会觉得过呢,7195.88,1753156315,c0abd974
1896444073528258560,才注意到这个地图中国好大,6967.583,1753164950,a7969c95
1896444504300081408,超棒啊这期话题 很有意义和深度,7003.209,1753165002,a7969c95
1896487634579302400,这个地图也让我印象很深刻,6965.677,1753170143,9ec95bfa
1896489246634756864,说得好,7151.185,1753170335,9ec95bfa
1896515622197177856,他是真的入党了吧，发言太官方，哈哈哈,6917.303,1753173479,8a80d98c
1896527134873361920,萨沙太中国了,6883.176,1753174852,6a042d86
1896527607890110720,真的很震惊,6985.76,1753174908,6a042d86
1896528590154207232,不愧是在世界中心呼唤爱,7171.882,1753175025,6a042d86
1896549573058051072,求同存异,7081.105,1753177527,b99d4a1f
1896678634124171776,说的太好了,7089.925,1753192912,ef5b873
1896689226226035968,为什么要说过了，如果作为国人的我们都不够有自信，都不够乐观自豪的话，这个世界上还有谁愿意更相信我们可以做到这些呢？,7191.378,1753194175,4de79949
1896700212652189440,中国最牛逼的一点，就是同化,6948.592,1753195484,c3929b2
1896846755031494400,天下大同，世界人民大团结，万岁！,6951.603,1753212954,9450640
1897038302151448064,让我想到了高佑思…哈哈,6842.739,1753235788,88971e98
1897132711857199616,因为我们原本就是一个多民族的国家，每个民族存在各自的文化差异，每种文化相互包容,6938.97,1753247042,42da3e49
1897313694656990464,北京欢迎你，为你开天辟地（开放怀抱）你会爱上这里,6908.793,1753268617,729e3ab7
1897402914356966144,love ,7173.813,1753279253,ca23a4
1897552673700808704,执着 信任,6868.324,1753297106,6f99a845
1897601588529782528,现在人真是戾气重了，以前从来不会有人莫名其妙的打问,6997.266,1753302937,a12485dc
1897859954988690432,家国情怀大部分人有，有一部分人确实因为从小的狭隘，自然也看不惯这些,7191.085,1753333736,e0632c99
1897866933580394240,非正这一季带着任务了,7011.467,1753334568,8562c6e6
1897897775447236608,那外国人和自己国家对比就是觉得中国更好啊，看见中国更好的一面讲出来啊，代表们都说的那么真挚真诚,7021.288,1753338245,2aa70d44
1898088222609748480,可以倒着说中文,6878.916,1753360948,8f9aba91
1898092720329620224,带啥任务真好笑,7021.416,1753361484,d849b843
1898132201112459520,宏大背景就是我们每一个中国人的骨血，为啥不能谈,7130.926,1753366191,ba542c3c
1898580836409316096,守正创新 不忘初心,6939.247,1753419672,6126b659
1898666323538942976,用今人的生命还古人的债，这个真是精辟,7155.601,1753429863,915050e3
1898788297942440448,他不是混血儿，是老爸在他很小的时候就“巨星标配”了，但是很小就开始接触中国文化,6894.038,1753444403,cc3adea9
1898791671513404160,宏大和个人不是对立的，而是互相成就，这就是精致利己主义为什么要摒弃,7136.041,1753444806,cc3adea9
1898822681655529728,这太好了！,6843.84,1753448502,636af638
1898910387244854272,莎莎接近中国人了，完全中国化了,6921.603,1753458958,e3470321
1898911684559693568,陈老师真的满腹经纶啊,7076.15,1753459112,e3470321
1898957673719325184,有些弹幕是觉得说坏的才是真吗？坏的好的都是,6994.673,1753464595,6b40ebca
1899330667008161024,已经是东北人的模样了,6896.769,1753509059,8ed82815
1899443844664460800,中俄CP,6903.562,1753522551,e4d84d7d
1899524549423779584,太深了！,7053.949,1753532172,3820b86
1899609802536100352,萨沙太像中国人了,6868.96,1753542334,64c6b79c
1899623826770786560,一点都不过好吗，现在的时代背景下世界是否能和平确实要看中国,7192.147,1753544006,bc31ead9
1899647684927755520,前面的想说啥啊，陈超咋样了？不要引战可以吗,6952.723,1753546850,d5bc7b78
1900087323199353344,哪里过了？自己去了解一下我们在国际事务上做出的贡献，不要这么自卑,7189.371,1753599259,422009b7
1900214028308531712,古代也有疆域图吧 也是有地理分界线的,7038.06,1753614364,b927edf8
1900303293918964224,老王又动感情了,7179.652,1753625005,68efaa5c
1900974547218661632,中国真的格局太大了,7161.167,1753705025,62699b20
1901012750474195456,萨沙就是中国小伙啦 ,6871.084,1753709579,9265523d
1901040459380750080,天下大同！！！世界和平！！！,7183.616,1753712882,1b6940fa
1901066877699254528,近代史 是一个伤痛,7072.148,1753716031,539dfda8
1901118523019670016,互利互惠嘛，有何不可,7108.686,1753722188,18259142
1901639283426035968,我的弹幕呢,7003.772,1753784267,4d2041c5
1902755038712239872,萨沙说的已经得到了国人大会演讲的精华,7009.141,1753917276,3f3063c2
1903662376340233216,陈老师讲得太好了 ,7199.012,1754025439,2e93938c
1903701780291417856,夸得我都绷不住了,6921.694,1754030136,b7a9b2eb
1903776104272515072,中国自古并没有国境线的概念都是以势力范围划定大概的区域，真正接触到把国境化为一条线的应该是清朝的尼布楚条约,7040.655,1754038996,b9df69aa
1903804183300627712,中国是文明型国家,7009.325,1754042344,1ddd0afb
1904413756096572672,会长眼眶红了,7182.497,1754115010,21f73640
1904600175142915328,萨沙这段话 好,6931.724,1754137233,3e5e834
1904602111367773184,哈哈哈,7116.424,1754137464,3e5e834
1905340308922234368,speed不是来了吗？,6912.659,1754225464,2eb47862
1905890199146212096,天下大同！,7147.37,1754291016,7becfa2e
1906120801997426176,倒着说中文笑鼠我了,6883.518,1754318506,712b33d4
1906866720434670336,他爸爸混血,6884.042,1754407427,4ad5b7c7
1907440916215114752,必须得是陈铭,7057.295,1754475876,9adcf5e9
1907441055340190464,没有陈铭可咋整！！！,7062.323,1754475893,9adcf5e9
1907927474462215424,萨沙爸爸好像是中国人,6888.991,1754533878,edceba01
1908264231959804928,不然呢 你想听到什么？,6956.994,1754574023,d8a8f583
1909738694962297344,因为我们的认同不是建立在血缘，种族之上的，是文明,6947.309,1754749793,e06a0bba
1910516879710106368,天下大同,7156.667,1754842559,4cd26c1a
1911108155258463488,愿祖国永远繁荣昌盛，愿人民安居乐业，希望真的能有老吾老以及人之老，幼吾幼以及人之幼的天下大同,7199.845,1754913045,34be5d10
1911383357871574272,说得太好了,7156.072,1754945852,984e8387
1912644363784642048,这个bgm有点宏伟啊哈哈哈哈,6896.867,1755096175,aca1d8af
1912646653195192576,说得太好了！！！,7161.315,1755096448,aca1d8af
1913030470246605824,只有经历过才知道的,7176.765,1755142203,cdc7bc83
1913350480247959552,李白是吉尔吉斯斯坦那边的人,7021.62,1755180351,3302ae89
1914864527842332928,国破家亡，固定搭配，望周知。也不妨看看今天的加沙人民，里面也不乏战争前家境优渥的。,7145.64,1755360839,dfe2ddbf
1916898949210434048,萨沙太老干部。。。,6868.229,1755603361,41d23346
1916900671467390976,读人类简史就知道 国家是人类构造的概念罢了,7052.699,1755603567,41d23346
1921250021379576576,说硬夸的历史及格了吗,7002.11,1756122050,bc587f4c
1923930412557231360,但是听说意大利街上小偷特别多,6841.225,1756441577,99536495
1924986993839221504,陈铭老师口才好，说话才快，没有语言屏障,7130.674,1756567531,e498a6f4
1926357441114275328,投币了,7154.131,1756730901,9eb4a117
1939601543464800000,说的好好,6936.456,1758309722,19031c9a
1971050491086146048,感觉萨沙真的是完全融入中国了,6891.029,1762058728,9574db04
1977023081524779264,都是地球上的人类，没有哪个国家比其他高级,7161.416,1762770716,da85f3fd
1977913530325766400,萨沙已经入党了吗哈哈哈哈哈,6863.869,1762876866,aedabb3d
1985165235720048640,太纯了还是,6863.268,1763741337,55203a50
1992880039746138112,东北代表这一块,6856.653,1764661013,b087944c
2011869610512769024,看哭了,7140.057,1766924746,cc26b091
2011870073975098624,说的太好了,7150.2,1766924802,cc26b091
2026026976464848128,这一期太棒了,7064.553,1768612436,1ca31636
2027856872027209728,非常漂亮的总结,7094.328,1768830577,8f58d927
2035149943106573568,他真的说得好标准,6879.309,1769699978,ca126b
2036292303651953664,我突然意识到中国的中立也是一种和平,7197.221,1769836158,f9735bbb
2082391271548932096,包容  但是有一条你只可意会不可言传的高压红线    触碰即死亡,6946.344,1775331584,6d6f1ac6
2082391448967843072,包容  但是有一条你只可意会不可言传的高压红线  触碰即死无葬身之地,6950.611,1775331605,6d6f1ac6
,,0.0,1775683732.8000336,
lb.c,,0.0,1775683732.8000336,
,,0.0,1775683732.8000336,
1895737650661789952,下周见,7295.403,1752992285,a1639211
1895738054900420864,陈老师说的真好,7214.561,1753006171,255b01e
1895738988594434304,那挺羡慕那个厅结婚的新人了~,7250.967,1753048041,23ddeab7
1895990467888831488,哈哈哈哈哈哈,7243.15,1753110876,99272c49
1896502871931897088,精彩的节目,7207.788,1753171959,bda137c9
1896528826075226624,好看,7223.428,1753175053,6a042d86
1897388807511572224,很客观啊，这就是事实,7202.296,1753277571,d403eb94
1897967201404250624,好看好看,7214.407,1753346521,bdfa401c
1898090557780690176,哈哈哈哈哈哈哈,7364.777,1753361226,9cdf46e6
1898096271319938304,伦儿记词能力这么强啊,7425.896,1753361907,d849b843
1898122321471151616,战歌起泪目了,7222.706,1753365013,66a85677
1903097630284788992,真棒！,7232.354,1753958116,1e5860b0
1910196463095640064,可真正的世界还是弱肉强食,7214.027,1754804363,738a73b
1962554409448054016,旷野的规则是永不回头,7256.422,1761045916,9caedba
1977916378484578816,精彩！,7203.354,1762877206,aedabb3d
,,0.0,1775683732.8000336,
lb.c,,0.0,1775683732.8000336,
,,0.0,1775683732.8000336,
1895737229310398720,一日代表好漂亮！像玛丽莲梦露,36.018,1752985309,59dfb4d2
1895737236021285120,来了！,197.636,1752984891,781e03c0
1895737280388632832,来哔哩哔哩只为了非正,23.323,1752985268,882cd619
1895737340836942080,竟然没有弹幕,102.734,1752986130,7c88818c
1895737356095820032,太美了啊啊啊啊啊啊啊啊啊啊啊,129.037,1752986855,63882395
1895737381790126336,哈哈哈哈我也喜欢测试,330.419,1752986736,4f7b0147
1895737392368161024,再看一遍加长版,74.113,1752987164,6261fc3d
1895737440627822848,就等加长版了,15.67,1752988220,a8fd71fe
1895737488023458048,沉默是最好的回答,188.466,1752989859,5cde034e
1895737757213888768,濑濑晒伤妆？,296.894,1752994571,13ee2db9
1895737813862158592,天呐，杨迪好好，还帮会长解释一下,262.251,1752995588,ef576978
1895737852827242753,濑濑可爱,315.191,1752995616,1091612d
1895737914483511552,我怎么第一反应就知道他要说学历,139.779,1752996339,2775914b
1895737947308134656,果然还是斯拉夫人长在我们的审美上！,73.86,1753005031,2394c70f
1895738002018636032,哈哈哈哈哈哈哈哈哈,195.646,1753006609,bc56a2e1
1895738089553760512,加长版！终于 走起～,118.271,1753002959,ea88348b
1895738128770502912,哈哈哈 让我们说中文,233.897,1753003085,ea88348b
1895738201701060864,哈哈哈哈哈哈,178.352,1753005984,61f1cb93
1895738215382880512,来了,60.699,1753006389,bc56a2e1
1895738423277752576,怪不得,264.523,1753017327,ef8f951e
1895738450633003264,弹幕呢,94.954,1753017693,6474f847
1895738460665778432,来了,9.0,1753017972,d2eb3f6c
1895738543637500160,超超看起来很聪明的美女,286.398,1753016280,a9208369
1895738587400868096,我说会长怎么有种被夺舍的感觉呢,275.37,1753020529,fc5c5aac
1895738736936194304,罗世杰也是博士吧,170.656,1753024489,8d665d98
1895738941182021888,再听一遍哈哈哈哈哈,211.547,1753064144,91850ea9
1895739043304935680,大左你堕落了 居然问出这种问题,183.625,1753066311,c585eb07
1895739119892926720,直接看加长了,50.901,1753065450,532bb614
1895739159101280512,直奔完整版！,2.008,1753066177,df6e1fa7
1895739170954383616,高情商：还在研究中...低情商：懂得都懂,196.746,1753071998,2b09e628
1895739227485212928,想起大不溜，小不溜，哈哈哈,313.856,1753071380,42da3e49
1895739240252674304,本来就是这个议程,275.175,1753075611,9cc5a9be
1895739294963175680,让我们说中文,230.803,1753077391,7d0b1ed6
1895741767471711744,好漂亮我的吗,123.454,1753081229,35861f7e
1895878472815905536,我就说会长怎么突然那样哈哈哈哈哈哈,285.477,1753097525,e1f0140c
1895902343950621952,小姐姐有点用哈利波特的露娜,260.69,1753100371,7bf5ae5
1895913944380697088,全世界都在说中国话。,240.019,1753101754,83719079
1895923691389856000,这封面有点像火仔和托子啊,7.553,1753102916,f48e83fe
1895925654231755520,俄罗斯娜娜什么时候来,123.096,1753103150,9a5f75b6
1896126772140527360,soul说是,314.381,1753127125,757770bd
1896432713985696000,厉害了,157.364,1753163596,d844b0d7
1896548500188124672,头发好美,170.792,1753177399,7be9809b
1896549652783060480,杨迪火是有道理的 尊重人,272.254,1753177536,7be9809b
1896671118996624640,哈哈哈哈确实幸好解释了,273.442,1753192016,9cb4590f
1896702989247416832,超超很适合这个衣服的颜色哦,102.804,1753195815,3c4a8341
1896834873642632704,有俄罗斯美女啊…,35.454,1753211537,88971e98
1896836266168177664,让我们说中文,232.165,1753211703,88971e98
1897134881856050432,漂亮小姐姐～,64.387,1753247301,c76fd2
1897334937960030976,濑濑这个妆真好看,301.592,1753271149,bbeae81b
1897409888377011200,冒犯,196.202,1753280084,4dd44e23
1897435333340270848,约基奇,348.778,1753283118,182ab5fd
1897520115852190208,完蛋，没有提示我怎么看？,116.489,1753293224,28dcc9f6
1897545623813818880,这就冒犯了？弹幕真是敏感肌,201.287,1753296265,d14d0ec
1898012492027085824,赖赖的妆好可爱,336.596,1753351920,4fcac017
1898069933423117568,杨迪预判了弹幕哈哈哈哈哈,271.58,1753358768,ba542c3c
1898129671619960832,这个问题就跟 这是博士，你谈恋爱没？结婚没？一个意思,190.406,1753365889,c4640bae
1898480150421808896,来了,16.649,1753407669,6a79158e
1898575317955005440,超超好好看！,109.88,1753419014,69896d2c
1898577690152768512,花仙子从动画里跑出来了,128.022,1753419297,ae954710
1898649691060092160,西伯利亚可老大了,219.328,1753427880,2391701c
1898711585640666112,陈超这次妆发好可爱啊,102.634,1753435259,6bc89832
1898754234095442176,羌族小煞,92.976,1753440343,2c9219d7
1898798214510129920,你是菠萝的颜色,82.099,1753445586,3665527f
1898849081846541312,萨沙爸爸本身就是中国人，只是他自己从来不提,250.247,1753451650,b47738e
1898894497392836608,哈哈哈哈哈哈,177.674,1753457063,b7a9b2eb
1898943849687043840,一直是这样就得改呀，与时俱进哦,224.299,1753462947,b698ce63
1899364840469068288,这个发量绝了,134.718,1753513133,2a7b6daf
1899448788037526016,超超每期都好美呀,99.793,1753523140,d00654d8
1899516166050156032,不是第一次看 而是第一次意识到 以前太麻木了,216.063,1753531172,118b96e
1899527485797073152,笑死 中文是母语 俄语是二外,237.713,1753532522,568a8045
1899528308618886912,敏感是好事,303.526,1753532620,568a8045
1900192036414916352,一之濑这妆怎么回事,293.915,1753611742,29c7c55b
1900289648556262400,直接看加长版,0.154,1753623378,e67086c2
1900919121772592640,好漂亮,127.615,1753698417,c1f2fe77
1901083258352320512,好厉害的姐姐,153.737,1753717984,80000882
1901138676046841344,好想念松鼠啊,100.073,1753724590,be45fcd2
1901541018550427904,学霸,158.824,1753772553,92f8c01f
1901541640448327936,哈哈哈哈哈哈哈哈哈,233.0,1753772627,92f8c01f
1901557020667466240,口音重成这样吗hhhhhh,247.784,1753774461,28c7b5ab
1902390692148829184,杨迪，综艺没了你可怎么办啊,266.775,1753873842,d89f1503
1902390841935725312,这个家不能没有杨迪,269.141,1753873860,d89f1503
1903658867167214336,萨沙俄语有东北口音,222.721,1754025021,19790be1
1903884035399163392,弹幕确实很敏感（摊手）但本来每个人的敏感度确实都不太一样,210.495,1754051863,c29ddf0d
1904491649607379968,哈哈哈哈说不出来,179.099,1754124296,3e5e834
1904491705198666240,太真实了,185.705,1754124303,3e5e834
1904530408591864832,别说的是人均美女，俄罗斯人一到中年，你看什么样子,267.292,1754128916,45953387
1905824218038253568,一之濑脸咋了？？？,293.709,1754283151,7becfa2e
1906658172484245248,斯拉夫出美女,75.635,1754382566,1327ee61
1906659219936198400,俄罗斯男女比例失衡 现在男人可能更加少了,182.722,1754382691,1327ee61
1909373597710577920,杨迪真懂弹幕啊,277.498,1754706270,8dd2ba4e
1910460639663627264,陈老师在模仿一之濑,45.076,1754835855,922f6f0b
1913105683772238336,希尔顿借了这么久啊,64.327,1755151169,7c712eec
1918431810531300864,这集时长好评,75.498,1755786093,15362246
1918442564634446336,最好看的,148.186,1755787375,15362246
1933845929732174848,什么文化？能不能翻译成中文,304.009,1757623599,d7c947c1
1937313621231702528,丽莎非常漂亮又可爱，前几天在三亚看到本人，很惊艳,124.308,1758036980,ba02a15
1937929668699405312,卡尔波利,48.444,1758110419,32e2455b
1937963074376466688,好漂亮,134.143,1758114401,945a6cd2
1944416070370790912,？？？？？？,169.166,1758883658,ee18cbf2
1946034063152715520,漂亮,127.189,1759076538,eb269b47
1948170065589943552,这就是敏锐，情商和敏锐并不相关,311.502,1759331169,ffdfce2e
1953129821739839744,为啥一之濑是asuka明日香,324.492,1759922418,83b4cbbf
1954420562860454400,好喜欢她,134.846,1760076286,915cc525
1956594679777072128,别太敏感肌,205.333,1760335461,d35c8a9
1960344697746654976,萨沙爸爸是混血,212.087,1760782498,f8089327
1961200116493380096,？？？,189.014,1760884472,a187841b
1963248930037173504,故意的，节目就这样，多少年了还不懂这个套路吗,196.252,1761128710,65b78c7
1968970682843311616,哇俄罗斯美女姐姐,34.602,1761810796,269700bc
1977838097261843200,来了来了,8.955,1762867874,aedabb3d
1977839385668188416,好有才华！好漂亮！,162.561,1762868028,aedabb3d
1992655007401061120,让我们说中文,231.845,1764634187,b087944c
2002223379507534848,超今天的发型好看,289.421,1765774826,8d79c5f3
2004575798560393984,怀念以前长头发的四姐,174.74,1766055256,ffa3828d
2021928450646454528,确实不太好。。。这是啥敏感，之前男代表啥的也没问（从非正第三季开始追的）这本来就不尊重人，敏感也不是什么坏事,202.128,1768123854,6d4f31dd
,,0.0,1775683732.8000336,
lb.c,,0.0,1775683732.8000336,
,,0.0,1775683732.8000336,
1895737342925705472,严谨的德国人,476.148,1752986028,fe4eee91
1895737483040624896,大气,487.444,1752989145,193ffd61
1895737545401536768,怼脸拍，真的好看doge,689.139,1752990986,591a47e1
1895737746736517376,两位的瞳色都好好看,397.339,1752993592,2f3ca03c
1895737759118102784,梅丽莎小姐姐头发太美了，像洋娃娃,677.759,1752995462,13ee2db9
1895737805708431616,呆楞是真的  成熟了！！成熟的帅！！,611.617,1752994452,fbf64f60
1895737827443314944,那真的我们很难这样,466.779,1752995951,1091612d
1895737952785895680,花期短但是开得艳,585.749,1752998353,4eba2802
1895737970108371200,可以一个人买单，然后有空了拿小票算,428.926,1753005751,90af0186
1895737994720547072,split the bill是吗,414.975,1753003281,ea88348b
1895738146084589824,梅丽莎真的太好看了,642.72,1753009208,d93d12d4
1895738169790796032,哈哈哈哈,434.814,1753004847,2f987c3c
1895738187113271552,这个妹子好养眼啊！！,500.242,1753010552,85e3c44a
1895738250027831552,真的，我追过不少外国演员，白人很少有保养好的,603.652,1753012927,302e2cd4
1895738309293347072,男生应该说平权吧,410.11,1753014904,26cd4125
1895738312942391552,这蓝色眼睛真漂亮,701.403,1753012513,68efaa5c
1895738379505996032,小姐姐！10分好看！,681.33,1753013023,302e2cd4
1895738488926998784,听着还挺浪漫的,529.594,1753015004,26cd4125
1895738489832968448,哈哈哈哈哈,621.823,1753019961,ef8f951e
1895738508984160512,五官太美了,684.493,1753017972,8d117f15
1895738562780303616,四姐稳定发挥,422.981,1753022338,fbd7fd41
1895738589221196032,太好看了她,677.254,1753017957,8d117f15
1895738746054611200,陈铭看了一眼梅丽莎哈哈哈哈哈,590.106,1753024833,8d665d98
1895738822642602240,白人皮肤薄，再加上骨相起伏明显，没有胶原蛋白很快就垮了，黄种人只要保养得当一般四十多岁还是没问题的,615.648,1753034058,7a1afabc
1895738826291646720,严谨的德国人哈哈哈哈,462.399,1753024355,bde1c345
1895738886471520512,而且他们生很多孩子 生的女儿也多 我俄罗斯同学她有三个姐妹,706.277,1753041605,7021661
1895739008659984640,这种情况的话一般就是那个吃的多的全付了，关系好的话分别人一口吃的很正常,469.305,1753033834,7a1afabc
1895739055158038784,好问题,629.722,1753070638,bdcbba7
1895739211068707072,萨沙有几分像吉洪诺夫老爷子年轻的时候,649.648,1753071778,9e41d483
1895746442224785664,让我想到了鹊桥仙,527.913,1753081786,35861f7e
1895778905819131904,超超有点星期三的味道好喜欢,385.96,1753085656,73e93c18
1895840500003377408,哈哈哈哈哈哈哈哈哈哈哈,519.208,1753092999,ac1ed4e7
1895840530647078656,紫禁城风水养人,590.76,1753093002,c0d2264f
1895945062736117760,aa就是每个人付自己的，传到中国才变成均分,412.606,1753105463,84633020
1896015890890314496,新代表好可爱,639.956,1753113907,e871e898
1896039919974262784,哈哈哈哈,427.498,1753116771,415655f0
1896457049043406080,活泼可爱美丽，常驻！刷起来,688.508,1753166497,8cb4abb9
1896471204483626240,萨沙确实帅啊 是我喜欢的长相,657.64,1753168184,4ca66879
1896710320119313920,魂断蓝桥,514.263,1753196689,491addc9
1896934522319112192,哈哈哈，是我了,375.813,1753223416,a075ec79
1897173951436752640,一之濑这个妆造没之前的好显得臃肿突出,369.849,1753251958,6f99a845
1897176064527120128,这才是真正的AA AONE 各付各的,417.466,1753252210,6f99a845
1897249138144757248,哎呀超超好美呀这套,372.158,1753260921,d67a388
1897255003031584000,太可爱了,643.527,1753261621,290bcf14
1897330516752267008,四姐没变化，从以前就成熟,627.007,1753270622,7ea9d3d5
1897377323800974592,主要是德国比较严谨,427.117,1753276202,c76fd2
1897409726736857856,原来都是搜来的,571.539,1753280065,be125094
1897789980114699776,哈哈哈 不记得,540.606,1753325395,4227b274
1898072148510532864,高配版星悦,691.839,1753359032,2738fae5
1898073640089037312,我的男生同学也是，大学4年过去之后都不同程度发福了哈哈哈,603.928,1753359210,ba542c3c
1898583508701119488,最漂亮的不是五官吗，尤其眉眼,683.896,1753419991,ae954710
1898652758169973248,deepseek打钱,575.04,1753428246,2391701c
1898755732108109824,因为他们爱晒太阳 高油高甜 亚洲普遍相反,616.917,1753440521,636af638
1899233687024352256,法币还帅好可爱,403.744,1753497498,ad67615a
1899377441013676544,哈？,702.185,1753514635,2a7b6daf
1899524857746892032,我喜欢这种方式，不过最好点一些价位差不多或者好算的,476.688,1753532208,fbcf58ae
1899526800288205568,参考小李子,615.613,1753532440,fbcf58ae
1899527783693058816,好像俄罗斯婚礼和登记是同一天,703.421,1753532557,fbcf58ae
1899611392370790912,4,635.097,1753542524,82c776d
1899956477675331840,是晒伤妆啦,360.467,1753583661,9e6467db
1899975255272139008,这个好,400.959,1753585900,2c9403ee
1899976001933586944,那是因为西方吃饭（夹菜）的模式不一样 每个人分的很清楚,422.475,1753585989,2c9403ee
1899977800535069184,风大,542.187,1753586203,2c9403ee
1899980015152740352,测的好，就是真的好，测的不好，要相信科学,375.102,1753586467,3ad68769
1900241357915115264,怪浪漫,530.228,1753617622,5eebbb86
1900924116316678144,他也是混血吧,597.346,1753699013,c1f2fe77
1900991742497444096,老王好认真,506.845,1753707075,f6eb3d24
1900996645152891136,这个好！我喜欢这样,418.409,1753707659,59b380d7
1901491110711870976,引火烧身,657.108,1753766604,3465c430
1901544698834279680,哈哈哈哈哈哈哈,597.382,1753772992,92f8c01f
1901692904028990720,都一起吃饭的关系了感觉不用太计较吧，这是date诶,487.282,1753790660,71f360aa
1902424479079549184,是帅的啊，五官比例很好,657.34,1753877870,24d07282
1902473228065647616,我喜欢这样，感觉婚礼是给外人看的，不是给自己办的,717.867,1753883681,59b380d7
1903182158839680512,我和一位少年，漫步树林外,487.925,1753968193,a6894687
1903203390071653888,饮食问题,600.437,1753970723,5e85aa98
1903650610780700160,白人虽然不注重保养但没有容貌焦虑可以做自己就很好啊,633.202,1754024036,98decb5
1904495513727200768,这个小姐姐真的好漂亮啊 白白的,603.059,1754124757,3e5e834
1904532634147952640,堵桥来,511.379,1754129182,5bd65cde
1905080521651165952,喝酒喝的吧,597.515,1754194495,39d99fac
1905349996455302912,好喜欢去这样的，有人能懂吗,434.037,1754226619,6d90be6a
1906661267888835072,法币和一日代表眼睛一个色系,393.932,1754382935,1327ee61
1906662046133447168,这次总算到德国人震惊意大利人了,469.062,1754383027,1327ee61
1910284368769920256,因为花期短,698.558,1754814842,664d29dc
1912279399659960064,风在哪不都是一直在吹的么,542.249,1755052668,a8fe5ea9
1913210705083992832,萨沙确实帅，而且帅得很客观，这但没法否认,650.002,1755163688,d88d4d24
1913223966307712512,同事之间可以这样，朋友之间就没必要了,449.744,1755165269,96a9a0bf
1913292098959548672,萨沙确实是特别帅！,660.617,1755173391,7b914c00
1913346863013150208,这个真好,405.051,1755179920,fcf22efb
1916178758985921792,德国人哈哈哈哈,470.385,1755517508,41d23346
1921042340266008320,国外是各点各的套餐，适合aa，中国是一起吃同一盘菜，胃口不同，不适合粗暴的aa,412.351,1756097292,eea468e3
1921042881901795072,中国更难算，所以流行请客而不是aa,441.898,1756097357,eea468e3
1941566684721332736,这两个俄罗斯代表应该就是中国审美里最好看的那一类了,667.832,1758543985,e2e301a6
1944428565982548992,Dylan在写什么,388.052,1758885147,73aed9f3
1953188451575386624,确实帅,649.868,1759929407,194d9898
1960064942610599168,我29岁，孩子10岁。,709.896,1760749149,6a7c628d
1961074382902701824,啊啊啊这个音效好可爱,639.808,1760869483,c8711e27
1965454987081423872,我就这样，各算各的。跟朋友其实我也想这样，不然我感觉不太舒服,456.746,1761391692,d0b3063b
1969275411209221120,hhhhhh,585.68,1761847122,1e751c6e
1977842088578297088,严谨的德国人,480.692,1762868350,aedabb3d
1988648613126933248,妈呀，漂亮姐姐好可爱,643.948,1764156588,c847ffba
1996421042478379264,比aa更aa哈哈哈,415.493,1765083134,7177deef
2025581688474307072,亲兄弟明算账,428.978,1768559354,e5ebf93c
2066188182139764224,你也是 和前几季对比明显,589.72,1773400025,a16be46f
2068219040748953344,我喜欢这样,442.196,1773642122,f2fcfff8
,,0.0,1775683732.8000336,
lb.c,,0.0,1775683732.8000336,
,,0.0,1775683732.8000336,
1895737309572600064,哈哈比利时淡淡吐槽好搞笑啊,864.838,1752985668,47bbec08
1895737494264582400,2333333,743.492,1752989946,c76f245a
1895737546508833024,只能说世界之大无奇不有了233,828.615,1752990204,4944442d
1895737690583175424,？,788.371,1752992554,dbe23620
1895737828349284608,哈哈哈哈哈 就非要有证吗这,788.883,1752994668,fbf64f60
1895737890777305344,这么闭塞吗？,805.983,1752997401,ba65b856
1895738004753322240,比较严重的程度哈哈哈哈哈,1016.022,1753004556,94d50217
1895738144264261888,男：天王盖地虎 女：宝塔镇河妖,875.819,1753006816,47376c28
1895738162501095680,伊拉克也是什叶派国家,830.79,1753007084,43686648
1895738377685668096,对对对,886.688,1753016087,bc9fd41c
1895738640282652928,哈哈哈哈突然想起来戴卢可是不是对dating文化很懂,952.295,1753025347,fe4eee91
1895738693172826368,哈哈哈哈哈《这个华波波不一样》,729.19,1753024957,8d665d98
1895739065182425344,越压抑越开放,844.47,1753052006,65ec0af4
1895739149982863616,哈哈哈哈哈哈哈,907.322,1753065403,f7934ca3
1895769540794055680,前面俄罗斯遍地帅哥美女是真的,769.796,1753084540,4422ff62
1895824043836972544,弹幕突然收声了红红火火恍恍惚惚,734.198,1753091037,cc93cef3
1895828587920556800,这真的不是菠萝卖不出去的营销吗？,871.762,1753091579,1da0b061
1895947042497947392,第三次见面还是第三次嗯嗯？,1049.141,1753105699,c750ae38
1895949991009590528,宗教警察吗？,776.638,1753106051,9e41d483
1895971024152074240,中国人的经商天赋哈哈哈哈哈,917.26,1753108558,5a31e3ac
1896425506115668224,村？哈哈哈哈,953.332,1753162737,42570b8b
1896427127877063168,招展笑死我了,743.277,1753162930,9ec95bfa
1896494509345332736,开放啊,1029.735,1753170963,6a042d86
1896637560244685568,充话费式的结婚,813.804,1753188016,89807551
1896692754986387712,哈哈哈哈哈哈,983.273,1753194595,eac1fc5d
1896706299065560320,老王的眼神在冒星星,838.313,1753196210,d8e5f363
1896713955582526208,天逊尼派和什叶派，想到追风筝的人了,829.491,1753197123,491addc9
1896841388705377280,这跟我们这的警察查房有点像…哈哈,805.028,1753212314,88971e98
1896937991939779840,？？？？,786.906,1753223830,a075ec79
1897123754787030016,哈哈哈哈哈哈哈哈哈哈哈哈哈哈,1020.411,1753245974,45654410
1897176574395630080,来了，直接加长版,974.739,1753252271,d9749c34
1897380653918993152,哈哈哈哈～lady first～,753.071,1753276599,c76fd2
1897380942050808832,短期啦～长期啦～,765.871,1753276634,c76fd2
1897383124666121728,哈哈哈～A到Z～,976.347,1753276894,c76fd2
1897383569446710784,比较严重的程度～红红火火恍恍惚惚～,1015.942,1753276947,c76fd2
1897383907826628352,姐妹们～,1052.127,1753276987,c76fd2
1897551369599046400,可以鼓掌了,1016.475,1753296950,d14d0ec
1897727145607336704,搞对象笑死我了,941.281,1753317904,68db616f
1897898291362938112,YOYO,769.419,1753338306,3dc677eb
1898076736198329856,哈哈哈哈哈哈四姐,967.648,1753359579,ba542c3c
1898220515982619136,哈哈哈哈什么时候看到这个lady first才不会笑啊哈哈,749.918,1753376719,e8cc9494
1898515580160908800,真就体验卡,785.517,1753411893,a18ccce
1898531542490707712,太好笑了hhhhhh,995.742,1753413796,8020f1b7
1898584831534084096,感觉和苏格兰那种男女校联谊会挺像啊,958.956,1753420148,ae954710
1899333614798306816,哈哈哈哈哈哈哈哈,890.75,1753509410,48caf715
1899493708169050112,这是真的 ,810.963,1753528495,49612456
1899558765339352320,哈哈哈哈哈哈哈哈哈哈，有点太诚实了哈,1041.266,1753536250,37dfb466
1899559089802601216,雷妹妹～,1054.905,1753536289,37dfb466
1899632198056381952,华波波很可爱,860.822,1753545004,ddcb952e
1899690611263457024,这个是真的，我伊朗朋友们都证实了,809.166,1753551968,881ef171
1899980184409419520,我还记得诶,767.393,1753586487,2c9403ee
1899980554649404160,救命,801.518,1753586532,2c9403ee
1900176913918403840,老王。我喜欢的,836.184,1753609939,d7c68202
1900207702098475264,什叶派和逊尼派能坐到一起聊天也只有非正式会谈。,831.444,1753613610,253cfa97
1900855482026004736,挖坑了开始，准备回家跪搓衣板了卢可,963.641,1753690831,18259142
1900982139454146048,以前就说过啦,795.933,1753705930,1606bf27
1901030304811390976,真敢问啊大左,1041.459,1753711672,bba3e7b3
1901030501683674368,特殊类的hhhh,1063.512,1753711695,bba3e7b3
1902475393005930752,认真，不是严肃,1021.238,1753883939,59b380d7
1903582328761517312,讽刺的不是波波是国情,851.615,1754015897,1ddd0afb
1904394075097533952,哈尼克孜,728.514,1754112664,712639ae
1904496876288851456,哈哈哈,729.753,1754124919,3e5e834
1904516940261635328,哈哈 被说中p图了,897.961,1754127311,357dee8e
1905292868248203776,哈哈哈哈哈温州人也是站起来了,922.793,1754219809,94dc5d7b
1907465783345827584,大左池州人，差一个字,930.583,1754478840,e06a0bba
1909633575939544320,哈哈哈哈扬扬补刀,729.343,1754737261,d7fb52ee
1909637115907104000,哦～,1068.756,1754737683,d7fb52ee
1910217713125871872,不愧是北欧,991.337,1754806896,7419d9b6
1910285333971808000,开放式保守,800.19,1754814957,664d29dc
1916182003120834304,好神。。。,800.571,1755517895,41d23346
1918092995408932352,买菠萝是吧哈哈哈哈哈,841.599,1755745703,cae536f2
1919839034780907008,哈哈哈哈哈哈哈哈哈哈,1016.446,1755953847,b9f358ce
1920303224746295040,BGM怎么这么燃？,900.242,1756009183,99536495
1929266071559254528,比较严重哈哈哈哈哈哈哈哈,1020.019,1757077637,467053b4
1932278720392444672,严重哈哈哈哈哈哈哈哈,1008.878,1757436773,52ac390e
1933442446847667968,华波波像非正的逗号，哈哈哈,734.125,1757575500,df58247e
1939900940560154624,搞对象哈哈哈哈哈哈,944.041,1758345412,add21500
1941083294070661888,熟悉的音效又回来咯,760.233,1758486360,50b86bf5
1961012560908661760,肯定有,975.077,1760862114,bfa2ee3f
1969395654430585856,大家都知道的话还叫暗示嘛哈哈哈哈哈哈哈,861.564,1761861456,7ed3ebc
1969396057905913344,华波波每次发言都特别有梗 综艺里缺不了这样的角色,868.073,1761861504,7ed3ebc
1977846831144786688,哈哈哈哈哈哈哈哈哈哈,1044.084,1762868915,aedabb3d
2024171551549188864,！！！,787.638,1768391252,6151813e
2026922242222668544,米兰的男模大部分超级无敌穷,1070.323,1768719160,aef87158
2059722213967966208,啊？,1009.869,1772629221,75a3ab51
2059722648640373248,stop 哈哈哈,1044.827,1772629273,75a3ab51
2068224214867537408,感觉这样离婚率好高,1056.652,1773642739,f2fcfff8
,,0.0,1775683732.8000336,
lb.c,,0.0,1775683732.8000336,
,,0.0,1775683732.8000336,
1895737366690631936,被杨迪笑死，哈哈哈哈哈,1112.633,1752986394,eb069b0d
1895737511729664256,婆婆选好了，双方家长见面一次就订婚了？？这么快，和父母之命有啥区别,1166.095,1752990929,5866b398
1895737822007496960,保持神秘感么,1177.151,1752996054,13ee2db9
1895737846460289280,想起唐大哥开车尾随着送老婆哈哈哈哈哈,1216.937,1752995154,fbf64f60
1895737857038323968,陈老师还是会  doge,1334.87,1752995706,fbf64f60
1895737911757213952,哈哈哈哈他吓死我了,1277.525,1752996969,1091612d
1895737960989954304,哈哈哈哈哈哈,1249.715,1753005457,81e32263
1895738084084388096,那怪不得有些时候会吃西餐，因为这样不能玩手机，就会被迫了解对方哈哈哈哈哈哈哈哈哈哈哈,1364.499,1753010046,4e76690
1895738115080294656,说得我都心动了,1313.062,1753001868,755ab053
1895738130582442240,阿雷是真的在为姐妹们考虑啊！,1091.08,1753006285,2394c70f
1895738138786500864,打羽毛球！双打！,1265.968,1753011691,3820b86
1895738178909212928,四姐好喜欢陈老师感觉哈哈哈,1293.779,1753005068,34ea35bf
1895738260974964992,好像伦和四姐都没说？,1306.348,1753009512,e9983320
1895738350330417408,那岂不是完全不了解彼此,1188.238,1753015487,7e01a787
1895738449718644992,还是不一样，父母之命很多面都没见过,1191.878,1753016191,eabe6363
1895738783434248448,知道的不少,1094.625,1753026745,1952548b
1895738787083292928,《再见XX》那段时间的经历给陈老师整工伤了,1245.564,1753025428,8d665d98
1895739087068303616,难怪爱密室剧本杀呢,1281.948,1753071847,a05ec9c0
1895739136301043968,我喜欢看电影，因为不想交流,1267.296,1753063459,3e15afd5
1895739137215402240,赶鸭子上架,1347.576,1753073156,2b09e628
1895739334171529472,有点难评,1318.96,1753077674,6d52a3e9
1895842592684773632,老王好搞笑,1207.55,1753093248,a384683a
1895888808210444032,跟古代似的,1200.836,1753098757,80d76961
1895902850890865152,…男方视角吧，感觉作为女生并不喜欢,1329.906,1753100431,e1f0140c
1895907698449826816,唐小强好像也是这样认识老婆,1154.003,1753101009,7bf5ae5
1895953890084972544,得有个电灯泡,1201.966,1753106516,9e41d483
1895962814724877312,那大家性格都还没合得来咋办,1185.106,1753107580,70be7902
1895975507275771648,杨迪这个上热搜了哈哈哈,1108.05,1753109093,ab62fb5b
1895988325479763456,去逛宜家,1339.945,1753110621,24b0ce4c
1896001397800507136,真的，太套路了,1348.596,1753112179,b7453a45
1896033498947616256,我服了华波波了哈哈哈哈哈哈哈太搞了,1272.126,1753116006,11d561a5
1896422520862296576,陈老师说的前提是两人暧昧期只是临门一脚而已,1358.888,1753162381,2aa70d44
1896426994623953152,好古老的相亲模式hhh,1133.837,1753162914,42570b8b
1896548231191151360,爱情保安,1196.722,1753177367,445a39f6
1897115090000851712,经典来了,1111.63,1753244942,e0632c99
1897117071960705280,人家举例，只是解释吊桥效应,1318.362,1753245178,e0632c99
1897186435279557632,吃完再喝一点 酒壮怂人胆,1334.617,1753253447,6f99a845
1897384505070132992,红红火火恍恍惚惚,1112.117,1753277058,c76fd2
1897392014317188864,陈超好美好美！！！,1426.702,1753277954,dc39d7d8
1897729822839930624,世界的参差，有趣,1233.017,1753318223,68db616f
1897855084101036544,来自游牧的习俗,1150.008,1753333156,5e6db3f9
1898585785360270080,母单：别碰我的拼图！！,1322.878,1753420262,d5851018
1898586013228955136,非诚勿扰哈哈哈,1245.808,1753420289,ae954710
1898765709031333376,哈哈哈哈哈哈哈哈哈哈哈哈哈哈哈哈哈,1275.348,1753441711,da4a6923
1898851449120022784,真的好合适啊,1430.582,1753451932,85cd1b5c
1899312175110448384,伦儿呢,1370.097,1753506855,7b9475a0
1899329727408561920,\,1359.942,1753508947,4a475a07
1899340591771536128,对对对,1347.304,1753510242,48caf715
1899531646009486080,哈哈哈哈哈哈哈哈,1119.064,1753533017,fbcf58ae
1899651269212594688,做ai算不算呀,1266.478,1753547278,395ce43e
1899780832588526592,想到阿拉丁,1168.616,1753562723,fdcf0543
1899876594664020224,二十年前，唉，可怜的伊拉克人,1125.95,1753574139,51a708fa
1900212638299047936,在说什么？？？。？,1322.045,1753614198,75f02d2b
1900722697047418624,毫无违和感,1415.779,1753675002,29c7c55b
1901576106294143488,短期太奇葩了,1240.402,1753776736,92f8c01f
1902428555867433472,哈哈哈哈哈哈哈哈哈哈哈,1118.455,1753878356,24d07282
1902447002861027584,哇哦,1434.024,1753880555,623dd44
1906668414924016896,中东保守很多了,1144.039,1754383787,1327ee61
1907251422123737856,又到了羞耻小游戏环节哈哈哈哈哈,1398.192,1754453287,654346f5
1907263650541381888,小手段其实是感情蛮好的调剂，但不能没有真心，完全带着戏耍的心态去对待这段感情,1349.382,1754454744,952047f4
1910146676505643008,我要随时看华波波表现,1317.301,1754798428,738a73b
1910248152247194112,波波好可爱啊,1281.79,1754810525,edd6e64f
1911636225866354432,大左嘴替,1348.514,1754975996,954b058c
1911638478308513280,会长太懂女孩儿了哈哈哈,1347.81,1754976264,67c7bc24
1915402208338718720,卢可感觉又风流又老实,1084.624,1755424936,ef46f1d4
1916203344989683968,哈哈哈哈哈哈哈哈哈哈,1329.324,1755520439,d775399
1916742088792471552,牛蛙,1362.372,1755584662,613512da
1925311132990941184,逛宜家 看着那些温馨的家具 很容易构想两个人的未来,1337.444,1756606172,df324538
1929268457724077056,哈哈哈哈哈哈哈哈哈哈,1275.517,1757077922,467053b4
1937975455273985792,哈哈哈哈哈哈哈哈,1106.973,1758115877,945a6cd2
1943658342291830528,希尔顿环境真好,1399.929,1758793330,67fd89f
1953022555216956416,华波波哈哈哈哈哈哈哈哈哈哈哈哈哈哈哈哈,1282.728,1759909631,6e0df0f6
1958150579830921472,太功利性了,1332.809,1760520939,b2d06e53
1969280974567563776,梅丽莎真的好漂亮天哪,1208.194,1761847785,1e751c6e
1988656174098097408,小强也说过类似的，不敢多跟未婚妻见面，都是开车去接她然后远远停在家门口,1175.521,1764157489,c847ffba
1990319103688432128,妈妈结婚的时候？,1147.433,1764355726,d584df77
1995218600776512512,这眼罩好，能不能打包给酷滕送去,1420.12,1764939791,1dcdda72
2003692298001184000,我想要逛海洋公园的时候，他悄悄塞给我一个戒指,1341.086,1765949935,989ff3be
,,0.0,1775683732.8000336,
lb.c,,0.0,1775683732.8000336,
,,0.0,1775683732.8000336,
1895737232665841920,说了什么,1594.545,1752985968,8d60efce
1895737282477396224,哈哈哈哈哈哈哈老王搂住,1716.563,1752986236,f69ff094
1895737326240764160,老王：和我有什么关系,1743.272,1752986542,f69ff094
1895737564225573120,哈哈哈哈哈哈哈哈哈哈哈哈哈哈哈,1663.052,1752991877,a4557f7c
1895737579727720704,哈哈哈哈哈哈哈哈哈哈哈哈哈,1636.993,1752990432,534bf33e
1895737602217578752,吊桥效应,1656.035,1752993518,e967e3fc
1895737608274153728,这里为啥不放正片很好笑啊,1789.469,1752990046,1549437e
1895737615337361664,安全,1603.757,1752991580,6cf1571
1895737656718364928,哈哈哈哈哈哈哈哈这个眼罩哈哈哈哈哈哈,1749.409,1752991974,a4557f7c
1895737658731630848,哈哈哈哈哈哈哈哈哈哈,1497.584,1752991702,a4557f7c
1895737668823126272,哈哈哈哈哈哈哈哈哈哈,1545.58,1752991754,a4557f7c
1895737706764800256,看热闹不嫌事大哈哈哈哈,1701.323,1752994786,e868d6e6
1895737718181695744,笑不活了哈哈哈,1671.507,1752992796,4ae1ebd8
1895737814768128256,哈哈哈哈,1782.453,1752994589,b594b266
1895737824725405952,老王：我尽力了啊,1754.151,1752997563,1091612d
1895737939104076032,哈哈哈哈哈,1709.189,1752997498,1091612d
1895738000198308096,哈哈哈哈哈哈哈哈哈哈,1628.753,1753004360,71c28bd0
1895738021169828096,哈哈哈哈卧槽杨迪哈哈哈,1492.948,1753000323,6cdd056d
1895738075871940864,贴贴好可爱,1567.309,1753002223,2f1c4333
1895738098672177408,原来加长版加在这里,1699.212,1753003076,5465c709
1895738121464025344,哈哈哈哈哈哈哈哈哈哈,1656.539,1753006018,81e32263
1895738373122265344,波波刚刚说话好像老王的口音哈哈哈,1796.676,1753015888,5404f33
1895738395922501888,米可！！！！,1494.288,1753016707,d89d8cbd
1895738397742829824,米可，危，速回！,1492.03,1753013682,6ee65ea5
1895738456102375680,四姐说了啥！,1582.96,1753017881,f81c7508
1895738627515191552,牛,1558.58,1753021306,7d9f8a33
1895738699556557056,讲什么！哈哈哈哈哈哈,1774.953,1753027907,516113ea
1895738810789499136,非直男会谈,1748.073,1753027865,516113ea
1895738985868136704,怪不得没放到正片,1789.951,1753031556,b92fb27d
1895739133566357760,哈哈哈哈哈哈哈哈哈哈,1762.617,1753066553,f7934ca3
1895739144513491200,拦精灵,1581.015,1753073028,f48d5c83
1895739149068505344,拦精灵,1582.704,1753073049,f48d5c83
1895739154537877760,哇,1560.601,1753066056,f7934ca3
1895739172774711552,华波波哈哈哈哈哈哈哈哈哈哈或或或或或或或,1799.497,1753066590,f7934ca3
1895739264873238784,中东组合,1693.461,1753073158,f48d5c83
1895739308636606720,华波波啥都说啊哈哈哈哈哈哈,1775.347,1753078501,5b74304e
1895739310456934656,海带也不是植物,1531.538,1753076872,9cc5a9be
1895739313200009472,？！,1776.766,1753076889,3f6b3267
1895739330522484992,果然是加长版才能看的,1781.375,1753076921,3f6b3267
1895906831025530112,口水哈哈哈哈哈哈哈哈哈哈哈哈哈,1739.304,1753100906,e1f0140c
1895940225822895104,发币好可爱,1554.87,1753104887,9a5f75b6
1895974871134098176,梅丽莎真的好可爱好漂亮,1474.056,1753109017,5a31e3ac
1895977277180010240,这一期简直好笑到爆炸,1743.416,1753109304,5a31e3ac
1896089730320659968,好萌的两个人。。,1564.681,1753122709,7388c77a
1896307287158110464,俄罗斯小姐姐好有节目效果哈哈哈,1702.016,1753148644,13ab9171
1896334982533370624,给我笑岔气了,1755.375,1753151946,708e4a48
1896396461777172992,啊啊啊啊啊啊啊啊啊啊啊啊在干嘛,1496.598,1753159274,fe4eee91
1896555342020727040,直接笑喷哈哈哈哈,1562.963,1753178214,ff3287e5
1896610434808184320,伦想说毛肚吧 因为他那面是有颗粒的,1620.755,1753184782,c89ae7d7
1896662305044209920,每次会长都害怕的掉了,1527.119,1753190965,273d9554
1897190863994496256,这个太好猜了,1574.051,1753253975,6f99a845
1897283620088294144,美国内战,1568.439,1753265032,9c211b2d
1897402826846586880,这能播吗华波波,1775.465,1753279242,3c4a8341
1897475776413565696,我不行了哈哈哈哈哈哈,1768.852,1753287939,9cdf46e6
1897754977691536640,杨迪真的鬼点子一箩筐,1641.181,1753321222,ecd0b892
1897864109346135552,小姐姐气氛组的～,1695.088,1753334232,c76fd2
1898059525744480512,哈哈哈哈哈哈哈哈哈,1472.659,1753357527,60ea1822
1898060394963528192,为啥不让佛罗伦萨上啊,1576.261,1753357631,60ea1822
1898130261355317248,哈哈老王想说暴雨,1538.209,1753365959,a725bfc4
1898587923558453760,杨迪直接尝出来了哈哈哈哈,1542.474,1753420517,ae954710
1898588979633806848,哈哈哈哈哈这段Dylan小女生的感觉太好玩了,1656.928,1753420643,ae954710
1898633274117548032,西八 笑不活了 哈哈哈哈哈哈哈哈哈哈,1782.398,1753425923,60e24333
1898657403714124288,发币好厉害,1536.51,1753428800,470dd9de
1898864820091084288,涛涛,1594.511,1753453526,e3470321
1900014385343060224,弹幕呢，怎么没有弹幕？,1474.018,1753590565,3ad68769
1900014950055944192,我都没有看清是什么东西,1520.297,1753590632,3ad68769
1900015779680882944,猜得太大胆了,1611.896,1753590731,3ad68769
1900016341843597568,看起来好想笑,1648.607,1753590798,3ad68769
1900078932972598272,哈哈哈哈哈哈哈,1776.629,1753598259,ecc35430
1900293250909070848,老王稳如泰山,1723.35,1753623808,968d7bd9
1900353048833126144,味道应该有的,1618.131,1753630936,10c54e37
1901001124350363392,发币好可爱啊,1578.257,1753708193,2c9403ee
1901002382926510592,太可爱了,1672.273,1753708343,2c9403ee
1901764467755164416,哈哈哈哈哈哈哈哈哈哈哈哈,1750.736,1753799191,ddafd2e4
1902238942640826880,这个眼罩好适合老王,1731.008,1753855752,65067beb
1902284649590899712,华波波这么钢铁直男吗没想到哈哈哈,1769.312,1753861201,f5de49c4
1902909050661155072,弹幕呢 四姐说的啥,1582.34,1753935636,2e93938c
1902910756887219968,Dylan的破碎感哈哈哈,1644.472,1753935839,2e93938c
1904506363838182400,哈哈哈哈哈,1741.394,1754126050,3e5e834
1904506528892481536,好奇怪的画面,1761.072,1754126070,3e5e834
1905000656431964672,这个眼罩我不行了,1754.1,1754184974,f5f7f31f
1905339129458194176,再靠近一点点,1456.9,1754225323,ba077aef
1905766002156188416,我嘞个豆,1448.318,1754276211,cdc7bc83
1906135497672774400,哈哈哈哈 加长版果然不一样 我再敷面膜啊  哈哈哈哈 ,1748.007,1754320258,8a4bf8c9
1906673310826237952,中东族,1687.411,1754384370,1327ee61
1906748234274702336,哈哈哈哈哈哈哈哈哈哈哈哈哈哈哈哈,1762.638,1754393302,b145d3d2
1910390807304161024,我要笑疯了哈哈哈哈哈哈哈哈,1627.006,1754827530,8815c960
1915932755691390976,这也太。。。,1487.198,1755488182,51f2909e
1915934066629406464,哈哈哈哈哈哈哈哈哈哈哈哈哈,1643.477,1755488338,51f2909e
1915934230198990336,哈哈哈哈哈哈哈哈哈哈哈哈哈,1663.022,1755488358,51f2909e
1915934679484266240,哈哈哈哈哈哈哈哈哈哈,1716.53,1755488411,51f2909e
1915934832542999808,哈哈哈哈哈哈哈哈哈哈哈哈哈哈哈哈哈,1734.857,1755488430,51f2909e
1920310407324203776,两伊贴贴,1684.752,1756010039,99536495
1921056005467708160,可爱的发币,1554.389,1756098921,912b4cef
1921058110144466944,哈哈哈哈笑得肚子疼,1664.435,1756099172,912b4cef
1930616796109848576,哎呀,1498.221,1757238656,8f57e35c
1938813363061097472,一个奖励杨迪的游戏,1634.819,1758215763,c1c7a66
1942229667884861184,笑得我肚子疼,1783.88,1758623018,b85033c1
1952519966591265280,每次都没接住哈哈哈,1520.245,1759849718,3d553d69
1962432760279010816,我真不行了了太搞笑了哈哈哈哈,1734.276,1761031415,54f7b9d0
1967644616455633664,哈哈哈哈，这个女孩子好可爱，又害怕又好奇哈哈哈,1476.902,1761652716,eb09f285
1968988588058839552,hhhh小姐姐演员的诞生,1698.466,1761812930,269700bc
1970989897527898112,对吗？,1782.473,1762051505,9d717ee2
1981226523604447232,哈哈哈哈哈哈哈哈哈哈哈哈,1648.361,1763271806,1a09d87c
1988660542331797248,四姐说了“安全T”吗,1582.049,1764158010,c847ffba
2000956881128648192,笑得我肚子疼,1562.666,1765623848,e8b22811
2072032170285543936,大左这里为什么吓得抖了一下哈哈哈哈哈哈,1649.79,1774096682,f82fb2da
,,0.0,1775683732.8000336,
lb.c,,0.0,1775683732.8000336,
,,0.0,1775683732.8000336,
1895737421099143424,是隔壁陈鸣飞写的吧？,1945.554,1752987539,25b5c0fd
1895737422600704256,笑死哈哈哈哈哈哈哈,1861.726,1752987442,eb069b0d
1895737448110461184,不容易,1967.315,1752987565,25b5c0fd
1895737537650462976,笑死哈哈哈哈哈哈玩呢,1864.313,1752989866,adb42c8
1895737540972351744,玩儿呢,1860.902,1752989950,aaf3f032
1895737543203721472,哈哈哈,1815.18,1752989891,aaf3f032
1895737661759918336,哈哈哈哈哈哈,1802.631,1752992030,a4557f7c
1895737678914621696,但是体力劳动可以被机器替代，和ai有微妙区别,1970.153,1752991856,5866b398
1895737721998512384,哈哈哈哈哈,1864.31,1752993989,f3d0b903
1895737806614401280,AI能归纳总结现有信息，但无法创新,1995.774,1752997135,13ee2db9
1895737953691865344,工业创作可以，纯艺术不好说,1978.137,1753000003,8e57c960
1895738031194214656,20元手续费省下来了(ಡωಡ)hiahiahia,1903.052,1753004359,39499903
1895738391359099136,我家也有这个碗,1838.498,1753016417,c2e21b9d
1895738396828471552,妈呀陈超好厉害,1945.204,1753016803,cd8ee3cd
1895738416894021888,100块，哈哈哈,1895.824,1753017896,a9208369
1895738540927979776,超超好甜,1939.237,1753019045,8d117f15
1895738575547764992,有胡子应该感受不到吧,1808.657,1753017627,af72eec3
1895738673107276032,不是地铁卡了么,1892.499,1753022773,9c94b6bb
1895738779793592576,ai是用三推一，人脑是举一反三，本质区别,2024.616,1753029280,f9656259
1895738857295941888,玩儿呢，我一个广东人说不出的儿化音,1868.306,1753032504,9ef562ec
1895738900144951552,我觉得体现人情感的东西最不应该被取代，我是看小说的，如果我看的小说都是ai跑的我会死,1994.923,1753053765,5dbe0dac
1895738918381785344,不一样，至少现在的ai没有人脑会抽风（bushi）,2030.729,1753060518,d1e240cc
1895738950300438784,哈哈哈哈哈感情是在玩儿我们呢,1867.398,1753065521,91850ea9
1895738973092286720,聪明的人才看得到（,1851.057,1753066879,532bb614
1895739025076490496,上次还在说地铁卡扣费不好，立马就改转账了，真的听劝,1909.288,1753064244,3e15afd5
1895739121713254656,陈鸣飞的那个刚看完节目吧哈哈,1956.389,1753072388,df6e1fa7
1895739304081592576,哈哈哈哈太像了,1944.846,1753074038,f48d5c83
1895797243433331456,我去,1891.668,1753087842,35861f7e
1895797705813389056,当然不是,1970.665,1753087897,35861f7e
1895872207323318272,ai的数据库全是人给的,2052.858,1753096778,9f5269ce
1895957325815673088,口条真好,2151.186,1753106925,42cad9e5
1895973581704601344,老王好可爱,1844.968,1753108863,692c8ed6
1895992999780010752,华波波也算猜对了,1803.433,1753111178,24b0ce4c
1896092358488199936,我服了怎么这么好笑，老王真的穿了个香蕉牛奶。。,1821.385,1753123022,7388c77a
1896403149620117248,首彩回来打钱！！！,1815.544,1753160072,fe4eee91
1896658760060214528,老金主啊哈哈哈哈哈哈哈哈,1821.352,1753190543,abb3bea8
1896690759756227584,那是服务器和算力限制而已,2125.293,1753194357,b927edf8
1897017590325956608,刘慈欣的诗云,2043.276,1753233319,78c4204e
1897149153428556800,并不会被取代，就那ai原理来说，他是学习的技术，要是没有真人的作品投喂他，而是ai直接互相学习，最后肯定会失去人类所能体会的美感,2017.769,1753249002,af7c4445
1897160788939608064,AI取代不了大师，但能取代普通人，但我们大部分都是普通人,2028.594,1753250389,b0fb79b9
1897196044832664832,不会的 AI没有灵感只是个参考文献的价值,1999.815,1753254592,6f99a845
1897230944923557632,AI确实，一眼看得出AI,2056.543,1753258753,c05066cc
1897282352929849856,您,1876.848,1753264881,290bcf14
1897313971196141824,68+6+,2070.556,1753268650,676c84ca
1897315932888971776,只能模仿，不能取代,2003.459,1753268884,90b41f69
1897321705291076352,我觉得同意的人说的不是高端审美的艺术，他们说的是快时代创作,2090.686,1753269572,55d83f10
1897326315100134656,太厉害了哈哈哈哈哈,1950.759,1753270122,45654410
1897355364035362560,顶级的取代不了，中间底层会被取代,2092.654,1753273584,7ea9d3d5
1897404209155208704,自从知道地铁卡退费事件之后就换成转账了吗,1896.51,1753279407,3c4a8341
1897472786134957568,陈鸣飞投的吧,1948.859,1753287582,20c78ca8
1897763556578141440,这AI卡壳,1962.905,1753322245,28dcc9f6
1897865698693655296,《精彩葡萄酒》,1811.436,1753334421,c76fd2
1897865887454275072,能用的,1823.216,1753334444,c76fd2
1897975346582936832,画家的画有人买，AI的画呢？我觉得人类不会给AI的画赋予价值,2087.338,1753347492,ace2f97d
1898153206907890944,他俩节目效果已经出来了，拿到奖品不过分,1887.829,1753368695,44f44cf9
1898155156404016128,现在ai训练出的图基本都是侵权的，还不知吃了多少有商业版权的图,1990.896,1753368927,c4640bae
1898227304531014400,陈超超陈超超陈超超～,1935.987,1753377528,e8cc9494
1898497181946647040,华波波太搞笑了hhhhhh,1828.307,1753409700,6a79158e
1898589823536064768,那个脱口秀的哥们吗,1965.639,1753420744,ae954710
1898617694602120704,100元哈哈哈哈哈哈哈哈,1897.022,1753424066,25a98a6b
1898762572212570112,哇厉害了,1941.185,1753441337,eeae67ec
1898770444551886848,哈哈哈哈哈哈哈哈哈,1812.799,1753442275,da4a6923
1899295846349428736,深度学习型会成长,2061.503,1753504908,2233a413
1899311810357134336,陈超超超超哈哈哈哈,1937.372,1753506811,8020f1b7
1899619007338927616,可以的,2140.384,1753543432,f6a66d6c
1899619192483758592,辛苦阿雷了 这么一大段  我都要背半天,2145.64,1753543454,f6a66d6c
1900289831134223104,好丝滑,2143.5,1753623400,6908d584
1900727826387780608,直接转账了，不是地铁卡了,1890.432,1753675613,29c7c55b
1900864257726569216,奇马蓝,2054.335,1753691877,75f02d2b
1900992991485978112,好的画家并不会,1994.973,1753707223,1606bf27
1903906590856424448,对，所以对资本来说是好工具,2119.356,1754054552,c29ddf0d
1905365491481060352,首彩葡萄酒～味道不一样～,1814.065,1754228466,ba4142a8
1905383944120050688,ai i不会创造需求，只会解决人类的需求。,2031.372,1754230666,2ad516b
1906676777745390080,阿雷服装好潮哈,2100.595,1754384784,1327ee61
1907503470140018176,作家，和画家不会。但从事写作行业和设计行业的可能会受到影响，纯商业的会受影响,2014.591,1754483333,f5dd2f0d
1907711567622271232,一个画家的画上千或者上万我都觉得值得，但ai产的图最多一块钱,2110.855,1754508140,b59d3043
1909643331546811648,哈哈哈哈哈哈哈,1802.537,1754738424,d7fb52ee
1913366840508620800,有一只萨摩耶就叫陈超超哈哈哈哈哈,1930.9,1755182301,b30a9c4b
1915224874843617536,前面的萨摩耶的别走,1937.599,1755403796,32f67cc0
1915935882930912000,哈哈哈哈哈哈哈哈哈哈哈哈哈哈哈哈哈哈,1859.99,1755488555,51f2909e
1922480732891760896,陈鸣飞投稿,1994.089,1756268762,8dd2ba4e
1928560476044906752,ai会替代那些水平不高的人，真正的艺术家和作家是无法替代的,2055.3,1756993524,cfd3a899
1930620440054015744,现在AI技术还不成熟，以后就不知道了,2042.591,1757239091,8f57e35c
1950374312087470592,可以娱乐，但没有深度的东西,2005.631,1759593936,5ff286de
1953028710341331200,当然不会,1991.043,1759910365,6e0df0f6
1966172314316318464,好可爱啊这两个人，萌萌的,2019.752,1761477204,1ee5697
1970992051982448640,其实AI给创作圈子带来了很多好处，痛苦的是那些想不劳而获的人，AI反而将这些人筛选掉了。,1971.291,1762051762,9d717ee2
1970992805346750208,想要不被取代就得进步，人类是一直在进步的,2037.466,1762051852,9d717ee2
1980015234983286272,画手可能会，画家不会。写手可能会，作家不会。,2003.369,1763127409,916232ae
2004595551308142848,笔触这个东西AI永远做不到,2129.602,1766057611,ffa3828d
2027798215826511616,有道理哦,2053.34,1768823584,8f58d927
,,0.0,1775683732.8000336,
lb.c,,0.0,1775683732.8000336,
,,0.0,1775683732.8000336,
1895737322071625984,哇，倒过来的角度，不错,2320.614,1752985858,bc12bdcf
1895737389348262144,1000个人欸,2404.742,1752986739,1262b263
1895737464325640448,伦的观点每次都好深度,2429.52,1752988798,dd38837b
1895737568671535360,萨沙确实越来越厉害了,2188.029,1752990345,4bb6c894
1895737635520352512,AI学习能力强能模仿但是创新上暂时还做不到，给他看某个画家的画，他能模仿但是要他有自己的特殊风格还做不到,2307.016,1752992123,da8612fa
1895737675886334208,对对对,2518.778,1752992832,a4557f7c
1895737868891427072,来自四姐的认可哈哈哈哈,2383.869,1752995522,e868d6e6
1895738095023132928,其实就是说ai没有创新能力,2449.334,1753007080,fbf9b322
1895738186207301888,黄子宝宝！,2478.478,1753010860,d93d12d4
1895738219937894656,普通话越来越纯正了,2340.564,1753006552,2f987c3c
1895738308387377408,简单且周而复始的工作不会被AI取代，他们只会被机械化和自动化取代,2177.8,1753012446,da6fca28
1895738539074097408,可是这样的画家真的很少啊,2355.484,1753016161,cb47e4db
1895738633898922240,肯定是指定啊,2166.696,1753023213,691ef385
1895738659433844992,厉害,2461.836,1753022215,7d9f8a33
1895738860030628096,ai只能生产“产品”,2438.121,1753027530,9cc53f64
1895739034186518784,伦儿说的好有深度,2417.125,1753066030,91850ea9
1895739151803191552,老王说的对,2249.4,1753067040,f7934ca3
1895739188276859136,罗师杰在做捧哏,2338.921,1753070661,5268d633
1895779537472677120,很喜欢伦二这个比喻,2442.524,1753085731,3a31dcb7
1895880915561975552,说的确实好,2456.856,1753097817,db27ad6e
1895903241901117696,哈哈哈哈哈哈哈哈哈哈哈哈哈哈哈哈哈哈哈,2382.245,1753100478,4365b2b7
1895978595307183360,黄子！,2470.27,1753109461,692c8ed6
1896020644002007808,我真的我好多次都和萨沙一种选择，高度重合,2355.219,1753114473,683bd9b9
1896387667051097344,创作过程本身也很迷人的！,2197.312,1753158226,1195ac4c
1896391286534280448,我觉得最多AI的作品和人类的作品放到平等位置去欣赏，不会谁取代谁，就像人类不会只需要一个艺术家。,2329.047,1753158657,1195ac4c
1896433511490107392,伦真的每次都说的很好,2449.736,1753163691,dd1dd59f
1896446842347168256,对的。还很无厘头,2510.941,1753165280,9ec95bfa
1896478238348470528,AI没有人所具备的“灵性”，这个是根本区别。,2484.776,1753169023,130b1ee9
1896481816450316288,但那么多著名的画家，活着的时候都没见到自己画出名啊，现在这个行业，艺术还是单纯的艺术吗,2362.688,1753169449,21030a05
1896495205256114944,英专生落泪,2257.924,1753171046,272cb156
1896500684711484672,说白了AI都是把现成的 现有的知识告诉你 它无法创新 没有创造力 也不灵活,2475.575,1753171699,fc8a9b09
1897059227684406272,现在门铃还是用的那个，后面的杨紫琼没必要，前面的那个欢迎来到毛雪汪还行,2509.318,1753238282,35645b71
1897154550214244864,现在小说好多都是ai写的,2317.184,1753249646,d7cb2127
1897198418581828096,更像是Freestyle的,2163.42,1753254875,6f99a845
1897285342076082688,中东人好爱用具体的比喻 好玩,2241.494,1753265237,290bcf14
1897353535075926016,哇伦儿讲得很好,2457.048,1753273366,bbeae81b
1897433976919450368,AI可以帮你炒作 帮你买热搜 买水军 坏的也会变好,2340.159,1753282956,d844b0d7
1897838265261261568,ai创造现在最大的问题是版权，它的数据哪来的？,2329.257,1753331151,9cdf46e6
1898170337209376256,伦是有文化的,2407.645,1753370737,c4640bae
1898593071588396800,不指定的话会长和杨迪肯定会控场的，不然非正式会谈就变成非正式广告了,2170.649,1753421131,ae954710
1898594159171501824,这个点很对啊，其实观众也是作品的一部分,2314.377,1753421260,ae954710
1898594721166096128,是的，没法取代艺术先驱者，但是人类多久才会诞生一个艺术先驱者呢,2398.763,1753421327,ae954710
1898858478203265536,AI是能画出来的，但是目前AI还没有真正创新的能力,2354.986,1753452770,85cd1b5c
1899282247644146688,伦说的超好,2450.24,1753503287,c89ae7d7
1899389604638008064,这样就意味着只有大画家才能生存,2315.347,1753516085,422009b7
1899968866063992832,钟逸伦的观点好到我想记下来,2407.551,1753585138,85e961e3
1899971539840366080,是的，有时候ai出来的东西是不实际的，属于给你描述的天花乱坠但其实并不实用,2516.355,1753585457,85e961e3
1900045394068096512,萨沙是不是deepseek了,2365.82,1753594261,37dfb466
1900699314750768896,AI不抽象,2514.068,1753672214,10555ed6
1900775830246937344,完全同意伦儿的观点,2435.304,1753681336,a9930091
1900996813578880512,"很简单，好的创作,有灵感的创作不会被取代",2425.093,1753707679,1606bf27
1901031552633139456,这不兴叫哈哈哈哈,2498.047,1753711820,c35a3236
1901722114823131392,是抽象,2352.846,1753794142,5adbede8
1903867788553414144,这个议题可以看当下社会在机器大生产的时代我们总是追求手工工艺但是再看我们在什么东西上追求什么手工,2232.109,1754049926,8d3fe83f
1904376810779811584,翻译作品是再创造，当然属于文艺作品了,2280.086,1754110606,21f73640
1905336105902178560,1111,2456.232,1754224963,94dc5d7b
1905386536745115904,数据量都是过去的，像ai创造的一些画作都是基于历史风格，没有未来的风格。,2288.044,1754230975,2ad516b
1906081274615969024,制造业，，,2184.094,1754313794,6748a4fa
1907510299724980992,没错,2175.769,1754484147,f5dd2f0d
1909633496364914688,感觉好多代表还有别人不了解ai画画的原理。那真的就是裁缝大集合,2203.365,1754737252,142fcb13
1916012736815445248,有几个确实在搞艺术的，大部分只是在所谓的艺术行业里混口饭吃而已,2297.01,1755497717,272ec1ba
1919515972591515392,ai又不能原创，出来的东西都是人家已经有过的,2324.575,1755915335,d61f036d
1919765655767985408,确实,2390.9,1755945099,39b1306c
1920593694097511424,但是那么多人之中又有多少个大师呢？千里挑一。只能说大师难以被AI替代，但大多数普通人是很容易被AI替代的,2364.264,1756043809,288a6e7
1921471313504249600,哈哈哈哈哈哈哈哈哈哈哈哈哈哈哈哈哈哈哈哈哈哈哈哈哈哈哈哈,2384.908,1756148430,d0352b3
1924730497872245504,但是很多人其实也只是围着光圈内打转，只有少部分是能发出光的哇。ai无法完全取代，但是ai取代大部分工作应该是必然的,2449.995,1756536955,90bb401c
1937410966522432000,不愧是高材生,2428.936,1758048584,664fbc21
1944395634396738304,可是艺术的标准是很难说清的，尤其是超越时代审美的艺术,2372.895,1758881222,952047f4
1946596116557161472,同传不可能，比如自古以来，中国有句老话，你怎么翻译,2271.392,1759143540,24bc755
1953032408702466560,哈哈哈哈哈哈哈哈哈哈哈哈,2390.919,1759910805,6e0df0f6
1964145062028178176,哈哈哈哈哈哈哈哈，怎么我在非正还能听到黄子,2469.118,1761235537,f260f6db
1965470285503505664,但是现实中其实有一些需要创作的。工作他确实是会被AI取代，因为作为商业用途，AI的那个程度是完全够用的。这是我们一个从国内大厂离职的老师跟我们讲的。因为他们当时在做东西就已经套模板用AI。,2380.266,1761393516,d0b3063b
1965962475476472064,梅丽莎好好看,2271.709,1761452189,5c1cccf8
1968996492291897088,好啦ai取代不了伦儿,2435.324,1761813872,269700bc
1969411312866597120,如果人类不再进步 那AI还会是AI嘛,2414.221,1761863323,7ed3ebc
1985133228776545024,翻译读空气什么的感觉能训练,2278.757,1763737521,55203a50
1985134760192303360,可以训练,2518.973,1763737704,55203a50
1996728559007878656,ai应该是从1到60，而人是负责从0到1和从60到100的,2430.868,1765119792,74ba3500
2056102682372178688,ai模仿的只是形式,2363.539,1772197739,fa9ad547
2082958314446724096,AI只是提高效率的工具,2221.713,1775399180,a4d2be15
,,0.0,1775683732.8000336,
lb.c,,0.0,1775683732.8000336,
,,0.0,1775683732.8000336,
1895737410512720128,感觉这个有趣1,2795.193,1752988764,39108e46
1895738094108774656,意识,2662.0,1753003029,6653a374
1895738218117566720,我更喜欢作品独立于作者存在,2704.182,1753012025,729cd479
1895738283766812928,除非ai哪天学会了思考和不按常规，但是人类会允许这样的它们存在吗,2540.067,1753010137,10294f3d
1895738567352094976,主要是用得少了吧,2862.128,1753022489,61f1cb93
1895738632992952576,超超太美啦,2555.795,1753022069,1f0a24fa
1895738636633608448,真的很爱Dylan，每期必cue，哈哈哈,2649.068,1753021557,6e443ff5
1895738730552463616,deepseek是这样的！,2522.65,1753021395,6e443ff5
1895738777964876032,大左又困了,2711.853,1753025162,d6bfe3aa
1895738899238981888,阿雷一定很有语言天赋,2864.374,1753026188,3b5559de
1895738997712851200,加字游戏,2829.421,1753054603,5dbe0dac
1895739267607924992,西语里的人称变位和阴阳性很有意思，我，你，她，他，您，你们，我们，他们，她们，您们,2804.071,1753072834,293203a
1895850139940747008,工作报告AI的确是好帮手！,2543.657,1753094148,416bbb9a
1895921119618453248,作品和作者根本无法分割啊,2714.73,1753102609,e1f0140c
1896012893708357120,ai没有人生，但是ai有你们呐,2743.137,1753113550,698bab0d
1896065447497910528,语言环境很正常手能生巧,2876.525,1753119814,cc2734ec
1896479661995797760,Blade Runner,2645.459,1753169193,130b1ee9
1896654942690213632,中文是积木并且是榫卯结构,2830.122,1753190088,89807551
1896772345109555968,词根词缀 哈哈哈哈哈哈,2818.729,1753204083,1f9c8d2e
1897102321968798464,不知道为啥这个话题老是让我想起崩铁里的博士尊，我们强大的智识星神,2549.068,1753243419,f5a06ba5
1897196758887995392,AI代替不了艺术家，但AI能代替打工人，作为普通人的我是焦虑的,2757.811,1753254677,b0fb79b9
1897363087586601216,是的 英文是树形语言,2824.014,1753274505,84203b4
1897872503666875648,超超说得好～,2569.221,1753335232,c76fd2
1897944087584629760,来了看预告最感兴趣的话题,2788.137,1753343766,9cdf46e6
1898191646873602816,我靠，这个观点让我耳目一新,2536.947,1753373277,f0071fca
1898587064925435904,这个话题好！,2795.805,1753420415,a18ccce
1898596254410661632,ai如果把微醺状态也建模了之后可能就能复刻了，并且能随意还原,2581.86,1753421510,ae954710
1898596665712523776,确实，一个平庸的内核很精准,2640.395,1753421559,ae954710
1898861636539289344,而且目前可能觉得觉得AI的有些图或文字有灵性实际是观众自己的赋予这些东西的主观体验是观众自己的灵性不是AI的,2668.317,1753453146,85cd1b5c
1898899350840110848,是不是ai的记忆能力有上限的原因？,2636.01,1753457642,2ddb40c0
1898913616263543296,ganghood这个真的不是广东华侨带去的词吗江湖的粤语发音啊哈哈,2769.624,1753459343,e8831434
1899395980466646272,大左那个表情，哈哈哈哈哈哈,2727.784,1753516845,2a7b6daf
1899451219231916544,因为没有坚持每天都用ai跟它进行大量互动给它数据样本支撑，所以我认为每个人用的ai都不一样，我觉得我的ai还是挺像我的,2647.849,1753523430,cb8fc6d6
1899934260052788480,中华文化的包容性哈哈哈,2849.24,1753581013,ae954710
1900015569328667392,好喜欢这个话题,2795.283,1753590706,85e961e3
1900048826854286080,那人的灵魂是电子信号吗，如果是，那人有没有可能是超级精细的碳基“机器人”,2655.645,1753594670,37dfb466
1900281300003517184,西部世界的核心就类似这样的,2602.68,1753622383,cd73212b
1900285629850936576,确实起码目前的ai画作没有人画的灵气,2557.858,1753622899,21100105
1901048146860625152,这棵树的动画是ai生成的吧,2803.727,1753713798,bba3e7b3
1901659990159627264,对，写文也是太高大上了，不接地气,2520.306,1753786736,105f52db
1901679859307668992,前面的，你把ai想得太厉害了,2738.443,1753789104,8c5fa1a1
1901694474971820544,知人论世是解析作品的一个重要观点,2714.601,1753790847,bb1af361
1901807782567905536,小熊说法语的表情好可爱,2871.945,1753804354,6b233d5a
1902175987245469952,灵韵,2668.184,1753848248,3fc3c7dc
1903102126856042240,人的反应和情绪千变万化 ai需要基于data来学习复刻 但人心和思想复刻不了 因为你自己都不知道你到底会如何啊,2743.891,1753958652,95e70b5d
1903911544119548672,机械劳动（报告、PPT、标准化文案等等）确实适合AI,2552.306,1754055142,c29ddf0d
1905283396587498240,我也有这样的担心，毕竟大的发现是要在小的累积基础上的。如果这些小的方面都被ai包圆了，人类还会有大发现的灵感吗,2568.797,1754218680,1739167a
1905322044405448448,心理学本来就有灵魂,2690.41,1754223287,f73e1df3
1906144811317396224,我以前学英语的时候，也会想外国人学中文的体验是怎么样的,2818.823,1754321368,de5d2566
1906664836822229760,所以说语文考试里的阅读理解靠标准答案就很扯,2687.504,1754383360,16673124
1906696462252080384,感觉伦儿是语言限制了发言,2529.891,1754387130,64b0d079
1906886153408858112,好适合我英专生来听 ,2814.7,1754409743,937fdd57
1908206015506796288,ai不可能成为艺术家 这句话有问题吗？,2749.178,1754567083,d8a8f583
1910400646260643072,喜欢这个论题,2802.046,1754828703,8815c960
1912295074109538048,前面的也可能没有理解什么叫创作，ai可以实现艺术产出，但跟创作还是差远了的,2744.468,1755054537,a8fe5ea9
1912306335295954944,怪不得我学英语困难,2848.344,1755055879,cdc7bc83
1914618808048601600,说的好好,2678.049,1755331547,39959bed
1914619278565804800,大左看手机哈哈哈,2728.618,1755331603,39959bed
1915193156341953792,现在ai就是一个全领域博士只是专家。他只是没有真实世界的更多样样本数据,2569.108,1755400015,23dde82b
1915445346528739072,电脑病毒：我来看看怎么个事儿？,2576.487,1755430078,aa8cb2c6
1915986185612797696,“就没电了”哈哈哈哈哈哈哈哈,2591.443,1755494551,cd971f7f
1916852564402818816,江湖不是打打杀杀，江湖是人情世故wu～～～～～～,2764.246,1755597832,ebcfcea3
1919268751279502848,这只能证明如今的AI还不聪明，还不智能，难道AI技术不会变得更厉害吗？,2612.277,1755885864,8ff620f
1921321382714216960,信息熵大,2841.927,1756130557,c8faf44f
1922681235663422464,如果AI真达到这个高度，那AI就不是AI了，人类也危险了,2697.724,1756292664,bc17ebe1
1926387262783289344,人类作为个体，生命体验是有限的，而ai作为更高级的文明，或许会不会被我们想的太简单了。,2771.566,1756734456,d0244f28
1928566961126791424,他说的太绝对了，ai技术刚刚起步，未来的发展是不可预知的,2749.14,1756994297,cfd3a899
1928568074974780160,英文是孤立的好吧，中文是组合式的,2834.7,1756994430,cfd3a899
1952531056876225024,如果AI能够有自我意识和思想，AI就是人，人退为动物,2715.729,1759851040,3d553d69
1996732419327971328,中文很简单很适合其他民族学习 所以中国才会是一个多民族国家 并且从不排斥其他文化海纳百川,2835.006,1765120253,74ba3500
1999292041175421696,Ai man姐吗哈哈哈,2602.201,1765425383,e4630f95
2027802308762818304,这个观点好,2541.215,1768824072,8f58d927
2045095330529259520,这个想听很久了！,2795.731,1770885561,e6d149b0
2069023283827016448,AI可以创作，但是每个人有独属的成长经历，他创作的东西是独一无二的，所以替代不了个人,2739.673,1773737995,6b2b33d2
,,0.0,1775683732.8000336,
lb.c,,0.0,1775683732.8000336,
,,0.0,1775683732.8000336,
1895737617359016192,哈哈哈哈,3218.723,1752993544,a4557f7c
1895737713425355008,但是中文商务场合也会这样，中文也有客气和礼貌,2976.263,1752992710,5866b398
1895737727702765824,但是中文之前也这样，白话文运动时就有胡适“干不了，谢谢”“才学疏浅，恐难胜任，恕不从命”的案例,2975.656,1752993017,5866b398
1895737820195557632,哈哈哈 我第一遍也在疑问 你不是医生吗  结果发现卡在了中文上哈哈哈哈哈哈,3227.366,1752997558,fbf64f60
1895737998369591552,好喜欢伦儿讲故事,3143.561,1752999620,7b5f275c
1895738106876236032,伦的冷知识好多哈哈哈哈,3121.118,1753010691,450eca7a
1895738131496800512,英语四级准备,3180.027,1753009480,8fd891b1
1895738136966172928,德语出来说话,2889.523,1753008855,47376c28
1895738139700859136,日本文化有些过于客气了，反而成负担,2979.348,1753006769,13ee2db9
1895738374950981888,日文的语法结构太麻烦了,2947.238,1753012693,58c62de
1895738385889726720,语言环境真的非常重要,2880.638,1753014675,c0184399
1895738605637701888,哈哈哈，西语信息密度太低了,2887.48,1753021179,913778e0
1895738888291848448,和语言背后的语境文化有关的,3004.846,1753030941,5404f33
1895738956675780864,日语真的，可能是因为日本人很容易不安所以很喜欢叠甲,2968.764,1753036550,7a1afabc
1895739047859949824,伦儿个学霸知道的可真多啊,3138.994,1753066617,91850ea9
1895739281281356032,这解释也是费劲，中文六个字解决：有根源无系统。,3165.086,1753078062,1ea53aa5
1895813671943725312,说英文是因为没学过其他语言hhh,3058.228,1753089800,18de2fc4
1895885303986710784,七月八月是纪念凯撒和屋大维硬加进去的我记得,3103.283,1753098340,db27ad6e
1895963615233216000,月天~~~~,3088.264,1753107675,bb240a6
1895984463582683136,伦儿好棒！,3141.672,1753110160,692c8ed6
1896199650127027712,Medium well steak,3202.601,1753135813,74e59e26
1896307962851638528,Mayday！Mayday！,3084.608,1753148725,b748a01c
1896408715746876416,原来如此，怪不得烷烃的英文名是这样命的,3130.385,1753160735,30eb9777
1896433111504550144,月份的英文在西方文化中也算是历史文化的体现,3081.902,1753163643,a076c47d
1896450535448673792,杨迪太有意思了,2936.319,1753165720,9ec95bfa
1896482053151608320,文化语境不同,2926.889,1753169478,130b1ee9
1896482757568255488,看过日语邮件的结构 那是真含蓄啊 好像说“不”是天大的错,2948.052,1753169562,130b1ee9
1896753204394875904,店家不想给别人用，为什么还要设置自己的店名为WiFi名啊，这样每次都解释多麻烦,3049.958,1753201801,2677cf4c
1896946225677535744,是凯撒和奥古斯都加的7月和8月打乱的吧,3129.064,1753224811,a5fb62e5
1897250225970898176,而且13月 和 星期八这种说法 他们只能重新创造一个词,3115.972,1753261051,c5e94360
1897407157516052224,就像知道奶奶的礼物用俄语怎么说，真的那么长吗,2896.574,1753279759,d849b843
1898582067882162432,日本人说一个句子 一半都在委婉,2941.965,1753419819,76036370
1898588868694397440,敬语地狱,2954.96,1753420630,a18ccce
1898590585045603584,这个是历史上的语言融合因素吧,3060.517,1753420834,a18ccce
1898665512134126080,说普通话久了会忘记方言,2905.249,1753429766,b0850c04
1898850951616771840,为什么要留下殖民的痕迹,3157.268,1753451872,ef8bd67d
1898937681158312448,还有星期,3074.909,1753462211,b465622b
1899312426064304384,中文好比压缩包,2881.612,1753506884,714d1f13
1899359596045350144,哈哈哈哈京都人,2942.526,1753512508,48caf715
1899668818784674048,这是人为的，任何国家要是愿意这样，也能在表达一个简单含义时去延申自己的句子,2968.119,1753549370,395ce43e
1899936646569887488,还有星期。日语也要再背一次,3072.627,1753581297,ae954710
1900498638082942464,懂日语的可能会懂吧 真的巨长一段,2997.345,1753648292,8205cc06
1901004936989475584,其实赖赖的发言都挺有信息量挺好的,2962.898,1753708647,2c9403ee
1901005262887011072,好温柔啊,2994.395,1753708686,2c9403ee
1901007210696225280,日耳曼人,3145.006,1753708919,2c9403ee
1901007274919789824,棒棒,3148.423,1753708926,2c9403ee
1901007503156656384,原来如此,3165.412,1753708953,2c9403ee
1901007627769515776,很详尽诶 原来不知道,3169.51,1753708968,2c9403ee
1901036066467942912,唉确实会有些容易导致内耗,3036.179,1753712358,c35a3236
1901601973363943680,中文是象形文字发展来的,3076.554,1753779820,92f8c01f
1902328538762730496,反了,3049.595,1753866433,89ed58e
1902903884662556160,一个Wi-Fi都这么抠啊,3030.227,1753935020,96f86921
1903773304859711744,非常容易不安的日本人,2947.431,1754038663,5eebbb86
1904212771181454848,主谓宾主系表的顺序是一样的,3210.693,1754091051,4213efaf
1904516264131825920,正常吧,2882.476,1754127230,3e5e834
1904516761693761280,哈哈哈,2941.821,1754127290,3e5e834
1904516806791007488,晒伤妆,2947.196,1754127295,3e5e834
1904519028052442624,混了是吗,3179.667,1754127560,3e5e834
1904710780163548160,你习惯了，完全没问题,3083.008,1754150418,1606bf27
1906026731576451328,这个确实有点直接了，中式中也确实可能存在这样的,3018.666,1754307292,c8137052
1906684917807754240,英文比法文容易,3070.951,1754385754,1327ee61
1907637741270252032,呜呜呜英文里器官名词和病的名词和相应科室名词真的大部分完全不一样，太痛苦了真的完全不一样,3237.084,1754499339,ff8d4f0a
1907900244344148736,？我们大学老师都说英文天生自带逻辑……,3046.075,1754530632,21c98764
1907939231465567232,哈哈哈哈哈哈集合,3078.613,1754535280,27e7f95a
1908208058292258560,日本好累,3042.943,1754567326,d8a8f583
1908238397278553600,想委婉也可以委婉呀。只是大家觉得太装不那么说了,2986.636,1754570943,a4b37ddf
1910303699142508800,所以我总觉得他们说话烫嘴？,2905.236,1754817146,664d29dc
1910306040881807360,忍。哈哈哈哈哈哈哈哈哈哈哈,3034.062,1754817425,375127a9
1910306198109537280,濑濑刚来时候的梗,3034.062,1754817444,375127a9
1915449847520377088,动物名+肉表示某种动物的肉。这是几千年沉淀下来的智慧,3051.605,1755430615,aa8cb2c6
1915991236444326656,萨沙好搞笑哈哈哈哈哈哈哈,3217.489,1755495154,cd971f7f
1916226599335198464,donde donde,2931.706,1755523211,41d23346
1916228677268589568,wow,3173.682,1755523459,41d23346
1916315156007532032,前面的，除了没有小贝拉逻辑,3181.139,1755533768,299590f4
1916619295518292480,哈哈哈哈哈哈哈,2919.677,1755570024,51f2909e
1919962561386910208,不安,3011.16,1755968572,3bd57624
1920500537993289984,这个就是我想吐槽的，英语的日期真的好难记,3060.432,1756032704,7b3cb016
1923466522425711872,伦儿才是真正的博学学霸,3150.234,1756386277,a82a2ebb
1929348917360019200,其实中文更没有逻辑，就是你想怎么说都可以，主要就是看积累量了,3057.608,1757087513,467053b4
1932308120081196032,我第一次在国外吃牛排 说五分熟 five，服务员大问号,3201.353,1757440278,52ac390e
1938326182697830400,对对对，这个很麻烦,3032.573,1758157687,69dfa122
1944620545828698368,10个月 那年都要过错,3124.155,1758908033,1875fd96
1960152989767726848,词源太多，还要混着不统一,3101.673,1760759645,7bf5ae5
1960315171222860288,商务对话,2985.653,1760778978,99cb8cc6
1970391830956991744,英语学渣产生了一些不好的回忆……中文换个字就能表达清楚的事儿，在英语里面要挨个背单词,3201.922,1761980210,f517d2b4
1971032280625968128,这不叫逻辑，这叫历史渊源，如果英语本身有逻辑，他就该根据自己的语法规则来解释这些东西，而不是照搬别人的,3173.232,1762056557,9574db04
1986522542408234752,著名“星期八”哈哈哈哈,3064.179,1763903140,2a9d92f9
1988680519910594304,好可爱的语气啊,3211.732,1764160391,c847ffba
2015997122545654016,凯撒大帝修改了历法，十个月变成12个月,3118.741,1767416784,ae954710
2029776380103077120,都去店里吃饭了还不让用WiFi确实不厚道,3021.134,1769059400,361d239
,,0.0,1775683732.8000336,
lb.c,,0.0,1775683732.8000336,
,,0.0,1775683732.8000336,
1895737449360363776,哈哈哈这个音效,3434.307,1752989690,dd38837b
1895737554259906816,汉语自带超链接,3502.689,1752990382,7e894dc7
1895737698191642880,英文不是也有一些语气词吗,3463.7,1752993765,534bf33e
1895737702964760832,现在小孩学典故也是这样的,3515.271,1752993777,5866b398
1895737848280617216,所以他们上大学贵的要死,3301.863,1752995548,136254b6
1895737891691663616,如果目标是跟人勉强交流的话，很简单,3388.746,1752996103,7864b331
1895737902630408448,哈哈哈哈哈哈,3542.495,1752996835,e868d6e6
1895737928165331200,对啊对啊，本来就是啊，所以那些鼓吹国外如何教育平等的，本来就是扯别的，首先连语言就是不平等的门槛很高的,3270.78,1752996508,e868d6e6
1895738086819074304,感觉我和听英语一样,3398.682,1753007529,2f987c3c
1895738104141549824,我听英语听力也这样,3398.818,1753008039,fbf9b322
1895738124207100160,这里应该是well,3591.94,1753002948,90a344d5
1895738260068995328,语言浓缩ww,3415.286,1753013167,58c62de
1895738461571748096,亚洲语言普遍是这样的，主要还是大中华地区辐射,3581.0,1753014800,b345a1e6
1895738525392277760,我也发现了这个问题,3257.235,1753015917,6ee65ea5
1895738653964472576,此处BGM已经日本风格,3569.688,1753025562,226099f9
1895738823556960512,太where了哈哈哈哈哈哈,3558.444,1753026489,8ad6ba0b
1895738935712649472,我感觉老王就这几期非正下来汉语都有进步了,3428.469,1753027972,8d665d98
1895738962153541888,其实我现在在英国生活，无论是跟哪个国家的人说话，我经常回答嗯，他们都可以听懂，真的很方便很中文的表达,3471.945,1753054895,973da82
1895738991337509120,前面啊？的点在哪里？？,3505.733,1753067454,43cb6c93
1895739004096581888,我也才知道,3285.669,1753033782,d5c5e535
1895739009565954304,哈哈哈哈哈哈哈哈哈哈,3317.609,1753068397,f7934ca3
1895739326890217728,成语是超链接，所有熟语俚语和歇后语才是压缩包,3537.481,1753078668,1ea53aa5
1895809281815646464,最惨的是日本人，在这些基础上还要翻译成片假名背,3285.983,1753089277,d2fc1204
1895891365066548224,汉字自带压缩包超链接,3506.18,1753099062,1eeaccb8
1895906708459891456,哈哈哈哈哈哈哈哈哈哈哈哈,3542.014,1753100891,8223018c
1895917280982994176,弹幕呢？,3380.471,1753102152,4365b2b7
1895937886776867584,戴卢可是佛拉芒人,3461.641,1753104608,be52f108
1895945065151751424,1,3469.14,1753105464,83719079
1895974459136292096,老王这个手指的动物太萌了哈哈哈哈哈,3368.702,1753108968,c5fcbd94
1896736230398801920,迪伦想介绍哈哈哈哈哈哈,3285.135,1753199778,b9816bbd
1896738375130942976,哈哈哈哈哈哈哈哈哈哈杨迪太有梗,3552.143,1753200034,b9816bbd
1896773498131941888,不想听，不想了解医学法学这类太专业性的东西,3330.832,1753204221,b176604b
1897146857139167488,吧 吗 哦 ,3449.353,1753248729,35645b71
1897148948762767360,中文常用字2千～三千字，医学法律都能看懂（每个字）英文你得重学,3300.605,1753248978,729e3ab7
1897240958723524864,他是整形医生,3245.183,1753259946,c05066cc
1897344309032788992,HHHHH,3548.929,1753272267,e724095e
1897353674855129344,老王的汉语是靠“百家饭”成长的啊,3413.629,1753273383,d403eb94
1897959016110826496,我感觉日语表达比中文更模糊，但欧语系应该比中文清晰,3481.107,1753345545,9cdf46e6
1898037661450136320,没有语言是难的，融入当地都很容易学会,3360.179,1753354921,6ba6f998
1898147251440773632,学医的英文巨长一个单词,3249.832,1753367985,33c2f0de
1898595100549340416,yeahhh和“え？”的洗脑率也很高,3442.216,1753421373,a18ccce
1898595474438069760,好的，收到,3466.201,1753421417,a18ccce
1899889882369721088,然,3577.428,1753575723,3e3ca627
1899940569846165248,英文里的humm不就是这种意思吗,3483.17,1753581765,ae954710
1900248293867858176,看吧~,3476.886,1753618449,1bd801ae
1900268259098969856,大学学心理学法学，专外学的人想死，开卷我都累死，必须背一些，不然翻都翻不到,3309.209,1753620829,68efaa5c
1900386229888349440,害,3588.413,1753634892,33977ab
1900504034642194432,而且现在还在一直造新词 网络迭代也很快,3536.387,1753648935,8205cc06
1901038009001065984,确实，会有专业壁垒,3267.74,1753712590,c35a3236
1901043281199645696,整形医生不背专业医学词汇吧,3248.477,1753713218,ae954710
1901055028312566528,嗯 用英语的yeah 不行吗,3513.992,1753714619,bba3e7b3
1901699298253806080,哈哈哈哈哈哈哈哈哈,3555.241,1753791422,bb1af361
1902215296740708608,中文一个哦～～～能表达很多意思,3489.451,1753852934,167a1194
1902491000623422720,生物学全是拉丁语,3260.405,1753885800,59b380d7
1903115360002498048,汉文人点了,3530.814,1753960229,95e70b5d
1904402415873511680,哈哈哈哈哈哈,3438.59,1754113659,6327891d
1904520475078927360,我也想听伦儿讲历史,3336.829,1754127732,3e5e834
1904713978178131968,你会不会说重要的是环境问题，像我现在的应试教育，会看和阅读英文，写和说就很差,3417.528,1754150800,1606bf27
1904714897275852288,很多更复杂的，很多中国人也不知道,3523.445,1754150909,1606bf27
1904715420767052544,不就是看语气的吗,3577.83,1754150972,1606bf27
1906688697462662912,小姐姐英文很好好听 不是脖子右柠哈哈哈,3466.311,1754386205,1327ee61
1907359113126774016,粤语无障碍～喺！,3563.437,1754466124,d9a3acb1
1908669758451742720,还有古希腊语,3297.211,1754622365,f41917e3
1910307226334185216,让伦讲下历史,3294.697,1754817567,664d29dc
1915992112592547840,我想听伦说,3296.419,1755495258,cd971f7f
1915994372726802176,四姐reaction好棒,3542.21,1755495527,cd971f7f
1916230844314519808,语言还是要在环境中学,3421.751,1755523717,41d23346
1919282737379220480,匈牙利语也非常难,3351.111,1755887531,8ff620f
1920520378267664128,意群,3403.007,1756035069,99536495
1921097014738263808,陈铭老师说的吧,3438.683,1756103810,bc1232f7
1921950390136930304,就跟中国的好字一样，有时只是表示听到你话里的信息而已,3576.112,1756205540,91f228fb
1926835259497439744,经常看着看着觉得他们几个老外把中文说这么溜好厉害,3412.989,1756787862,b97e7a27
1938829039104673792,笑死我了，这句话谁说的？,3434.256,1758217632,c1c7a66
1996737031745336320,并非,3352.126,1765120802,74ba3500
2011293092187681536,哈哈哈和我对日语的感觉一样，，，呆了10年多 后面觉得是没有尽头的,3529.002,1766856020,1bdc989c
2012585087044033536,这个确实 日本的法律和医学基本是学习德国 舶来词也是基本用德文音译,3321.095,1767010038,83537bde
2018529617530469888,秦嗨汉诺,3562.248,1767718681,a29de8f8
2021310047682553600,是的,3262.826,1768050134,9ae24a60
2035768047671333888,法律也是一样的。中国法律也一样,3275.017,1769773662,f466f7d8
2038743529190839040,先学字，以字正音，阿拉伯人有这个意识，所以他才能学这么快，欧美人完全没有文字的概念，所以觉得中文最难,3384.196,1770128367,7966ad44
2038746329182394624,表情语言，本来也不用翻译,3590.184,1770128701,7966ad44
,,0.0,1775683732.8000336,
lb.c,,0.0,1775683732.8000336,
,,0.0,1775683732.8000336,
1895737386328363264,哈哈哈哈哈哈,3617.105,1752987469,882cd619
1895737509229859072,哈哈哈哈哈哈哈哈哈哈,3676.144,1752989498,59dfb4d2
1895737583057998080,天啊，67个字母组成,3637.073,1752989336,eb069b0d
1895737632492065024,来个短的,3853.378,1752993748,6cf1571
1895737693435302144,哈哈哈不许总结,3609.164,1752993497,6cf1571
1895737816580067584,这里字幕错了，表音文字,3890.122,1752995204,5579ad8f
1895737979226788096,这一季字幕太多错误了，怎么回事啊，中文外文都错,3896.211,1753006124,aab7b18b
1895738066770301184,日语和韩语是不是也是？只要会拼都会读，但是意思得再记,3906.105,1753001542,545954c8
1895738087733432576,哈哈哈哈哈哈哈哈哈,3845.99,1753000556,7b5f275c
1895738152468320512,哈哈哈哈哈哈哈好可爱,3651.946,1753012041,d93d12d4
1895738180737929472,巴别塔,3742.261,1753008044,a62ceb35
1895738275562754304,英文就有刚刚说的英法问题导致逻辑混乱,3943.0,1753015298,b345a1e6
1895738327530180864,日语是半拼音，保留部分中文,3886.0,1753015152,b345a1e6
1895738332093583616,象形文字就是比拼音文字要方便的,3886.0,1753015173,b345a1e6
1895738336648597760,所以传播效率很高，且没有文化断层问题，所以逻辑一直能保持,3943.0,1753015269,b345a1e6
1895738357620117760,想起之前看的用各国语言唱知否。到俄语就跟念咒一样,3849.285,1753016974,910793e9
1895738458845450496,啊啊啊最喜欢听大家聊各语言的特点！这是我当年看非正的初心,3614.056,1753016407,a354f0d2
1895738658519486720,愚者无畏也是一个压缩包呀，它不是常规的意思，俄语也可以生成一个压缩包,3826.746,1753025972,fe92a296
1895738785262964992,哈哈哈哈哈哈,3817.962,1753023551,ef8f951e
1895738933883932928,头晕了,3644.316,1753035085,13a0d4c4
1895738979476017408,确实，看小Q联合国的时候同传俄语的信息密度好低,3838.236,1753041245,cdfc31da
1895739066096783616,哈哈哈哈哈有意思,3612.271,1753067134,91850ea9
1895739104407556352,突然想起之前埃及代表穆小龙的名字也很长,3658.216,1753041498,4e76690
1895739162750324992,尼采：事情没有对错 只有视角不同,3726.186,1753073245,cb0b74b0
1895739177338114304,哈哈哈哈哈大家注意有位烫嘴的德国人要来啦,3629.774,1753067187,91850ea9
1895792428078861312,还真是,3941.511,1753087268,3a31dcb7
1895853082563739136,好漂亮啊,3705.421,1753094499,dc02669c
1895873710125642496,湖南话“搞”也有好多意思。,3601.591,1753096958,29a218df
1895907346799683328,翻译是代表自己翻译的,3697.145,1753100967,d0a706e0
1895978079743661568,decode（语言学人惊坐起,3717.032,1753109399,c5fcbd94
1896108421095192320,姐姐的专业和今天的话题好适配，语言差异,3706.185,1753124937,7388c77a
1896515341271146240,我喜欢这个话题，有意思,3616.444,1753173446,b99d4a1f
1896518162234223872,信息熵,3876.963,1753173782,b99d4a1f
1896543132645330432,这颜值，太好看啦！！！！,3695.311,1753176759,832cc876
1896780626377012736,不动产超级抵押,3636.607,1753205070,1f9c8d2e
1897154366721285632,我又要骄傲了，联合国文件里，就属中文那本最薄（叉会腰）,3813.058,1753249624,729e3ab7
1897941956827989760,都在酒里了,3865.043,1753343512,8b93c9d9
1898002374233537280,好像现在学校初学英语不给学音标了？,3917.24,1753350714,2a453a04
1898102017021935872,满分5,3789.416,1753362592,b29ebb7b
1898156268347363072,我记得我初中那会有学音标 但是不会重点去考,3923.454,1753369060,33c2f0de
1898512243499875328,大左表情笑死我了哈哈哈哈,3865.395,1753411495,4b7d9bf5
1899331643441710592,哈哈哈哈哈哈好可爱,3679.808,1753509175,1091612d
1900180799328848384,确实像吕一,3719.965,1753610403,115a0075
1900386773294106880,不对不对,3653.208,1753634957,33977ab
1901012436203785984,强行闭麦,3615.255,1753709541,2c9403ee
1901013060701833216,字幕乱回了,3657.418,1753709616,2c9403ee
1901170929900720384,还确认下对不对哈哈哈哈,3831.848,1753728435,aa15251e
1901171333829032960,给陈铭总结累了,3859.411,1753728484,aa15251e
1902159930518213632,六书,3947.484,1753846333,705b52ba
1902331185083402240,大学选修语言学讲过这个区别,3951.181,1753866749,92f8c01f
1902335700813538048,分析语,3890.528,1753867287,89ed58e
1903671238854313216,大学老师也一直强调要用外语的语境去理解外语不要纠结于对应中文是什么,3741.737,1754026495,b7a9b2eb
1904763067708153600,萨沙真一点口音没有啊,3759.038,1754156652,ddee2dcd
1905858903875679232,梅丽莎中文好好,3688.86,1754287285,7becfa2e
1906691517007991808,德语也是,3801.725,1754386541,1327ee61
1908906630024663808,俄语∶入门即入土，但不得不说俄语听起来是真的好听,3783.319,1754650603,43d421ca
1913917196015940096,法语也是,3808.423,1755247909,62e4d313
1915995900275556352,好喜欢梅丽莎,3713.265,1755495710,cd971f7f
1916030022574273280,语言的背后是思维逻辑,3695.995,1755499777,272ec1ba
1916079700078810368,忙啊，忙点好啊（doge）,3835.762,1755505699,746f4806
1916625392777953536,很有意思这趴,3621.459,1755570751,51f2909e
1920356151963837440,韩语就是,3912.685,1756015492,954b058c
1920523017751516672,专业的来了,3686.052,1756035384,99536495
1920524371614198784,对!!!!!!,3843.108,1756035545,99536495
1921484775709746688,又美又有学识，太厉害了姐姐,3711.137,1756150034,d0352b3
1921487725823974144,标注拉踩还是没必要哈哈,3945.676,1756150386,d0352b3
1924956553183220992,俄语语法确实难,3781.888,1756563903,e498a6f4
1928311481842799872,我怎么看到了autumn,3673.982,1756963841,272b951b
1929831823954261248,终于说到重点了，一维语言与二维语言,3932.368,1757145080,df7cc456
1937964820096246784,及格了,3795.295,1758114609,ea665755
1940204146955817728,这段话题讨论味道对了！！,3623.895,1758381557,add21500
1947129987367245056,萨沙有口音的，东北口音哈哈哈哈哈哈,3767.265,1759207182,ecb24fe1
1954999544181936896,我们是造字，其他语言是造词，我们是组词,3892.371,1760145306,fb6e727e
1960973806940170496,还有俄语的字感觉都一模一样233,3802.199,1760857494,8b1c7d51
1965271622538264320,字和词不一样啊，汉语的词能数清吗,3769.495,1761369833,b509e6de
1966180469729066752,对的，中国还有很多种方言呢，都是文化,3734.607,1761478176,33978299
1983664562083361280,老王的哇太可爱了,3664.275,1763562443,c53f17b0
1985149511878330880,陈铭没有总结的终究还是要来的,3681.241,1763739462,55203a50
2004619822436624640,上文言文,3868.638,1766060504,ffa3828d
2038747074585654784,这更像造了个固定搭配短语，而不是单词,3646.077,1770128790,7966ad44
2057933376119917312,好漂亮,3689.333,1772415975,dc69dd68
2072056217312398080,母语是汉语好骄傲啊,3882.558,1774099549,f82fb2da
,,0.0,1775683732.8000336,
lb.c,,0.0,1775683732.8000336,
,,0.0,1775683732.8000336,
1895737662774939904,再次安利陈老师的有聊，想了解陈老师对一些话题或者事物的看法的一定要看,4023.906,1752994396,534bf33e
1895737685701005568,俄罗斯女排功勋教练卡尔波利,4271.389,1752994558,7b2fe900
1895737697243730176,俄罗斯队那几年发挥起伏很大，拦防水平下滑了很多，换谁谁都得生气，卡尔波利老爷子不生气才怪了,4283.614,1752994661,7b2fe900
1895737894426349824,还真想听下去,4177.285,1752997978,c7bc6e63
1895737925430644992,不想听,4197.99,1752997336,ca646aae
1895737966459326720,哈哈哈哈哈 我开始逐字学习  doge,4196.912,1752998636,fbf64f60
1895738073137254656,中文是超链接语种,3984.747,1753006704,39499903
1895738140615217408,哈哈哈哈哈哈哈哈哈哈哈哈哈哈哈哈哈哈,4310.057,1753009910,259fe52
1895738233619714304,陈铭老师还想听！,4182.484,1753007774,53b79af0
1895738266444337408,的确，中文很感性,4124.538,1753015157,ef682fb2
1895738305652691200,这个好有意思哈哈哈,4208.39,1753014222,b1b00e21
1895738500780101888,man,3975.847,1753018973,f4eb18b5
1895738511718846720,音译在中文里很少见的，因为我们几乎啥都有对应的,4145.0,1753015534,b345a1e6
1895738631164236032,所以中文真的很美,4112.951,1753025099,a7349199
1895738649401069824,喜欢听陈铭老师说,4192.35,1753025462,105f8ab8
1895738683140051200,粤韵风华请你来学,4228.784,1753024098,99272c49
1895738787997651200,语言这个可以多出几期,4134.263,1753026762,d6bfe3aa
1895738869149044992,偏误,4027.411,1753027772,838e3436
1895738996798492928,哈哈哈哈哈,4203.489,1753035239,187c324
1895739035092488448,还想听,4147.312,1753067760,91850ea9
1895739036006846720,喜欢陈铭老师这期的总结,4148.159,1753035184,187c324
1895739102570451200,哈哈哈哈哈哈哈哈哈哈画,4154.529,1753069234,f7934ca3
1895739191011545344,Hahahaha ,4072.191,1753068882,8c10ef2b
1895793939530218240,嗷～都是……   太地道了萨沙哈哈哈哈哈,4258.574,1753087448,d8c0c6fa
1895917244123625472,希望陈老师说完，简直是精华部分哇,4200.455,1753102147,7d881d54
1895984355831034368,白帝圣剑，御剑跟着我,4280.148,1753110148,25b891ad
1896017901253990656,优先使用枝丫哦,3982.02,1753114146,487f1d6
1896022503672487424,这里也有佛（,4070.515,1753114695,698bab0d
1896322597734351360,中国诗真的作为一个中国人很骄傲，太美了，意境美，有的读起来也美,4105.965,1753150469,996c2fe2
1896460121219883008,好像是这样,3981.646,1753166863,9ec95bfa
1896520846001502976,但是这个总结我喜欢，涨知识,4086.27,1753174102,b99d4a1f
1896521961702968320,还想听，再说个五块钱的吧,4156.119,1753174235,b99d4a1f
1896676574695453952,普希金,4263.726,1753192666,54d3f224
1896725566901062400,哈哈哈哈哈哈哈哈哈哈哈哈哈哈哈,4310.07,1753198507,22445c1f
1896730106723395328,哈哈哈哈哈哈哈这期太有意思了,4209.816,1753199048,9cb4590f
1897010015916183808,对对对跟机关枪似的整个赛场都能听到,4272.545,1753232416,d539e6d1
1897077275255051776,哈哈哈哈哈哈哈哈哈,4190.698,1753240434,3c157400
1897174036765635072,陈老师的总结太棒了,4168.585,1753251969,edbe14cb
1897392318966345984,或许是“道”，但也确实不完全一样,4138.271,1753277990,bbeae81b
1897423909876315136,语言都基于一定逻辑啊，像一个公式往上套，怎么没逻辑了，汉子的构成组词都有逻辑思维啊,4200.979,1753281756,d849b843
1897862636431858688,没听够哈哈哈,4177.458,1753334056,c7d94c30
1897882039651485952,鸟语花香,4319.548,1753336369,5e6db3f9
1897898935013042688,可恶啊这次刚好是我感兴趣的话题,4161.582,1753338383,47a0e8bd
1898160146023362048,这点我作为留子真的深有体会 写英文论文的时候真的是一连二 二连三的感觉 不然会扣分的 但中文很少直接表达这么明确的,4143.613,1753369522,33c2f0de
1898164993313185792,其实古人造字也走过这条路，比如光马就有一百多种，骢骊骓骏骥骁，后来发现这样下去不是个事儿，太麻烦了,3975.043,1753370100,a725bfc4
1898638624019697408,我还没听够,4148.66,1753426561,71afd37d
1898787820446409728,反而英语会听就能拼写出来,3998.591,1753444347,636af638
1899369447870135552,涡轮苏卡！,4306.429,1753513682,3873c0bd
1899754244643268352,我也特喜欢听,4184.346,1753559553,a03bc12f
1899892586974535168,萨沙,4214.495,1753576045,3e3ca627
1900097116832440064,可恶，真的回味无穷啊，陈老师你再讲会儿吧,4169.039,1753600427,664e896
1900296271730859520,哈哈哈哈哈哈哈,4317.511,1753624168,cd73212b
1900392088978706688,笑鼠了,4276.249,1753635590,33977ab
1900392259451958016,太好笑了哈哈哈哈,4296.513,1753635611,33977ab
1901016738342964736,中文是体验,4037.216,1753710054,2c9403ee
1901019576444265728,过分了过分了,4306.717,1753710393,2c9403ee
1901803584791174912,一点也不短，(◐‿◑)﻿,4062.857,1753803854,f40bc1cc
1902041048625348864,不是道，更像理,4143.516,1753832162,18259142
1902331840049217792,感觉中文好美啊，艺术,3990.092,1753866827,92f8c01f
1902332906249409792,中文是瑰宝,4117.378,1753866954,92f8c01f
1902468908746143744,下次是什么时候,4190.613,1753883166,23568bd4
1902949917157764864,言有尽而意无穷,4173.006,1753940507,ca017a5
1903624783280088832,喜欢这个总结！,4097.385,1754020957,f0de91b3
1903829280824533504,我也喜欢看总结,4089.384,1754045335,5f529759
1904583630937199616,赞同，中文逻辑不严谨，甚至会出现颠倒黑白的情况,4118.207,1754135261,b6ee8bbd
1904685207156790528,西班牙拿铁,3995.688,1754147370,7bcfa025
1904719537870318848,中文里面的山有很多很多种,4043.343,1754151462,1606bf27
1904720340727399936,是的，我们中文文字逻辑不强,4117.347,1754151558,1606bf27
1905164537058565632,主持人就是控场的，时长要他负责控制的，没办法的,4223.159,1754204510,630e768b
1905314751845161728,元素周期表,3987.742,1754222417,2eb47862
1905861314233136128,陈铭懂得好多,3967.821,1754287573,7becfa2e
1905869100798891776,你们要聊这个我可就精神了,4216.222,1754288501,acf5d39a
1906539827319374592,哈哈哈哈,4241.001,1754368458,58d57e1c
1906540589273325824,哈哈哈哈哈,4310.782,1754368549,58d57e1c
1906688755184680448,桶装水瓶装水.v,4007.948,1754386211,819e3004
1907523442576883968,绝了,4169.636,1754485714,f5dd2f0d
1907644947604512512,等红灯是在等绿灯,4082.438,1754500198,ff8d4f0a
1907980387771732224,苏卡起手23333,4316.445,1754540186,e06c8437
1910170930404237824,圈粉le,4176.937,1754801319,738a73b
1910230441924162816,陈老师唱了一段跳一跳,3992.914,1754808413,f1feee36
1914555673774369536,山峦峰,4041.505,1755324021,c8be969c
1914633198378391552,白帝圣剑哈哈哈哈哈哈哈,4283.877,1755333263,39959bed
1914709549752189952,太好玩了哈哈哈哈,4297.298,1755342365,7dd1e666
1915999561113992960,哈哈哈哈哈哈哈哈哈,4246.601,1755496146,cd971f7f
1916629292717141760,不会这集都是滴滴滴滴滴吧,4207.55,1755571216,51f2909e
1916847819730828288,老王对中文的运用很通感,4059.05,1755597266,b575b51f
1919200580753647360,喜欢的话题总是听不够，不喜欢的好长，譬如什么信息信息，看到就头晕,4182.566,1755877737,ab909100
1920259340867743488,哈哈哈哈哈,4082.777,1756003951,6fe7767c
1920526322502341120,如如不动,4063.914,1756035778,99536495
1921992866163510272,哈哈哈哈哈,4082.943,1756210604,82b54504
1928582631055161600,我不同意，山我可以解释为突出地面很多的土或者石头,4048.353,1756996165,cfd3a899
1929016966887768832,喜欢语言期,4125.882,1757047942,bd775eca
1929832194772670464,这就叫降维打击,3960.908,1757145124,df7cc456
1932317703025618944,哈哈哈哈哈哈哈哈哈哈,4305.693,1757441420,52ac390e
1937429935681908224,好喜欢陈铭老师的总结 学到很多,4147.093,1758050846,664fbc21
1937697910745701120,其实还是有点口音,4237.83,1758082791,aeeff0bc
1938017766129012736,你不是外国朋友吗？,4224.433,1758120921,bd77f5f3
1943402323418697728,我认为中文是活字印刷术,4043.986,1758762810,fe599c6c
1952092445781283584,苏子开头列字结尾,4254.784,1759798753,b1e41dca
1960114288949624320,我也看了那个视频！！！！俄罗斯教练太凶残了！！！你们可以去网上搜,4271.027,1760755031,6a7c628d
1970983019397520896,听不懂俄语，主要看表情和神态啊哈哈哈,4293.443,1762050685,f517d2b4
1987896814821010944,记笔记。,4214.037,1764066966,a87e4250
1992810780202441728,哈哈哈哈哈哈哈哈哈,4311.986,1764652757,b087944c
1998380675866813952,四姐咋回事，怎么剪这个发型了，还是长发好看,4266.798,1765316740,ffa3828d
2005918499490857216,还得是秦始皇,4012.384,1766215319,11aba778
2027816003223746816,logic,4125.294,1768825705,8f58d927
2035829821229662976,不垢不净，不增不减,4079.032,1769781026,f9735bbb
,,0.0,1775683732.8000336,
lb.c,,0.0,1775683732.8000336,
,,0.0,1775683732.8000336,
1895737401436246272,怎么可能放出来,4342.782,1752987653,5aaa7626
1895737677907988736,啊？不是爷爷辈吗？,4418.736,1752994538,591a47e1
1895737751501246720,哈哈哈哈哈哈哈哈哈哈哈哈哈,4437.159,1752993639,c76f245a
1895737760066015488,爸爸的哥哥不是大伯吗？大爷不是爷爷的兄弟吗,4416.924,1752994737,5866b398
1895737777631760640,那应该听不了泰勒斯威夫特的这首歌吧哈哈哈哈哈哈,4668.85,1752994975,534bf33e
1895737803896492288,老王大好人啊,4585.286,1752995672,ce21b857
1895737832879132928,哈哈哈哈哈哈哈哈哈哈哈哈哈哈哈哈哈,4627.772,1752994815,534bf33e
1895738113259966720,不愧美食博主，这都能跟吃的联系上,4448.927,1753008271,13ee2db9
1895738151553962240,哈哈哈哈哈哈哈陈老师,4623.234,1753004086,e967e3fc
1895738287424246016,哈哈哈哈哈哈哈,4660.359,1753013919,fbf64f60
1895738324795494656,不像演的,4542.675,1753011315,47aef417
1895738367652892928,哈哈哈哈哈哈哈萨沙,4524.058,1753014007,5041b929
1895738494396371200,哈哈哈哈哈哈哈哈,4648.252,1753020067,eabe6363
1895738752438341888,大爷就是伯伯的方言啊,4420.588,1753027986,302e2cd4
1895738870055014656,哈哈哈哈哈哈哈哈哈哈哈哈哈哈,4627.886,1753030164,ea25d4d6
1895738921124860160,鸟语花香,4334.495,1753038594,23ddeab7
1895738943002349824,我笑的不行了,4567.735,1753035604,187c324
1895739028708757760,那确实不好，癌症很痛苦的,4375.493,1753037991,7a1afabc
1895739033272160512,北方大爷就是爸爸的哥哥，还有些地方会叫大爹,4422.924,1753038056,7a1afabc
1895739051508994304,比利时，荷兰，不由自主地dudududu,4370.072,1753045018,cdfc31da
1895739054243680512,这期太好看了哈哈哈哈,4582.978,1753035619,187c324
1895739071566156032,全世界的趋势哈哈哈哈哈哈哈,4405.411,1753069485,f7934ca3
1895739076129558784,看来还是妈妈重要哈哈哈哈哈,4448.138,1753069527,f7934ca3
1895739088888631552,靠北不算？,4416.782,1753068705,d4e31129
1895739092537676032,笑得我肚子疼,4397.34,1753062755,928dfa68
1895739105305137408,是红大爷,4418.911,1753072489,63882395
1895739118072598784,哈哈哈哈 老王太可爱了,4587.157,1753061525,67cfac19
1895739125362299136,哈哈哈,4564.19,1753070523,86ed341b
1895739337812185344,哈哈哈哈哈不愧是学霸,4661.75,1753080270,928ebf4c
1895833647970618624,哎 闽南话林北就是 可惜唐大哥不在了,4408.122,1753092182,717a589b
1895902750144143360,这个还……,4321.524,1753100419,738625c6
1895907869804003328,本来就听不懂，那听不听得到又有什么关系呢，在公共场合说脏话本身就是不文明的行为,4360.674,1753101030,b41d23bf
1895908179586673152,哈哈哈哈哈不行了笑哭了,4388.324,1753101067,8e85fd5f
1895927466716137216,哈哈哈哈哈哈哈哈哈哈哈哈哈哈哈哈哈哈哈,4394.076,1753103366,4365b2b7
1895928548712294912,哈哈哈哈哈哈哈哈哈哈哈哈哈哈哈哈哈哈哈,4520.928,1753103495,4365b2b7
1895982829658685952,我也是,4675.5,1753109966,42cad9e5
1896001296768195840,哈哈哈哈哈哈哈哈哈哈哈哈,4677.235,1753112167,ee1f6f9b
1896400773932488448,哈哈哈哈哈哈哈哈哈哈哈,4598.659,1753159788,e1f0140c
1896512698288793600,跟我们见外了不是,4365.396,1753173131,6a042d86
1896514385674094080,老王又拿吃饭举例哈哈哈哈哈哈哈,4454.776,1753173332,272cb156
1896608734999507456,满意满意特别满意,4371.008,1753184579,6958d185
1896642155020717056,苦肉计哈哈,4590.242,1753188563,445a39f6
1896642936713124608,对对对,4676.515,1753188657,445a39f6
1896696260124513024,自爆型劝架,4561.628,1753195013,fc5c5aac
1896763454762194688,他们不会哈哈哈哈哈哈哈哈,4569.196,1753203023,b9816bbd
1896765768927379200,哈哈哈哈哈哈哈哈哈哈哈哈公费报仇,4542.799,1753203299,e8be185e
1897011300463673856,有带大爷的,4411.438,1753232569,d539e6d1
1897013120430860032,老王好吃的没白吃还挺有劲,4613.994,1753232786,d539e6d1
1897218638458098176,讲的好可爱呀哈哈哈哈哈哈哈,4468.158,1753257286,d9749c34
1897324740884846080,我也是,4678.681,1753269934,8693b549
1897363774932184320,想了解的可以自己找找一些俄的生活vlog之类的,4361.289,1753274587,d403eb94
1897426030323611648,哈哈哈哈哈哈,4387.518,1753282009,d849b843
1897430303178371840,陈老师梦开始的地方,4635.859,1753282518,d849b843
1898107734009310976,有的，闽南话里面的靠北就是,4409.048,1753363274,b29ebb7b
1898140754749313024,拉开了已经,4552.403,1753367210,9a457285
1898604176352239360,风和日丽，鸟语花香,4320.185,1753422454,a18ccce
1898604469584211456,这么长一段吗救命怎么还没完啊哈哈哈哈哈哈哈哈哈,4334.886,1753422489,a18ccce
1898827115965592320,大爷，不是大爷爷啊,4423.334,1753449031,1ffa9383
1899264598080031232,果然是美食博主,4449.549,1753501183,d04c374a
1899496872319092736,凉菜哈哈哈哈这个比喻,4441.171,1753528872,3820b86
1900043563572775680,到底是啥？好想知道,4348.134,1753594043,3ad68769
1900320971148192768,被带歪了，哈哈哈,4644.234,1753627112,968d7bd9
1900998015238881792,0帧起手,4521.96,1753707822,478a57e2
1901003546199856128,北方不说大伯，都是说大爷,4429.826,1753708482,2216f793
1901074396593528576,坑爹只是调侃 上升不到骂人,4438.056,1753716928,bba3e7b3
1901091973570498560,放出来吧，反正听不懂,4334.352,1753719023,18259142
1902337660274969600,哈哈哈哈哈哈哈哈,4604.007,1753867520,92f8c01f
1903081973443330560,哈哈哈哈哈哈,4535.647,1753956250,623dd44
1903082273570880768,哈哈哈哈哈哈哈哈,4568.091,1753956285,623dd44
1903781401921761536,其实有用,4589.383,1754039628,1ddd0afb
1903806233291993600,老王那么有力吗,4603.096,1754042588,29c7c55b
1903952397949739520,这个情节 解放西 看过一样的，哈哈哈哈哈哈,4560.019,1754060012,e1245ea0
1904516717376838400,因为妈妈是孩子的第一位老师啊！,4403.275,1754127284,9e41d483
1904530899417644288,哈哈哈哈哈哈哈哈哈哈哈哈哈你个感冒,4385.563,1754128975,3e5e834
1904530978748724992,和哈哈哈哈哈哈哈哈哈哈哈哈哈哈哈哈哈哈哈哈哈哈哈哈哈哈哈哈哈哈哈哈哈哈哈哈哈哈哈哈哈,4384.499,1754128984,3e5e834
1904532923857065216,没有妹妹呢,4492.766,1754129216,3e5e834
1904538811812607744,哈哈哈哈哈哈哈哈哈哈哈哈哈哈哈哈哈哈哈哈哈,4645.546,1754129918,3e5e834
1904722568506592768,不是，这有什么可防的呢,4341.418,1754151824,1606bf27
1905449384062253056,新疆好像也是,4496.703,1754238467,a48719d1
1905497931360905728,伊朗和俄罗斯打起来啦,4529.621,1754244254,c0863c00
1906542784094295808,哈哈哈哈哈,4559.017,1754368810,58d57e1c
1907526196715882496,哈哈哈哈哈哈哈哈,4523.519,1754486042,f5dd2f0d
1908679452259804928,xx日记,4362.117,1754623521,f41917e3
1908744384842053120,你们听不懂，别人听得懂啊，我就是学俄语的，很多人学俄语日语,4357.8,1754631262,6ba6f998
1909668420170398720,四个层次,4433.428,1754741415,d7fb52ee
1911359300216006400,哈哈哈哈哈哈,4447.784,1754942984,984e8387
1911359604252789760,太逗了,4455.784,1754943020,984e8387
1913398067118770176,马月！受到严格保护,4495.758,1755186024,e540d7cc
1914634620675197952,爸爸好惨,4409.305,1755333432,39959bed
1914635448362681088,老王好有意思啊,4468.254,1755333531,39959bed
1914637087353891840,陈老师好帅好可爱,4628.134,1755333726,39959bed
1916001994548683520,萨沙现在好有效果啊,4525.363,1755496436,cd971f7f
1916630927698902784,哈哈哈哈哈哈哈哈哈哈哈哈哈哈,4395.624,1755571411,51f2909e
1916852277454065152,骄傲的小表情,4513.962,1755597798,b575b51f
1918109775393509888,加长版都听不到,4327.512,1755747703,e10ac76a
1919292270814105600,三句话不离老本行。老王就是老王,4441.278,1755888668,8ff620f
1920360764641292800,大爷（轻声）和大爷（二声）是不一样的辈分,4424.525,1756016042,954b058c
1920530535504589824,苦肉计,4559.312,1756036280,99536495
1924962263669318912,确实,4378.913,1756564583,e498a6f4
1928317987325752320,爸爸不重要和哈哈哈,4437.715,1756964617,272b951b
1928473381473163008,陈铭老师哈哈哈哈哈哈哈哈哈哈哈什么叫你个感冒啊哈哈哈哈哈,4387.472,1756983141,27acc97c
1930119365563671296,关键有个俄罗斯妹子全能听懂，哈哈哈,4350.281,1757179358,5f57ee63
1932318721125803008,哈哈哈哈哈哈哈哈哈哈哈,4386.414,1757441541,52ac390e
1937685851845080064,肺结核我们叫痨病,4387.045,1758081353,748c3342
1937711880739083008,现在有了,4411.543,1758084456,e8f1e80f
1937713293271636224,以身入局,4575.73,1758084625,e8f1e80f
1946610506567641600,哈哈哈哈哈哈哈什么鬼，好搞笑,4396.361,1759145255,3a0f6945
1946616695774839040,毕竟母亲是生你养你的人，是个人都不希望。除非你原生家庭环境不好,4477.17,1759145993,eb269b47
1954247216982614016,就好像放出来我们能听懂一样,4348.708,1760055622,99c7f039
1967670342588077312,阿阿阿啊啊，我要听,4342.408,1761655783,eb09f285
1977879332269668864,哈哈哈哈哈哈哈哈哈,4648.638,1762872790,aedabb3d
1986532170919592192,想听啊,4334.675,1763904288,2a9d92f9
1993856239851235072,哈哈哈哈哈多少是有点私人恩怨了哈哈哈哈哈哈哈哈哈哈哈萨沙,4520.851,1764777385,ed5612f4
1996746304319704576,有的 中西部地区很多,4410.686,1765121908,74ba3500
1999494019419440896,盲猜第四个祖先,4482.623,1765449461,29cd0eb
2004628390627918080,老王男友力爆棚啊，华波波都有150 6了,4609.39,1766061526,ffa3828d
,,0.0,1775683732.8000336,
lb.c,,0.0,1775683732.8000336,
,,0.0,1775683732.8000336,
1895737548723425536,哈哈哈哈哈什么是我们不能听的,4749.619,1752990264,1549437e
1895737557581795584,来啦来啦,5024.737,1752990286,a1639211
1895737558689091840,哈哈哈哈哈哈哈哈哈哈哈哈,4902.274,1752991699,eb069b0d
1895737576405831936,哈哈哈哈哈哈哈哈哈哈笑飞了,4980.356,1752990608,39108e46
1895737633507086592,免礼免礼,5039.074,1752990708,59dfb4d2
1895737685701005571,哈哈哈哈哈哈,5002.412,1752993137,98f16374
1895737800272613632,哈哈哈哈哈哈哈哈哈哈哈哈哈哈哈哈哈哈哈哈哈哈哈哈哈哈哈哈哈哈,4982.027,1752995330,a4557f7c
1895737802998911232,万一听不懂怎么办,4874.018,1752994933,81bc2129
1895737948222492928,什么梗？,4748.329,1752998164,d6922fe2
1895738125113069824,就这个湖北味正宗,4711.305,1753011041,7a763aee
1895738285595529472,双板确实可以倒着滑,5008.25,1753011373,43686648
1895738620225491200,哈哈哈哈哈哈哈哈哈,4984.609,1753022510,65fd9e50
1895738757907714304,太损了,4985.149,1753022518,65fd9e50
1895738832675377408,来来来来,5036.598,1753027077,8a513c81
1895738966708556032,太可爱了超超,4747.358,1753060176,4f7b0147
1895738992243478784,就是歇后语,4867.877,1753034556,c7bc6e63
1895739080684572928,哈哈哈哈哈哈哈哈哈哈,4918.722,1753069998,f7934ca3
1895739131746029824,哈哈哈哈哈哈哈哈哈哈哈哈哈哈哈哈,4994.089,1753062512,3bd1c757
1895739196480917760,这段发出杠铃般的笑声,5030.092,1753075104,28ad2a59
1895739201044320512,斑马斑马，你回到了你的家,4704.204,1753075169,c2cf2fbe
1895739208334020864,突然好凶的超超,4710.536,1753075185,c2cf2fbe
1895739269428252928,哈哈哈哈,4730.776,1753075210,df6e1fa7
1895739282195714304,个斑马 武汉读书学会的第一句武汉话,4704.434,1753073116,76b350d2
1895771221057041664,歇后语骂人是吧hhh,4865.028,1753084740,ea88348b
1895892382798022400,真的很像用歇后语骂人,4858.534,1753099184,1da0b061
1895904636515565824,四姐镜头太少了，感觉他的观点还没开始就没了,4765.842,1753100644,58b836f8
1896404829505373952,哈哈哈哈哈哈哈哈活学活用,4949.724,1753160272,f1957628
1896405288303884800,哈哈哈哈哈哈哈哈哈哈哈哈哈哈笑死我了,5003.653,1753160327,f1957628
1896468623779084032,哈哈哈哈哈哈,4981.223,1753167877,9ec95bfa
1896588932171657472,Dylan好帅,4935.291,1753182219,bd4e22b9
1896649488324662272,非正“倒着哥”,4978.032,1753189438,280fcb51
1896737496214828800,哈哈哈哈哈哈哈哈哈哈哈哈哈哈,4982.203,1753199929,9cb4590f
1897014030158811904,你瞅啥的意思吗,4715.633,1753232894,d539e6d1
1897014233171284992,想咋的,4732.518,1753232919,d539e6d1
1897019864125305344,胖跟秃顶？华波波？哈哈,4804.17,1753233590,88971e98
1897165318887847424,哈哈哈哈哈哈每次都要拿出来反复“鞭尸”,4994.106,1753250929,729e3ab7
1897254941232950272,哈哈哈 杨杨很合适,4903.28,1753261613,2a986023
1897344532589414144,又狠又能播哈哈哈哈，好绝,4852.883,1753272293,55d83f10
1897762938228495616,哈哈哈哈哈哈超超你咋这么可爱呀,4748.926,1753322171,3c4a8341
1898076422447444224,这个味太对了，喵莫斯喵,4713.793,1753359541,49e5e8b6
1898116838467539200,哈哈哈哈哈哈哈,4959.312,1753364359,8d117f15
1898162780163908608,笑晕了这个梗,4843.97,1753369836,b71cfd89
1898407579726848000,我也是！本来已经冷静下来了听到这句话又会死灰复燃,4680.153,1753399018,28dcc9f6
1898620921531941120,哈哈哈哈哈哈哈哈哈哈哈哈哈哈哈哈,4990.806,1753424451,a18ccce
1898621235324599808,萨沙：我这一生如履薄冰,4998.994,1753424488,a18ccce
1898621702788319488,这里就很适合配个bgm：长江黄河还有黑龙江~~~,5007.924,1753424544,a18ccce
1898674081130886656,auv真地儿道～,4950.016,1753430788,2738fae5
1898686192863140864,伦儿,5032.685,1753432232,b0850c04
1898718675599884544,喵喵喵  喵莫比,4716.685,1753436104,f83ddc9a
1898842469316472832,这是歇后语啊,4860.486,1753450861,17e2fe2c
1899339586950643712,喵帕斯,4719.067,1753510122,7ef1f30f
1899599321197446144,谎言不会伤人，真相才是快刀,4805.355,1753541085,bc31ead9
1900380122948168960,是LULU!,4784.341,1753634164,81aeaa1b
1900503618960948736,梅林的胡子,4886.484,1753648886,fcdaa08a
1901024484039726336,哈哈哈哈哈哈哈,4942.838,1753710978,2c9403ee
1901079414683921152,给你俩窝窝是“傻瓜你看什么，你走开”的意思,4779.862,1753717526,e67086c2
1901079829685023488,老王可以啊,4824.392,1753717575,e67086c2
1901079976536206080,盆景的伐木工赢了,4830.592,1753717593,e67086c2
1902231732707858432,啥意思没懂,4835.101,1753854893,c1f2fe77
1902338815436637184,动物吵架哈哈哈,4741.721,1753867658,92f8c01f
1902339230270251776,好可爱,4791.413,1753867708,92f8c01f
1902465103329566464,哈哈哈哈哈哈哈,4900.32,1753882713,24d07282
1902505877391889664,我懂！不仅是吵架，平时明明一件事已经在做了，非补一句你去做一下，我也会生气,4683.771,1753887574,29c4c024
1902512598906821376,翻旧账了,4925.858,1753888375,d89f1503
1902594920603297792,这一段巨好笑,4932.927,1753898188,26f5d348
1903085253296941312,哈哈哈哈哈哈哈哈哈,4913.221,1753956640,623dd44
1903422713532604160,完全沉浸在自己的艺术创作里了,4892.961,1753996869,bb961bc8
1903895399203318784,沉浸在自己的艺术,4885.319,1754053217,c51a6472
1905868802760226304,好有趣,4725.221,1754288465,7becfa2e
1905869663649455104,哈哈哈,4823.731,1754288568,7becfa2e
1906076866142587904,超超好美～～～～～～,5033.296,1754313269,ba077aef
1906843327282730752,不知道两个buff梗被萨沙听到了会怎么样哈哈哈哈,5018.175,1754404638,4ad5b7c7
1906853502798462464,笑飞了这期哈哈哈,4973.051,1754405851,de5d2566
1907283657380028416,个斑马是吧哈哈哈哈,4741.914,1754457129,654346f5
1907369347933021696,咩啊～,4736.208,1754467344,d9a3acb1
1907528459920721920,中文也是哈哈哈哈哈哈,4843.019,1754486312,f5dd2f0d
1907988977269993984,就跟吵架的时候对方说你冷静一点,4687.296,1754541210,952047f4
1909012552659049984,你看看！,4887.06,1754663230,a30a61d9
1914639175487860992,好艺术,4868.566,1755333975,39959bed
1914699145797749760,免礼免礼,5038.536,1755341124,6a35cdb9
1916331482058605056,去五常,4934.547,1755535714,299590f4
1920572473301738496,你别急哈哈哈哈,4680.084,1756041280,bc587f4c
1921150194511518720,无效消音,4767.931,1756110149,cc860fab
1921999990281070336,膝盖脑袋哈哈哈哈哈,4820.756,1756211453,82b54504
1922699810163473408,哈哈哈哈哈哈这个好玩膝盖脑袋哈哈哈哈哈哈哈,4821.902,1756294878,bc17ebe1
1922718678232065536,buludo在大力水手里面就是大块头,4769.819,1756297127,990a1ffc
1924745898970591232,吼吼吼吼吼吼吼吼吼吼吼吼吼吼吼吼,5002.511,1756538791,90bb401c
1924967089098646016,哈哈哈哈哈哈哈哈我懂了,4839.73,1756565159,e498a6f4
1928431833856027648,四川话 哈哈哈,4802.515,1756978188,272b951b
1930122968890291968,一般是表和马,4760.893,1757179787,5f57ee63
1932207309505761536,真不用客气，哈哈哈哈哈哈哈哈哈,5037.71,1757428260,5b4783e3
1932323510836293120,歇后语骂人 在中国能把我骂笑，没有杀伤力,4856.499,1757442112,52ac390e
1938651722562595840,这个环节好想看英国代表,4803.651,1758196494,7514575b
1941575577676902144,中国好像也是,4880.714,1758545045,7a001e02
1956604467680680960,哈哈哈哈哈哈哈哈哈哈哈哈哈哈哈哈哈哈哈哈哈哈哈哈哈哈倒哥,4987.29,1760336628,d35c8a9
1957521618251751424,有备而来,4898.296,1760445961,ae02b522
1963046567418170368,完全get不到哈哈哈，太艺术了,4878.238,1761104586,54f7b9d0
1963047484477570560,卧槽哈哈哈哈哈哈太搞笑了,4987.548,1761104695,54f7b9d0
1963047606246712832,太有梗了我的天啊,5002.101,1761104710,54f7b9d0
1988704206604970240,萨沙现在好大方,4966.483,1764163215,c847ffba
2005156528713694464,形成内部梗了 哈哈哈,5015.259,1766124485,32b92588
2018407658939996416,武汉话好好玩,4761.811,1767704143,964a8dca
2027838086511379968,哈哈哈哈哈哈哈哈哈哈哈哈哈哈,4860.422,1768828337,8f58d927
,,0.0,1775683732.8000336,
lb.c,,0.0,1775683732.8000336,
,,0.0,1775683732.8000336,
1895737252798501120,一个轴打起来了,5382.658,1752985054,7e19df34
1895737399926296832,老王居然赢了哈哈哈哈哈,5194.259,1752987261,f69ff094
1895737549830721792,众爱卿平身,5040.701,1752988640,1f930d45
1895737559796388096,买不完了,5324.051,1752990445,3f8c2705
1895737585272590592,这个除了买卖还能组什么？,5347.699,1752990663,1549437e
1895737629463777536,买了锅巴,5269.404,1752992283,7e894dc7
1895737792127275264,这也太难了除了脏话我一个也想不到,5250.819,1752994250,4374cf64
1895737809332310272,伤疤,5096.912,1752995497,a4557f7c
1895737812956188928,艾丽莎还比了个功夫出招动作，好可爱,5228.918,1752995826,5866b398
1895737818392006912,这下真的势均力敌王不见王了，战力很均衡,5221.14,1752995797,5866b398
1895737822913466624,怎么不把小贝喊回来哈哈哈哈哈 全国总冠军,5232.53,1752995811,ca18aa72
1895737839220920576,随便,5103.405,1752995510,a4557f7c
1895737861601726720,哈哈哈哈哈,5280.223,1752995737,a4557f7c
1895737870728532224,哈哈哈哈哈,5357.137,1752995819,a4557f7c
1895737878009843968,这个难度好高我一下没想出来,5250.43,1752995861,5866b398
1895737975577743616,太搞笑了这段，会长帮得也真是不明显哈哈哈,5309.076,1752998714,d5478533
1895738014786097408,我都想不出这么多orz,5177.407,1752998128,cda41c26
1895738146998948096,富贵使我们相遇,5054.133,1753003938,94179e93
1895738222680969472,上边其实可以的...至少广东话里可以这么讲哈哈哈哈哈,5132.578,1753012151,f11a2bc3
1895738259154637056,那我必须得发个弹幕,5045.758,1753013226,4c2d7347
1895738280117768448,哎哟喂排面是自己给的,5053.218,1753015344,2394c70f
1895738286535053568,我都想不出来,5361.944,1753014671,635d7cfe
1895738288321827072,大左感觉好疲惫呀,5089.831,1753010259,2275038b
1895738300183318784,买了个包,5277.18,1753014758,73e9b877
1895738319326122240,哈哈哈哈哈哈哈哈哈哈哈,5333.776,1753014745,fbf64f60
1895738331187613952,水表,5101.409,1753013084,8f071823
1895738358542864640,哈哈哈哈,5289.412,1753013835,fc1db046
1895738420534677760,厉害,5362.198,1753013915,fc1db046
1895738453367689472,手臂,5083.725,1753019015,c2db3739
1895738483457626368,散步,5110.21,1753018989,c2db3739
1895738492567654656,私奔,5156.474,1753019088,c2db3739
1895738497131057408,散步,5178.373,1753019110,c2db3739
1895738523571949824,伤悲,5147.874,1753019080,c2db3739
1895738528126963968,帅爆,5171.778,1753019103,c2db3739
1895738537287323904,松柏,5115.542,1753019154,c2db3739
1895738560959975680,那么棒,5397.279,1753020515,c2db3739
1895738573719048448,迷恋改编,5350.312,1753020373,c2db3739
1895738581931495680,美丽古堡,5344.655,1753020257,c2db3739
1895738616576446720,雷妃：嬗变的女人,5152.275,1753018117,6ee65ea5
1895738643931697408,上榜,5139.362,1753019071,c2db3739
1895738657605128448,塞北,5125.34,1753019163,c2db3739
1895738663988859136,三百,5114.292,1753022376,fd2dafbb
1895738781613920512,买了个包,5269.515,1753030952,ea25d4d6
1895738925679874304,会长喜欢俄罗斯人哈哈哈哈哈哈,5280.092,1753038953,7a1afabc
1895738932969574656,笑死我了,5378.09,1753029813,bde1c345
1895738939353305344,哈哈哈哈救命笑死我了,5309.07,1753045893,23ddeab7
1895739014146134272,散步,5114.314,1753068800,91850ea9
1895739130831671552,想不出来,5264.519,1753072461,9f25c571
1895739175509397760,会长明目张胆啊哈哈哈哈哈,5276.576,1753072003,9f04a8dc
1895739183721844992,？,5103.33,1753070183,f7934ca3
1895739216546468096,麻辣锅巴？,5317.463,1753073025,39c07fe7
1895739235689271552,思辨,5100.653,1753075567,bf28894c
1895739250285449472,这是真的强……,5354.932,1753072572,9f25c571
1895739315020337408,老王的食物词汇库太丰富了,5202.207,1753075106,cb0b74b0
1895806227742127872,不愧是全球总冠军哈哈哈,5355.453,1753088913,20dfe047
1895865772513874176,呵呵哈哈哈,5295.841,1753096011,f81c7508
1895865835151917056,笑死我了,5302.521,1753096019,f81c7508
1895905592497846784,波波超级不想输给老王啊哈哈,5168.56,1753100758,e1c79dc9
1895913210587020800,厉害也,5356.678,1753101666,738625c6
1895940028228628736,哈哈哈哈杨迪笑死我了,5331.187,1753104863,9a7995d3
1896001709957121536,这个游戏确定不是在考验旁边的观众吗哈哈哈哈哈哈哈,5169.79,1753112216,692c8ed6
1896005638208190720,哈哈哈哈哈哈哈哈哈哈哈哈哈哈哈哈哈哈,5309.536,1753112685,ee1f6f9b
1896037717519832320,我不行了,5303.486,1753116509,35861f7e
1896103813057326080,众爱卿平身,5055.166,1753124388,272d704
1896266853488527360,买了个包,5255.593,1753143824,136938f4
1896397577185262080,买了个表,5252.363,1753159407,8c816764
1896398972085054976,买了个布,5322.799,1753159574,8c816764
1896487745384687360,是全世界冠军强啊  这个怎么可能平衡？,5225.606,1753170156,3f43cf38
1896518030927038976,哈哈哈哈,5287.335,1753173767,6a042d86
1896647238626065664,散步,5186.384,1753189169,445a39f6
1896700332483297024,买了个表,5262.862,1753195499,fc5c5aac
1897110671595089408,买了个饼,5303.296,1753244415,42da3e49
1897164510704274176,会长，真的一点都不偏心,5318.682,1753250833,35645b71
1897465344239936512,这里为啥正片没有啊很好玩,5316.955,1753286695,9c3b5844
1897907599363012096,加长版不是没人吗？,5061.923,1753339416,47a0e8bd
1897994325766477824,应该的应该的哈哈,5048.248,1753349755,4abc64a0
1897996747196894720,哈哈哈哈哈哈哈哈逛超市,5307.543,1753350043,4abc64a0
1898119123121513216,波波太搞笑了,5193.237,1753364632,8d117f15
1898135047518137856,免礼免礼,5075.625,1753366530,eedeee86
1898384560598181888,平身,5075.322,1753396274,b2d05ef3
1898624478083756544,超市逛的差不多了哈哈哈哈哈哈哈,5326.782,1753424875,a18ccce
1898641201796753152,密林古堡,5368.404,1753426868,8d9a3176
1898884709665421312,哈哈哈,5068.504,1753455897,ef9aebaa
1898897792614057216,S 和sh不算一个声母吧,5137.151,1753457456,90af0186
1898916617254438656,平身吧,5045.044,1753459700,22a3160b
1899502490740164608,比芒果台的明星们厉害,5090.131,1753529542,3820b86
1899503928598076672,好难！,5256.872,1753529713,3820b86
1899529220980670720,美丽告别,5329.076,1753532728,3860f01a
1899556139150926336,买了个包,5262.774,1753535937,c8a83ae1
1899575159195537664,我就说梅丽莎眼熟哈哈哈哈，我看过她,5237.393,1753538205,fbcf58ae
1899948884919695104,字幕靠点谱啊,5152.318,1753582756,ae954710
1900027691504725760,随笔,5111.845,1753592151,2b2c365c
1901026696434365696,哈哈哈哈哈哈哈哈笑死我了,5177.66,1753711241,2c9403ee
1901048621018345216,来了,5068.436,1753713855,53f028f4
1902279610704792320,哈哈哈哈哈哈哈哈哈哈哈哈华波波提高笑了 这个节目不能没有他,5287.656,1753860600,c78fc6cd
1902280109591719680,哈哈哈哈哈哈哈哈哈哈杨迪太有梗了,5336.723,1753860660,c78fc6cd
1902422537695188480,哈哈哈哈哈哈哈快乐了,5041.893,1753877639,ddafd2e4
1902693614774649856,这就是冠军局吗,5308.838,1753909954,13f56837
1903910791510760448,果然是冠军,5323.393,1754055052,117508bc
1903911183124587264,冠军！！！,5370.074,1754055099,117508bc
1904583799472911360,那这样没完没了了 卖了个包也可以啊,5323.205,1754135281,3e5e834
1904731512910551296,买了钢笔,5296.383,1754152890,1606bf27
1905066977614457088,瀚笙给的,5216.827,1754192880,f13424e0
1905263256428680192,哈哈哈哈哈会长假装淡定,5280.272,1754216279,aa36fe3a
1907445196561016064,生病,5096.403,1754476386,aff6fc4
1907655909418110976,描了个边，密林古堡,5369.951,1754501505,ff8d4f0a
1907988948337628160,买了个饼,5269.577,1754541206,e06c8437
1907994271211606272,买了广告,5264.943,1754541841,952047f4
1908432339672427264,这都是我应得的,5050.366,1754594063,9342b3c4
1910180167972956160,买了个表,5278.063,1754802420,738a73b
1910181115902401024,这个好玩,5385.844,1754802533,738a73b
1913125294877852928,爱卿平身,5060.819,1755153507,54a9596e
1914074693993248256,华伯伯笑死我,5210.801,1755266684,9d8aa9dd
1919614221571346432,哈哈哈哈哈哈哈哈哈，买买买，都买,5296.307,1755927047,3ae4c2e2
1921022768267938048,我都想不到,5361.449,1756094959,bc587f4c
1924779962440228352,设备,5089.709,1756542851,e8f6d141
1925468671896090112,看似法国vs中东，实则两伊战争,5183.768,1756624952,24f302e9
1928594371599874304,不愧是世界冠军,5361.448,1756997564,cfd3a899
1932625767037357824,太有牌面了,5107.729,1757478144,f487febd
1932832749916950784,波波笑死我了,5190.952,1757502818,75a35b32
1932833280899017472,想念小贝和田田,5232.806,1757502882,75a35b32
1948196474001477888,哈哈哈哈哈哈哈,5316.907,1759334317,2edb9fb1
1949690376261184256,没了个饼 哈哈哈,5334.374,1759512404,c9c423cb
1952273205201067264,上边其实是，他们搅混了,5164.153,1759820301,5ff286de
1956607870947309056,哈哈哈哈哈哈哈哈哈哈哈笑飞了,5336.797,1760337034,d35c8a9
1957526017011285504,发币，顺发nb,5390.776,1760446485,ae02b522
1999460690884832000,哈哈哈哈哈哈哈哈好搞笑哈哈哈哈哈,5054.438,1765445488,14f3cf30
2002097945549358592,前面外国小学生一人一句汉语那个真的哈哈哈笑死我了,5392.207,1765759873,1bae6291
2031437688779518208,满意,5047.429,1769257443,ec44781a
2036248800440067584,手办,5123.573,1769830972,f9735bbb
2036249860122444544,似是故人来,5248.255,1769831099,f9735bbb
,,0.0,1775683732.8000336,
lb.c,,0.0,1775683732.8000336,
,,0.0,1775683732.8000336,
1895737395396448512,jhhhhhhhhhhh,5592.303,1752988526,a7ab481d
1895737412022669568,我都想不起来这么多,5460.772,1752987439,a1639211
1895737441869336832,因为想不起来哈哈哈哈,5481.576,1752987556,f69ff094
1895737443119239424,波波好可爱,5457.3,1752989533,e9b5076c
1895737485532041472,不够看哈哈哈哈哈哈想看轮番制回合,5670.743,1752987808,fcfebb41
1895737626443878656,]',5625.691,1752991166,967ceef9
1895737643598582016,为啥我的弹幕带框框,5614.122,1752990985,3f8c2705
1895737666809860352,文创书包,5664.861,1752992253,88230e29
1895737685701005569,笑死，好像那个两组外国人比中文的视频,5594.036,1752991870,6c6d890c
1895737696287428864,想看陈铭和陈超的,5515.841,1752993725,b594b266
1895737720085909760,我吃柿饼,5633.349,1752993925,4f3c338d
1895737730554892544,我才十八,5654.687,1752994895,f3d0b903
1895737779443699968,哈哈哈哈哈哈哈哈哈,5736.412,1752996216,a4557f7c
1895737794836795648,还好，我来看了加长版,5683.765,1752995605,6cf1571
1895737843750768896,无偿上班,5638.111,1752995528,8eb43737
1895737876189516032,他不会是在拿你重温日语吧233,5757.212,1752997386,4944442d
1895737884393574656,？哈哈哈哈哈,5656.724,1752996132,a4557f7c
1895737888042619136,拿眉笔,5442.43,1753001707,d7f8343a
1895737898075394304,用一之濑当外教是吧哈哈哈哈,5759.226,1752996601,5866b398
1895737912679960832,发币厉害哦,5491.201,1752998959,e868d6e6
1895737956426551552,哈哈哈哈哈哈哈哈哈哈哈哈哈哈哈哈,5736.542,1753005397,e549f4d8
1895738018435141888,我才上班,5615.672,1753004949,4c54570f
1895738042141348096,发币好厉害！,5451.412,1752998910,d5478533
1895738055814779136,游戏能多玩一点吗？来个车轮战了。,5682.602,1752999172,e868d6e6
1895738163407065344,朕心甚慰,5668.633,1753010633,ca2efdba
1895738188941988096,留学生可以打工，就是时间限制很严格,5745.238,1753013337,450eca7a
1895738207178821888,我吃烧饼,5569.522,1753014025,97afe170
1895738304738332928,笑疯了,5717.724,1753014888,c5fcca58
1895738349416059136,我查设备,5603.283,1753013524,20dffd1e
1895738529041322240,我吃柿饼,5549.573,1753019787,c2db3739
1895738564600631552,我曾上榜,5583.306,1753019726,c2db3739
1895738572829856000,五彩书包,5578.215,1753019676,c2db3739
1895738618405163264,哇小熊好棒,5453.439,1753021183,6474f847
1895738628454715648,满意满意,5683.919,1753021786,d3e0ea9e
1895738771581145344,在燃什么啊,5467.292,1753022738,56239c78
1895738808969171200,无偿上班,5557.94,1753033292,8be21198
1895738855467225344,满意满意啊,5669.129,1753027481,8a513c81
1895738904708354304,无偿上班,5550.733,1753055909,a05c4e50
1895738919296143616,厉害,5458.113,1753029509,d0eeaf61
1895739073386483968,外出上班,5662.292,1753071341,86ed341b
1895739233868943616,跟武昌过不去了哈哈哈哈哈哈,5559.595,1753072312,9f04a8dc
1895739271248580864,前面那个五厂上班太痛苦了。,5650.181,1753072906,9f25c571
1895739280375386368,我吃烧饼,5528.493,1753076329,c2cf2fbe
1895739287665086720,哈哈哈哈,5585.042,1753076389,c2cf2fbe
1895739297697861888,666,5456.592,1753076238,c2cf2fbe
1895835379563980800,围城士兵,5651.483,1753092388,182693f5
1895851890223828736,我吃烧饼,5601.387,1753094356,cc93cef3
1895867141996042240,法币好可爱哈哈哈哈,5442.503,1753096175,f81c7508
1895941503516821504,想看华波波,5502.962,1753105039,3c5a3395
1895954531570156032,玩游戏没人能赢得了杨迪吧,5516.139,1753106592,be52f108
1895962419218839040,好可爱啊小熊,5481.88,1753107533,83719079
1896048714238634240,文创商标,5603.24,1753117820,24b0ce4c
1896048828952522752,发币比我厉害,5489.092,1753117833,e871e898
1896387736265527552,好可爱小熊,5433.348,1753158234,f608a6a7
1896401899398836992,我创商标,5627.201,1753159923,8c816764
1896523232526567168,四姐笑死我了,5461.734,1753174387,272cb156
1896696361970702080,真的好喜欢法币啊啊,5497.907,1753195025,ec077e8b
1896969714811750144,哈哈哈哈哈哈哈哈特别满意,5683.167,1753227611,cef95630
1897110417386297344,你。,5404.486,1753244385,2bf6365a
1897182469959562240,农民办（农业民生办公室）,5439.96,1753252974,af7c4445
1897184104504922112,无此设备,5617.079,1753253169,af7c4445
1897351985011783168,他发音不但好，调也对,5725.673,1753273182,55d83f10
1897377089222017024,How much?,5715.06,1753276174,7566605b
1897422756426506496,我常上班,5558.897,1753281618,fc5c5aac
1897422918418934784,我出书吧,5568.62,1753281638,fc5c5aac
1897458025171003136,满意满意,5677.512,1753285823,b5323672
1897465090669115648,武昌社保,5582.953,1753286665,d844b0d7
1897769479799142144,法币：let's 骄傲,5481.513,1753322951,3c4a8341
1897938668409864704,哈哈哈哈哈哈,5572.82,1753343120,87627e63
1898060457676681728,这反应怎么那么像外国小孩中文对决哈哈哈哈哈哈,5462.655,1753357638,9cdf46e6
1898138011901385472,怎么没有伦儿,5665.598,1753366883,a0901713
1898178762122903296,我超帅吧！,5632.839,1753371741,a725bfc4
1898423743408421376,这Part这么精彩居然没在正片,5650.83,1753400945,28dcc9f6
1898625744000134400,到底在燃什么哈哈哈哈哈哈哈哈,5464.166,1753425026,a18ccce
1898626550623448832,我测试吧,5559.064,1753425122,a18ccce
1898652728138751488,一之濑刚才输了可能情绪不稳定,5549.571,1753428242,915050e3
1898689587413796352,拿面包,5423.287,1753432636,b0850c04
1899319571606164480,全德国总冠军,5480.43,1753507736,f21b3ea5
1899535640992131840,晚餐随便,5520.474,1753533494,3860f01a
1899602976826559232,会长忍不了了,5665.041,1753541521,89699852
1899607193679394816,很满意，但是不够看啊哈哈哈哈哈,5681.754,1753542023,bc31ead9
1899951105459742976,我查书包啊,5602.221,1753583021,ae954710
1899999679023416320,无偿上班,5655.703,1753588811,87413e4e
1900766299857394432,我出师表,5622.888,1753680200,33977ab
1901031541963149056,无偿上班太有才了,5661.33,1753711819,2c9403ee
1901464422439217664,乃木坂,5411.02,1753763422,80000882
1901466327198751744,五彩水笔,5622.899,1753763649,80000882
1901505084160859136,卧床上班,5635.369,1753768270,a9930091
1901667443429404672,赖赖笑死我了哈哈哈哈哈,5462.246,1753787624,c475edd4
1901688907461504000,绝,5594.196,1753790183,6bdd20d4
1902191443406318080,我才十八,5536.747,1753850090,23b7cf3c
1902282980836447232,想看所有代表玩哈哈哈哈,5692.99,1753861002,c78fc6cd
1902972836168174592,好喜欢发币啊啊啊啊可爱小熊,5497.535,1753943239,94613f3a
1903814713050594560,我吃烧饼,5527.927,1754043599,29c7c55b
1904240408750914304,我吃烧饼,5520.633,1754094346,4213efaf
1904400734091486464,哈哈哈哈哈哈哈哈哈哈哈,5444.369,1754113458,21f73640
1904733937142578688,……,5572.108,1754153179,1606bf27
1907275934575481856,那么棒,5475.248,1754456209,818eee32
1907503311805048832,哈哈哈哈哈哈,5433.297,1754483314,6816ab2b
1907504852112736768,好搞笑,5670.051,1754483498,6816ab2b
1907628097827065088,华波波好搞笑,5413.673,1754498190,ea7aa49a
1907629029776458752,这个游戏好玩！！以后经常,5503.358,1754498301,ea7aa49a
1909211300433862656,文创手办,5641.868,1754686922,2ad516b
1910183692849001728,每期都来这个游戏,5693.155,1754802840,738a73b
1911661393863138816,我才十八,5635.78,1754978996,67c7bc24
1911940037441274368,我常说不,5577.471,1755012213,319d79a8
1916862547517593344,无偿上班这个太狠了哈哈哈哈哈哈,5640.532,1755599022,b575b51f
1916886203115027456,不满意太短了！,5691.918,1755601842,41d23346
1919615919593383936,法币好厉害,5491.366,1755927249,3ae4c2e2
1919874236307270400,太搞笑了,5709.81,1755958043,c4469e21
1924973871791438336,五彩水笔，无偿上班,5634.207,1756565967,e498a6f4
1928489303462333440,武昌酥饼啊,5649.501,1756985039,27acc97c
1931182947986193664,前面说文创的好厉害,5633.131,1757306147,d9c08631
1932631454336961792,满意满意,5684.543,1757478822,f487febd
1936645971006506240,你忙吧,5443.395,1757957390,cc3af606
1938432632782593280,完成设备,5697.579,1758170376,a3545458
1945259887495943936,龙颜大悦,5676.325,1758984249,deea00f
1957526892588923392,他俩这么强的吗？直接加时赛了,5475.556,1760446590,ae02b522
1977901549582004224,关税哈哈哈哈哈哈,5436.202,1762875438,aedabb3d
1977901725834636800,小熊好棒！,5457.17,1762875459,aedabb3d
1988742475853880320,哈哈哈哈这个是Dylan在后面说的,5609.534,1764167777,c847ffba
2002100048816625408,外国小孩中文对决真的，太形象了，这俩都笑死,5467.471,1765760124,1bae6291
2015436799140933120,高级词汇,5450.301,1767349988,a9603673
2018415095944305664,无偿上班(,5616.425,1767705029,964a8dca
2035137440129502976,弄明白,5418.548,1769698488,ca126b
2035137714621479936,你明白,5451.275,1769698521,ca126b
2068517489595502592,那么棒,5472.838,1773677700,471d6181
2077821577877208320,朕很满意,5679.263,1774786834,585cded5
,,0.0,1775683732.8000336,
lb.c,,0.0,1775683732.8000336,
,,0.0,1775683732.8000336,
1895737858867040512,哈哈哈哈哈哈哈哈哈哈哈,6096.333,1752996585,a4557f7c
1895737880752918784,沆瀣一气这词还是能用得到的233,5937.428,1752997598,4944442d
1895737919046914304,哈哈哈哈哈哈哈哈哈哈哈哈哈哈哈哈哈哈哈哈哈哈哈哈哈哈哈,5870.631,1752996356,a4557f7c
1895737949136851200,德国人太好笑了,5863.154,1752999715,8b34e573
1895737969194012928,阿雷真的动漫影视资深中毒哈哈哈哈哈哈,5838.142,1752997069,5866b398
1895738141521187072,犄角旮旯很少用吗？上海话里经常用到啊,6049.474,1753008868,39499903
1895738273742426368,除了呶字都认识,6060.585,1753013759,20dffd1e
1895738364003848448,踽踽独行这种基础词大左一个主持人不认识不应该吧,6002.5,1753015847,e69ebdef
1895738431481811200,圭臬感觉也很常见,6014.236,1753015872,e69ebdef
1895738444249272576,好厉害 卢可！,5923.251,1753018736,1c68567a
1895738555482214656,我觉得奉为圭臬还挺常用的,6019.476,1753019682,79d441b5
1895738669466620160,新梗出现了,5963.161,1753023686,65fd9e50
1895738727817777408,哈哈哈哈还拆啊哈,5877.108,1753023916,5ec74794
1895738740585238784,还得是总冠军！,5923.556,1753029089,d6bfe3aa
1895738798936396032,这期好搞笑,5880.071,1753023927,5ec74794
1895738800765112576,魔法小樱,5811.727,1753025778,ef8f951e
1895738804405768448,Latino American也是American哈哈哈,6088.033,1753033291,5404f33
1895738847263166720,哇好久不见的歌，我现在还全知道且会写呢,5922.622,1753029406,302e2cd4
1895738994978164992,戴卢可好会串场,5918.405,1753033135,5404f33
1895739036921204992,口语里很常见 但书面很少写 才叫生僻字,6084.412,1753069602,221a9f5
1895739067917111552,犄角旮旯哪个地区都用啊,6076.904,1753036132,37b64554
1895739303167234304,超超可能只是重影看成垚了哈哈哈,6025.872,1753080031,3f6b3267
1895803686740271360,德国人神奇的笑点出现了,5860.314,1753088610,677e1eff
1895940938636112896,哈哈哈哈哈哈哈哈哈哈哈哈哈哈哈哈哈哈哈,5956.417,1753104972,4365b2b7
1896006384517540608,哈哈哈哈哈哈哈 太好笑了,5877.08,1753112774,e10bb37e
1896394704246373888,往里玹,5888.848,1753159065,45f0e9c9
1896525961894243328,还记得穆小龙的也特别长,5863.237,1753174712,9c5bc011
1896526792475403776,突然感觉和一个母语者说对方的母语好刺激。,5849.288,1753174811,272cb156
1896528996767018496,伦反应好可爱,6093.046,1753175074,272cb156
1896694142336784640,我为什么这么黑,5850.046,1753194761,16f0b446
1896746298607480576,哈哈哈哈哈哈小魔女dorimi我的童年,5817.55,1753200978,9cb4590f
1896782108769874944,哈哈哈哈阿雷好棒,5823.344,1753205247,5856c37c
1896837444775896832,沆瀣一气，绵绵瓜瓞什么的其实也蛮常用的，都是会读，不一定会写,5963.667,1753211844,9450640
1897302336104199424,原来阿雷也是个二次元啊，圈粉,5807.807,1753267263,729e3ab7
1897408696875986688,bgm是星矢。。。,5826.178,1753279942,7ea9d3d5
1897539050743992576,是真的 喜欢看番剧随便都有N3了 日语听懂会说不算难,5774.395,1753295482,6f99a845
1897540654679205376,碗里选,5906.056,1753295673,6f99a845
1897941885038393856,哈哈哈哈哈德国人,5869.457,1753343503,4227b274
1898063552024567040,善逸！,5827.305,1753358007,9cdf46e6
1898064079399573504,xs我的笑点是发币笑,5864.169,1753358070,9cdf46e6
1898097346118832640,生僻字那个歌词的选择标准太不统一了所以体感好不好也是一阵儿一阵儿的hhh,5931.174,1753362036,45af011b
1898114145447495424,紧跟时事哈哈哈哈,5827.651,1753364038,ba542c3c
1898161274299396864,考试会用到吧，或者语文老师,6051.412,1753369656,9a457285
1898467852772804608,哪里常见？你平时都会说这些吗？我只能读一些，意思知道的就更少了,6031.791,1753406203,a725bfc4
1898468393661528832,确实是American,6081.24,1753406268,a725bfc4
1898544657131158528,会长日常开始挖坑了,5973.106,1753415359,e68aeabe
1898792509870598400,魔法少女小圆，魔法少女奈叶，魔卡少女樱，憧憬成为魔法少女,5789.357,1753444906,c1c112d8
1898950122260736256,我的天啊,5932.388,1753463694,eeae67ec
1899611716883880704,哈哈哈哈杨迪这个变声,5986.176,1753542563,5ebece69
1899953432166147328,怎么难的都会，简单的反而错了超超,6015.364,1753583298,ae954710
1900078198046300160,哈哈哈少女雷,5809.075,1753598172,1091612d
1901032821930525952,哈哈哈哈哈哈哈哈哈,5810.507,1753711972,2c9403ee
1901035550375286784,格局,6102.475,1753712297,2c9403ee
1901038084020175104,笑死,6081.102,1753712599,2c9403ee
1902445816619673088,可爱的四姐,6110.63,1753880414,c085033b
1902473656388011520,哈哈哈哈哈哈哈哈哈哈,5884.153,1753883732,24d07282
1902507918574530560,鬼灭！！,5827.326,1753887817,ecae7fb8
1903092981570356992,哈哈哈哈哈哈哈哈哈,5817.734,1753957562,623dd44
1904588337600721664,中二哈哈哈,5768.847,1754135822,3e5e834
1904588540294738176,和红红火火恍恍惚惚哈哈哈哈哈哈哈哈,5787.755,1754135846,3e5e834
1904607506802715648,xswl,5877.161,1754138107,2f77163b
1904738394345604608,不考生僻字没意思呀,6059.583,1754153710,1606bf27
1905360955819970304,先笑了,5858.11,1754227925,95e70b5d
1906556910518333184,哈哈哈哈哈,5871.662,1754370494,58d57e1c
1907415837069982464,不会是飞天小女警z吧,5820.521,1754472886,43d8243f
1908251049396513536,哈哈哈哈哈,5828.769,1754572451,d8a8f583
1913315501447857152,奉为圭臬不是很常见吗，，,6018.38,1755176181,9b40c598
1916341011081184256,这里阿雷莫名的像唐大哥,5760.723,1755536850,299590f4
1916656189127610112,哪里常见了，只有几个是常见的,6036.563,1755574422,51f2909e
1922655339275858176,犄角旮旯也会，只是不太会写,5941.477,1756289577,99536495
1923491622692854784,歌里的都会比较熟啊,6044.668,1756389269,a82a2ebb
1924750576206771968,哈哈哈哈哈哈哈哈哈哈哈哈哈哈哈哈哈,5819.439,1756539348,90bb401c
1924751062737679616,吼吼吼吼吼吼吼吼吼吼吼吼吼吼吼,5873.51,1756539406,90bb401c
1929398244665353728,初中的时候我们也学这个表演过,5947.352,1757093394,bd775eca
1954296916465043200,戴卢可的承上启下可太中国了哈哈哈哈,5910.649,1760061546,99c7f039
1957531727765723136,哈哈哈哈，陈超其他生僻的都知道奉为圭臬这么日常的居然不会,6007.196,1760447166,ae02b522
1963056219074066944,我的天啊，怎么会有这些这么多语言超能力者,5857.992,1761105737,54f7b9d0
1967686962006220544,笑死，反正我认不全哈哈哈,5978.628,1761657764,eb09f285
1977904572307833856,魔法少女哈哈哈哈哈,5795.978,1762875798,aedabb3d
1977905919635666176,哈哈哈哈哈哈哈哈哈,5956.683,1762875959,aedabb3d
1994610009833088768,超超好厉害,6041.25,1764867242,51701351
2010424270157225984,奉为圭臬这个，我感觉应该都知道啊，看古装剧什么的,6007.049,1766752448,a0b99804
2016016522979979008,超超怎么不认识圭臬，这是固定组合啊，垚涅是啥意思,6007.162,1767419097,ae954710
2026860148143955200,穆小龙？？？,5856.924,1768711758,c0ad9fc7
2036277408915183872,我只会醍醐灌顶和犄角旮旯,5991.627,1769834383,f9735bbb
2038025793061976064,德国人莫名其妙的笑点笑死我了,5864.035,1770042806,b8b5200d
2057973005103436544,高中语文考了你还能记得？反正我是感觉上大一就修为散尽了,6045.684,1772420699,dc69dd68
2058963017848770048,我可能知道他咋学的语言了,5843.198,1772538718,60c31dff
,,0.0,1775683732.8000336,
lb.c,,0.0,1775683732.8000336,
,,0.0,1775683732.8000336,
1895737596345553152,哈哈哈哈哈哈哈,6195.466,1752991046,a1639211
1895737605254254848,笑到捶床,6248.056,1752991132,a1639211
1895737756257587456,哈哈哈哈哈哈哈哈,6247.548,1752993724,46e1d41a
1895737873454829824,这表情包加的哈哈哈哈哈,6247.145,1752995808,591a47e1
1895737955520581888,哈哈哈哈晚上睡觉起来扇自己一巴掌。,6242.077,1752996766,a4557f7c
1895738234534072576,美国的刻板印象又增加了哈哈哈哈哈哈,6262.432,1753014661,d93d12d4
1895738291970871552,地大物博吗哈哈哈,6424.625,1753014057,450eca7a
1895738441514586368,美式英语跟英式的相比是真挺村儿的,6304.472,1753017646,6ed7a38b
1895738527220994304,这句话感觉很深刻,6342.095,1753018411,9cfc41f8
1895738529955680512,好惨,6240.329,1753015944,e967e3fc
1895738545457828096,洋脸在身我心依旧是中国心,6343.404,1753019165,b3e76332
1895738814438543616,伦儿好漂亮,6121.658,1753026098,ef8f951e
1895738827214393600,还好我们中文故意说别的口音腔调不会被说,6221.909,1753034289,9ef562ec
1895738931149246720,哈哈哈哈哈，绝,6261.929,1753027770,105f8ab8
1895738994063806720,以前好像聊过,6323.611,1753065947,c76f245a
1895739099835764992,感觉四姐马上就要入党了,6358.412,1753041164,f2cbd317
1895739164570652928,北京啊，都鼓楼钟楼和胡同了,6466.915,1753074268,cce57685
1895739223836168448,哈哈哈哈,6185.472,1753075358,b465a5f8
1895876772915284736,好红,6342.445,1753097323,f81c7508
1895891145075744000,完啦！漂亮国居然是我自己,6332.931,1753099036,720bb977
1895911263230715648,这一期可太好看了哈哈哈哈哈哈哈,6293.681,1753101434,cc998cf0
1895977013316171008,真的 我现在在英国 班上有美国同学老师都问为什么来英国哈哈哈因为感觉美国人很少来,6233.393,1753109272,7021661
1895996712578404608,哈哈哈哈,6191.243,1753111621,42cad9e5
1896011026604849152,哈哈哈哈哈哈哈哈哈哈,6248.296,1753113327,692c8ed6
1896053738805025792,笑死我了,6338.26,1753118419,35861f7e
1896348810541099264,盆栽伐木工,6185.449,1753153594,b7453a45
1896660913071964928,入党！马上入党！,6335.06,1753190799,280fcb51
1896752974823802112,萨沙真的长大了哈哈哈哈哈还劝架了,6286.28,1753201774,9cb4590f
1897031264495085056,英魂不散,6129.09,1753234949,88971e98
1897172399880213760,缘分,6350.275,1753251773,fe4eee91
1897191079833737984,伦儿好好看,6141.739,1753254000,edbe14cb
1897329347598687232,四年英伦行 一生英国情,6138.756,1753270483,cdc452f4
1897379646639815168,英美日常共轭嫌弃,6150.158,1753276479,d403eb94
1897470722797396480,就像有些人说着说着说英文感觉自己很能似的,6155.088,1753287336,9c3b5844
1897881482706794240,反复播放，笑发财了这段,6120.382,1753336303,a5babba0
1897980178177896192,哈哈哈哈哈哈哈哈,6134.889,1753348068,290bcf14
1897990451865073152,主要是大部分的美国人会对英音有滤镜,6302.454,1753349293,c5e94360
1898037108598766848,我觉得英音比美音好太多了，主要是美式英语有种不好好说话的感觉,6151.32,1753354855,e3a9f12d
1898068025727885056,也没有r音好像,6268.82,1753358540,9cdf46e6
1898469431701780736,四姐吐槽笑死我了,6195.492,1753406392,a725bfc4
1898638472119025920,B+可以了，我的二外只有及格，但我还是往简历上写我会,6389.578,1753426543,a18ccce
1899515964723618304,很多去台湾上大学的人也会有台湾腔,6237.288,1753531148,3820b86
1899583646470362112,哈哈哈哈哈哈哈哈,6195.813,1753539216,fbcf58ae
1899589769240256768,政审吗,6331.689,1753539946,80311199
1899903850559699712,英音好听啊,6271.685,1753577388,3e3ca627
1900743884129465600,东北腔,6156.205,1753677528,fc5824e9
1900962778974280704,“再给我上颚共鸣试试看呢”,6139.283,1753703622,7c263e9f
1901039338478048256,缘分,6410.357,1753712748,2c9403ee
1901092486005857536,这一趴杨迪和大左配合好默契好好玩,6240.882,1753719084,bba3e7b3
1901111475482086656,东北菜好吃不辣,6470.381,1753721348,18259142
1903696970439590656,我以为这个词是 可以,6419.591,1754029563,b7a9b2eb
1903909804733164032,哈哈哈哈哈哈哈哈哈这么严重吗,6142.532,1754054935,c51a6472
1903912608323439360,这个讲过，老师说他没天赋他吃激将法非要学哈哈哈哈,6350.203,1754055269,c51a6472
1904470534801020416,温文尔雅温润如玉钟逸伦,6222.688,1754121779,cc2734ec
1904581796449178880,没事萨沙会倒着说,6144.19,1754135042,5bd65cde
1904592053267419392,伦儿比较像英国的,6176.889,1754136265,3e5e834
1904592758221061888,哈哈哈哈哈哈哈哈哈,6240.501,1754136349,3e5e834
1904741835662920192,中国其它不说，论美食绝对世界第一,6444.448,1754154121,1606bf27
1907997071420911104,很明显是要伐木哈哈哈哈哈,6187.912,1754542175,e06c8437
1910189102486362880,大漂亮,6338.048,1754803485,738a73b
1910189214340135424,漂亮过,6351.282,1754803499,738a73b
1914652145542984448,这期好好看,6310.42,1755335521,39959bed
1916890106191840512,来了来了 入坑点,6131.6,1755602307,41d23346
1938459317036858368,4,6137.704,1758173558,7ce065f9
1942844325235513600,我真该死啊哈哈,6254.36,1758696291,1448c64
1967689487748992512,口音会混也正常，在外地待久了回家就会被说口音变了,6211.908,1761658065,eb09f285
1971860351436493056,真好,6405.79,1762155271,83beff44
1975472819102343680,我喜欢这期的所有！！,6331.166,1762585911,75855fc6
1988749246333072384,可怜的伦儿,6254.717,1764168584,c847ffba
1988750225619440640,支持Dylan，英音好听,6272.114,1764168701,c847ffba
2011318177330127616,好家伙哈哈哈,6456.191,1766859010,1bdc989c
2024979683494084864,这话题能客观的聊吗,6321.496,1768487589,4756a90
2069095069641645568,有没有可能美国人不说纯正的英语才是违背了自己的故乡,6150.449,1773746553,6b2b33d2
,,0.0,1775683732.8000336,
lb.c,,0.0,1775683732.8000336,
,,0.0,1775683732.8000336,
1895737660753285376,这一期真的很好看,6541.435,1752992583,a8f5ef7c
1895737685818446080,享受2025，好戳人的表达,6794.065,1752992554,dd38837b
1895737804802461952,哇哦，好想听一听,6713.441,1752995454,98f16374
1895737829255254272,老王算最有发言权了，毕竟经历过生死后来的,6760.292,1752998269,4944442d
1895737865259159808,但是这种速度也会有很多后遗症,6628.733,1753000515,8b34e573
1895737968288043264,那还是不一样的，中国贫富差距大，但基础建设都很好，欧美可不是,6678.52,1753002110,5e592343
1895738173439840512,应该是说医疗不便利，拖着拖着很多病人就错过最佳治疗时间,6709.748,1753010160,20af4969
1895738642102980864,哇，好会说,6794.595,1753022472,755ab053
1895738734201508096,和平,6749.651,1753027321,d89d8cbd
1895738795295740160,兼容并包,6823.86,1753032301,177de300
1895738872798089472,对自己深爱的国家有反思是很好的一件事,6721.795,1753038055,187c324
1895738902879637760,喜欢这样的真诚分享,6543.19,1753037588,187c324
1895738912006443264,希望都能变得更好,6721.795,1753038063,187c324
1895738932063604992,哈哈哈哈哈在一个伊朗人的房间里两个美国人吵起来了怎么这么好笑,6711.525,1753063546,f032f0af
1895739024153743616,其实这种对速度的适应能力也是一种温水煮青蛙。,6620.268,1753037869,187c324
1895739090717348096,不知苦所以不能言苦。,6622.315,1753037904,187c324
1895739095272362240,来郑州吧，郑州地铁是真的很有人文关怀,6736.904,1753040485,7a1afabc
1895739168219697408,五千年,6837.086,1753066340,e94d0ef6
1895739195574948096,都一样啊，大部分资源掌握在少数人手里，底层挣扎求生,6685.378,1753069042,3e15afd5
1895739298603831552,贫富差距...真的很难缩小,6671.593,1753077459,f04b19be
1895739300432548096,战乱国家的人要考虑的是生存，和平的国家才配谈生活,6772.315,1753073897,f8b0e6b0
1895739333257171200,唉...,6667.752,1753077438,f04b19be
1895916809107255552,来成都坐地铁吧,6741.512,1753102095,cc998cf0
1895922409224457984,幸存者偏差罢了。跟不上的会被毫不留情抛弃消失,6635.987,1753102763,9cc53f64
1895927999803579392,看了饼叔和老王的视频，很感慨,6763.186,1753103429,2f51f428
1895937469820941824,喜欢陈老师每次认真的聆听大家的发言,6547.615,1753104558,7d881d54
1895945543797188096,哈哈哈哈哈哈哈哈哈哈哈哈哈哈哈哈哈哈哈,6503.187,1753105521,4365b2b7
1895971705936303104,中国自己外宣也是重点在传统文化，对内也强化传统文化在中国文化中的代表性，青年文化一定程度上缺失，也有舆论环境的因素，外国人误解也很正常,6589.994,1753108640,108016b
1896042506861772032,这个我居然有点不信,6824.197,1753117080,698bab0d
1896055550030980352,中国也一样只是程度问题罢了,6658.388,1753118635,35861f7e
1896115798288929536,只缘生在此山中我没觉得变化很快但是回头看好像也变了蛮多,6649.705,1753125817,cc2734ec
1896346407598641152,说一样的去认真了解一下中美差异吧，本质是不同的，中国在努力缩小贫富，美国不是,6687.136,1753153307,996c2fe2
1896389793135554816,哎也不是每个中国人都过得很幸福，我就很累,6804.345,1753158479,671e7525
1896445143561997056,每个国家都需要伦这样的理性主义,6735.808,1753165078,2babe5d1
1896692445161556736,未知全貌 不予置评,6500.385,1753194558,d10e6859
1896713597632456448,前面那个为什么不信啊？就用大类来说，南北方的很多人了呀，更别说这么多省，每个省，每个城市，甚至每个村的文化都不一样。,6830.016,1753197080,c93b4313
1896713718285980672,很多元了,6834.261,1753197094,c93b4313
1896732865308570624,AUV,6591.584,1753199377,54d3f224
1896762050744070656,哈哈哈哈哈哈哈在一个伊朗人的房间里,6709.359,1753202856,9cb4590f
1897033430391823872,每个人都累换个地方你会连觉得累的功夫都没有还要担心能不能活到明天,6812.842,1753235207,d539e6d1
1897036751005286656,投共一念起，顿觉天地宽,6735.699,1753235603,c50570d0
1897124829325385984,国外一些媒体的刻意描绘,6600.162,1753246103,42da3e49
1897224976302927360,这俩私下可一定要还是好朋友啊,6713.528,1753258041,e6299164
1897398342565690112,真的，我们被保护得很好了^ω^,6774.265,1753278708,ca23a4
1897434692518111488,苏丹的游戏你是不是原型哈哈哈哈,6776.575,1753283041,b7b7e82b
1897549057816156160,鼓楼钟楼是西安,6483.967,1753296675,6f99a845
1897599146278760704,中国内部当然也有问题，但和国外的程度还是不一样的，多去了解一点再发言吧,6682.239,1753302646,68f3b35d
1897599835788886016,一个江苏各个市县方言文化都不一样,6838.453,1753302728,a12485dc
1898072217221687552,想起luigi,6699.647,1753359040,9cdf46e6
1898085967332604160,这后面的话题多来几期，说不完啊,6609.427,1753360679,d849b843
1898126853265714176,没办法拒绝变化/dog,6625.936,1753365553,ba542c3c
1898641050416426752,人民的愿望都相似。。,6675.15,1753426850,a18ccce
1898785992081696768,英国：勿cue，谢谢,6689.673,1753444129,cc3adea9
1899394054693909504,不接受也很好办，慢慢被淘汰咯,6624.492,1753516615,3873c0bd
1899524978576745984,可能是荒诞吧，比较合适,6523.504,1753532223,7cf865be
1899569833494887168,梦幻不好吗？,6573.202,1753537570,3860f01a
1899644931426164480,中国也不能避免,6661.822,1753546522,d5bc7b78
1899645448348985344,当然我们现在正在努力让中国不一样而且也有了成效,6689.47,1753546584,d5bc7b78
1900034195536137984,Dylan是一个真诚的好人 支持,6720.402,1753592926,2c9403ee
1900231076526713344,美国很多人相当爱国的，其实恰恰是我们。。。。。。,6649.902,1753616396,395ce43e
1900245252292511232,这里的荒谬应该是指外国宣传的中国和实际的中国不一样的意思吧,6582.739,1753618086,fc0b135a
1901033036209402880,“神奇”,6522.2,1753711997,1b6940fa
1901478076861790976,中国禁枪是最明智的选择，而且摄像头多也是为了保护好人，监视坏人,6802.453,1753765050,80000882
1901700931155311616,变差,6642.612,1753791616,105f52db
1901734966363358208,他是个理想主义者，社会需要理想主义者的存在,6719.916,1753795674,71f360aa
1901862417940697600,感谢国家，每有一个新技术出现都是先向全民普及的,6630.792,1753810867,4a4e6679
1902365496134297344,我们不要身在福中不知福了,6793.653,1753870839,92f8c01f
1903699234281745920,很多国家都这样,6658.438,1754029833,b7a9b2eb
1903827465546625536,每次波波玩这种政治梗我都好想笑,6715.322,1754045119,29c7c55b
1904592752574914304,中国不一样,6686.195,1754136348,357dee8e
1904596883444749312,。。。。。。。。。,6636.436,1754136841,3e5e834
1904597355127841024,哪里不都这样,6661.546,1754136897,3e5e834
1904599138847969024,没有说过的多幸福 要求就是没有战争就很幸福了,6809.822,1754137110,3e5e834
1904743391271399168,中国可使用短短30年走完了西方国家的很多路,6615.568,1754154306,1606bf27
1904746212788497664,确实多元化，不同地区不同民族,6820.44,1754154642,1606bf27
1905466819909765888,要哭了 老王,6796.692,1754240545,a48719d1
1905516364379104512,中国和美国还是很不一样的，美国可以说整个政府和社会就是一个企业,6688.725,1754246452,c0863c00
1905590443236882944,华波波接的好哈哈哈哈,6728.909,1754255282,55f41f2d
1905708190906021888,是的，明明有新兴的社群文化，小说影视在海外也有不少受众，但只拿传统文化宣传,6558.317,1754269319,92638f93
1905733248072848128,伦好可爱啊,6721.098,1754272306,f5b9996
1905886098668937984,伦儿很有国家情怀,6698.429,1754290527,7becfa2e
1905887294179910912,阿雷文艺人,6824.672,1754290670,7becfa2e
1906070010057587456,基建狂魔可不是贬义(而是汗颜),6743.759,1754312451,c8137052
1906621653182534144,国内也一样，只是国家投入民生的更多,6672.825,1754378212,da947e05
1909689848987148544,他想表达国家或者政府没有投入更多到基础设施建设或者卫生安全上面,6674.879,1754743970,d7fb52ee
1911377903472814592,真好,6720.915,1754945201,984e8387
1911378403299548928,伦的发言太棒了,6767.166,1754945261,984e8387
1913571332298825216,不予置评  但我家过得很好,6816.41,1755206679,a406af70
1915971349722081024,但是在武汉记得出门的时候手不要插在兜里,6731.172,1755492783,aa8cb2c6
1918412477759778560,对老王来说这里很有烟火气,6809.441,1755783788,dcc7e0e1
1921056285831728384,不接受就会被淘汰,6630.638,1756098955,954b058c
1921056623968288000,中国也差不多,6657.996,1756098995,954b058c
1929404679826503424,我们也是啊 程度没那么离谱就是了,6668.628,1757094161,bd775eca
1945264582373671936,每次听这个方面都想哭,6771.747,1758984808,e84d2ff
1967694729680788480,卢可的共情能力很强,6785.668,1761658690,eb09f285
1967694847532478464,老王好真诚,6789.668,1761658704,eb09f285
1975476124088230656,好棒老王,6795.251,1762586305,75855fc6
1977911950214243328,其实中国也是,6675.488,1762876678,aedabb3d
1986558931577298944,确实，只有一部分人在享受当代,6804.09,1763907478,2a9d92f9
1988754506963415040,Dylan反应好快,6661.622,1764169211,c847ffba
2011320470867702016,世界因你而美好 ,6720.212,1766859284,1bdc989c
2016952177930965504,广州都一直在开新的地铁线路！,6708.314,1767530636,8947ce87
2022025891484004352,什么叫老是说这个？经历过的最深感悟说不是很正常吗？,6786.513,1768135469,6d4f31dd
2027056310750973952,这是一个制度问题 美国的资本主义体制下永远不可能达到钟逸伦想要的这些平等和普惠,6727.425,1768735142,aef87158
2027056891695612928,老王一说话卢可就哭,6782.978,1768735211,aef87158
2029865597738983936,外宣确实做得不好,6562.312,1769070035,361d239
2056133097778429440,荒诞是离谱且可笑，也不好,6531.028,1772201365,fa9ad547
2066239338295500544,中国没美国那么夸张,6675.024,1773406123,a16be46f
2085131327899985664,荒诞,6523.597,1775658224,91e1ddec
,,0.0,1775683732.8000336,
lb.c,,0.0,1775683732.8000336,
,,0.0,1775683732.8000336,
1895737518549602560,中俄那说不清道不明的羁绊呐,6875.785,1752989565,9e8cd452
1895737942753120512,虽然但是这些基建应该都不是白给，还是要考虑利益的。,7087.97,1753004822,545954c8
1895737954606223616,萨沙已经不是老外啦，他是老内,6917.492,1753001311,e4ff31ac
1895737962810282240,给陈老师投币,7148.543,1753000815,e868d6e6
1895738337562956032,萨沙的面相都很中国了,6921.078,1753014984,73e9b877
1895738415065305344,非正不就是这样吗hhh正经起来很正经,6951.491,1753017172,638576ba
1895738442420556032,这已经是精中了自豪了,6856.334,1753017521,47376c28
1895738515367891200,现在的节目越做越大，主题也越来越大了,7111.306,1753019293,193ffd61
1895738546372186368,萨沙越来越老干部了,6860.051,1753019535,1c68567a
1895738560079171840,完全变成中国人了呀萨沙,6854.884,1753019690,b3e76332
1895738708666585344,但中国的利益都是双赢的，大多是经济上的，不能说有利益就是不好的,7102.081,1753028422,a7349199
1895738749695267072,基础在民间，未来在青年,6909.082,1753029610,b77da815
1895738798022037760,东北人来了,6857.033,1753029957,d0eeaf61
1895738808063201536,唐朝那会真挺多的，服饰饮食娱乐活动都交流的特别深，互相影响很大的,7030.588,1753023996,11c5072
1895738836324421888,偶尔有一些宏大深入的话题也挺好的呀,7125.054,1753034905,9ef562ec
1895738864585642240,灵笼,7118.112,1753027731,7bf03337
1895738874618417408,肯定是有利益的，但是我们追求共赢，而不是强取豪夺,7091.369,1753030554,516113ea
1895738916561457408,宏大叙事会让人感动，但也会让人迷失的，感觉没必要一直升华,6997.048,1753038389,187c324
1895738967622914304,这一年真的是舆论反转,6903.166,1753030294,516113ea
1895738974912614656,近代中国的版图就是清朝定下来的，相当部分依赖于乾隆的十全武功，感兴趣可以搜一搜乾隆朝名将,6979.544,1753040743,7a1afabc
1895739005916909824,没有宏大的背景下个人还会存在吗？,7125.643,1753036925,c7bc6e63
1895739146333819136,咋样了。。。挺好的啊人家,6949.86,1753073352,892b4073
1895854446332840192,相信老王说的是话是发自内心的，毕竟亲身经历过战火,7170.238,1753094661,3a31dcb7
1895859660172023808,据说他的老爸是中俄混血？,6880.681,1753095283,1df8460d
1895878303215493376,迷失是因为你自己内核不稳，如果你连听到一点赞美的话都觉得心虚、不适，那是因为你配得感太低了,7007.214,1753097505,68ab50d8
1895886991573313536,萨沙已经入党了，自豪感都有了哈哈哈哈哈哈哈哈哈哈,6853.737,1753098541,ac1ed4e7
1895914456186862592,确实，有过大唐的鼎盛，也有侵华的耻辱，太复杂了这几千年和近两百年,7072.87,1753101815,4f7b0147
1895939496005433088,我发现很多人很抗拒对个人的赞美哈，宏大就是由个人构成的,7124.197,1753104800,d0a706e0
1895962862170590464,是的,7064.0,1753107585,3c890e32
1896057229271011584,从先秦开始的华夏认同,6997.054,1753118835,35861f7e
1896057475954741760,让我想到了威斯特伐利亚和约,7027.006,1753118864,35861f7e
1896138358434982144,一点都不过，中国就是很好。,7190.899,1753128506,7388c77a
1896282581490515456,导播直接不敢切其他人的画面了 大左也管管 心里知道就行了,7189.779,1753145699,c585eb07
1896371636178174208,为什么过了 前面的是配得感太低了吗 陈述事实而已 为什么会觉得过呢,7195.88,1753156315,c0abd974
1896444073528258560,才注意到这个地图中国好大,6967.583,1753164950,a7969c95
1896444504300081408,超棒啊这期话题 很有意义和深度,7003.209,1753165002,a7969c95
1896487634579302400,这个地图也让我印象很深刻,6965.677,1753170143,9ec95bfa
1896489246634756864,说得好,7151.185,1753170335,9ec95bfa
1896515622197177856,他是真的入党了吧，发言太官方，哈哈哈,6917.303,1753173479,8a80d98c
1896527134873361920,萨沙太中国了,6883.176,1753174852,6a042d86
1896527607890110720,真的很震惊,6985.76,1753174908,6a042d86
1896528590154207232,不愧是在世界中心呼唤爱,7171.882,1753175025,6a042d86
1896549573058051072,求同存异,7081.105,1753177527,b99d4a1f
1896678634124171776,说的太好了,7089.925,1753192912,ef5b873
1896689226226035968,为什么要说过了，如果作为国人的我们都不够有自信，都不够乐观自豪的话，这个世界上还有谁愿意更相信我们可以做到这些呢？,7191.378,1753194175,4de79949
1896700212652189440,中国最牛逼的一点，就是同化,6948.592,1753195484,c3929b2
1896846755031494400,天下大同，世界人民大团结，万岁！,6951.603,1753212954,9450640
1897038302151448064,让我想到了高佑思…哈哈,6842.739,1753235788,88971e98
1897132711857199616,因为我们原本就是一个多民族的国家，每个民族存在各自的文化差异，每种文化相互包容,6938.97,1753247042,42da3e49
1897313694656990464,北京欢迎你，为你开天辟地（开放怀抱）你会爱上这里,6908.793,1753268617,729e3ab7
1897402914356966144,love ,7173.813,1753279253,ca23a4
1897552673700808704,执着 信任,6868.324,1753297106,6f99a845
1897601588529782528,现在人真是戾气重了，以前从来不会有人莫名其妙的打问,6997.266,1753302937,a12485dc
1897859954988690432,家国情怀大部分人有，有一部分人确实因为从小的狭隘，自然也看不惯这些,7191.085,1753333736,e0632c99
1897866933580394240,非正这一季带着任务了,7011.467,1753334568,8562c6e6
1897897775447236608,那外国人和自己国家对比就是觉得中国更好啊，看见中国更好的一面讲出来啊，代表们都说的那么真挚真诚,7021.288,1753338245,2aa70d44
1898088222609748480,可以倒着说中文,6878.916,1753360948,8f9aba91
1898092720329620224,带啥任务真好笑,7021.416,1753361484,d849b843
1898132201112459520,宏大背景就是我们每一个中国人的骨血，为啥不能谈,7130.926,1753366191,ba542c3c
1898580836409316096,守正创新 不忘初心,6939.247,1753419672,6126b659
1898666323538942976,用今人的生命还古人的债，这个真是精辟,7155.601,1753429863,915050e3
1898788297942440448,他不是混血儿，是老爸在他很小的时候就“巨星标配”了，但是很小就开始接触中国文化,6894.038,1753444403,cc3adea9
1898791671513404160,宏大和个人不是对立的，而是互相成就，这就是精致利己主义为什么要摒弃,7136.041,1753444806,cc3adea9
1898822681655529728,这太好了！,6843.84,1753448502,636af638
1898910387244854272,莎莎接近中国人了，完全中国化了,6921.603,1753458958,e3470321
1898911684559693568,陈老师真的满腹经纶啊,7076.15,1753459112,e3470321
1898957673719325184,有些弹幕是觉得说坏的才是真吗？坏的好的都是,6994.673,1753464595,6b40ebca
1899330667008161024,已经是东北人的模样了,6896.769,1753509059,8ed82815
1899443844664460800,中俄CP,6903.562,1753522551,e4d84d7d
1899524549423779584,太深了！,7053.949,1753532172,3820b86
1899609802536100352,萨沙太像中国人了,6868.96,1753542334,64c6b79c
1899623826770786560,一点都不过好吗，现在的时代背景下世界是否能和平确实要看中国,7192.147,1753544006,bc31ead9
1899647684927755520,前面的想说啥啊，陈超咋样了？不要引战可以吗,6952.723,1753546850,d5bc7b78
1900087323199353344,哪里过了？自己去了解一下我们在国际事务上做出的贡献，不要这么自卑,7189.371,1753599259,422009b7
1900214028308531712,古代也有疆域图吧 也是有地理分界线的,7038.06,1753614364,b927edf8
1900303293918964224,老王又动感情了,7179.652,1753625005,68efaa5c
1900974547218661632,中国真的格局太大了,7161.167,1753705025,62699b20
1901012750474195456,萨沙就是中国小伙啦 ,6871.084,1753709579,9265523d
1901040459380750080,天下大同！！！世界和平！！！,7183.616,1753712882,1b6940fa
1901066877699254528,近代史 是一个伤痛,7072.148,1753716031,539dfda8
1901118523019670016,互利互惠嘛，有何不可,7108.686,1753722188,18259142
1901639283426035968,我的弹幕呢,7003.772,1753784267,4d2041c5
1902755038712239872,萨沙说的已经得到了国人大会演讲的精华,7009.141,1753917276,3f3063c2
1903662376340233216,陈老师讲得太好了 ,7199.012,1754025439,2e93938c
1903701780291417856,夸得我都绷不住了,6921.694,1754030136,b7a9b2eb
1903776104272515072,中国自古并没有国境线的概念都是以势力范围划定大概的区域，真正接触到把国境化为一条线的应该是清朝的尼布楚条约,7040.655,1754038996,b9df69aa
1903804183300627712,中国是文明型国家,7009.325,1754042344,1ddd0afb
1904413756096572672,会长眼眶红了,7182.497,1754115010,21f73640
1904600175142915328,萨沙这段话 好,6931.724,1754137233,3e5e834
1904602111367773184,哈哈哈,7116.424,1754137464,3e5e834
1905340308922234368,speed不是来了吗？,6912.659,1754225464,2eb47862
1905890199146212096,天下大同！,7147.37,1754291016,7becfa2e
1906120801997426176,倒着说中文笑鼠我了,6883.518,1754318506,712b33d4
1906866720434670336,他爸爸混血,6884.042,1754407427,4ad5b7c7
1907440916215114752,必须得是陈铭,7057.295,1754475876,9adcf5e9
1907441055340190464,没有陈铭可咋整！！！,7062.323,1754475893,9adcf5e9
1907927474462215424,萨沙爸爸好像是中国人,6888.991,1754533878,edceba01
1908264231959804928,不然呢 你想听到什么？,6956.994,1754574023,d8a8f583
1909738694962297344,因为我们的认同不是建立在血缘，种族之上的，是文明,6947.309,1754749793,e06a0bba
1910516879710106368,天下大同,7156.667,1754842559,4cd26c1a
1911108155258463488,愿祖国永远繁荣昌盛，愿人民安居乐业，希望真的能有老吾老以及人之老，幼吾幼以及人之幼的天下大同,7199.845,1754913045,34be5d10
1911383357871574272,说得太好了,7156.072,1754945852,984e8387
1912644363784642048,这个bgm有点宏伟啊哈哈哈哈,6896.867,1755096175,aca1d8af
1912646653195192576,说得太好了！！！,7161.315,1755096448,aca1d8af
1913030470246605824,只有经历过才知道的,7176.765,1755142203,cdc7bc83
1913350480247959552,李白是吉尔吉斯斯坦那边的人,7021.62,1755180351,3302ae89
1914864527842332928,国破家亡，固定搭配，望周知。也不妨看看今天的加沙人民，里面也不乏战争前家境优渥的。,7145.64,1755360839,dfe2ddbf
1916898949210434048,萨沙太老干部。。。,6868.229,1755603361,41d23346
1916900671467390976,读人类简史就知道 国家是人类构造的概念罢了,7052.699,1755603567,41d23346
1921250021379576576,说硬夸的历史及格了吗,7002.11,1756122050,bc587f4c
1923930412557231360,但是听说意大利街上小偷特别多,6841.225,1756441577,99536495
1924986993839221504,陈铭老师口才好，说话才快，没有语言屏障,7130.674,1756567531,e498a6f4
1926357441114275328,投币了,7154.131,1756730901,9eb4a117
1939601543464800000,说的好好,6936.456,1758309722,19031c9a
1971050491086146048,感觉萨沙真的是完全融入中国了,6891.029,1762058728,9574db04
1977023081524779264,都是地球上的人类，没有哪个国家比其他高级,7161.416,1762770716,da85f3fd
1977913530325766400,萨沙已经入党了吗哈哈哈哈哈,6863.869,1762876866,aedabb3d
1985165235720048640,太纯了还是,6863.268,1763741337,55203a50
1992880039746138112,东北代表这一块,6856.653,1764661013,b087944c
2011869610512769024,看哭了,7140.057,1766924746,cc26b091
2011870073975098624,说的太好了,7150.2,1766924802,cc26b091
2026026976464848128,这一期太棒了,7064.553,1768612436,1ca31636
2027856872027209728,非常漂亮的总结,7094.328,1768830577,8f58d927
2035149943106573568,他真的说得好标准,6879.309,1769699978,ca126b
2036292303651953664,我突然意识到中国的中立也是一种和平,7197.221,1769836158,f9735bbb
2082391271548932096,包容  但是有一条你只可意会不可言传的高压红线    触碰即死亡,6946.344,1775331584,6d6f1ac6
2082391448967843072,包容  但是有一条你只可意会不可言传的高压红线  触碰即死无葬身之地,6950.611,1775331605,6d6f1ac6
,,0.0,1775683732.8000336,
lb.c,,0.0,1775683732.8000336,
,,0.0,1775683732.8000336,
1895737650661789952,下周见,7295.403,1752992285,a1639211
1895738054900420864,陈老师说的真好,7214.561,1753006171,255b01e
1895738988594434304,那挺羡慕那个厅结婚的新人了~,7250.967,1753048041,23ddeab7
1895990467888831488,哈哈哈哈哈哈,7243.15,1753110876,99272c49
1896502871931897088,精彩的节目,7207.788,1753171959,bda137c9
1896528826075226624,好看,7223.428,1753175053,6a042d86
1897388807511572224,很客观啊，这就是事实,7202.296,1753277571,d403eb94
1897967201404250624,好看好看,7214.407,1753346521,bdfa401c
1898090557780690176,哈哈哈哈哈哈哈,7364.777,1753361226,9cdf46e6
1898096271319938304,伦儿记词能力这么强啊,7425.896,1753361907,d849b843
1898122321471151616,战歌起泪目了,7222.706,1753365013,66a85677
1903097630284788992,真棒！,7232.354,1753958116,1e5860b0
1910196463095640064,可真正的世界还是弱肉强食,7214.027,1754804363,738a73b
1962554409448054016,旷野的规则是永不回头,7256.422,1761045916,9caedba
1977916378484578816,精彩！,7203.354,1762877206,aedabb3d
,,0.0,1775683732.8000336,
lb.c,,0.0,1775683732.8000336,
,,0.0,1775683732.8000336,
1895737229310398720,一日代表好漂亮！像玛丽莲梦露,36.018,1752985309,59dfb4d2
1895737236021285120,来了！,197.636,1752984891,781e03c0
1895737280388632832,来哔哩哔哩只为了非正,23.323,1752985268,882cd619
1895737340836942080,竟然没有弹幕,102.734,1752986130,7c88818c
1895737356095820032,太美了啊啊啊啊啊啊啊啊啊啊啊,129.037,1752986855,63882395
1895737381790126336,哈哈哈哈我也喜欢测试,330.419,1752986736,4f7b0147
1895737392368161024,再看一遍加长版,74.113,1752987164,6261fc3d
1895737440627822848,就等加长版了,15.67,1752988220,a8fd71fe
1895737488023458048,沉默是最好的回答,188.466,1752989859,5cde034e
1895737757213888768,濑濑晒伤妆？,296.894,1752994571,13ee2db9
1895737813862158592,天呐，杨迪好好，还帮会长解释一下,262.251,1752995588,ef576978
1895737852827242753,濑濑可爱,315.191,1752995616,1091612d
1895737914483511552,我怎么第一反应就知道他要说学历,139.779,1752996339,2775914b
1895737947308134656,果然还是斯拉夫人长在我们的审美上！,73.86,1753005031,2394c70f
1895738002018636032,哈哈哈哈哈哈哈哈哈,195.646,1753006609,bc56a2e1
1895738089553760512,加长版！终于 走起～,118.271,1753002959,ea88348b
1895738128770502912,哈哈哈 让我们说中文,233.897,1753003085,ea88348b
1895738201701060864,哈哈哈哈哈哈,178.352,1753005984,61f1cb93
1895738215382880512,来了,60.699,1753006389,bc56a2e1
1895738423277752576,怪不得,264.523,1753017327,ef8f951e
1895738450633003264,弹幕呢,94.954,1753017693,6474f847
1895738460665778432,来了,9.0,1753017972,d2eb3f6c
1895738543637500160,超超看起来很聪明的美女,286.398,1753016280,a9208369
1895738587400868096,我说会长怎么有种被夺舍的感觉呢,275.37,1753020529,fc5c5aac
1895738736936194304,罗世杰也是博士吧,170.656,1753024489,8d665d98
1895738941182021888,再听一遍哈哈哈哈哈,211.547,1753064144,91850ea9
1895739043304935680,大左你堕落了 居然问出这种问题,183.625,1753066311,c585eb07
1895739119892926720,直接看加长了,50.901,1753065450,532bb614
1895739159101280512,直奔完整版！,2.008,1753066177,df6e1fa7
1895739170954383616,高情商：还在研究中...低情商：懂得都懂,196.746,1753071998,2b09e628
1895739227485212928,想起大不溜，小不溜，哈哈哈,313.856,1753071380,42da3e49
1895739240252674304,本来就是这个议程,275.175,1753075611,9cc5a9be
1895739294963175680,让我们说中文,230.803,1753077391,7d0b1ed6
1895741767471711744,好漂亮我的吗,123.454,1753081229,35861f7e
1895878472815905536,我就说会长怎么突然那样哈哈哈哈哈哈,285.477,1753097525,e1f0140c
1895902343950621952,小姐姐有点用哈利波特的露娜,260.69,1753100371,7bf5ae5
1895913944380697088,全世界都在说中国话。,240.019,1753101754,83719079
1895923691389856000,这封面有点像火仔和托子啊,7.553,1753102916,f48e83fe
1895925654231755520,俄罗斯娜娜什么时候来,123.096,1753103150,9a5f75b6
1896126772140527360,soul说是,314.381,1753127125,757770bd
1896432713985696000,厉害了,157.364,1753163596,d844b0d7
1896548500188124672,头发好美,170.792,1753177399,7be9809b
1896549652783060480,杨迪火是有道理的 尊重人,272.254,1753177536,7be9809b
1896671118996624640,哈哈哈哈确实幸好解释了,273.442,1753192016,9cb4590f
1896702989247416832,超超很适合这个衣服的颜色哦,102.804,1753195815,3c4a8341
1896834873642632704,有俄罗斯美女啊…,35.454,1753211537,88971e98
1896836266168177664,让我们说中文,232.165,1753211703,88971e98
1897134881856050432,漂亮小姐姐～,64.387,1753247301,c76fd2
1897334937960030976,濑濑这个妆真好看,301.592,1753271149,bbeae81b
1897409888377011200,冒犯,196.202,1753280084,4dd44e23
1897435333340270848,约基奇,348.778,1753283118,182ab5fd
1897520115852190208,完蛋，没有提示我怎么看？,116.489,1753293224,28dcc9f6
1897545623813818880,这就冒犯了？弹幕真是敏感肌,201.287,1753296265,d14d0ec
1898012492027085824,赖赖的妆好可爱,336.596,1753351920,4fcac017
1898069933423117568,杨迪预判了弹幕哈哈哈哈哈,271.58,1753358768,ba542c3c
1898129671619960832,这个问题就跟 这是博士，你谈恋爱没？结婚没？一个意思,190.406,1753365889,c4640bae
1898480150421808896,来了,16.649,1753407669,6a79158e
1898575317955005440,超超好好看！,109.88,1753419014,69896d2c
1898577690152768512,花仙子从动画里跑出来了,128.022,1753419297,ae954710
1898649691060092160,西伯利亚可老大了,219.328,1753427880,2391701c
1898711585640666112,陈超这次妆发好可爱啊,102.634,1753435259,6bc89832
1898754234095442176,羌族小煞,92.976,1753440343,2c9219d7
1898798214510129920,你是菠萝的颜色,82.099,1753445586,3665527f
1898849081846541312,萨沙爸爸本身就是中国人，只是他自己从来不提,250.247,1753451650,b47738e
1898894497392836608,哈哈哈哈哈哈,177.674,1753457063,b7a9b2eb
1898943849687043840,一直是这样就得改呀，与时俱进哦,224.299,1753462947,b698ce63
1899364840469068288,这个发量绝了,134.718,1753513133,2a7b6daf
1899448788037526016,超超每期都好美呀,99.793,1753523140,d00654d8
1899516166050156032,不是第一次看 而是第一次意识到 以前太麻木了,216.063,1753531172,118b96e
1899527485797073152,笑死 中文是母语 俄语是二外,237.713,1753532522,568a8045
1899528308618886912,敏感是好事,303.526,1753532620,568a8045
1900192036414916352,一之濑这妆怎么回事,293.915,1753611742,29c7c55b
1900289648556262400,直接看加长版,0.154,1753623378,e67086c2
1900919121772592640,好漂亮,127.615,1753698417,c1f2fe77
1901083258352320512,好厉害的姐姐,153.737,1753717984,80000882
1901138676046841344,好想念松鼠啊,100.073,1753724590,be45fcd2
1901541018550427904,学霸,158.824,1753772553,92f8c01f
1901541640448327936,哈哈哈哈哈哈哈哈哈,233.0,1753772627,92f8c01f
1901557020667466240,口音重成这样吗hhhhhh,247.784,1753774461,28c7b5ab
1902390692148829184,杨迪，综艺没了你可怎么办啊,266.775,1753873842,d89f1503
1902390841935725312,这个家不能没有杨迪,269.141,1753873860,d89f1503
1903658867167214336,萨沙俄语有东北口音,222.721,1754025021,19790be1
1903884035399163392,弹幕确实很敏感（摊手）但本来每个人的敏感度确实都不太一样,210.495,1754051863,c29ddf0d
1904491649607379968,哈哈哈哈说不出来,179.099,1754124296,3e5e834
1904491705198666240,太真实了,185.705,1754124303,3e5e834
1904530408591864832,别说的是人均美女，俄罗斯人一到中年，你看什么样子,267.292,1754128916,45953387
1905824218038253568,一之濑脸咋了？？？,293.709,1754283151,7becfa2e
1906658172484245248,斯拉夫出美女,75.635,1754382566,1327ee61
1906659219936198400,俄罗斯男女比例失衡 现在男人可能更加少了,182.722,1754382691,1327ee61
1909373597710577920,杨迪真懂弹幕啊,277.498,1754706270,8dd2ba4e
1910460639663627264,陈老师在模仿一之濑,45.076,1754835855,922f6f0b
1913105683772238336,希尔顿借了这么久啊,64.327,1755151169,7c712eec
1918431810531300864,这集时长好评,75.498,1755786093,15362246
1918442564634446336,最好看的,148.186,1755787375,15362246
1933845929732174848,什么文化？能不能翻译成中文,304.009,1757623599,d7c947c1
1937313621231702528,丽莎非常漂亮又可爱，前几天在三亚看到本人，很惊艳,124.308,1758036980,ba02a15
1937929668699405312,卡尔波利,48.444,1758110419,32e2455b
1937963074376466688,好漂亮,134.143,1758114401,945a6cd2
1944416070370790912,？？？？？？,169.166,1758883658,ee18cbf2
1946034063152715520,漂亮,127.189,1759076538,eb269b47
1948170065589943552,这就是敏锐，情商和敏锐并不相关,311.502,1759331169,ffdfce2e
1953129821739839744,为啥一之濑是asuka明日香,324.492,1759922418,83b4cbbf
1954420562860454400,好喜欢她,134.846,1760076286,915cc525
1956594679777072128,别太敏感肌,205.333,1760335461,d35c8a9
1960344697746654976,萨沙爸爸是混血,212.087,1760782498,f8089327
1961200116493380096,？？？,189.014,1760884472,a187841b
1963248930037173504,故意的，节目就这样，多少年了还不懂这个套路吗,196.252,1761128710,65b78c7
1968970682843311616,哇俄罗斯美女姐姐,34.602,1761810796,269700bc
1977838097261843200,来了来了,8.955,1762867874,aedabb3d
1977839385668188416,好有才华！好漂亮！,162.561,1762868028,aedabb3d
1992655007401061120,让我们说中文,231.845,1764634187,b087944c
2002223379507534848,超今天的发型好看,289.421,1765774826,8d79c5f3
2004575798560393984,怀念以前长头发的四姐,174.74,1766055256,ffa3828d
2021928450646454528,确实不太好。。。这是啥敏感，之前男代表啥的也没问（从非正第三季开始追的）这本来就不尊重人，敏感也不是什么坏事,202.128,1768123854,6d4f31dd
,,0.0,1775683732.8000336,
lb.c,,0.0,1775683732.8000336,
,,0.0,1775683732.8000336,
1895737342925705472,严谨的德国人,476.148,1752986028,fe4eee91
1895737483040624896,大气,487.444,1752989145,193ffd61
1895737545401536768,怼脸拍，真的好看doge,689.139,1752990986,591a47e1
1895737746736517376,两位的瞳色都好好看,397.339,1752993592,2f3ca03c
1895737759118102784,梅丽莎小姐姐头发太美了，像洋娃娃,677.759,1752995462,13ee2db9
1895737805708431616,呆楞是真的  成熟了！！成熟的帅！！,611.617,1752994452,fbf64f60
1895737827443314944,那真的我们很难这样,466.779,1752995951,1091612d
1895737952785895680,花期短但是开得艳,585.749,1752998353,4eba2802
1895737970108371200,可以一个人买单，然后有空了拿小票算,428.926,1753005751,90af0186
1895737994720547072,split the bill是吗,414.975,1753003281,ea88348b
1895738146084589824,梅丽莎真的太好看了,642.72,1753009208,d93d12d4
1895738169790796032,哈哈哈哈,434.814,1753004847,2f987c3c
1895738187113271552,这个妹子好养眼啊！！,500.242,1753010552,85e3c44a
1895738250027831552,真的，我追过不少外国演员，白人很少有保养好的,603.652,1753012927,302e2cd4
1895738309293347072,男生应该说平权吧,410.11,1753014904,26cd4125
1895738312942391552,这蓝色眼睛真漂亮,701.403,1753012513,68efaa5c
1895738379505996032,小姐姐！10分好看！,681.33,1753013023,302e2cd4
1895738488926998784,听着还挺浪漫的,529.594,1753015004,26cd4125
1895738489832968448,哈哈哈哈哈,621.823,1753019961,ef8f951e
1895738508984160512,五官太美了,684.493,1753017972,8d117f15
1895738562780303616,四姐稳定发挥,422.981,1753022338,fbd7fd41
1895738589221196032,太好看了她,677.254,1753017957,8d117f15
1895738746054611200,陈铭看了一眼梅丽莎哈哈哈哈哈,590.106,1753024833,8d665d98
1895738822642602240,白人皮肤薄，再加上骨相起伏明显，没有胶原蛋白很快就垮了，黄种人只要保养得当一般四十多岁还是没问题的,615.648,1753034058,7a1afabc
1895738826291646720,严谨的德国人哈哈哈哈,462.399,1753024355,bde1c345
1895738886471520512,而且他们生很多孩子 生的女儿也多 我俄罗斯同学她有三个姐妹,706.277,1753041605,7021661
1895739008659984640,这种情况的话一般就是那个吃的多的全付了，关系好的话分别人一口吃的很正常,469.305,1753033834,7a1afabc
1895739055158038784,好问题,629.722,1753070638,bdcbba7
1895739211068707072,萨沙有几分像吉洪诺夫老爷子年轻的时候,649.648,1753071778,9e41d483
1895746442224785664,让我想到了鹊桥仙,527.913,1753081786,35861f7e
1895778905819131904,超超有点星期三的味道好喜欢,385.96,1753085656,73e93c18
1895840500003377408,哈哈哈哈哈哈哈哈哈哈哈,519.208,1753092999,ac1ed4e7
1895840530647078656,紫禁城风水养人,590.76,1753093002,c0d2264f
1895945062736117760,aa就是每个人付自己的，传到中国才变成均分,412.606,1753105463,84633020
1896015890890314496,新代表好可爱,639.956,1753113907,e871e898
1896039919974262784,哈哈哈哈,427.498,1753116771,415655f0
1896457049043406080,活泼可爱美丽，常驻！刷起来,688.508,1753166497,8cb4abb9
1896471204483626240,萨沙确实帅啊 是我喜欢的长相,657.64,1753168184,4ca66879
1896710320119313920,魂断蓝桥,514.263,1753196689,491addc9
1896934522319112192,哈哈哈，是我了,375.813,1753223416,a075ec79
1897173951436752640,一之濑这个妆造没之前的好显得臃肿突出,369.849,1753251958,6f99a845
1897176064527120128,这才是真正的AA AONE 各付各的,417.466,1753252210,6f99a845
1897249138144757248,哎呀超超好美呀这套,372.158,1753260921,d67a388
1897255003031584000,太可爱了,643.527,1753261621,290bcf14
1897330516752267008,四姐没变化，从以前就成熟,627.007,1753270622,7ea9d3d5
1897377323800974592,主要是德国比较严谨,427.117,1753276202,c76fd2
1897409726736857856,原来都是搜来的,571.539,1753280065,be125094
1897789980114699776,哈哈哈 不记得,540.606,1753325395,4227b274
1898072148510532864,高配版星悦,691.839,1753359032,2738fae5
1898073640089037312,我的男生同学也是，大学4年过去之后都不同程度发福了哈哈哈,603.928,1753359210,ba542c3c
1898583508701119488,最漂亮的不是五官吗，尤其眉眼,683.896,1753419991,ae954710
1898652758169973248,deepseek打钱,575.04,1753428246,2391701c
1898755732108109824,因为他们爱晒太阳 高油高甜 亚洲普遍相反,616.917,1753440521,636af638
1899233687024352256,法币还帅好可爱,403.744,1753497498,ad67615a
1899377441013676544,哈？,702.185,1753514635,2a7b6daf
1899524857746892032,我喜欢这种方式，不过最好点一些价位差不多或者好算的,476.688,1753532208,fbcf58ae
1899526800288205568,参考小李子,615.613,1753532440,fbcf58ae
1899527783693058816,好像俄罗斯婚礼和登记是同一天,703.421,1753532557,fbcf58ae
1899611392370790912,4,635.097,1753542524,82c776d
1899956477675331840,是晒伤妆啦,360.467,1753583661,9e6467db
1899975255272139008,这个好,400.959,1753585900,2c9403ee
1899976001933586944,那是因为西方吃饭（夹菜）的模式不一样 每个人分的很清楚,422.475,1753585989,2c9403ee
1899977800535069184,风大,542.187,1753586203,2c9403ee
1899980015152740352,测的好，就是真的好，测的不好，要相信科学,375.102,1753586467,3ad68769
1900241357915115264,怪浪漫,530.228,1753617622,5eebbb86
1900924116316678144,他也是混血吧,597.346,1753699013,c1f2fe77
1900991742497444096,老王好认真,506.845,1753707075,f6eb3d24
1900996645152891136,这个好！我喜欢这样,418.409,1753707659,59b380d7
1901491110711870976,引火烧身,657.108,1753766604,3465c430
1901544698834279680,哈哈哈哈哈哈哈,597.382,1753772992,92f8c01f
1901692904028990720,都一起吃饭的关系了感觉不用太计较吧，这是date诶,487.282,1753790660,71f360aa
1902424479079549184,是帅的啊，五官比例很好,657.34,1753877870,24d07282
1902473228065647616,我喜欢这样，感觉婚礼是给外人看的，不是给自己办的,717.867,1753883681,59b380d7
1903182158839680512,我和一位少年，漫步树林外,487.925,1753968193,a6894687
1903203390071653888,饮食问题,600.437,1753970723,5e85aa98
1903650610780700160,白人虽然不注重保养但没有容貌焦虑可以做自己就很好啊,633.202,1754024036,98decb5
1904495513727200768,这个小姐姐真的好漂亮啊 白白的,603.059,1754124757,3e5e834
1904532634147952640,堵桥来,511.379,1754129182,5bd65cde
1905080521651165952,喝酒喝的吧,597.515,1754194495,39d99fac
1905349996455302912,好喜欢去这样的，有人能懂吗,434.037,1754226619,6d90be6a
1906661267888835072,法币和一日代表眼睛一个色系,393.932,1754382935,1327ee61
1906662046133447168,这次总算到德国人震惊意大利人了,469.062,1754383027,1327ee61
1910284368769920256,因为花期短,698.558,1754814842,664d29dc
1912279399659960064,风在哪不都是一直在吹的么,542.249,1755052668,a8fe5ea9
1913210705083992832,萨沙确实帅，而且帅得很客观，这但没法否认,650.002,1755163688,d88d4d24
1913223966307712512,同事之间可以这样，朋友之间就没必要了,449.744,1755165269,96a9a0bf
1913292098959548672,萨沙确实是特别帅！,660.617,1755173391,7b914c00
1913346863013150208,这个真好,405.051,1755179920,fcf22efb
1916178758985921792,德国人哈哈哈哈,470.385,1755517508,41d23346
1921042340266008320,国外是各点各的套餐，适合aa，中国是一起吃同一盘菜，胃口不同，不适合粗暴的aa,412.351,1756097292,eea468e3
1921042881901795072,中国更难算，所以流行请客而不是aa,441.898,1756097357,eea468e3
1941566684721332736,这两个俄罗斯代表应该就是中国审美里最好看的那一类了,667.832,1758543985,e2e301a6
1944428565982548992,Dylan在写什么,388.052,1758885147,73aed9f3
1953188451575386624,确实帅,649.868,1759929407,194d9898
1960064942610599168,我29岁，孩子10岁。,709.896,1760749149,6a7c628d
1961074382902701824,啊啊啊这个音效好可爱,639.808,1760869483,c8711e27
1965454987081423872,我就这样，各算各的。跟朋友其实我也想这样，不然我感觉不太舒服,456.746,1761391692,d0b3063b
1969275411209221120,hhhhhh,585.68,1761847122,1e751c6e
1977842088578297088,严谨的德国人,480.692,1762868350,aedabb3d
1988648613126933248,妈呀，漂亮姐姐好可爱,643.948,1764156588,c847ffba
1996421042478379264,比aa更aa哈哈哈,415.493,1765083134,7177deef
2025581688474307072,亲兄弟明算账,428.978,1768559354,e5ebf93c
2066188182139764224,你也是 和前几季对比明显,589.72,1773400025,a16be46f
2068219040748953344,我喜欢这样,442.196,1773642122,f2fcfff8
,,0.0,1775683732.8000336,
lb.c,,0.0,1775683732.8000336,
,,0.0,1775683732.8000336,
1895737309572600064,哈哈比利时淡淡吐槽好搞笑啊,864.838,1752985668,47bbec08
1895737494264582400,2333333,743.492,1752989946,c76f245a
1895737546508833024,只能说世界之大无奇不有了233,828.615,1752990204,4944442d
1895737690583175424,？,788.371,1752992554,dbe23620
1895737828349284608,哈哈哈哈哈 就非要有证吗这,788.883,1752994668,fbf64f60
1895737890777305344,这么闭塞吗？,805.983,1752997401,ba65b856
1895738004753322240,比较严重的程度哈哈哈哈哈,1016.022,1753004556,94d50217
1895738144264261888,男：天王盖地虎 女：宝塔镇河妖,875.819,1753006816,47376c28
1895738162501095680,伊拉克也是什叶派国家,830.79,1753007084,43686648
1895738377685668096,对对对,886.688,1753016087,bc9fd41c
1895738640282652928,哈哈哈哈突然想起来戴卢可是不是对dating文化很懂,952.295,1753025347,fe4eee91
1895738693172826368,哈哈哈哈哈《这个华波波不一样》,729.19,1753024957,8d665d98
1895739065182425344,越压抑越开放,844.47,1753052006,65ec0af4
1895739149982863616,哈哈哈哈哈哈哈,907.322,1753065403,f7934ca3
1895769540794055680,前面俄罗斯遍地帅哥美女是真的,769.796,1753084540,4422ff62
1895824043836972544,弹幕突然收声了红红火火恍恍惚惚,734.198,1753091037,cc93cef3
1895828587920556800,这真的不是菠萝卖不出去的营销吗？,871.762,1753091579,1da0b061
1895947042497947392,第三次见面还是第三次嗯嗯？,1049.141,1753105699,c750ae38
1895949991009590528,宗教警察吗？,776.638,1753106051,9e41d483
1895971024152074240,中国人的经商天赋哈哈哈哈哈,917.26,1753108558,5a31e3ac
1896425506115668224,村？哈哈哈哈,953.332,1753162737,42570b8b
1896427127877063168,招展笑死我了,743.277,1753162930,9ec95bfa
1896494509345332736,开放啊,1029.735,1753170963,6a042d86
1896637560244685568,充话费式的结婚,813.804,1753188016,89807551
1896692754986387712,哈哈哈哈哈哈,983.273,1753194595,eac1fc5d
1896706299065560320,老王的眼神在冒星星,838.313,1753196210,d8e5f363
1896713955582526208,天逊尼派和什叶派，想到追风筝的人了,829.491,1753197123,491addc9
1896841388705377280,这跟我们这的警察查房有点像…哈哈,805.028,1753212314,88971e98
1896937991939779840,？？？？,786.906,1753223830,a075ec79
1897123754787030016,哈哈哈哈哈哈哈哈哈哈哈哈哈哈,1020.411,1753245974,45654410
1897176574395630080,来了，直接加长版,974.739,1753252271,d9749c34
1897380653918993152,哈哈哈哈～lady first～,753.071,1753276599,c76fd2
1897380942050808832,短期啦～长期啦～,765.871,1753276634,c76fd2
1897383124666121728,哈哈哈～A到Z～,976.347,1753276894,c76fd2
1897383569446710784,比较严重的程度～红红火火恍恍惚惚～,1015.942,1753276947,c76fd2
1897383907826628352,姐妹们～,1052.127,1753276987,c76fd2
1897551369599046400,可以鼓掌了,1016.475,1753296950,d14d0ec
1897727145607336704,搞对象笑死我了,941.281,1753317904,68db616f
1897898291362938112,YOYO,769.419,1753338306,3dc677eb
1898076736198329856,哈哈哈哈哈哈四姐,967.648,1753359579,ba542c3c
1898220515982619136,哈哈哈哈什么时候看到这个lady first才不会笑啊哈哈,749.918,1753376719,e8cc9494
1898515580160908800,真就体验卡,785.517,1753411893,a18ccce
1898531542490707712,太好笑了hhhhhh,995.742,1753413796,8020f1b7
1898584831534084096,感觉和苏格兰那种男女校联谊会挺像啊,958.956,1753420148,ae954710
1899333614798306816,哈哈哈哈哈哈哈哈,890.75,1753509410,48caf715
1899493708169050112,这是真的 ,810.963,1753528495,49612456
1899558765339352320,哈哈哈哈哈哈哈哈哈哈，有点太诚实了哈,1041.266,1753536250,37dfb466
1899559089802601216,雷妹妹～,1054.905,1753536289,37dfb466
1899632198056381952,华波波很可爱,860.822,1753545004,ddcb952e
1899690611263457024,这个是真的，我伊朗朋友们都证实了,809.166,1753551968,881ef171
1899980184409419520,我还记得诶,767.393,1753586487,2c9403ee
1899980554649404160,救命,801.518,1753586532,2c9403ee
1900176913918403840,老王。我喜欢的,836.184,1753609939,d7c68202
1900207702098475264,什叶派和逊尼派能坐到一起聊天也只有非正式会谈。,831.444,1753613610,253cfa97
1900855482026004736,挖坑了开始，准备回家跪搓衣板了卢可,963.641,1753690831,18259142
1900982139454146048,以前就说过啦,795.933,1753705930,1606bf27
1901030304811390976,真敢问啊大左,1041.459,1753711672,bba3e7b3
1901030501683674368,特殊类的hhhh,1063.512,1753711695,bba3e7b3
1902475393005930752,认真，不是严肃,1021.238,1753883939,59b380d7
1903582328761517312,讽刺的不是波波是国情,851.615,1754015897,1ddd0afb
1904394075097533952,哈尼克孜,728.514,1754112664,712639ae
1904496876288851456,哈哈哈,729.753,1754124919,3e5e834
1904516940261635328,哈哈 被说中p图了,897.961,1754127311,357dee8e
1905292868248203776,哈哈哈哈哈温州人也是站起来了,922.793,1754219809,94dc5d7b
1907465783345827584,大左池州人，差一个字,930.583,1754478840,e06a0bba
1909633575939544320,哈哈哈哈扬扬补刀,729.343,1754737261,d7fb52ee
1909637115907104000,哦～,1068.756,1754737683,d7fb52ee
1910217713125871872,不愧是北欧,991.337,1754806896,7419d9b6
1910285333971808000,开放式保守,800.19,1754814957,664d29dc
1916182003120834304,好神。。。,800.571,1755517895,41d23346
1918092995408932352,买菠萝是吧哈哈哈哈哈,841.599,1755745703,cae536f2
1919839034780907008,哈哈哈哈哈哈哈哈哈哈,1016.446,1755953847,b9f358ce
1920303224746295040,BGM怎么这么燃？,900.242,1756009183,99536495
1929266071559254528,比较严重哈哈哈哈哈哈哈哈,1020.019,1757077637,467053b4
1932278720392444672,严重哈哈哈哈哈哈哈哈,1008.878,1757436773,52ac390e
1933442446847667968,华波波像非正的逗号，哈哈哈,734.125,1757575500,df58247e
1939900940560154624,搞对象哈哈哈哈哈哈,944.041,1758345412,add21500
1941083294070661888,熟悉的音效又回来咯,760.233,1758486360,50b86bf5
1961012560908661760,肯定有,975.077,1760862114,bfa2ee3f
1969395654430585856,大家都知道的话还叫暗示嘛哈哈哈哈哈哈哈,861.564,1761861456,7ed3ebc
1969396057905913344,华波波每次发言都特别有梗 综艺里缺不了这样的角色,868.073,1761861504,7ed3ebc
1977846831144786688,哈哈哈哈哈哈哈哈哈哈,1044.084,1762868915,aedabb3d
2024171551549188864,！！！,787.638,1768391252,6151813e
2026922242222668544,米兰的男模大部分超级无敌穷,1070.323,1768719160,aef87158
2059722213967966208,啊？,1009.869,1772629221,75a3ab51
2059722648640373248,stop 哈哈哈,1044.827,1772629273,75a3ab51
2068224214867537408,感觉这样离婚率好高,1056.652,1773642739,f2fcfff8
,,0.0,1775683732.8000336,
lb.c,,0.0,1775683732.8000336,
,,0.0,1775683732.8000336,
1895737366690631936,被杨迪笑死，哈哈哈哈哈,1112.633,1752986394,eb069b0d
1895737511729664256,婆婆选好了，双方家长见面一次就订婚了？？这么快，和父母之命有啥区别,1166.095,1752990929,5866b398
1895737822007496960,保持神秘感么,1177.151,1752996054,13ee2db9
1895737846460289280,想起唐大哥开车尾随着送老婆哈哈哈哈哈,1216.937,1752995154,fbf64f60
1895737857038323968,陈老师还是会  doge,1334.87,1752995706,fbf64f60
1895737911757213952,哈哈哈哈他吓死我了,1277.525,1752996969,1091612d
1895737960989954304,哈哈哈哈哈哈,1249.715,1753005457,81e32263
1895738084084388096,那怪不得有些时候会吃西餐，因为这样不能玩手机，就会被迫了解对方哈哈哈哈哈哈哈哈哈哈哈,1364.499,1753010046,4e76690
1895738115080294656,说得我都心动了,1313.062,1753001868,755ab053
1895738130582442240,阿雷是真的在为姐妹们考虑啊！,1091.08,1753006285,2394c70f
1895738138786500864,打羽毛球！双打！,1265.968,1753011691,3820b86
1895738178909212928,四姐好喜欢陈老师感觉哈哈哈,1293.779,1753005068,34ea35bf
1895738260974964992,好像伦和四姐都没说？,1306.348,1753009512,e9983320
1895738350330417408,那岂不是完全不了解彼此,1188.238,1753015487,7e01a787
1895738449718644992,还是不一样，父母之命很多面都没见过,1191.878,1753016191,eabe6363
1895738783434248448,知道的不少,1094.625,1753026745,1952548b
1895738787083292928,《再见XX》那段时间的经历给陈老师整工伤了,1245.564,1753025428,8d665d98
1895739087068303616,难怪爱密室剧本杀呢,1281.948,1753071847,a05ec9c0
1895739136301043968,我喜欢看电影，因为不想交流,1267.296,1753063459,3e15afd5
1895739137215402240,赶鸭子上架,1347.576,1753073156,2b09e628
1895739334171529472,有点难评,1318.96,1753077674,6d52a3e9
1895842592684773632,老王好搞笑,1207.55,1753093248,a384683a
1895888808210444032,跟古代似的,1200.836,1753098757,80d76961
1895902850890865152,…男方视角吧，感觉作为女生并不喜欢,1329.906,1753100431,e1f0140c
1895907698449826816,唐小强好像也是这样认识老婆,1154.003,1753101009,7bf5ae5
1895953890084972544,得有个电灯泡,1201.966,1753106516,9e41d483
1895962814724877312,那大家性格都还没合得来咋办,1185.106,1753107580,70be7902
1895975507275771648,杨迪这个上热搜了哈哈哈,1108.05,1753109093,ab62fb5b
1895988325479763456,去逛宜家,1339.945,1753110621,24b0ce4c
1896001397800507136,真的，太套路了,1348.596,1753112179,b7453a45
1896033498947616256,我服了华波波了哈哈哈哈哈哈哈太搞了,1272.126,1753116006,11d561a5
1896422520862296576,陈老师说的前提是两人暧昧期只是临门一脚而已,1358.888,1753162381,2aa70d44
1896426994623953152,好古老的相亲模式hhh,1133.837,1753162914,42570b8b
1896548231191151360,爱情保安,1196.722,1753177367,445a39f6
1897115090000851712,经典来了,1111.63,1753244942,e0632c99
1897117071960705280,人家举例，只是解释吊桥效应,1318.362,1753245178,e0632c99
1897186435279557632,吃完再喝一点 酒壮怂人胆,1334.617,1753253447,6f99a845
1897384505070132992,红红火火恍恍惚惚,1112.117,1753277058,c76fd2
1897392014317188864,陈超好美好美！！！,1426.702,1753277954,dc39d7d8
1897729822839930624,世界的参差，有趣,1233.017,1753318223,68db616f
1897855084101036544,来自游牧的习俗,1150.008,1753333156,5e6db3f9
1898585785360270080,母单：别碰我的拼图！！,1322.878,1753420262,d5851018
1898586013228955136,非诚勿扰哈哈哈,1245.808,1753420289,ae954710
1898765709031333376,哈哈哈哈哈哈哈哈哈哈哈哈哈哈哈哈哈,1275.348,1753441711,da4a6923
1898851449120022784,真的好合适啊,1430.582,1753451932,85cd1b5c
1899312175110448384,伦儿呢,1370.097,1753506855,7b9475a0
1899329727408561920,\,1359.942,1753508947,4a475a07
1899340591771536128,对对对,1347.304,1753510242,48caf715
1899531646009486080,哈哈哈哈哈哈哈哈,1119.064,1753533017,fbcf58ae
1899651269212594688,做ai算不算呀,1266.478,1753547278,395ce43e
1899780832588526592,想到阿拉丁,1168.616,1753562723,fdcf0543
1899876594664020224,二十年前，唉，可怜的伊拉克人,1125.95,1753574139,51a708fa
1900212638299047936,在说什么？？？。？,1322.045,1753614198,75f02d2b
1900722697047418624,毫无违和感,1415.779,1753675002,29c7c55b
1901576106294143488,短期太奇葩了,1240.402,1753776736,92f8c01f
1902428555867433472,哈哈哈哈哈哈哈哈哈哈哈,1118.455,1753878356,24d07282
1902447002861027584,哇哦,1434.024,1753880555,623dd44
1906668414924016896,中东保守很多了,1144.039,1754383787,1327ee61
1907251422123737856,又到了羞耻小游戏环节哈哈哈哈哈,1398.192,1754453287,654346f5
1907263650541381888,小手段其实是感情蛮好的调剂，但不能没有真心，完全带着戏耍的心态去对待这段感情,1349.382,1754454744,952047f4
1910146676505643008,我要随时看华波波表现,1317.301,1754798428,738a73b
1910248152247194112,波波好可爱啊,1281.79,1754810525,edd6e64f
1911636225866354432,大左嘴替,1348.514,1754975996,954b058c
1911638478308513280,会长太懂女孩儿了哈哈哈,1347.81,1754976264,67c7bc24
1915402208338718720,卢可感觉又风流又老实,1084.624,1755424936,ef46f1d4
1916203344989683968,哈哈哈哈哈哈哈哈哈哈,1329.324,1755520439,d775399
1916742088792471552,牛蛙,1362.372,1755584662,613512da
1925311132990941184,逛宜家 看着那些温馨的家具 很容易构想两个人的未来,1337.444,1756606172,df324538
1929268457724077056,哈哈哈哈哈哈哈哈哈哈,1275.517,1757077922,467053b4
1937975455273985792,哈哈哈哈哈哈哈哈,1106.973,1758115877,945a6cd2
1943658342291830528,希尔顿环境真好,1399.929,1758793330,67fd89f
1953022555216956416,华波波哈哈哈哈哈哈哈哈哈哈哈哈哈哈哈哈,1282.728,1759909631,6e0df0f6
1958150579830921472,太功利性了,1332.809,1760520939,b2d06e53
1969280974567563776,梅丽莎真的好漂亮天哪,1208.194,1761847785,1e751c6e
1988656174098097408,小强也说过类似的，不敢多跟未婚妻见面，都是开车去接她然后远远停在家门口,1175.521,1764157489,c847ffba
1990319103688432128,妈妈结婚的时候？,1147.433,1764355726,d584df77
1995218600776512512,这眼罩好，能不能打包给酷滕送去,1420.12,1764939791,1dcdda72
2003692298001184000,我想要逛海洋公园的时候，他悄悄塞给我一个戒指,1341.086,1765949935,989ff3be
,,0.0,1775683732.8000336,
lb.c,,0.0,1775683732.8000336,
,,0.0,1775683732.8000336,
1895737232665841920,说了什么,1594.545,1752985968,8d60efce
1895737282477396224,哈哈哈哈哈哈哈老王搂住,1716.563,1752986236,f69ff094
1895737326240764160,老王：和我有什么关系,1743.272,1752986542,f69ff094
1895737564225573120,哈哈哈哈哈哈哈哈哈哈哈哈哈哈哈,1663.052,1752991877,a4557f7c
1895737579727720704,哈哈哈哈哈哈哈哈哈哈哈哈哈,1636.993,1752990432,534bf33e
1895737602217578752,吊桥效应,1656.035,1752993518,e967e3fc
1895737608274153728,这里为啥不放正片很好笑啊,1789.469,1752990046,1549437e
1895737615337361664,安全,1603.757,1752991580,6cf1571
1895737656718364928,哈哈哈哈哈哈哈哈这个眼罩哈哈哈哈哈哈,1749.409,1752991974,a4557f7c
1895737658731630848,哈哈哈哈哈哈哈哈哈哈,1497.584,1752991702,a4557f7c
1895737668823126272,哈哈哈哈哈哈哈哈哈哈,1545.58,1752991754,a4557f7c
1895737706764800256,看热闹不嫌事大哈哈哈哈,1701.323,1752994786,e868d6e6
1895737718181695744,笑不活了哈哈哈,1671.507,1752992796,4ae1ebd8
1895737814768128256,哈哈哈哈,1782.453,1752994589,b594b266
1895737824725405952,老王：我尽力了啊,1754.151,1752997563,1091612d
1895737939104076032,哈哈哈哈哈,1709.189,1752997498,1091612d
1895738000198308096,哈哈哈哈哈哈哈哈哈哈,1628.753,1753004360,71c28bd0
1895738021169828096,哈哈哈哈卧槽杨迪哈哈哈,1492.948,1753000323,6cdd056d
1895738075871940864,贴贴好可爱,1567.309,1753002223,2f1c4333
1895738098672177408,原来加长版加在这里,1699.212,1753003076,5465c709
1895738121464025344,哈哈哈哈哈哈哈哈哈哈,1656.539,1753006018,81e32263
1895738373122265344,波波刚刚说话好像老王的口音哈哈哈,1796.676,1753015888,5404f33
1895738395922501888,米可！！！！,1494.288,1753016707,d89d8cbd
1895738397742829824,米可，危，速回！,1492.03,1753013682,6ee65ea5
1895738456102375680,四姐说了啥！,1582.96,1753017881,f81c7508
1895738627515191552,牛,1558.58,1753021306,7d9f8a33
1895738699556557056,讲什么！哈哈哈哈哈哈,1774.953,1753027907,516113ea
1895738810789499136,非直男会谈,1748.073,1753027865,516113ea
1895738985868136704,怪不得没放到正片,1789.951,1753031556,b92fb27d
1895739133566357760,哈哈哈哈哈哈哈哈哈哈,1762.617,1753066553,f7934ca3
1895739144513491200,拦精灵,1581.015,1753073028,f48d5c83
1895739149068505344,拦精灵,1582.704,1753073049,f48d5c83
1895739154537877760,哇,1560.601,1753066056,f7934ca3
1895739172774711552,华波波哈哈哈哈哈哈哈哈哈哈或或或或或或或,1799.497,1753066590,f7934ca3
1895739264873238784,中东组合,1693.461,1753073158,f48d5c83
1895739308636606720,华波波啥都说啊哈哈哈哈哈哈,1775.347,1753078501,5b74304e
1895739310456934656,海带也不是植物,1531.538,1753076872,9cc5a9be
1895739313200009472,？！,1776.766,1753076889,3f6b3267
1895739330522484992,果然是加长版才能看的,1781.375,1753076921,3f6b3267
1895906831025530112,口水哈哈哈哈哈哈哈哈哈哈哈哈哈,1739.304,1753100906,e1f0140c
1895940225822895104,发币好可爱,1554.87,1753104887,9a5f75b6
1895974871134098176,梅丽莎真的好可爱好漂亮,1474.056,1753109017,5a31e3ac
1895977277180010240,这一期简直好笑到爆炸,1743.416,1753109304,5a31e3ac
1896089730320659968,好萌的两个人。。,1564.681,1753122709,7388c77a
1896307287158110464,俄罗斯小姐姐好有节目效果哈哈哈,1702.016,1753148644,13ab9171
1896334982533370624,给我笑岔气了,1755.375,1753151946,708e4a48
1896396461777172992,啊啊啊啊啊啊啊啊啊啊啊啊在干嘛,1496.598,1753159274,fe4eee91
1896555342020727040,直接笑喷哈哈哈哈,1562.963,1753178214,ff3287e5
1896610434808184320,伦想说毛肚吧 因为他那面是有颗粒的,1620.755,1753184782,c89ae7d7
1896662305044209920,每次会长都害怕的掉了,1527.119,1753190965,273d9554
1897190863994496256,这个太好猜了,1574.051,1753253975,6f99a845
1897283620088294144,美国内战,1568.439,1753265032,9c211b2d
1897402826846586880,这能播吗华波波,1775.465,1753279242,3c4a8341
1897475776413565696,我不行了哈哈哈哈哈哈,1768.852,1753287939,9cdf46e6
1897754977691536640,杨迪真的鬼点子一箩筐,1641.181,1753321222,ecd0b892
1897864109346135552,小姐姐气氛组的～,1695.088,1753334232,c76fd2
1898059525744480512,哈哈哈哈哈哈哈哈哈,1472.659,1753357527,60ea1822
1898060394963528192,为啥不让佛罗伦萨上啊,1576.261,1753357631,60ea1822
1898130261355317248,哈哈老王想说暴雨,1538.209,1753365959,a725bfc4
1898587923558453760,杨迪直接尝出来了哈哈哈哈,1542.474,1753420517,ae954710
1898588979633806848,哈哈哈哈哈这段Dylan小女生的感觉太好玩了,1656.928,1753420643,ae954710
1898633274117548032,西八 笑不活了 哈哈哈哈哈哈哈哈哈哈,1782.398,1753425923,60e24333
1898657403714124288,发币好厉害,1536.51,1753428800,470dd9de
1898864820091084288,涛涛,1594.511,1753453526,e3470321
1900014385343060224,弹幕呢，怎么没有弹幕？,1474.018,1753590565,3ad68769
1900014950055944192,我都没有看清是什么东西,1520.297,1753590632,3ad68769
1900015779680882944,猜得太大胆了,1611.896,1753590731,3ad68769
1900016341843597568,看起来好想笑,1648.607,1753590798,3ad68769
1900078932972598272,哈哈哈哈哈哈哈,1776.629,1753598259,ecc35430
1900293250909070848,老王稳如泰山,1723.35,1753623808,968d7bd9
1900353048833126144,味道应该有的,1618.131,1753630936,10c54e37
1901001124350363392,发币好可爱啊,1578.257,1753708193,2c9403ee
1901002382926510592,太可爱了,1672.273,1753708343,2c9403ee
1901764467755164416,哈哈哈哈哈哈哈哈哈哈哈哈,1750.736,1753799191,ddafd2e4
1902238942640826880,这个眼罩好适合老王,1731.008,1753855752,65067beb
1902284649590899712,华波波这么钢铁直男吗没想到哈哈哈,1769.312,1753861201,f5de49c4
1902909050661155072,弹幕呢 四姐说的啥,1582.34,1753935636,2e93938c
1902910756887219968,Dylan的破碎感哈哈哈,1644.472,1753935839,2e93938c
1904506363838182400,哈哈哈哈哈,1741.394,1754126050,3e5e834
1904506528892481536,好奇怪的画面,1761.072,1754126070,3e5e834
1905000656431964672,这个眼罩我不行了,1754.1,1754184974,f5f7f31f
1905339129458194176,再靠近一点点,1456.9,1754225323,ba077aef
1905766002156188416,我嘞个豆,1448.318,1754276211,cdc7bc83
1906135497672774400,哈哈哈哈 加长版果然不一样 我再敷面膜啊  哈哈哈哈 ,1748.007,1754320258,8a4bf8c9
1906673310826237952,中东族,1687.411,1754384370,1327ee61
1906748234274702336,哈哈哈哈哈哈哈哈哈哈哈哈哈哈哈哈,1762.638,1754393302,b145d3d2
1910390807304161024,我要笑疯了哈哈哈哈哈哈哈哈,1627.006,1754827530,8815c960
1915932755691390976,这也太。。。,1487.198,1755488182,51f2909e
1915934066629406464,哈哈哈哈哈哈哈哈哈哈哈哈哈,1643.477,1755488338,51f2909e
1915934230198990336,哈哈哈哈哈哈哈哈哈哈哈哈哈,1663.022,1755488358,51f2909e
1915934679484266240,哈哈哈哈哈哈哈哈哈哈,1716.53,1755488411,51f2909e
1915934832542999808,哈哈哈哈哈哈哈哈哈哈哈哈哈哈哈哈哈,1734.857,1755488430,51f2909e
1920310407324203776,两伊贴贴,1684.752,1756010039,99536495
1921056005467708160,可爱的发币,1554.389,1756098921,912b4cef
1921058110144466944,哈哈哈哈笑得肚子疼,1664.435,1756099172,912b4cef
1930616796109848576,哎呀,1498.221,1757238656,8f57e35c
1938813363061097472,一个奖励杨迪的游戏,1634.819,1758215763,c1c7a66
1942229667884861184,笑得我肚子疼,1783.88,1758623018,b85033c1
1952519966591265280,每次都没接住哈哈哈,1520.245,1759849718,3d553d69
1962432760279010816,我真不行了了太搞笑了哈哈哈哈,1734.276,1761031415,54f7b9d0
1967644616455633664,哈哈哈哈，这个女孩子好可爱，又害怕又好奇哈哈哈,1476.902,1761652716,eb09f285
1968988588058839552,hhhh小姐姐演员的诞生,1698.466,1761812930,269700bc
1970989897527898112,对吗？,1782.473,1762051505,9d717ee2
1981226523604447232,哈哈哈哈哈哈哈哈哈哈哈哈,1648.361,1763271806,1a09d87c
1988660542331797248,四姐说了“安全T”吗,1582.049,1764158010,c847ffba
2000956881128648192,笑得我肚子疼,1562.666,1765623848,e8b22811
2072032170285543936,大左这里为什么吓得抖了一下哈哈哈哈哈哈,1649.79,1774096682,f82fb2da
,,0.0,1775683732.8000336,
lb.c,,0.0,1775683732.8000336,
,,0.0,1775683732.8000336,
1895737421099143424,是隔壁陈鸣飞写的吧？,1945.554,1752987539,25b5c0fd
1895737422600704256,笑死哈哈哈哈哈哈哈,1861.726,1752987442,eb069b0d
1895737448110461184,不容易,1967.315,1752987565,25b5c0fd
1895737537650462976,笑死哈哈哈哈哈哈玩呢,1864.313,1752989866,adb42c8
1895737540972351744,玩儿呢,1860.902,1752989950,aaf3f032
1895737543203721472,哈哈哈,1815.18,1752989891,aaf3f032
1895737661759918336,哈哈哈哈哈哈,1802.631,1752992030,a4557f7c
1895737678914621696,但是体力劳动可以被机器替代，和ai有微妙区别,1970.153,1752991856,5866b398
1895737721998512384,哈哈哈哈哈,1864.31,1752993989,f3d0b903
1895737806614401280,AI能归纳总结现有信息，但无法创新,1995.774,1752997135,13ee2db9
1895737953691865344,工业创作可以，纯艺术不好说,1978.137,1753000003,8e57c960
1895738031194214656,20元手续费省下来了(ಡωಡ)hiahiahia,1903.052,1753004359,39499903
1895738391359099136,我家也有这个碗,1838.498,1753016417,c2e21b9d
1895738396828471552,妈呀陈超好厉害,1945.204,1753016803,cd8ee3cd
1895738416894021888,100块，哈哈哈,1895.824,1753017896,a9208369
1895738540927979776,超超好甜,1939.237,1753019045,8d117f15
1895738575547764992,有胡子应该感受不到吧,1808.657,1753017627,af72eec3
1895738673107276032,不是地铁卡了么,1892.499,1753022773,9c94b6bb
1895738779793592576,ai是用三推一，人脑是举一反三，本质区别,2024.616,1753029280,f9656259
1895738857295941888,玩儿呢，我一个广东人说不出的儿化音,1868.306,1753032504,9ef562ec
1895738900144951552,我觉得体现人情感的东西最不应该被取代，我是看小说的，如果我看的小说都是ai跑的我会死,1994.923,1753053765,5dbe0dac
1895738918381785344,不一样，至少现在的ai没有人脑会抽风（bushi）,2030.729,1753060518,d1e240cc
1895738950300438784,哈哈哈哈哈感情是在玩儿我们呢,1867.398,1753065521,91850ea9
1895738973092286720,聪明的人才看得到（,1851.057,1753066879,532bb614
1895739025076490496,上次还在说地铁卡扣费不好，立马就改转账了，真的听劝,1909.288,1753064244,3e15afd5
1895739121713254656,陈鸣飞的那个刚看完节目吧哈哈,1956.389,1753072388,df6e1fa7
1895739304081592576,哈哈哈哈太像了,1944.846,1753074038,f48d5c83
1895797243433331456,我去,1891.668,1753087842,35861f7e
1895797705813389056,当然不是,1970.665,1753087897,35861f7e
1895872207323318272,ai的数据库全是人给的,2052.858,1753096778,9f5269ce
1895957325815673088,口条真好,2151.186,1753106925,42cad9e5
1895973581704601344,老王好可爱,1844.968,1753108863,692c8ed6
1895992999780010752,华波波也算猜对了,1803.433,1753111178,24b0ce4c
1896092358488199936,我服了怎么这么好笑，老王真的穿了个香蕉牛奶。。,1821.385,1753123022,7388c77a
1896403149620117248,首彩回来打钱！！！,1815.544,1753160072,fe4eee91
1896658760060214528,老金主啊哈哈哈哈哈哈哈哈,1821.352,1753190543,abb3bea8
1896690759756227584,那是服务器和算力限制而已,2125.293,1753194357,b927edf8
1897017590325956608,刘慈欣的诗云,2043.276,1753233319,78c4204e
1897149153428556800,并不会被取代，就那ai原理来说，他是学习的技术，要是没有真人的作品投喂他，而是ai直接互相学习，最后肯定会失去人类所能体会的美感,2017.769,1753249002,af7c4445
1897160788939608064,AI取代不了大师，但能取代普通人，但我们大部分都是普通人,2028.594,1753250389,b0fb79b9
1897196044832664832,不会的 AI没有灵感只是个参考文献的价值,1999.815,1753254592,6f99a845
1897230944923557632,AI确实，一眼看得出AI,2056.543,1753258753,c05066cc
1897282352929849856,您,1876.848,1753264881,290bcf14
1897313971196141824,68+6+,2070.556,1753268650,676c84ca
1897315932888971776,只能模仿，不能取代,2003.459,1753268884,90b41f69
1897321705291076352,我觉得同意的人说的不是高端审美的艺术，他们说的是快时代创作,2090.686,1753269572,55d83f10
1897326315100134656,太厉害了哈哈哈哈哈,1950.759,1753270122,45654410
1897355364035362560,顶级的取代不了，中间底层会被取代,2092.654,1753273584,7ea9d3d5
1897404209155208704,自从知道地铁卡退费事件之后就换成转账了吗,1896.51,1753279407,3c4a8341
1897472786134957568,陈鸣飞投的吧,1948.859,1753287582,20c78ca8
1897763556578141440,这AI卡壳,1962.905,1753322245,28dcc9f6
1897865698693655296,《精彩葡萄酒》,1811.436,1753334421,c76fd2
1897865887454275072,能用的,1823.216,1753334444,c76fd2
1897975346582936832,画家的画有人买，AI的画呢？我觉得人类不会给AI的画赋予价值,2087.338,1753347492,ace2f97d
1898153206907890944,他俩节目效果已经出来了，拿到奖品不过分,1887.829,1753368695,44f44cf9
1898155156404016128,现在ai训练出的图基本都是侵权的，还不知吃了多少有商业版权的图,1990.896,1753368927,c4640bae
1898227304531014400,陈超超陈超超陈超超～,1935.987,1753377528,e8cc9494
1898497181946647040,华波波太搞笑了hhhhhh,1828.307,1753409700,6a79158e
1898589823536064768,那个脱口秀的哥们吗,1965.639,1753420744,ae954710
1898617694602120704,100元哈哈哈哈哈哈哈哈,1897.022,1753424066,25a98a6b
1898762572212570112,哇厉害了,1941.185,1753441337,eeae67ec
1898770444551886848,哈哈哈哈哈哈哈哈哈,1812.799,1753442275,da4a6923
1899295846349428736,深度学习型会成长,2061.503,1753504908,2233a413
1899311810357134336,陈超超超超哈哈哈哈,1937.372,1753506811,8020f1b7
1899619007338927616,可以的,2140.384,1753543432,f6a66d6c
1899619192483758592,辛苦阿雷了 这么一大段  我都要背半天,2145.64,1753543454,f6a66d6c
1900289831134223104,好丝滑,2143.5,1753623400,6908d584
1900727826387780608,直接转账了，不是地铁卡了,1890.432,1753675613,29c7c55b
1900864257726569216,奇马蓝,2054.335,1753691877,75f02d2b
1900992991485978112,好的画家并不会,1994.973,1753707223,1606bf27
1903906590856424448,对，所以对资本来说是好工具,2119.356,1754054552,c29ddf0d
1905365491481060352,首彩葡萄酒～味道不一样～,1814.065,1754228466,ba4142a8
1905383944120050688,ai i不会创造需求，只会解决人类的需求。,2031.372,1754230666,2ad516b
1906676777745390080,阿雷服装好潮哈,2100.595,1754384784,1327ee61
1907503470140018176,作家，和画家不会。但从事写作行业和设计行业的可能会受到影响，纯商业的会受影响,2014.591,1754483333,f5dd2f0d
1907711567622271232,一个画家的画上千或者上万我都觉得值得，但ai产的图最多一块钱,2110.855,1754508140,b59d3043
1909643331546811648,哈哈哈哈哈哈哈,1802.537,1754738424,d7fb52ee
1913366840508620800,有一只萨摩耶就叫陈超超哈哈哈哈哈,1930.9,1755182301,b30a9c4b
1915224874843617536,前面的萨摩耶的别走,1937.599,1755403796,32f67cc0
1915935882930912000,哈哈哈哈哈哈哈哈哈哈哈哈哈哈哈哈哈哈,1859.99,1755488555,51f2909e
1922480732891760896,陈鸣飞投稿,1994.089,1756268762,8dd2ba4e
1928560476044906752,ai会替代那些水平不高的人，真正的艺术家和作家是无法替代的,2055.3,1756993524,cfd3a899
1930620440054015744,现在AI技术还不成熟，以后就不知道了,2042.591,1757239091,8f57e35c
1950374312087470592,可以娱乐，但没有深度的东西,2005.631,1759593936,5ff286de
1953028710341331200,当然不会,1991.043,1759910365,6e0df0f6
1966172314316318464,好可爱啊这两个人，萌萌的,2019.752,1761477204,1ee5697
1970992051982448640,其实AI给创作圈子带来了很多好处，痛苦的是那些想不劳而获的人，AI反而将这些人筛选掉了。,1971.291,1762051762,9d717ee2
1970992805346750208,想要不被取代就得进步，人类是一直在进步的,2037.466,1762051852,9d717ee2
1980015234983286272,画手可能会，画家不会。写手可能会，作家不会。,2003.369,1763127409,916232ae
2004595551308142848,笔触这个东西AI永远做不到,2129.602,1766057611,ffa3828d
2027798215826511616,有道理哦,2053.34,1768823584,8f58d927
,,0.0,1775683732.8000336,
lb.c,,0.0,1775683732.8000336,
,,0.0,1775683732.8000336,
1895737322071625984,哇，倒过来的角度，不错,2320.614,1752985858,bc12bdcf
1895737389348262144,1000个人欸,2404.742,1752986739,1262b263
1895737464325640448,伦的观点每次都好深度,2429.52,1752988798,dd38837b
1895737568671535360,萨沙确实越来越厉害了,2188.029,1752990345,4bb6c894
1895737635520352512,AI学习能力强能模仿但是创新上暂时还做不到，给他看某个画家的画，他能模仿但是要他有自己的特殊风格还做不到,2307.016,1752992123,da8612fa
1895737675886334208,对对对,2518.778,1752992832,a4557f7c
1895737868891427072,来自四姐的认可哈哈哈哈,2383.869,1752995522,e868d6e6
1895738095023132928,其实就是说ai没有创新能力,2449.334,1753007080,fbf9b322
1895738186207301888,黄子宝宝！,2478.478,1753010860,d93d12d4
1895738219937894656,普通话越来越纯正了,2340.564,1753006552,2f987c3c
1895738308387377408,简单且周而复始的工作不会被AI取代，他们只会被机械化和自动化取代,2177.8,1753012446,da6fca28
1895738539074097408,可是这样的画家真的很少啊,2355.484,1753016161,cb47e4db
1895738633898922240,肯定是指定啊,2166.696,1753023213,691ef385
1895738659433844992,厉害,2461.836,1753022215,7d9f8a33
1895738860030628096,ai只能生产“产品”,2438.121,1753027530,9cc53f64
1895739034186518784,伦儿说的好有深度,2417.125,1753066030,91850ea9
1895739151803191552,老王说的对,2249.4,1753067040,f7934ca3
1895739188276859136,罗师杰在做捧哏,2338.921,1753070661,5268d633
1895779537472677120,很喜欢伦二这个比喻,2442.524,1753085731,3a31dcb7
1895880915561975552,说的确实好,2456.856,1753097817,db27ad6e
1895903241901117696,哈哈哈哈哈哈哈哈哈哈哈哈哈哈哈哈哈哈哈,2382.245,1753100478,4365b2b7
1895978595307183360,黄子！,2470.27,1753109461,692c8ed6
1896020644002007808,我真的我好多次都和萨沙一种选择，高度重合,2355.219,1753114473,683bd9b9
1896387667051097344,创作过程本身也很迷人的！,2197.312,1753158226,1195ac4c
1896391286534280448,我觉得最多AI的作品和人类的作品放到平等位置去欣赏，不会谁取代谁，就像人类不会只需要一个艺术家。,2329.047,1753158657,1195ac4c
1896433511490107392,伦真的每次都说的很好,2449.736,1753163691,dd1dd59f
1896446842347168256,对的。还很无厘头,2510.941,1753165280,9ec95bfa
1896478238348470528,AI没有人所具备的“灵性”，这个是根本区别。,2484.776,1753169023,130b1ee9
1896481816450316288,但那么多著名的画家，活着的时候都没见到自己画出名啊，现在这个行业，艺术还是单纯的艺术吗,2362.688,1753169449,21030a05
1896495205256114944,英专生落泪,2257.924,1753171046,272cb156
1896500684711484672,说白了AI都是把现成的 现有的知识告诉你 它无法创新 没有创造力 也不灵活,2475.575,1753171699,fc8a9b09
1897059227684406272,现在门铃还是用的那个，后面的杨紫琼没必要，前面的那个欢迎来到毛雪汪还行,2509.318,1753238282,35645b71
1897154550214244864,现在小说好多都是ai写的,2317.184,1753249646,d7cb2127
1897198418581828096,更像是Freestyle的,2163.42,1753254875,6f99a845
1897285342076082688,中东人好爱用具体的比喻 好玩,2241.494,1753265237,290bcf14
1897353535075926016,哇伦儿讲得很好,2457.048,1753273366,bbeae81b
1897433976919450368,AI可以帮你炒作 帮你买热搜 买水军 坏的也会变好,2340.159,1753282956,d844b0d7
1897838265261261568,ai创造现在最大的问题是版权，它的数据哪来的？,2329.257,1753331151,9cdf46e6
1898170337209376256,伦是有文化的,2407.645,1753370737,c4640bae
1898593071588396800,不指定的话会长和杨迪肯定会控场的，不然非正式会谈就变成非正式广告了,2170.649,1753421131,ae954710
1898594159171501824,这个点很对啊，其实观众也是作品的一部分,2314.377,1753421260,ae954710
1898594721166096128,是的，没法取代艺术先驱者，但是人类多久才会诞生一个艺术先驱者呢,2398.763,1753421327,ae954710
1898858478203265536,AI是能画出来的，但是目前AI还没有真正创新的能力,2354.986,1753452770,85cd1b5c
1899282247644146688,伦说的超好,2450.24,1753503287,c89ae7d7
1899389604638008064,这样就意味着只有大画家才能生存,2315.347,1753516085,422009b7
1899968866063992832,钟逸伦的观点好到我想记下来,2407.551,1753585138,85e961e3
1899971539840366080,是的，有时候ai出来的东西是不实际的，属于给你描述的天花乱坠但其实并不实用,2516.355,1753585457,85e961e3
1900045394068096512,萨沙是不是deepseek了,2365.82,1753594261,37dfb466
1900699314750768896,AI不抽象,2514.068,1753672214,10555ed6
1900775830246937344,完全同意伦儿的观点,2435.304,1753681336,a9930091
1900996813578880512,"很简单，好的创作,有灵感的创作不会被取代",2425.093,1753707679,1606bf27
1901031552633139456,这不兴叫哈哈哈哈,2498.047,1753711820,c35a3236
1901722114823131392,是抽象,2352.846,1753794142,5adbede8
1903867788553414144,这个议题可以看当下社会在机器大生产的时代我们总是追求手工工艺但是再看我们在什么东西上追求什么手工,2232.109,1754049926,8d3fe83f
1904376810779811584,翻译作品是再创造，当然属于文艺作品了,2280.086,1754110606,21f73640
1905336105902178560,1111,2456.232,1754224963,94dc5d7b
1905386536745115904,数据量都是过去的，像ai创造的一些画作都是基于历史风格，没有未来的风格。,2288.044,1754230975,2ad516b
1906081274615969024,制造业，，,2184.094,1754313794,6748a4fa
1907510299724980992,没错,2175.769,1754484147,f5dd2f0d
1909633496364914688,感觉好多代表还有别人不了解ai画画的原理。那真的就是裁缝大集合,2203.365,1754737252,142fcb13
1916012736815445248,有几个确实在搞艺术的，大部分只是在所谓的艺术行业里混口饭吃而已,2297.01,1755497717,272ec1ba
1919515972591515392,ai又不能原创，出来的东西都是人家已经有过的,2324.575,1755915335,d61f036d
1919765655767985408,确实,2390.9,1755945099,39b1306c
1920593694097511424,但是那么多人之中又有多少个大师呢？千里挑一。只能说大师难以被AI替代，但大多数普通人是很容易被AI替代的,2364.264,1756043809,288a6e7
1921471313504249600,哈哈哈哈哈哈哈哈哈哈哈哈哈哈哈哈哈哈哈哈哈哈哈哈哈哈哈哈,2384.908,1756148430,d0352b3
1924730497872245504,但是很多人其实也只是围着光圈内打转，只有少部分是能发出光的哇。ai无法完全取代，但是ai取代大部分工作应该是必然的,2449.995,1756536955,90bb401c
1937410966522432000,不愧是高材生,2428.936,1758048584,664fbc21
1944395634396738304,可是艺术的标准是很难说清的，尤其是超越时代审美的艺术,2372.895,1758881222,952047f4
1946596116557161472,同传不可能，比如自古以来，中国有句老话，你怎么翻译,2271.392,1759143540,24bc755
1953032408702466560,哈哈哈哈哈哈哈哈哈哈哈哈,2390.919,1759910805,6e0df0f6
1964145062028178176,哈哈哈哈哈哈哈哈，怎么我在非正还能听到黄子,2469.118,1761235537,f260f6db
1965470285503505664,但是现实中其实有一些需要创作的。工作他确实是会被AI取代，因为作为商业用途，AI的那个程度是完全够用的。这是我们一个从国内大厂离职的老师跟我们讲的。因为他们当时在做东西就已经套模板用AI。,2380.266,1761393516,d0b3063b
1965962475476472064,梅丽莎好好看,2271.709,1761452189,5c1cccf8
1968996492291897088,好啦ai取代不了伦儿,2435.324,1761813872,269700bc
1969411312866597120,如果人类不再进步 那AI还会是AI嘛,2414.221,1761863323,7ed3ebc
1985133228776545024,翻译读空气什么的感觉能训练,2278.757,1763737521,55203a50
1985134760192303360,可以训练,2518.973,1763737704,55203a50
1996728559007878656,ai应该是从1到60，而人是负责从0到1和从60到100的,2430.868,1765119792,74ba3500
2056102682372178688,ai模仿的只是形式,2363.539,1772197739,fa9ad547
2082958314446724096,AI只是提高效率的工具,2221.713,1775399180,a4d2be15
,,0.0,1775683732.8000336,
lb.c,,0.0,1775683732.8000336,
,,0.0,1775683732.8000336,
1895737410512720128,感觉这个有趣1,2795.193,1752988764,39108e46
1895738094108774656,意识,2662.0,1753003029,6653a374
1895738218117566720,我更喜欢作品独立于作者存在,2704.182,1753012025,729cd479
1895738283766812928,除非ai哪天学会了思考和不按常规，但是人类会允许这样的它们存在吗,2540.067,1753010137,10294f3d
1895738567352094976,主要是用得少了吧,2862.128,1753022489,61f1cb93
1895738632992952576,超超太美啦,2555.795,1753022069,1f0a24fa
1895738636633608448,真的很爱Dylan，每期必cue，哈哈哈,2649.068,1753021557,6e443ff5
1895738730552463616,deepseek是这样的！,2522.65,1753021395,6e443ff5
1895738777964876032,大左又困了,2711.853,1753025162,d6bfe3aa
1895738899238981888,阿雷一定很有语言天赋,2864.374,1753026188,3b5559de
1895738997712851200,加字游戏,2829.421,1753054603,5dbe0dac
1895739267607924992,西语里的人称变位和阴阳性很有意思，我，你，她，他，您，你们，我们，他们，她们，您们,2804.071,1753072834,293203a
1895850139940747008,工作报告AI的确是好帮手！,2543.657,1753094148,416bbb9a
1895921119618453248,作品和作者根本无法分割啊,2714.73,1753102609,e1f0140c
1896012893708357120,ai没有人生，但是ai有你们呐,2743.137,1753113550,698bab0d
1896065447497910528,语言环境很正常手能生巧,2876.525,1753119814,cc2734ec
1896479661995797760,Blade Runner,2645.459,1753169193,130b1ee9
1896654942690213632,中文是积木并且是榫卯结构,2830.122,1753190088,89807551
1896772345109555968,词根词缀 哈哈哈哈哈哈,2818.729,1753204083,1f9c8d2e
1897102321968798464,不知道为啥这个话题老是让我想起崩铁里的博士尊，我们强大的智识星神,2549.068,1753243419,f5a06ba5
1897196758887995392,AI代替不了艺术家，但AI能代替打工人，作为普通人的我是焦虑的,2757.811,1753254677,b0fb79b9
1897363087586601216,是的 英文是树形语言,2824.014,1753274505,84203b4
1897872503666875648,超超说得好～,2569.221,1753335232,c76fd2
1897944087584629760,来了看预告最感兴趣的话题,2788.137,1753343766,9cdf46e6
1898191646873602816,我靠，这个观点让我耳目一新,2536.947,1753373277,f0071fca
1898587064925435904,这个话题好！,2795.805,1753420415,a18ccce
1898596254410661632,ai如果把微醺状态也建模了之后可能就能复刻了，并且能随意还原,2581.86,1753421510,ae954710
1898596665712523776,确实，一个平庸的内核很精准,2640.395,1753421559,ae954710
1898861636539289344,而且目前可能觉得觉得AI的有些图或文字有灵性实际是观众自己的赋予这些东西的主观体验是观众自己的灵性不是AI的,2668.317,1753453146,85cd1b5c
1898899350840110848,是不是ai的记忆能力有上限的原因？,2636.01,1753457642,2ddb40c0
1898913616263543296,ganghood这个真的不是广东华侨带去的词吗江湖的粤语发音啊哈哈,2769.624,1753459343,e8831434
1899395980466646272,大左那个表情，哈哈哈哈哈哈,2727.784,1753516845,2a7b6daf
1899451219231916544,因为没有坚持每天都用ai跟它进行大量互动给它数据样本支撑，所以我认为每个人用的ai都不一样，我觉得我的ai还是挺像我的,2647.849,1753523430,cb8fc6d6
1899934260052788480,中华文化的包容性哈哈哈,2849.24,1753581013,ae954710
1900015569328667392,好喜欢这个话题,2795.283,1753590706,85e961e3
1900048826854286080,那人的灵魂是电子信号吗，如果是，那人有没有可能是超级精细的碳基“机器人”,2655.645,1753594670,37dfb466
1900281300003517184,西部世界的核心就类似这样的,2602.68,1753622383,cd73212b
1900285629850936576,确实起码目前的ai画作没有人画的灵气,2557.858,1753622899,21100105
1901048146860625152,这棵树的动画是ai生成的吧,2803.727,1753713798,bba3e7b3
1901659990159627264,对，写文也是太高大上了，不接地气,2520.306,1753786736,105f52db
1901679859307668992,前面的，你把ai想得太厉害了,2738.443,1753789104,8c5fa1a1
1901694474971820544,知人论世是解析作品的一个重要观点,2714.601,1753790847,bb1af361
1901807782567905536,小熊说法语的表情好可爱,2871.945,1753804354,6b233d5a
1902175987245469952,灵韵,2668.184,1753848248,3fc3c7dc
1903102126856042240,人的反应和情绪千变万化 ai需要基于data来学习复刻 但人心和思想复刻不了 因为你自己都不知道你到底会如何啊,2743.891,1753958652,95e70b5d
1903911544119548672,机械劳动（报告、PPT、标准化文案等等）确实适合AI,2552.306,1754055142,c29ddf0d
1905283396587498240,我也有这样的担心，毕竟大的发现是要在小的累积基础上的。如果这些小的方面都被ai包圆了，人类还会有大发现的灵感吗,2568.797,1754218680,1739167a
1905322044405448448,心理学本来就有灵魂,2690.41,1754223287,f73e1df3
1906144811317396224,我以前学英语的时候，也会想外国人学中文的体验是怎么样的,2818.823,1754321368,de5d2566
1906664836822229760,所以说语文考试里的阅读理解靠标准答案就很扯,2687.504,1754383360,16673124
1906696462252080384,感觉伦儿是语言限制了发言,2529.891,1754387130,64b0d079
1906886153408858112,好适合我英专生来听 ,2814.7,1754409743,937fdd57
1908206015506796288,ai不可能成为艺术家 这句话有问题吗？,2749.178,1754567083,d8a8f583
1910400646260643072,喜欢这个论题,2802.046,1754828703,8815c960
1912295074109538048,前面的也可能没有理解什么叫创作，ai可以实现艺术产出，但跟创作还是差远了的,2744.468,1755054537,a8fe5ea9
1912306335295954944,怪不得我学英语困难,2848.344,1755055879,cdc7bc83
1914618808048601600,说的好好,2678.049,1755331547,39959bed
1914619278565804800,大左看手机哈哈哈,2728.618,1755331603,39959bed
1915193156341953792,现在ai就是一个全领域博士只是专家。他只是没有真实世界的更多样样本数据,2569.108,1755400015,23dde82b
1915445346528739072,电脑病毒：我来看看怎么个事儿？,2576.487,1755430078,aa8cb2c6
1915986185612797696,“就没电了”哈哈哈哈哈哈哈哈,2591.443,1755494551,cd971f7f
1916852564402818816,江湖不是打打杀杀，江湖是人情世故wu～～～～～～,2764.246,1755597832,ebcfcea3
1919268751279502848,这只能证明如今的AI还不聪明，还不智能，难道AI技术不会变得更厉害吗？,2612.277,1755885864,8ff620f
1921321382714216960,信息熵大,2841.927,1756130557,c8faf44f
1922681235663422464,如果AI真达到这个高度，那AI就不是AI了，人类也危险了,2697.724,1756292664,bc17ebe1
1926387262783289344,人类作为个体，生命体验是有限的，而ai作为更高级的文明，或许会不会被我们想的太简单了。,2771.566,1756734456,d0244f28
1928566961126791424,他说的太绝对了，ai技术刚刚起步，未来的发展是不可预知的,2749.14,1756994297,cfd3a899
1928568074974780160,英文是孤立的好吧，中文是组合式的,2834.7,1756994430,cfd3a899
1952531056876225024,如果AI能够有自我意识和思想，AI就是人，人退为动物,2715.729,1759851040,3d553d69
1996732419327971328,中文很简单很适合其他民族学习 所以中国才会是一个多民族国家 并且从不排斥其他文化海纳百川,2835.006,1765120253,74ba3500
1999292041175421696,Ai man姐吗哈哈哈,2602.201,1765425383,e4630f95
2027802308762818304,这个观点好,2541.215,1768824072,8f58d927
2045095330529259520,这个想听很久了！,2795.731,1770885561,e6d149b0
2069023283827016448,AI可以创作，但是每个人有独属的成长经历，他创作的东西是独一无二的，所以替代不了个人,2739.673,1773737995,6b2b33d2
,,0.0,1775683732.8000336,
lb.c,,0.0,1775683732.8000336,
,,0.0,1775683732.8000336,
1895737617359016192,哈哈哈哈,3218.723,1752993544,a4557f7c
1895737713425355008,但是中文商务场合也会这样，中文也有客气和礼貌,2976.263,1752992710,5866b398
1895737727702765824,但是中文之前也这样，白话文运动时就有胡适“干不了，谢谢”“才学疏浅，恐难胜任，恕不从命”的案例,2975.656,1752993017,5866b398
1895737820195557632,哈哈哈 我第一遍也在疑问 你不是医生吗  结果发现卡在了中文上哈哈哈哈哈哈,3227.366,1752997558,fbf64f60
1895737998369591552,好喜欢伦儿讲故事,3143.561,1752999620,7b5f275c
1895738106876236032,伦的冷知识好多哈哈哈哈,3121.118,1753010691,450eca7a
1895738131496800512,英语四级准备,3180.027,1753009480,8fd891b1
1895738136966172928,德语出来说话,2889.523,1753008855,47376c28
1895738139700859136,日本文化有些过于客气了，反而成负担,2979.348,1753006769,13ee2db9
1895738374950981888,日文的语法结构太麻烦了,2947.238,1753012693,58c62de
1895738385889726720,语言环境真的非常重要,2880.638,1753014675,c0184399
1895738605637701888,哈哈哈，西语信息密度太低了,2887.48,1753021179,913778e0
1895738888291848448,和语言背后的语境文化有关的,3004.846,1753030941,5404f33
1895738956675780864,日语真的，可能是因为日本人很容易不安所以很喜欢叠甲,2968.764,1753036550,7a1afabc
1895739047859949824,伦儿个学霸知道的可真多啊,3138.994,1753066617,91850ea9
1895739281281356032,这解释也是费劲，中文六个字解决：有根源无系统。,3165.086,1753078062,1ea53aa5
1895813671943725312,说英文是因为没学过其他语言hhh,3058.228,1753089800,18de2fc4
1895885303986710784,七月八月是纪念凯撒和屋大维硬加进去的我记得,3103.283,1753098340,db27ad6e
1895963615233216000,月天~~~~,3088.264,1753107675,bb240a6
1895984463582683136,伦儿好棒！,3141.672,1753110160,692c8ed6
1896199650127027712,Medium well steak,3202.601,1753135813,74e59e26
1896307962851638528,Mayday！Mayday！,3084.608,1753148725,b748a01c
1896408715746876416,原来如此，怪不得烷烃的英文名是这样命的,3130.385,1753160735,30eb9777
1896433111504550144,月份的英文在西方文化中也算是历史文化的体现,3081.902,1753163643,a076c47d
1896450535448673792,杨迪太有意思了,2936.319,1753165720,9ec95bfa
1896482053151608320,文化语境不同,2926.889,1753169478,130b1ee9
1896482757568255488,看过日语邮件的结构 那是真含蓄啊 好像说“不”是天大的错,2948.052,1753169562,130b1ee9
1896753204394875904,店家不想给别人用，为什么还要设置自己的店名为WiFi名啊，这样每次都解释多麻烦,3049.958,1753201801,2677cf4c
1896946225677535744,是凯撒和奥古斯都加的7月和8月打乱的吧,3129.064,1753224811,a5fb62e5
1897250225970898176,而且13月 和 星期八这种说法 他们只能重新创造一个词,3115.972,1753261051,c5e94360
1897407157516052224,就像知道奶奶的礼物用俄语怎么说，真的那么长吗,2896.574,1753279759,d849b843
1898582067882162432,日本人说一个句子 一半都在委婉,2941.965,1753419819,76036370
1898588868694397440,敬语地狱,2954.96,1753420630,a18ccce
1898590585045603584,这个是历史上的语言融合因素吧,3060.517,1753420834,a18ccce
1898665512134126080,说普通话久了会忘记方言,2905.249,1753429766,b0850c04
1898850951616771840,为什么要留下殖民的痕迹,3157.268,1753451872,ef8bd67d
1898937681158312448,还有星期,3074.909,1753462211,b465622b
1899312426064304384,中文好比压缩包,2881.612,1753506884,714d1f13
1899359596045350144,哈哈哈哈京都人,2942.526,1753512508,48caf715
1899668818784674048,这是人为的，任何国家要是愿意这样，也能在表达一个简单含义时去延申自己的句子,2968.119,1753549370,395ce43e
1899936646569887488,还有星期。日语也要再背一次,3072.627,1753581297,ae954710
1900498638082942464,懂日语的可能会懂吧 真的巨长一段,2997.345,1753648292,8205cc06
1901004936989475584,其实赖赖的发言都挺有信息量挺好的,2962.898,1753708647,2c9403ee
1901005262887011072,好温柔啊,2994.395,1753708686,2c9403ee
1901007210696225280,日耳曼人,3145.006,1753708919,2c9403ee
1901007274919789824,棒棒,3148.423,1753708926,2c9403ee
1901007503156656384,原来如此,3165.412,1753708953,2c9403ee
1901007627769515776,很详尽诶 原来不知道,3169.51,1753708968,2c9403ee
1901036066467942912,唉确实会有些容易导致内耗,3036.179,1753712358,c35a3236
1901601973363943680,中文是象形文字发展来的,3076.554,1753779820,92f8c01f
1902328538762730496,反了,3049.595,1753866433,89ed58e
1902903884662556160,一个Wi-Fi都这么抠啊,3030.227,1753935020,96f86921
1903773304859711744,非常容易不安的日本人,2947.431,1754038663,5eebbb86
1904212771181454848,主谓宾主系表的顺序是一样的,3210.693,1754091051,4213efaf
1904516264131825920,正常吧,2882.476,1754127230,3e5e834
1904516761693761280,哈哈哈,2941.821,1754127290,3e5e834
1904516806791007488,晒伤妆,2947.196,1754127295,3e5e834
1904519028052442624,混了是吗,3179.667,1754127560,3e5e834
1904710780163548160,你习惯了，完全没问题,3083.008,1754150418,1606bf27
1906026731576451328,这个确实有点直接了，中式中也确实可能存在这样的,3018.666,1754307292,c8137052
1906684917807754240,英文比法文容易,3070.951,1754385754,1327ee61
1907637741270252032,呜呜呜英文里器官名词和病的名词和相应科室名词真的大部分完全不一样，太痛苦了真的完全不一样,3237.084,1754499339,ff8d4f0a
1907900244344148736,？我们大学老师都说英文天生自带逻辑……,3046.075,1754530632,21c98764
1907939231465567232,哈哈哈哈哈哈集合,3078.613,1754535280,27e7f95a
1908208058292258560,日本好累,3042.943,1754567326,d8a8f583
1908238397278553600,想委婉也可以委婉呀。只是大家觉得太装不那么说了,2986.636,1754570943,a4b37ddf
1910303699142508800,所以我总觉得他们说话烫嘴？,2905.236,1754817146,664d29dc
1910306040881807360,忍。哈哈哈哈哈哈哈哈哈哈哈,3034.062,1754817425,375127a9
1910306198109537280,濑濑刚来时候的梗,3034.062,1754817444,375127a9
1915449847520377088,动物名+肉表示某种动物的肉。这是几千年沉淀下来的智慧,3051.605,1755430615,aa8cb2c6
1915991236444326656,萨沙好搞笑哈哈哈哈哈哈哈,3217.489,1755495154,cd971f7f
1916226599335198464,donde donde,2931.706,1755523211,41d23346
1916228677268589568,wow,3173.682,1755523459,41d23346
1916315156007532032,前面的，除了没有小贝拉逻辑,3181.139,1755533768,299590f4
1916619295518292480,哈哈哈哈哈哈哈,2919.677,1755570024,51f2909e
1919962561386910208,不安,3011.16,1755968572,3bd57624
1920500537993289984,这个就是我想吐槽的，英语的日期真的好难记,3060.432,1756032704,7b3cb016
1923466522425711872,伦儿才是真正的博学学霸,3150.234,1756386277,a82a2ebb
1929348917360019200,其实中文更没有逻辑，就是你想怎么说都可以，主要就是看积累量了,3057.608,1757087513,467053b4
1932308120081196032,我第一次在国外吃牛排 说五分熟 five，服务员大问号,3201.353,1757440278,52ac390e
1938326182697830400,对对对，这个很麻烦,3032.573,1758157687,69dfa122
1944620545828698368,10个月 那年都要过错,3124.155,1758908033,1875fd96
1960152989767726848,词源太多，还要混着不统一,3101.673,1760759645,7bf5ae5
1960315171222860288,商务对话,2985.653,1760778978,99cb8cc6
1970391830956991744,英语学渣产生了一些不好的回忆……中文换个字就能表达清楚的事儿，在英语里面要挨个背单词,3201.922,1761980210,f517d2b4
1971032280625968128,这不叫逻辑，这叫历史渊源，如果英语本身有逻辑，他就该根据自己的语法规则来解释这些东西，而不是照搬别人的,3173.232,1762056557,9574db04
1986522542408234752,著名“星期八”哈哈哈哈,3064.179,1763903140,2a9d92f9
1988680519910594304,好可爱的语气啊,3211.732,1764160391,c847ffba
2015997122545654016,凯撒大帝修改了历法，十个月变成12个月,3118.741,1767416784,ae954710
2029776380103077120,都去店里吃饭了还不让用WiFi确实不厚道,3021.134,1769059400,361d239
,,0.0,1775683732.8000336,
lb.c,,0.0,1775683732.8000336,
,,0.0,1775683732.8000336,
1895737449360363776,哈哈哈这个音效,3434.307,1752989690,dd38837b
1895737554259906816,汉语自带超链接,3502.689,1752990382,7e894dc7
1895737698191642880,英文不是也有一些语气词吗,3463.7,1752993765,534bf33e
1895737702964760832,现在小孩学典故也是这样的,3515.271,1752993777,5866b398
1895737848280617216,所以他们上大学贵的要死,3301.863,1752995548,136254b6
1895737891691663616,如果目标是跟人勉强交流的话，很简单,3388.746,1752996103,7864b331
1895737902630408448,哈哈哈哈哈哈,3542.495,1752996835,e868d6e6
1895737928165331200,对啊对啊，本来就是啊，所以那些鼓吹国外如何教育平等的，本来就是扯别的，首先连语言就是不平等的门槛很高的,3270.78,1752996508,e868d6e6
1895738086819074304,感觉我和听英语一样,3398.682,1753007529,2f987c3c
1895738104141549824,我听英语听力也这样,3398.818,1753008039,fbf9b322
1895738124207100160,这里应该是well,3591.94,1753002948,90a344d5
1895738260068995328,语言浓缩ww,3415.286,1753013167,58c62de
1895738461571748096,亚洲语言普遍是这样的，主要还是大中华地区辐射,3581.0,1753014800,b345a1e6
1895738525392277760,我也发现了这个问题,3257.235,1753015917,6ee65ea5
1895738653964472576,此处BGM已经日本风格,3569.688,1753025562,226099f9
1895738823556960512,太where了哈哈哈哈哈哈,3558.444,1753026489,8ad6ba0b
1895738935712649472,我感觉老王就这几期非正下来汉语都有进步了,3428.469,1753027972,8d665d98
1895738962153541888,其实我现在在英国生活，无论是跟哪个国家的人说话，我经常回答嗯，他们都可以听懂，真的很方便很中文的表达,3471.945,1753054895,973da82
1895738991337509120,前面啊？的点在哪里？？,3505.733,1753067454,43cb6c93
1895739004096581888,我也才知道,3285.669,1753033782,d5c5e535
1895739009565954304,哈哈哈哈哈哈哈哈哈哈,3317.609,1753068397,f7934ca3
1895739326890217728,成语是超链接，所有熟语俚语和歇后语才是压缩包,3537.481,1753078668,1ea53aa5
1895809281815646464,最惨的是日本人，在这些基础上还要翻译成片假名背,3285.983,1753089277,d2fc1204
1895891365066548224,汉字自带压缩包超链接,3506.18,1753099062,1eeaccb8
1895906708459891456,哈哈哈哈哈哈哈哈哈哈哈哈,3542.014,1753100891,8223018c
1895917280982994176,弹幕呢？,3380.471,1753102152,4365b2b7
1895937886776867584,戴卢可是佛拉芒人,3461.641,1753104608,be52f108
1895945065151751424,1,3469.14,1753105464,83719079
1895974459136292096,老王这个手指的动物太萌了哈哈哈哈哈,3368.702,1753108968,c5fcbd94
1896736230398801920,迪伦想介绍哈哈哈哈哈哈,3285.135,1753199778,b9816bbd
1896738375130942976,哈哈哈哈哈哈哈哈哈哈杨迪太有梗,3552.143,1753200034,b9816bbd
1896773498131941888,不想听，不想了解医学法学这类太专业性的东西,3330.832,1753204221,b176604b
1897146857139167488,吧 吗 哦 ,3449.353,1753248729,35645b71
1897148948762767360,中文常用字2千～三千字，医学法律都能看懂（每个字）英文你得重学,3300.605,1753248978,729e3ab7
1897240958723524864,他是整形医生,3245.183,1753259946,c05066cc
1897344309032788992,HHHHH,3548.929,1753272267,e724095e
1897353674855129344,老王的汉语是靠“百家饭”成长的啊,3413.629,1753273383,d403eb94
1897959016110826496,我感觉日语表达比中文更模糊，但欧语系应该比中文清晰,3481.107,1753345545,9cdf46e6
1898037661450136320,没有语言是难的，融入当地都很容易学会,3360.179,1753354921,6ba6f998
1898147251440773632,学医的英文巨长一个单词,3249.832,1753367985,33c2f0de
1898595100549340416,yeahhh和“え？”的洗脑率也很高,3442.216,1753421373,a18ccce
1898595474438069760,好的，收到,3466.201,1753421417,a18ccce
1899889882369721088,然,3577.428,1753575723,3e3ca627
1899940569846165248,英文里的humm不就是这种意思吗,3483.17,1753581765,ae954710
1900248293867858176,看吧~,3476.886,1753618449,1bd801ae
1900268259098969856,大学学心理学法学，专外学的人想死，开卷我都累死，必须背一些，不然翻都翻不到,3309.209,1753620829,68efaa5c
1900386229888349440,害,3588.413,1753634892,33977ab
1900504034642194432,而且现在还在一直造新词 网络迭代也很快,3536.387,1753648935,8205cc06
1901038009001065984,确实，会有专业壁垒,3267.74,1753712590,c35a3236
1901043281199645696,整形医生不背专业医学词汇吧,3248.477,1753713218,ae954710
1901055028312566528,嗯 用英语的yeah 不行吗,3513.992,1753714619,bba3e7b3
1901699298253806080,哈哈哈哈哈哈哈哈哈,3555.241,1753791422,bb1af361
1902215296740708608,中文一个哦～～～能表达很多意思,3489.451,1753852934,167a1194
1902491000623422720,生物学全是拉丁语,3260.405,1753885800,59b380d7
1903115360002498048,汉文人点了,3530.814,1753960229,95e70b5d
1904402415873511680,哈哈哈哈哈哈,3438.59,1754113659,6327891d
1904520475078927360,我也想听伦儿讲历史,3336.829,1754127732,3e5e834
1904713978178131968,你会不会说重要的是环境问题，像我现在的应试教育，会看和阅读英文，写和说就很差,3417.528,1754150800,1606bf27
1904714897275852288,很多更复杂的，很多中国人也不知道,3523.445,1754150909,1606bf27
1904715420767052544,不就是看语气的吗,3577.83,1754150972,1606bf27
1906688697462662912,小姐姐英文很好好听 不是脖子右柠哈哈哈,3466.311,1754386205,1327ee61
1907359113126774016,粤语无障碍～喺！,3563.437,1754466124,d9a3acb1
1908669758451742720,还有古希腊语,3297.211,1754622365,f41917e3
1910307226334185216,让伦讲下历史,3294.697,1754817567,664d29dc
1915992112592547840,我想听伦说,3296.419,1755495258,cd971f7f
1915994372726802176,四姐reaction好棒,3542.21,1755495527,cd971f7f
1916230844314519808,语言还是要在环境中学,3421.751,1755523717,41d23346
1919282737379220480,匈牙利语也非常难,3351.111,1755887531,8ff620f
1920520378267664128,意群,3403.007,1756035069,99536495
1921097014738263808,陈铭老师说的吧,3438.683,1756103810,bc1232f7
1921950390136930304,就跟中国的好字一样，有时只是表示听到你话里的信息而已,3576.112,1756205540,91f228fb
1926835259497439744,经常看着看着觉得他们几个老外把中文说这么溜好厉害,3412.989,1756787862,b97e7a27
1938829039104673792,笑死我了，这句话谁说的？,3434.256,1758217632,c1c7a66
1996737031745336320,并非,3352.126,1765120802,74ba3500
2011293092187681536,哈哈哈和我对日语的感觉一样，，，呆了10年多 后面觉得是没有尽头的,3529.002,1766856020,1bdc989c
2012585087044033536,这个确实 日本的法律和医学基本是学习德国 舶来词也是基本用德文音译,3321.095,1767010038,83537bde
2018529617530469888,秦嗨汉诺,3562.248,1767718681,a29de8f8
2021310047682553600,是的,3262.826,1768050134,9ae24a60
2035768047671333888,法律也是一样的。中国法律也一样,3275.017,1769773662,f466f7d8
2038743529190839040,先学字，以字正音，阿拉伯人有这个意识，所以他才能学这么快，欧美人完全没有文字的概念，所以觉得中文最难,3384.196,1770128367,7966ad44
2038746329182394624,表情语言，本来也不用翻译,3590.184,1770128701,7966ad44
,,0.0,1775683732.8000336,
lb.c,,0.0,1775683732.8000336,
,,0.0,1775683732.8000336,
1895737386328363264,哈哈哈哈哈哈,3617.105,1752987469,882cd619
1895737509229859072,哈哈哈哈哈哈哈哈哈哈,3676.144,1752989498,59dfb4d2
1895737583057998080,天啊，67个字母组成,3637.073,1752989336,eb069b0d
1895737632492065024,来个短的,3853.378,1752993748,6cf1571
1895737693435302144,哈哈哈不许总结,3609.164,1752993497,6cf1571
1895737816580067584,这里字幕错了，表音文字,3890.122,1752995204,5579ad8f
1895737979226788096,这一季字幕太多错误了，怎么回事啊，中文外文都错,3896.211,1753006124,aab7b18b
1895738066770301184,日语和韩语是不是也是？只要会拼都会读，但是意思得再记,3906.105,1753001542,545954c8
1895738087733432576,哈哈哈哈哈哈哈哈哈,3845.99,1753000556,7b5f275c
1895738152468320512,哈哈哈哈哈哈哈好可爱,3651.946,1753012041,d93d12d4
1895738180737929472,巴别塔,3742.261,1753008044,a62ceb35
1895738275562754304,英文就有刚刚说的英法问题导致逻辑混乱,3943.0,1753015298,b345a1e6
1895738327530180864,日语是半拼音，保留部分中文,3886.0,1753015152,b345a1e6
1895738332093583616,象形文字就是比拼音文字要方便的,3886.0,1753015173,b345a1e6
1895738336648597760,所以传播效率很高，且没有文化断层问题，所以逻辑一直能保持,3943.0,1753015269,b345a1e6
1895738357620117760,想起之前看的用各国语言唱知否。到俄语就跟念咒一样,3849.285,1753016974,910793e9
1895738458845450496,啊啊啊最喜欢听大家聊各语言的特点！这是我当年看非正的初心,3614.056,1753016407,a354f0d2
1895738658519486720,愚者无畏也是一个压缩包呀，它不是常规的意思，俄语也可以生成一个压缩包,3826.746,1753025972,fe92a296
1895738785262964992,哈哈哈哈哈哈,3817.962,1753023551,ef8f951e
1895738933883932928,头晕了,3644.316,1753035085,13a0d4c4
1895738979476017408,确实，看小Q联合国的时候同传俄语的信息密度好低,3838.236,1753041245,cdfc31da
1895739066096783616,哈哈哈哈哈有意思,3612.271,1753067134,91850ea9
1895739104407556352,突然想起之前埃及代表穆小龙的名字也很长,3658.216,1753041498,4e76690
1895739162750324992,尼采：事情没有对错 只有视角不同,3726.186,1753073245,cb0b74b0
1895739177338114304,哈哈哈哈哈大家注意有位烫嘴的德国人要来啦,3629.774,1753067187,91850ea9
1895792428078861312,还真是,3941.511,1753087268,3a31dcb7
1895853082563739136,好漂亮啊,3705.421,1753094499,dc02669c
1895873710125642496,湖南话“搞”也有好多意思。,3601.591,1753096958,29a218df
1895907346799683328,翻译是代表自己翻译的,3697.145,1753100967,d0a706e0
1895978079743661568,decode（语言学人惊坐起,3717.032,1753109399,c5fcbd94
1896108421095192320,姐姐的专业和今天的话题好适配，语言差异,3706.185,1753124937,7388c77a
1896515341271146240,我喜欢这个话题，有意思,3616.444,1753173446,b99d4a1f
1896518162234223872,信息熵,3876.963,1753173782,b99d4a1f
1896543132645330432,这颜值，太好看啦！！！！,3695.311,1753176759,832cc876
1896780626377012736,不动产超级抵押,3636.607,1753205070,1f9c8d2e
1897154366721285632,我又要骄傲了，联合国文件里，就属中文那本最薄（叉会腰）,3813.058,1753249624,729e3ab7
1897941956827989760,都在酒里了,3865.043,1753343512,8b93c9d9
1898002374233537280,好像现在学校初学英语不给学音标了？,3917.24,1753350714,2a453a04
1898102017021935872,满分5,3789.416,1753362592,b29ebb7b
1898156268347363072,我记得我初中那会有学音标 但是不会重点去考,3923.454,1753369060,33c2f0de
1898512243499875328,大左表情笑死我了哈哈哈哈,3865.395,1753411495,4b7d9bf5
1899331643441710592,哈哈哈哈哈哈好可爱,3679.808,1753509175,1091612d
1900180799328848384,确实像吕一,3719.965,1753610403,115a0075
1900386773294106880,不对不对,3653.208,1753634957,33977ab
1901012436203785984,强行闭麦,3615.255,1753709541,2c9403ee
1901013060701833216,字幕乱回了,3657.418,1753709616,2c9403ee
1901170929900720384,还确认下对不对哈哈哈哈,3831.848,1753728435,aa15251e
1901171333829032960,给陈铭总结累了,3859.411,1753728484,aa15251e
1902159930518213632,六书,3947.484,1753846333,705b52ba
1902331185083402240,大学选修语言学讲过这个区别,3951.181,1753866749,92f8c01f
1902335700813538048,分析语,3890.528,1753867287,89ed58e
1903671238854313216,大学老师也一直强调要用外语的语境去理解外语不要纠结于对应中文是什么,3741.737,1754026495,b7a9b2eb
1904763067708153600,萨沙真一点口音没有啊,3759.038,1754156652,ddee2dcd
1905858903875679232,梅丽莎中文好好,3688.86,1754287285,7becfa2e
1906691517007991808,德语也是,3801.725,1754386541,1327ee61
1908906630024663808,俄语∶入门即入土，但不得不说俄语听起来是真的好听,3783.319,1754650603,43d421ca
1913917196015940096,法语也是,3808.423,1755247909,62e4d313
1915995900275556352,好喜欢梅丽莎,3713.265,1755495710,cd971f7f
1916030022574273280,语言的背后是思维逻辑,3695.995,1755499777,272ec1ba
1916079700078810368,忙啊，忙点好啊（doge）,3835.762,1755505699,746f4806
1916625392777953536,很有意思这趴,3621.459,1755570751,51f2909e
1920356151963837440,韩语就是,3912.685,1756015492,954b058c
1920523017751516672,专业的来了,3686.052,1756035384,99536495
1920524371614198784,对!!!!!!,3843.108,1756035545,99536495
1921484775709746688,又美又有学识，太厉害了姐姐,3711.137,1756150034,d0352b3
1921487725823974144,标注拉踩还是没必要哈哈,3945.676,1756150386,d0352b3
1924956553183220992,俄语语法确实难,3781.888,1756563903,e498a6f4
1928311481842799872,我怎么看到了autumn,3673.982,1756963841,272b951b
1929831823954261248,终于说到重点了，一维语言与二维语言,3932.368,1757145080,df7cc456
1937964820096246784,及格了,3795.295,1758114609,ea665755
1940204146955817728,这段话题讨论味道对了！！,3623.895,1758381557,add21500
1947129987367245056,萨沙有口音的，东北口音哈哈哈哈哈哈,3767.265,1759207182,ecb24fe1
1954999544181936896,我们是造字，其他语言是造词，我们是组词,3892.371,1760145306,fb6e727e
1960973806940170496,还有俄语的字感觉都一模一样233,3802.199,1760857494,8b1c7d51
1965271622538264320,字和词不一样啊，汉语的词能数清吗,3769.495,1761369833,b509e6de
1966180469729066752,对的，中国还有很多种方言呢，都是文化,3734.607,1761478176,33978299
1983664562083361280,老王的哇太可爱了,3664.275,1763562443,c53f17b0
1985149511878330880,陈铭没有总结的终究还是要来的,3681.241,1763739462,55203a50
2004619822436624640,上文言文,3868.638,1766060504,ffa3828d
2038747074585654784,这更像造了个固定搭配短语，而不是单词,3646.077,1770128790,7966ad44
2057933376119917312,好漂亮,3689.333,1772415975,dc69dd68
2072056217312398080,母语是汉语好骄傲啊,3882.558,1774099549,f82fb2da
,,0.0,1775683732.8000336,
lb.c,,0.0,1775683732.8000336,
,,0.0,1775683732.8000336,
1895737662774939904,再次安利陈老师的有聊，想了解陈老师对一些话题或者事物的看法的一定要看,4023.906,1752994396,534bf33e
1895737685701005568,俄罗斯女排功勋教练卡尔波利,4271.389,1752994558,7b2fe900
1895737697243730176,俄罗斯队那几年发挥起伏很大，拦防水平下滑了很多，换谁谁都得生气，卡尔波利老爷子不生气才怪了,4283.614,1752994661,7b2fe900
1895737894426349824,还真想听下去,4177.285,1752997978,c7bc6e63
1895737925430644992,不想听,4197.99,1752997336,ca646aae
1895737966459326720,哈哈哈哈哈 我开始逐字学习  doge,4196.912,1752998636,fbf64f60
1895738073137254656,中文是超链接语种,3984.747,1753006704,39499903
1895738140615217408,哈哈哈哈哈哈哈哈哈哈哈哈哈哈哈哈哈哈,4310.057,1753009910,259fe52
1895738233619714304,陈铭老师还想听！,4182.484,1753007774,53b79af0
1895738266444337408,的确，中文很感性,4124.538,1753015157,ef682fb2
1895738305652691200,这个好有意思哈哈哈,4208.39,1753014222,b1b00e21
1895738500780101888,man,3975.847,1753018973,f4eb18b5
1895738511718846720,音译在中文里很少见的，因为我们几乎啥都有对应的,4145.0,1753015534,b345a1e6
1895738631164236032,所以中文真的很美,4112.951,1753025099,a7349199
1895738649401069824,喜欢听陈铭老师说,4192.35,1753025462,105f8ab8
1895738683140051200,粤韵风华请你来学,4228.784,1753024098,99272c49
1895738787997651200,语言这个可以多出几期,4134.263,1753026762,d6bfe3aa
1895738869149044992,偏误,4027.411,1753027772,838e3436
1895738996798492928,哈哈哈哈哈,4203.489,1753035239,187c324
1895739035092488448,还想听,4147.312,1753067760,91850ea9
1895739036006846720,喜欢陈铭老师这期的总结,4148.159,1753035184,187c324
1895739102570451200,哈哈哈哈哈哈哈哈哈哈画,4154.529,1753069234,f7934ca3
1895739191011545344,Hahahaha ,4072.191,1753068882,8c10ef2b
1895793939530218240,嗷～都是……   太地道了萨沙哈哈哈哈哈,4258.574,1753087448,d8c0c6fa
1895917244123625472,希望陈老师说完，简直是精华部分哇,4200.455,1753102147,7d881d54
1895984355831034368,白帝圣剑，御剑跟着我,4280.148,1753110148,25b891ad
1896017901253990656,优先使用枝丫哦,3982.02,1753114146,487f1d6
1896022503672487424,这里也有佛（,4070.515,1753114695,698bab0d
1896322597734351360,中国诗真的作为一个中国人很骄傲，太美了，意境美，有的读起来也美,4105.965,1753150469,996c2fe2
1896460121219883008,好像是这样,3981.646,1753166863,9ec95bfa
1896520846001502976,但是这个总结我喜欢，涨知识,4086.27,1753174102,b99d4a1f
1896521961702968320,还想听，再说个五块钱的吧,4156.119,1753174235,b99d4a1f
1896676574695453952,普希金,4263.726,1753192666,54d3f224
1896725566901062400,哈哈哈哈哈哈哈哈哈哈哈哈哈哈哈,4310.07,1753198507,22445c1f
1896730106723395328,哈哈哈哈哈哈哈这期太有意思了,4209.816,1753199048,9cb4590f
1897010015916183808,对对对跟机关枪似的整个赛场都能听到,4272.545,1753232416,d539e6d1
1897077275255051776,哈哈哈哈哈哈哈哈哈,4190.698,1753240434,3c157400
1897174036765635072,陈老师的总结太棒了,4168.585,1753251969,edbe14cb
1897392318966345984,或许是“道”，但也确实不完全一样,4138.271,1753277990,bbeae81b
1897423909876315136,语言都基于一定逻辑啊，像一个公式往上套，怎么没逻辑了，汉子的构成组词都有逻辑思维啊,4200.979,1753281756,d849b843
1897862636431858688,没听够哈哈哈,4177.458,1753334056,c7d94c30
1897882039651485952,鸟语花香,4319.548,1753336369,5e6db3f9
1897898935013042688,可恶啊这次刚好是我感兴趣的话题,4161.582,1753338383,47a0e8bd
1898160146023362048,这点我作为留子真的深有体会 写英文论文的时候真的是一连二 二连三的感觉 不然会扣分的 但中文很少直接表达这么明确的,4143.613,1753369522,33c2f0de
1898164993313185792,其实古人造字也走过这条路，比如光马就有一百多种，骢骊骓骏骥骁，后来发现这样下去不是个事儿，太麻烦了,3975.043,1753370100,a725bfc4
1898638624019697408,我还没听够,4148.66,1753426561,71afd37d
1898787820446409728,反而英语会听就能拼写出来,3998.591,1753444347,636af638
1899369447870135552,涡轮苏卡！,4306.429,1753513682,3873c0bd
1899754244643268352,我也特喜欢听,4184.346,1753559553,a03bc12f
1899892586974535168,萨沙,4214.495,1753576045,3e3ca627
1900097116832440064,可恶，真的回味无穷啊，陈老师你再讲会儿吧,4169.039,1753600427,664e896
1900296271730859520,哈哈哈哈哈哈哈,4317.511,1753624168,cd73212b
1900392088978706688,笑鼠了,4276.249,1753635590,33977ab
1900392259451958016,太好笑了哈哈哈哈,4296.513,1753635611,33977ab
1901016738342964736,中文是体验,4037.216,1753710054,2c9403ee
1901019576444265728,过分了过分了,4306.717,1753710393,2c9403ee
1901803584791174912,一点也不短，(◐‿◑)﻿,4062.857,1753803854,f40bc1cc
1902041048625348864,不是道，更像理,4143.516,1753832162,18259142
1902331840049217792,感觉中文好美啊，艺术,3990.092,1753866827,92f8c01f
1902332906249409792,中文是瑰宝,4117.378,1753866954,92f8c01f
1902468908746143744,下次是什么时候,4190.613,1753883166,23568bd4
1902949917157764864,言有尽而意无穷,4173.006,1753940507,ca017a5
1903624783280088832,喜欢这个总结！,4097.385,1754020957,f0de91b3
1903829280824533504,我也喜欢看总结,4089.384,1754045335,5f529759
1904583630937199616,赞同，中文逻辑不严谨，甚至会出现颠倒黑白的情况,4118.207,1754135261,b6ee8bbd
1904685207156790528,西班牙拿铁,3995.688,1754147370,7bcfa025
1904719537870318848,中文里面的山有很多很多种,4043.343,1754151462,1606bf27
1904720340727399936,是的，我们中文文字逻辑不强,4117.347,1754151558,1606bf27
1905164537058565632,主持人就是控场的，时长要他负责控制的，没办法的,4223.159,1754204510,630e768b
1905314751845161728,元素周期表,3987.742,1754222417,2eb47862
1905861314233136128,陈铭懂得好多,3967.821,1754287573,7becfa2e
1905869100798891776,你们要聊这个我可就精神了,4216.222,1754288501,acf5d39a
1906539827319374592,哈哈哈哈,4241.001,1754368458,58d57e1c
1906540589273325824,哈哈哈哈哈,4310.782,1754368549,58d57e1c
1906688755184680448,桶装水瓶装水.v,4007.948,1754386211,819e3004
1907523442576883968,绝了,4169.636,1754485714,f5dd2f0d
1907644947604512512,等红灯是在等绿灯,4082.438,1754500198,ff8d4f0a
1907980387771732224,苏卡起手23333,4316.445,1754540186,e06c8437
1910170930404237824,圈粉le,4176.937,1754801319,738a73b
1910230441924162816,陈老师唱了一段跳一跳,3992.914,1754808413,f1feee36
1914555673774369536,山峦峰,4041.505,1755324021,c8be969c
1914633198378391552,白帝圣剑哈哈哈哈哈哈哈,4283.877,1755333263,39959bed
1914709549752189952,太好玩了哈哈哈哈,4297.298,1755342365,7dd1e666
1915999561113992960,哈哈哈哈哈哈哈哈哈,4246.601,1755496146,cd971f7f
1916629292717141760,不会这集都是滴滴滴滴滴吧,4207.55,1755571216,51f2909e
1916847819730828288,老王对中文的运用很通感,4059.05,1755597266,b575b51f
1919200580753647360,喜欢的话题总是听不够，不喜欢的好长，譬如什么信息信息，看到就头晕,4182.566,1755877737,ab909100
1920259340867743488,哈哈哈哈哈,4082.777,1756003951,6fe7767c
1920526322502341120,如如不动,4063.914,1756035778,99536495
1921992866163510272,哈哈哈哈哈,4082.943,1756210604,82b54504
1928582631055161600,我不同意，山我可以解释为突出地面很多的土或者石头,4048.353,1756996165,cfd3a899
1929016966887768832,喜欢语言期,4125.882,1757047942,bd775eca
1929832194772670464,这就叫降维打击,3960.908,1757145124,df7cc456
1932317703025618944,哈哈哈哈哈哈哈哈哈哈,4305.693,1757441420,52ac390e
1937429935681908224,好喜欢陈铭老师的总结 学到很多,4147.093,1758050846,664fbc21
1937697910745701120,其实还是有点口音,4237.83,1758082791,aeeff0bc
1938017766129012736,你不是外国朋友吗？,4224.433,1758120921,bd77f5f3
1943402323418697728,我认为中文是活字印刷术,4043.986,1758762810,fe599c6c
1952092445781283584,苏子开头列字结尾,4254.784,1759798753,b1e41dca
1960114288949624320,我也看了那个视频！！！！俄罗斯教练太凶残了！！！你们可以去网上搜,4271.027,1760755031,6a7c628d
1970983019397520896,听不懂俄语，主要看表情和神态啊哈哈哈,4293.443,1762050685,f517d2b4
1987896814821010944,记笔记。,4214.037,1764066966,a87e4250
1992810780202441728,哈哈哈哈哈哈哈哈哈,4311.986,1764652757,b087944c
1998380675866813952,四姐咋回事，怎么剪这个发型了，还是长发好看,4266.798,1765316740,ffa3828d
2005918499490857216,还得是秦始皇,4012.384,1766215319,11aba778
2027816003223746816,logic,4125.294,1768825705,8f58d927
2035829821229662976,不垢不净，不增不减,4079.032,1769781026,f9735bbb
,,0.0,1775683732.8000336,
lb.c,,0.0,1775683732.8000336,
,,0.0,1775683732.8000336,
1895737401436246272,怎么可能放出来,4342.782,1752987653,5aaa7626
1895737677907988736,啊？不是爷爷辈吗？,4418.736,1752994538,591a47e1
1895737751501246720,哈哈哈哈哈哈哈哈哈哈哈哈哈,4437.159,1752993639,c76f245a
1895737760066015488,爸爸的哥哥不是大伯吗？大爷不是爷爷的兄弟吗,4416.924,1752994737,5866b398
1895737777631760640,那应该听不了泰勒斯威夫特的这首歌吧哈哈哈哈哈哈,4668.85,1752994975,534bf33e
1895737803896492288,老王大好人啊,4585.286,1752995672,ce21b857
1895737832879132928,哈哈哈哈哈哈哈哈哈哈哈哈哈哈哈哈哈,4627.772,1752994815,534bf33e
1895738113259966720,不愧美食博主，这都能跟吃的联系上,4448.927,1753008271,13ee2db9
1895738151553962240,哈哈哈哈哈哈哈陈老师,4623.234,1753004086,e967e3fc
1895738287424246016,哈哈哈哈哈哈哈,4660.359,1753013919,fbf64f60
1895738324795494656,不像演的,4542.675,1753011315,47aef417
1895738367652892928,哈哈哈哈哈哈哈萨沙,4524.058,1753014007,5041b929
1895738494396371200,哈哈哈哈哈哈哈哈,4648.252,1753020067,eabe6363
1895738752438341888,大爷就是伯伯的方言啊,4420.588,1753027986,302e2cd4
1895738870055014656,哈哈哈哈哈哈哈哈哈哈哈哈哈哈,4627.886,1753030164,ea25d4d6
1895738921124860160,鸟语花香,4334.495,1753038594,23ddeab7
1895738943002349824,我笑的不行了,4567.735,1753035604,187c324
1895739028708757760,那确实不好，癌症很痛苦的,4375.493,1753037991,7a1afabc
1895739033272160512,北方大爷就是爸爸的哥哥，还有些地方会叫大爹,4422.924,1753038056,7a1afabc
1895739051508994304,比利时，荷兰，不由自主地dudududu,4370.072,1753045018,cdfc31da
1895739054243680512,这期太好看了哈哈哈哈,4582.978,1753035619,187c324
1895739071566156032,全世界的趋势哈哈哈哈哈哈哈,4405.411,1753069485,f7934ca3
1895739076129558784,看来还是妈妈重要哈哈哈哈哈,4448.138,1753069527,f7934ca3
1895739088888631552,靠北不算？,4416.782,1753068705,d4e31129
1895739092537676032,笑得我肚子疼,4397.34,1753062755,928dfa68
1895739105305137408,是红大爷,4418.911,1753072489,63882395
1895739118072598784,哈哈哈哈 老王太可爱了,4587.157,1753061525,67cfac19
1895739125362299136,哈哈哈,4564.19,1753070523,86ed341b
1895739337812185344,哈哈哈哈哈不愧是学霸,4661.75,1753080270,928ebf4c
1895833647970618624,哎 闽南话林北就是 可惜唐大哥不在了,4408.122,1753092182,717a589b
1895902750144143360,这个还……,4321.524,1753100419,738625c6
1895907869804003328,本来就听不懂，那听不听得到又有什么关系呢，在公共场合说脏话本身就是不文明的行为,4360.674,1753101030,b41d23bf
1895908179586673152,哈哈哈哈哈不行了笑哭了,4388.324,1753101067,8e85fd5f
1895927466716137216,哈哈哈哈哈哈哈哈哈哈哈哈哈哈哈哈哈哈哈,4394.076,1753103366,4365b2b7
1895928548712294912,哈哈哈哈哈哈哈哈哈哈哈哈哈哈哈哈哈哈哈,4520.928,1753103495,4365b2b7
1895982829658685952,我也是,4675.5,1753109966,42cad9e5
1896001296768195840,哈哈哈哈哈哈哈哈哈哈哈哈,4677.235,1753112167,ee1f6f9b
1896400773932488448,哈哈哈哈哈哈哈哈哈哈哈,4598.659,1753159788,e1f0140c
1896512698288793600,跟我们见外了不是,4365.396,1753173131,6a042d86
1896514385674094080,老王又拿吃饭举例哈哈哈哈哈哈哈,4454.776,1753173332,272cb156
1896608734999507456,满意满意特别满意,4371.008,1753184579,6958d185
1896642155020717056,苦肉计哈哈,4590.242,1753188563,445a39f6
1896642936713124608,对对对,4676.515,1753188657,445a39f6
1896696260124513024,自爆型劝架,4561.628,1753195013,fc5c5aac
1896763454762194688,他们不会哈哈哈哈哈哈哈哈,4569.196,1753203023,b9816bbd
1896765768927379200,哈哈哈哈哈哈哈哈哈哈哈哈公费报仇,4542.799,1753203299,e8be185e
1897011300463673856,有带大爷的,4411.438,1753232569,d539e6d1
1897013120430860032,老王好吃的没白吃还挺有劲,4613.994,1753232786,d539e6d1
1897218638458098176,讲的好可爱呀哈哈哈哈哈哈哈,4468.158,1753257286,d9749c34
1897324740884846080,我也是,4678.681,1753269934,8693b549
1897363774932184320,想了解的可以自己找找一些俄的生活vlog之类的,4361.289,1753274587,d403eb94
1897426030323611648,哈哈哈哈哈哈,4387.518,1753282009,d849b843
1897430303178371840,陈老师梦开始的地方,4635.859,1753282518,d849b843
1898107734009310976,有的，闽南话里面的靠北就是,4409.048,1753363274,b29ebb7b
1898140754749313024,拉开了已经,4552.403,1753367210,9a457285
1898604176352239360,风和日丽，鸟语花香,4320.185,1753422454,a18ccce
1898604469584211456,这么长一段吗救命怎么还没完啊哈哈哈哈哈哈哈哈哈,4334.886,1753422489,a18ccce
1898827115965592320,大爷，不是大爷爷啊,4423.334,1753449031,1ffa9383
1899264598080031232,果然是美食博主,4449.549,1753501183,d04c374a
1899496872319092736,凉菜哈哈哈哈这个比喻,4441.171,1753528872,3820b86
1900043563572775680,到底是啥？好想知道,4348.134,1753594043,3ad68769
1900320971148192768,被带歪了，哈哈哈,4644.234,1753627112,968d7bd9
1900998015238881792,0帧起手,4521.96,1753707822,478a57e2
1901003546199856128,北方不说大伯，都是说大爷,4429.826,1753708482,2216f793
1901074396593528576,坑爹只是调侃 上升不到骂人,4438.056,1753716928,bba3e7b3
1901091973570498560,放出来吧，反正听不懂,4334.352,1753719023,18259142
1902337660274969600,哈哈哈哈哈哈哈哈,4604.007,1753867520,92f8c01f
1903081973443330560,哈哈哈哈哈哈,4535.647,1753956250,623dd44
1903082273570880768,哈哈哈哈哈哈哈哈,4568.091,1753956285,623dd44
1903781401921761536,其实有用,4589.383,1754039628,1ddd0afb
1903806233291993600,老王那么有力吗,4603.096,1754042588,29c7c55b
1903952397949739520,这个情节 解放西 看过一样的，哈哈哈哈哈哈,4560.019,1754060012,e1245ea0
1904516717376838400,因为妈妈是孩子的第一位老师啊！,4403.275,1754127284,9e41d483
1904530899417644288,哈哈哈哈哈哈哈哈哈哈哈哈哈你个感冒,4385.563,1754128975,3e5e834
1904530978748724992,和哈哈哈哈哈哈哈哈哈哈哈哈哈哈哈哈哈哈哈哈哈哈哈哈哈哈哈哈哈哈哈哈哈哈哈哈哈哈哈哈哈,4384.499,1754128984,3e5e834
1904532923857065216,没有妹妹呢,4492.766,1754129216,3e5e834
1904538811812607744,哈哈哈哈哈哈哈哈哈哈哈哈哈哈哈哈哈哈哈哈哈,4645.546,1754129918,3e5e834
1904722568506592768,不是，这有什么可防的呢,4341.418,1754151824,1606bf27
1905449384062253056,新疆好像也是,4496.703,1754238467,a48719d1
1905497931360905728,伊朗和俄罗斯打起来啦,4529.621,1754244254,c0863c00
1906542784094295808,哈哈哈哈哈,4559.017,1754368810,58d57e1c
1907526196715882496,哈哈哈哈哈哈哈哈,4523.519,1754486042,f5dd2f0d
1908679452259804928,xx日记,4362.117,1754623521,f41917e3
1908744384842053120,你们听不懂，别人听得懂啊，我就是学俄语的，很多人学俄语日语,4357.8,1754631262,6ba6f998
1909668420170398720,四个层次,4433.428,1754741415,d7fb52ee
1911359300216006400,哈哈哈哈哈哈,4447.784,1754942984,984e8387
1911359604252789760,太逗了,4455.784,1754943020,984e8387
1913398067118770176,马月！受到严格保护,4495.758,1755186024,e540d7cc
1914634620675197952,爸爸好惨,4409.305,1755333432,39959bed
1914635448362681088,老王好有意思啊,4468.254,1755333531,39959bed
1914637087353891840,陈老师好帅好可爱,4628.134,1755333726,39959bed
1916001994548683520,萨沙现在好有效果啊,4525.363,1755496436,cd971f7f
1916630927698902784,哈哈哈哈哈哈哈哈哈哈哈哈哈哈,4395.624,1755571411,51f2909e
1916852277454065152,骄傲的小表情,4513.962,1755597798,b575b51f
1918109775393509888,加长版都听不到,4327.512,1755747703,e10ac76a
1919292270814105600,三句话不离老本行。老王就是老王,4441.278,1755888668,8ff620f
1920360764641292800,大爷（轻声）和大爷（二声）是不一样的辈分,4424.525,1756016042,954b058c
1920530535504589824,苦肉计,4559.312,1756036280,99536495
1924962263669318912,确实,4378.913,1756564583,e498a6f4
1928317987325752320,爸爸不重要和哈哈哈,4437.715,1756964617,272b951b
1928473381473163008,陈铭老师哈哈哈哈哈哈哈哈哈哈哈什么叫你个感冒啊哈哈哈哈哈,4387.472,1756983141,27acc97c
1930119365563671296,关键有个俄罗斯妹子全能听懂，哈哈哈,4350.281,1757179358,5f57ee63
1932318721125803008,哈哈哈哈哈哈哈哈哈哈哈,4386.414,1757441541,52ac390e
1937685851845080064,肺结核我们叫痨病,4387.045,1758081353,748c3342
1937711880739083008,现在有了,4411.543,1758084456,e8f1e80f
1937713293271636224,以身入局,4575.73,1758084625,e8f1e80f
1946610506567641600,哈哈哈哈哈哈哈什么鬼，好搞笑,4396.361,1759145255,3a0f6945
1946616695774839040,毕竟母亲是生你养你的人，是个人都不希望。除非你原生家庭环境不好,4477.17,1759145993,eb269b47
1954247216982614016,就好像放出来我们能听懂一样,4348.708,1760055622,99c7f039
1967670342588077312,阿阿阿啊啊，我要听,4342.408,1761655783,eb09f285
1977879332269668864,哈哈哈哈哈哈哈哈哈,4648.638,1762872790,aedabb3d
1986532170919592192,想听啊,4334.675,1763904288,2a9d92f9
1993856239851235072,哈哈哈哈哈多少是有点私人恩怨了哈哈哈哈哈哈哈哈哈哈哈萨沙,4520.851,1764777385,ed5612f4
1996746304319704576,有的 中西部地区很多,4410.686,1765121908,74ba3500
1999494019419440896,盲猜第四个祖先,4482.623,1765449461,29cd0eb
2004628390627918080,老王男友力爆棚啊，华波波都有150 6了,4609.39,1766061526,ffa3828d
,,0.0,1775683732.8000336,
lb.c,,0.0,1775683732.8000336,
,,0.0,1775683732.8000336,
1895737548723425536,哈哈哈哈哈什么是我们不能听的,4749.619,1752990264,1549437e
1895737557581795584,来啦来啦,5024.737,1752990286,a1639211
1895737558689091840,哈哈哈哈哈哈哈哈哈哈哈哈,4902.274,1752991699,eb069b0d
1895737576405831936,哈哈哈哈哈哈哈哈哈哈笑飞了,4980.356,1752990608,39108e46
1895737633507086592,免礼免礼,5039.074,1752990708,59dfb4d2
1895737685701005571,哈哈哈哈哈哈,5002.412,1752993137,98f16374
1895737800272613632,哈哈哈哈哈哈哈哈哈哈哈哈哈哈哈哈哈哈哈哈哈哈哈哈哈哈哈哈哈哈,4982.027,1752995330,a4557f7c
1895737802998911232,万一听不懂怎么办,4874.018,1752994933,81bc2129
1895737948222492928,什么梗？,4748.329,1752998164,d6922fe2
1895738125113069824,就这个湖北味正宗,4711.305,1753011041,7a763aee
1895738285595529472,双板确实可以倒着滑,5008.25,1753011373,43686648
1895738620225491200,哈哈哈哈哈哈哈哈哈,4984.609,1753022510,65fd9e50
1895738757907714304,太损了,4985.149,1753022518,65fd9e50
1895738832675377408,来来来来,5036.598,1753027077,8a513c81
1895738966708556032,太可爱了超超,4747.358,1753060176,4f7b0147
1895738992243478784,就是歇后语,4867.877,1753034556,c7bc6e63
1895739080684572928,哈哈哈哈哈哈哈哈哈哈,4918.722,1753069998,f7934ca3
1895739131746029824,哈哈哈哈哈哈哈哈哈哈哈哈哈哈哈哈,4994.089,1753062512,3bd1c757
1895739196480917760,这段发出杠铃般的笑声,5030.092,1753075104,28ad2a59
1895739201044320512,斑马斑马，你回到了你的家,4704.204,1753075169,c2cf2fbe
1895739208334020864,突然好凶的超超,4710.536,1753075185,c2cf2fbe
1895739269428252928,哈哈哈哈,4730.776,1753075210,df6e1fa7
1895739282195714304,个斑马 武汉读书学会的第一句武汉话,4704.434,1753073116,76b350d2
1895771221057041664,歇后语骂人是吧hhh,4865.028,1753084740,ea88348b
1895892382798022400,真的很像用歇后语骂人,4858.534,1753099184,1da0b061
1895904636515565824,四姐镜头太少了，感觉他的观点还没开始就没了,4765.842,1753100644,58b836f8
1896404829505373952,哈哈哈哈哈哈哈哈活学活用,4949.724,1753160272,f1957628
1896405288303884800,哈哈哈哈哈哈哈哈哈哈哈哈哈哈笑死我了,5003.653,1753160327,f1957628
1896468623779084032,哈哈哈哈哈哈,4981.223,1753167877,9ec95bfa
1896588932171657472,Dylan好帅,4935.291,1753182219,bd4e22b9
1896649488324662272,非正“倒着哥”,4978.032,1753189438,280fcb51
1896737496214828800,哈哈哈哈哈哈哈哈哈哈哈哈哈哈,4982.203,1753199929,9cb4590f
1897014030158811904,你瞅啥的意思吗,4715.633,1753232894,d539e6d1
1897014233171284992,想咋的,4732.518,1753232919,d539e6d1
1897019864125305344,胖跟秃顶？华波波？哈哈,4804.17,1753233590,88971e98
1897165318887847424,哈哈哈哈哈哈每次都要拿出来反复“鞭尸”,4994.106,1753250929,729e3ab7
1897254941232950272,哈哈哈 杨杨很合适,4903.28,1753261613,2a986023
1897344532589414144,又狠又能播哈哈哈哈，好绝,4852.883,1753272293,55d83f10
1897762938228495616,哈哈哈哈哈哈超超你咋这么可爱呀,4748.926,1753322171,3c4a8341
1898076422447444224,这个味太对了，喵莫斯喵,4713.793,1753359541,49e5e8b6
1898116838467539200,哈哈哈哈哈哈哈,4959.312,1753364359,8d117f15
1898162780163908608,笑晕了这个梗,4843.97,1753369836,b71cfd89
1898407579726848000,我也是！本来已经冷静下来了听到这句话又会死灰复燃,4680.153,1753399018,28dcc9f6
1898620921531941120,哈哈哈哈哈哈哈哈哈哈哈哈哈哈哈哈,4990.806,1753424451,a18ccce
1898621235324599808,萨沙：我这一生如履薄冰,4998.994,1753424488,a18ccce
1898621702788319488,这里就很适合配个bgm：长江黄河还有黑龙江~~~,5007.924,1753424544,a18ccce
1898674081130886656,auv真地儿道～,4950.016,1753430788,2738fae5
1898686192863140864,伦儿,5032.685,1753432232,b0850c04
1898718675599884544,喵喵喵  喵莫比,4716.685,1753436104,f83ddc9a
1898842469316472832,这是歇后语啊,4860.486,1753450861,17e2fe2c
1899339586950643712,喵帕斯,4719.067,1753510122,7ef1f30f
1899599321197446144,谎言不会伤人，真相才是快刀,4805.355,1753541085,bc31ead9
1900380122948168960,是LULU!,4784.341,1753634164,81aeaa1b
1900503618960948736,梅林的胡子,4886.484,1753648886,fcdaa08a
1901024484039726336,哈哈哈哈哈哈哈,4942.838,1753710978,2c9403ee
1901079414683921152,给你俩窝窝是“傻瓜你看什么，你走开”的意思,4779.862,1753717526,e67086c2
1901079829685023488,老王可以啊,4824.392,1753717575,e67086c2
1901079976536206080,盆景的伐木工赢了,4830.592,1753717593,e67086c2
1902231732707858432,啥意思没懂,4835.101,1753854893,c1f2fe77
1902338815436637184,动物吵架哈哈哈,4741.721,1753867658,92f8c01f
1902339230270251776,好可爱,4791.413,1753867708,92f8c01f
1902465103329566464,哈哈哈哈哈哈哈,4900.32,1753882713,24d07282
1902505877391889664,我懂！不仅是吵架，平时明明一件事已经在做了，非补一句你去做一下，我也会生气,4683.771,1753887574,29c4c024
1902512598906821376,翻旧账了,4925.858,1753888375,d89f1503
1902594920603297792,这一段巨好笑,4932.927,1753898188,26f5d348
1903085253296941312,哈哈哈哈哈哈哈哈哈,4913.221,1753956640,623dd44
1903422713532604160,完全沉浸在自己的艺术创作里了,4892.961,1753996869,bb961bc8
1903895399203318784,沉浸在自己的艺术,4885.319,1754053217,c51a6472
1905868802760226304,好有趣,4725.221,1754288465,7becfa2e
1905869663649455104,哈哈哈,4823.731,1754288568,7becfa2e
1906076866142587904,超超好美～～～～～～,5033.296,1754313269,ba077aef
1906843327282730752,不知道两个buff梗被萨沙听到了会怎么样哈哈哈哈,5018.175,1754404638,4ad5b7c7
1906853502798462464,笑飞了这期哈哈哈,4973.051,1754405851,de5d2566
1907283657380028416,个斑马是吧哈哈哈哈,4741.914,1754457129,654346f5
1907369347933021696,咩啊～,4736.208,1754467344,d9a3acb1
1907528459920721920,中文也是哈哈哈哈哈哈,4843.019,1754486312,f5dd2f0d
1907988977269993984,就跟吵架的时候对方说你冷静一点,4687.296,1754541210,952047f4
1909012552659049984,你看看！,4887.06,1754663230,a30a61d9
1914639175487860992,好艺术,4868.566,1755333975,39959bed
1914699145797749760,免礼免礼,5038.536,1755341124,6a35cdb9
1916331482058605056,去五常,4934.547,1755535714,299590f4
1920572473301738496,你别急哈哈哈哈,4680.084,1756041280,bc587f4c
1921150194511518720,无效消音,4767.931,1756110149,cc860fab
1921999990281070336,膝盖脑袋哈哈哈哈哈,4820.756,1756211453,82b54504
1922699810163473408,哈哈哈哈哈哈这个好玩膝盖脑袋哈哈哈哈哈哈哈,4821.902,1756294878,bc17ebe1
1922718678232065536,buludo在大力水手里面就是大块头,4769.819,1756297127,990a1ffc
1924745898970591232,吼吼吼吼吼吼吼吼吼吼吼吼吼吼吼吼,5002.511,1756538791,90bb401c
1924967089098646016,哈哈哈哈哈哈哈哈我懂了,4839.73,1756565159,e498a6f4
1928431833856027648,四川话 哈哈哈,4802.515,1756978188,272b951b
1930122968890291968,一般是表和马,4760.893,1757179787,5f57ee63
1932207309505761536,真不用客气，哈哈哈哈哈哈哈哈哈,5037.71,1757428260,5b4783e3
1932323510836293120,歇后语骂人 在中国能把我骂笑，没有杀伤力,4856.499,1757442112,52ac390e
1938651722562595840,这个环节好想看英国代表,4803.651,1758196494,7514575b
1941575577676902144,中国好像也是,4880.714,1758545045,7a001e02
1956604467680680960,哈哈哈哈哈哈哈哈哈哈哈哈哈哈哈哈哈哈哈哈哈哈哈哈哈哈倒哥,4987.29,1760336628,d35c8a9
1957521618251751424,有备而来,4898.296,1760445961,ae02b522
1963046567418170368,完全get不到哈哈哈，太艺术了,4878.238,1761104586,54f7b9d0
1963047484477570560,卧槽哈哈哈哈哈哈太搞笑了,4987.548,1761104695,54f7b9d0
1963047606246712832,太有梗了我的天啊,5002.101,1761104710,54f7b9d0
1988704206604970240,萨沙现在好大方,4966.483,1764163215,c847ffba
2005156528713694464,形成内部梗了 哈哈哈,5015.259,1766124485,32b92588
2018407658939996416,武汉话好好玩,4761.811,1767704143,964a8dca
2027838086511379968,哈哈哈哈哈哈哈哈哈哈哈哈哈哈,4860.422,1768828337,8f58d927
,,0.0,1775683732.8000336,
lb.c,,0.0,1775683732.8000336,
,,0.0,1775683732.8000336,
1895737252798501120,一个轴打起来了,5382.658,1752985054,7e19df34
1895737399926296832,老王居然赢了哈哈哈哈哈,5194.259,1752987261,f69ff094
1895737549830721792,众爱卿平身,5040.701,1752988640,1f930d45
1895737559796388096,买不完了,5324.051,1752990445,3f8c2705
1895737585272590592,这个除了买卖还能组什么？,5347.699,1752990663,1549437e
1895737629463777536,买了锅巴,5269.404,1752992283,7e894dc7
1895737792127275264,这也太难了除了脏话我一个也想不到,5250.819,1752994250,4374cf64
1895737809332310272,伤疤,5096.912,1752995497,a4557f7c
1895737812956188928,艾丽莎还比了个功夫出招动作，好可爱,5228.918,1752995826,5866b398
1895737818392006912,这下真的势均力敌王不见王了，战力很均衡,5221.14,1752995797,5866b398
1895737822913466624,怎么不把小贝喊回来哈哈哈哈哈 全国总冠军,5232.53,1752995811,ca18aa72
1895737839220920576,随便,5103.405,1752995510,a4557f7c
1895737861601726720,哈哈哈哈哈,5280.223,1752995737,a4557f7c
1895737870728532224,哈哈哈哈哈,5357.137,1752995819,a4557f7c
1895737878009843968,这个难度好高我一下没想出来,5250.43,1752995861,5866b398
1895737975577743616,太搞笑了这段，会长帮得也真是不明显哈哈哈,5309.076,1752998714,d5478533
1895738014786097408,我都想不出这么多orz,5177.407,1752998128,cda41c26
1895738146998948096,富贵使我们相遇,5054.133,1753003938,94179e93
1895738222680969472,上边其实可以的...至少广东话里可以这么讲哈哈哈哈哈,5132.578,1753012151,f11a2bc3
1895738259154637056,那我必须得发个弹幕,5045.758,1753013226,4c2d7347
1895738280117768448,哎哟喂排面是自己给的,5053.218,1753015344,2394c70f
1895738286535053568,我都想不出来,5361.944,1753014671,635d7cfe
1895738288321827072,大左感觉好疲惫呀,5089.831,1753010259,2275038b
1895738300183318784,买了个包,5277.18,1753014758,73e9b877
1895738319326122240,哈哈哈哈哈哈哈哈哈哈哈,5333.776,1753014745,fbf64f60
1895738331187613952,水表,5101.409,1753013084,8f071823
1895738358542864640,哈哈哈哈,5289.412,1753013835,fc1db046
1895738420534677760,厉害,5362.198,1753013915,fc1db046
1895738453367689472,手臂,5083.725,1753019015,c2db3739
1895738483457626368,散步,5110.21,1753018989,c2db3739
1895738492567654656,私奔,5156.474,1753019088,c2db3739
1895738497131057408,散步,5178.373,1753019110,c2db3739
1895738523571949824,伤悲,5147.874,1753019080,c2db3739
1895738528126963968,帅爆,5171.778,1753019103,c2db3739
1895738537287323904,松柏,5115.542,1753019154,c2db3739
1895738560959975680,那么棒,5397.279,1753020515,c2db3739
1895738573719048448,迷恋改编,5350.312,1753020373,c2db3739
1895738581931495680,美丽古堡,5344.655,1753020257,c2db3739
1895738616576446720,雷妃：嬗变的女人,5152.275,1753018117,6ee65ea5
1895738643931697408,上榜,5139.362,1753019071,c2db3739
1895738657605128448,塞北,5125.34,1753019163,c2db3739
1895738663988859136,三百,5114.292,1753022376,fd2dafbb
1895738781613920512,买了个包,5269.515,1753030952,ea25d4d6
1895738925679874304,会长喜欢俄罗斯人哈哈哈哈哈哈,5280.092,1753038953,7a1afabc
1895738932969574656,笑死我了,5378.09,1753029813,bde1c345
1895738939353305344,哈哈哈哈救命笑死我了,5309.07,1753045893,23ddeab7
1895739014146134272,散步,5114.314,1753068800,91850ea9
1895739130831671552,想不出来,5264.519,1753072461,9f25c571
1895739175509397760,会长明目张胆啊哈哈哈哈哈,5276.576,1753072003,9f04a8dc
1895739183721844992,？,5103.33,1753070183,f7934ca3
1895739216546468096,麻辣锅巴？,5317.463,1753073025,39c07fe7
1895739235689271552,思辨,5100.653,1753075567,bf28894c
1895739250285449472,这是真的强……,5354.932,1753072572,9f25c571
1895739315020337408,老王的食物词汇库太丰富了,5202.207,1753075106,cb0b74b0
1895806227742127872,不愧是全球总冠军哈哈哈,5355.453,1753088913,20dfe047
1895865772513874176,呵呵哈哈哈,5295.841,1753096011,f81c7508
1895865835151917056,笑死我了,5302.521,1753096019,f81c7508
1895905592497846784,波波超级不想输给老王啊哈哈,5168.56,1753100758,e1c79dc9
1895913210587020800,厉害也,5356.678,1753101666,738625c6
1895940028228628736,哈哈哈哈杨迪笑死我了,5331.187,1753104863,9a7995d3
1896001709957121536,这个游戏确定不是在考验旁边的观众吗哈哈哈哈哈哈哈,5169.79,1753112216,692c8ed6
1896005638208190720,哈哈哈哈哈哈哈哈哈哈哈哈哈哈哈哈哈哈,5309.536,1753112685,ee1f6f9b
1896037717519832320,我不行了,5303.486,1753116509,35861f7e
1896103813057326080,众爱卿平身,5055.166,1753124388,272d704
1896266853488527360,买了个包,5255.593,1753143824,136938f4
1896397577185262080,买了个表,5252.363,1753159407,8c816764
1896398972085054976,买了个布,5322.799,1753159574,8c816764
1896487745384687360,是全世界冠军强啊  这个怎么可能平衡？,5225.606,1753170156,3f43cf38
1896518030927038976,哈哈哈哈,5287.335,1753173767,6a042d86
1896647238626065664,散步,5186.384,1753189169,445a39f6
1896700332483297024,买了个表,5262.862,1753195499,fc5c5aac
1897110671595089408,买了个饼,5303.296,1753244415,42da3e49
1897164510704274176,会长，真的一点都不偏心,5318.682,1753250833,35645b71
1897465344239936512,这里为啥正片没有啊很好玩,5316.955,1753286695,9c3b5844
1897907599363012096,加长版不是没人吗？,5061.923,1753339416,47a0e8bd
1897994325766477824,应该的应该的哈哈,5048.248,1753349755,4abc64a0
1897996747196894720,哈哈哈哈哈哈哈哈逛超市,5307.543,1753350043,4abc64a0
1898119123121513216,波波太搞笑了,5193.237,1753364632,8d117f15
1898135047518137856,免礼免礼,5075.625,1753366530,eedeee86
1898384560598181888,平身,5075.322,1753396274,b2d05ef3
1898624478083756544,超市逛的差不多了哈哈哈哈哈哈哈,5326.782,1753424875,a18ccce
1898641201796753152,密林古堡,5368.404,1753426868,8d9a3176
1898884709665421312,哈哈哈,5068.504,1753455897,ef9aebaa
1898897792614057216,S 和sh不算一个声母吧,5137.151,1753457456,90af0186
1898916617254438656,平身吧,5045.044,1753459700,22a3160b
1899502490740164608,比芒果台的明星们厉害,5090.131,1753529542,3820b86
1899503928598076672,好难！,5256.872,1753529713,3820b86
1899529220980670720,美丽告别,5329.076,1753532728,3860f01a
1899556139150926336,买了个包,5262.774,1753535937,c8a83ae1
1899575159195537664,我就说梅丽莎眼熟哈哈哈哈，我看过她,5237.393,1753538205,fbcf58ae
1899948884919695104,字幕靠点谱啊,5152.318,1753582756,ae954710
1900027691504725760,随笔,5111.845,1753592151,2b2c365c
1901026696434365696,哈哈哈哈哈哈哈哈笑死我了,5177.66,1753711241,2c9403ee
1901048621018345216,来了,5068.436,1753713855,53f028f4
1902279610704792320,哈哈哈哈哈哈哈哈哈哈哈哈华波波提高笑了 这个节目不能没有他,5287.656,1753860600,c78fc6cd
1902280109591719680,哈哈哈哈哈哈哈哈哈哈杨迪太有梗了,5336.723,1753860660,c78fc6cd
1902422537695188480,哈哈哈哈哈哈哈快乐了,5041.893,1753877639,ddafd2e4
1902693614774649856,这就是冠军局吗,5308.838,1753909954,13f56837
1903910791510760448,果然是冠军,5323.393,1754055052,117508bc
1903911183124587264,冠军！！！,5370.074,1754055099,117508bc
1904583799472911360,那这样没完没了了 卖了个包也可以啊,5323.205,1754135281,3e5e834
1904731512910551296,买了钢笔,5296.383,1754152890,1606bf27
1905066977614457088,瀚笙给的,5216.827,1754192880,f13424e0
1905263256428680192,哈哈哈哈哈会长假装淡定,5280.272,1754216279,aa36fe3a
1907445196561016064,生病,5096.403,1754476386,aff6fc4
1907655909418110976,描了个边，密林古堡,5369.951,1754501505,ff8d4f0a
1907988948337628160,买了个饼,5269.577,1754541206,e06c8437
1907994271211606272,买了广告,5264.943,1754541841,952047f4
1908432339672427264,这都是我应得的,5050.366,1754594063,9342b3c4
1910180167972956160,买了个表,5278.063,1754802420,738a73b
1910181115902401024,这个好玩,5385.844,1754802533,738a73b
1913125294877852928,爱卿平身,5060.819,1755153507,54a9596e
1914074693993248256,华伯伯笑死我,5210.801,1755266684,9d8aa9dd
1919614221571346432,哈哈哈哈哈哈哈哈哈，买买买，都买,5296.307,1755927047,3ae4c2e2
1921022768267938048,我都想不到,5361.449,1756094959,bc587f4c
1924779962440228352,设备,5089.709,1756542851,e8f6d141
1925468671896090112,看似法国vs中东，实则两伊战争,5183.768,1756624952,24f302e9
1928594371599874304,不愧是世界冠军,5361.448,1756997564,cfd3a899
1932625767037357824,太有牌面了,5107.729,1757478144,f487febd
1932832749916950784,波波笑死我了,5190.952,1757502818,75a35b32
1932833280899017472,想念小贝和田田,5232.806,1757502882,75a35b32
1948196474001477888,哈哈哈哈哈哈哈,5316.907,1759334317,2edb9fb1
1949690376261184256,没了个饼 哈哈哈,5334.374,1759512404,c9c423cb
1952273205201067264,上边其实是，他们搅混了,5164.153,1759820301,5ff286de
1956607870947309056,哈哈哈哈哈哈哈哈哈哈哈笑飞了,5336.797,1760337034,d35c8a9
1957526017011285504,发币，顺发nb,5390.776,1760446485,ae02b522
1999460690884832000,哈哈哈哈哈哈哈哈好搞笑哈哈哈哈哈,5054.438,1765445488,14f3cf30
2002097945549358592,前面外国小学生一人一句汉语那个真的哈哈哈笑死我了,5392.207,1765759873,1bae6291
2031437688779518208,满意,5047.429,1769257443,ec44781a
2036248800440067584,手办,5123.573,1769830972,f9735bbb
2036249860122444544,似是故人来,5248.255,1769831099,f9735bbb
,,0.0,1775683732.8000336,
lb.c,,0.0,1775683732.8000336,
,,0.0,1775683732.8000336,
1895737395396448512,jhhhhhhhhhhh,5592.303,1752988526,a7ab481d
1895737412022669568,我都想不起来这么多,5460.772,1752987439,a1639211
1895737441869336832,因为想不起来哈哈哈哈,5481.576,1752987556,f69ff094
1895737443119239424,波波好可爱,5457.3,1752989533,e9b5076c
1895737485532041472,不够看哈哈哈哈哈哈想看轮番制回合,5670.743,1752987808,fcfebb41
1895737626443878656,]',5625.691,1752991166,967ceef9
1895737643598582016,为啥我的弹幕带框框,5614.122,1752990985,3f8c2705
1895737666809860352,文创书包,5664.861,1752992253,88230e29
1895737685701005569,笑死，好像那个两组外国人比中文的视频,5594.036,1752991870,6c6d890c
1895737696287428864,想看陈铭和陈超的,5515.841,1752993725,b594b266
1895737720085909760,我吃柿饼,5633.349,1752993925,4f3c338d
1895737730554892544,我才十八,5654.687,1752994895,f3d0b903
1895737779443699968,哈哈哈哈哈哈哈哈哈,5736.412,1752996216,a4557f7c
1895737794836795648,还好，我来看了加长版,5683.765,1752995605,6cf1571
1895737843750768896,无偿上班,5638.111,1752995528,8eb43737
1895737876189516032,他不会是在拿你重温日语吧233,5757.212,1752997386,4944442d
1895737884393574656,？哈哈哈哈哈,5656.724,1752996132,a4557f7c
1895737888042619136,拿眉笔,5442.43,1753001707,d7f8343a
1895737898075394304,用一之濑当外教是吧哈哈哈哈,5759.226,1752996601,5866b398
1895737912679960832,发币厉害哦,5491.201,1752998959,e868d6e6
1895737956426551552,哈哈哈哈哈哈哈哈哈哈哈哈哈哈哈哈,5736.542,1753005397,e549f4d8
1895738018435141888,我才上班,5615.672,1753004949,4c54570f
1895738042141348096,发币好厉害！,5451.412,1752998910,d5478533
1895738055814779136,游戏能多玩一点吗？来个车轮战了。,5682.602,1752999172,e868d6e6
1895738163407065344,朕心甚慰,5668.633,1753010633,ca2efdba
1895738188941988096,留学生可以打工，就是时间限制很严格,5745.238,1753013337,450eca7a
1895738207178821888,我吃烧饼,5569.522,1753014025,97afe170
1895738304738332928,笑疯了,5717.724,1753014888,c5fcca58
1895738349416059136,我查设备,5603.283,1753013524,20dffd1e
1895738529041322240,我吃柿饼,5549.573,1753019787,c2db3739
1895738564600631552,我曾上榜,5583.306,1753019726,c2db3739
1895738568249676032,我才上班,5578.215,1753019651,c2db3739
1895738618405163264,哇小熊好棒,5453.439,1753021183,6474f847
1895738628454715648,满意满意,5683.919,1753021786,d3e0ea9e
1895738771581145344,在燃什么啊,5467.292,1753022738,56239c78
1895738808969171200,无偿上班,5557.94,1753033292,8be21198
1895738855467225344,满意满意啊,5669.129,1753027481,8a513c81
1895738904708354304,无偿上班,5550.733,1753055909,a05c4e50
1895738919296143616,厉害,5458.113,1753029509,d0eeaf61
1895739073386483968,外出上班,5662.292,1753071341,86ed341b
1895739233868943616,跟武昌过不去了哈哈哈哈哈哈,5559.595,1753072312,9f04a8dc
1895739271248580864,前面那个五厂上班太痛苦了。,5650.181,1753072906,9f25c571
1895739280375386368,我吃烧饼,5528.493,1753076329,c2cf2fbe
1895739287665086720,哈哈哈哈,5585.042,1753076389,c2cf2fbe
1895739297697861888,666,5456.592,1753076238,c2cf2fbe
1895835379563980800,围城士兵,5651.483,1753092388,182693f5
1895851890223828736,我吃烧饼,5601.387,1753094356,cc93cef3
1895867141996042240,法币好可爱哈哈哈哈,5442.503,1753096175,f81c7508
1895941503516821504,想看华波波,5502.962,1753105039,3c5a3395
1895954531570156032,玩游戏没人能赢得了杨迪吧,5516.139,1753106592,be52f108
1895962419218839040,好可爱啊小熊,5481.88,1753107533,83719079
1896048714238634240,文创商标,5603.24,1753117820,24b0ce4c
1896048828952522752,发币比我厉害,5489.092,1753117833,e871e898
1896387736265527552,好可爱小熊,5433.348,1753158234,f608a6a7
1896401899398836992,我创商标,5627.201,1753159923,8c816764
1896523232526567168,四姐笑死我了,5461.734,1753174387,272cb156
1896696361970702080,真的好喜欢法币啊啊,5497.907,1753195025,ec077e8b
1896969714811750144,哈哈哈哈哈哈哈哈特别满意,5683.167,1753227611,cef95630
1897110417386297344,你。,5404.486,1753244385,2bf6365a
1897182469959562240,农民办（农业民生办公室）,5439.96,1753252974,af7c4445
1897184104504922112,无此设备,5617.079,1753253169,af7c4445
1897351985011783168,他发音不但好，调也对,5725.673,1753273182,55d83f10
1897377089222017024,How much?,5715.06,1753276174,7566605b
1897422756426506496,我常上班,5558.897,1753281618,fc5c5aac
1897422918418934784,我出书吧,5568.62,1753281638,fc5c5aac
1897458025171003136,满意满意,5677.512,1753285823,b5323672
1897465090669115648,武昌社保,5582.953,1753286665,d844b0d7
1897769479799142144,法币：let's 骄傲,5481.513,1753322951,3c4a8341
1897938668409864704,哈哈哈哈哈哈,5572.82,1753343120,87627e63
1898060457676681728,这反应怎么那么像外国小孩中文对决哈哈哈哈哈哈,5462.655,1753357638,9cdf46e6
1898138011901385472,怎么没有伦儿,5665.598,1753366883,a0901713
1898178762122903296,我超帅吧！,5632.839,1753371741,a725bfc4
1898423743408421376,这Part这么精彩居然没在正片,5650.83,1753400945,28dcc9f6
1898625744000134400,到底在燃什么哈哈哈哈哈哈哈哈,5464.166,1753425026,a18ccce
1898626550623448832,我测试吧,5559.064,1753425122,a18ccce
1898652728138751488,一之濑刚才输了可能情绪不稳定,5549.571,1753428242,915050e3
1898689587413796352,拿面包,5423.287,1753432636,b0850c04
1899319571606164480,全德国总冠军,5480.43,1753507736,f21b3ea5
1899535640992131840,晚餐随便,5520.474,1753533494,3860f01a
1899602976826559232,会长忍不了了,5665.041,1753541521,89699852
1899607193679394816,很满意，但是不够看啊哈哈哈哈哈,5681.754,1753542023,bc31ead9
1899951105459742976,我查书包啊,5602.221,1753583021,ae954710
1899999679023416320,无偿上班,5655.703,1753588811,87413e4e
1900766299857394432,我出师表,5622.888,1753680200,33977ab
1901031541963149056,无偿上班太有才了,5661.33,1753711819,2c9403ee
1901464422439217664,乃木坂,5411.02,1753763422,80000882
1901466327198751744,五彩水笔,5622.899,1753763649,80000882
1901505084160859136,卧床上班,5635.369,1753768270,a9930091
1901667443429404672,赖赖笑死我了哈哈哈哈哈,5462.246,1753787624,c475edd4
1901688907461504000,绝,5594.196,1753790183,6bdd20d4
1902191443406318080,我才十八,5536.747,1753850090,23b7cf3c
1902282980836447232,想看所有代表玩哈哈哈哈,5692.99,1753861002,c78fc6cd
1902972836168174592,好喜欢发币啊啊啊啊可爱小熊,5497.535,1753943239,94613f3a
1903814713050594560,我吃烧饼,5527.927,1754043599,29c7c55b
1904240408750914304,我吃烧饼,5520.633,1754094346,4213efaf
1904400734091486464,哈哈哈哈哈哈哈哈哈哈哈,5444.369,1754113458,21f73640
1904733937142578688,……,5572.108,1754153179,1606bf27
1907275934575481856,那么棒,5475.248,1754456209,818eee32
1907503311805048832,哈哈哈哈哈哈,5433.297,1754483314,6816ab2b
1907504852112736768,好搞笑,5670.051,1754483498,6816ab2b
1907628097827065088,华波波好搞笑,5413.673,1754498190,ea7aa49a
1907629029776458752,这个游戏好玩！！以后经常,5503.358,1754498301,ea7aa49a
1909211300433862656,文创手办,5641.868,1754686922,2ad516b
1910183692849001728,每期都来这个游戏,5693.155,1754802840,738a73b
1911661393863138816,我才十八,5635.78,1754978996,67c7bc24
1911940037441274368,我常说不,5577.471,1755012213,319d79a8
1916862547517593344,无偿上班这个太狠了哈哈哈哈哈哈,5640.532,1755599022,b575b51f
1916886203115027456,不满意太短了！,5691.918,1755601842,41d23346
1919615919593383936,法币好厉害,5491.366,1755927249,3ae4c2e2
1919874236307270400,太搞笑了,5709.81,1755958043,c4469e21
1924973871791438336,五彩水笔，无偿上班,5634.207,1756565967,e498a6f4
1928489303462333440,武昌酥饼啊,5649.501,1756985039,27acc97c
1931182947986193664,前面说文创的好厉害,5633.131,1757306147,d9c08631
1932631454336961792,满意满意,5684.543,1757478822,f487febd
1936645971006506240,你忙吧,5443.395,1757957390,cc3af606
1938432632782593280,完成设备,5697.579,1758170376,a3545458
1945259887495943936,龙颜大悦,5676.325,1758984249,deea00f
1957526892588923392,他俩这么强的吗？直接加时赛了,5475.556,1760446590,ae02b522
1977901549582004224,关税哈哈哈哈哈哈,5436.202,1762875438,aedabb3d
1977901725834636800,小熊好棒！,5457.17,1762875459,aedabb3d
1988742475853880320,哈哈哈哈这个是Dylan在后面说的,5609.534,1764167777,c847ffba
2002100048816625408,外国小孩中文对决真的，太形象了，这俩都笑死,5467.471,1765760124,1bae6291
2015436799140933120,高级词汇,5450.301,1767349988,a9603673
2018415095944305664,无偿上班(,5616.425,1767705029,964a8dca
2035137440129502976,弄明白,5418.548,1769698488,ca126b
2035137714621479936,你明白,5451.275,1769698521,ca126b
2068517489595502592,那么棒,5472.838,1773677700,471d6181
2077821577877208320,朕很满意,5679.263,1774786834,585cded5
,,0.0,1775683732.8000336,
lb.c,,0.0,1775683732.8000336,
,,0.0,1775683732.8000336,
1895737858867040512,哈哈哈哈哈哈哈哈哈哈哈,6096.333,1752996585,a4557f7c
1895737880752918784,沆瀣一气这词还是能用得到的233,5937.428,1752997598,4944442d
1895737919046914304,哈哈哈哈哈哈哈哈哈哈哈哈哈哈哈哈哈哈哈哈哈哈哈哈哈哈哈,5870.631,1752996356,a4557f7c
1895737949136851200,德国人太好笑了,5863.154,1752999715,8b34e573
1895737969194012928,阿雷真的动漫影视资深中毒哈哈哈哈哈哈,5838.142,1752997069,5866b398
1895738141521187072,犄角旮旯很少用吗？上海话里经常用到啊,6049.474,1753008868,39499903
1895738273742426368,除了呶字都认识,6060.585,1753013759,20dffd1e
1895738364003848448,踽踽独行这种基础词大左一个主持人不认识不应该吧,6002.5,1753015847,e69ebdef
1895738431481811200,圭臬感觉也很常见,6014.236,1753015872,e69ebdef
1895738444249272576,好厉害 卢可！,5923.251,1753018736,1c68567a
1895738555482214656,我觉得奉为圭臬还挺常用的,6019.476,1753019682,79d441b5
1895738669466620160,新梗出现了,5963.161,1753023686,65fd9e50
1895738727817777408,哈哈哈哈还拆啊哈,5877.108,1753023916,5ec74794
1895738740585238784,还得是总冠军！,5923.556,1753029089,d6bfe3aa
1895738798936396032,这期好搞笑,5880.071,1753023927,5ec74794
1895738800765112576,魔法小樱,5811.727,1753025778,ef8f951e
1895738804405768448,Latino American也是American哈哈哈,6088.033,1753033291,5404f33
1895738847263166720,哇好久不见的歌，我现在还全知道且会写呢,5922.622,1753029406,302e2cd4
1895738994978164992,戴卢可好会串场,5918.405,1753033135,5404f33
1895739036921204992,口语里很常见 但书面很少写 才叫生僻字,6084.412,1753069602,221a9f5
1895739067917111552,犄角旮旯哪个地区都用啊,6076.904,1753036132,37b64554
1895739303167234304,超超可能只是重影看成垚了哈哈哈,6025.872,1753080031,3f6b3267
1895803686740271360,德国人神奇的笑点出现了,5860.314,1753088610,677e1eff
1895940938636112896,哈哈哈哈哈哈哈哈哈哈哈哈哈哈哈哈哈哈哈,5956.417,1753104972,4365b2b7
1896006384517540608,哈哈哈哈哈哈哈 太好笑了,5877.08,1753112774,e10bb37e
1896394704246373888,往里玹,5888.848,1753159065,45f0e9c9
1896525961894243328,还记得穆小龙的也特别长,5863.237,1753174712,9c5bc011
1896526792475403776,突然感觉和一个母语者说对方的母语好刺激。,5849.288,1753174811,272cb156
1896528996767018496,伦反应好可爱,6093.046,1753175074,272cb156
1896694142336784640,我为什么这么黑,5850.046,1753194761,16f0b446
1896746298607480576,哈哈哈哈哈哈小魔女dorimi我的童年,5817.55,1753200978,9cb4590f
1896782108769874944,哈哈哈哈阿雷好棒,5823.344,1753205247,5856c37c
1896837444775896832,沆瀣一气，绵绵瓜瓞什么的其实也蛮常用的，都是会读，不一定会写,5963.667,1753211844,9450640
1897302336104199424,原来阿雷也是个二次元啊，圈粉,5807.807,1753267263,729e3ab7
1897408696875986688,bgm是星矢。。。,5826.178,1753279942,7ea9d3d5
1897539050743992576,是真的 喜欢看番剧随便都有N3了 日语听懂会说不算难,5774.395,1753295482,6f99a845
1897540654679205376,碗里选,5906.056,1753295673,6f99a845
1897941885038393856,哈哈哈哈哈德国人,5869.457,1753343503,4227b274
1898063552024567040,善逸！,5827.305,1753358007,9cdf46e6
1898064079399573504,xs我的笑点是发币笑,5864.169,1753358070,9cdf46e6
1898097346118832640,生僻字那个歌词的选择标准太不统一了所以体感好不好也是一阵儿一阵儿的hhh,5931.174,1753362036,45af011b
1898114145447495424,紧跟时事哈哈哈哈,5827.651,1753364038,ba542c3c
1898161274299396864,考试会用到吧，或者语文老师,6051.412,1753369656,9a457285
1898467852772804608,哪里常见？你平时都会说这些吗？我只能读一些，意思知道的就更少了,6031.791,1753406203,a725bfc4
1898468393661528832,确实是American,6081.24,1753406268,a725bfc4
1898544657131158528,会长日常开始挖坑了,5973.106,1753415359,e68aeabe
1898792509870598400,魔法少女小圆，魔法少女奈叶，魔卡少女樱，憧憬成为魔法少女,5789.357,1753444906,c1c112d8
1898950122260736256,我的天啊,5932.388,1753463694,eeae67ec
1899611716883880704,哈哈哈哈杨迪这个变声,5986.176,1753542563,5ebece69
1899953432166147328,怎么难的都会，简单的反而错了超超,6015.364,1753583298,ae954710
1900078198046300160,哈哈哈少女雷,5809.075,1753598172,1091612d
1901032821930525952,哈哈哈哈哈哈哈哈哈,5810.507,1753711972,2c9403ee
1901035550375286784,格局,6102.475,1753712297,2c9403ee
1901038084020175104,笑死,6081.102,1753712599,2c9403ee
1902445816619673088,可爱的四姐,6110.63,1753880414,c085033b
1902473656388011520,哈哈哈哈哈哈哈哈哈哈,5884.153,1753883732,24d07282
1902507918574530560,鬼灭！！,5827.326,1753887817,ecae7fb8
1903092981570356992,哈哈哈哈哈哈哈哈哈,5817.734,1753957562,623dd44
1904588337600721664,中二哈哈哈,5768.847,1754135822,3e5e834
1904588540294738176,和红红火火恍恍惚惚哈哈哈哈哈哈哈哈,5787.755,1754135846,3e5e834
1904607506802715648,xswl,5877.161,1754138107,2f77163b
1904738394345604608,不考生僻字没意思呀,6059.583,1754153710,1606bf27
1905360955819970304,先笑了,5858.11,1754227925,95e70b5d
1906556910518333184,哈哈哈哈哈,5871.662,1754370494,58d57e1c
1907415837069982464,不会是飞天小女警z吧,5820.521,1754472886,43d8243f
1908251049396513536,哈哈哈哈哈,5828.769,1754572451,d8a8f583
1913315501447857152,奉为圭臬不是很常见吗，，,6018.38,1755176181,9b40c598
1916341011081184256,这里阿雷莫名的像唐大哥,5760.723,1755536850,299590f4
1916656189127610112,哪里常见了，只有几个是常见的,6036.563,1755574422,51f2909e
1922655339275858176,犄角旮旯也会，只是不太会写,5941.477,1756289577,99536495
1923491622692854784,歌里的都会比较熟啊,6044.668,1756389269,a82a2ebb
1924750576206771968,哈哈哈哈哈哈哈哈哈哈哈哈哈哈哈哈哈,5819.439,1756539348,90bb401c
1924751062737679616,吼吼吼吼吼吼吼吼吼吼吼吼吼吼吼,5873.51,1756539406,90bb401c
1929398244665353728,初中的时候我们也学这个表演过,5947.352,1757093394,bd775eca
1954296916465043200,戴卢可的承上启下可太中国了哈哈哈哈,5910.649,1760061546,99c7f039
1957531727765723136,哈哈哈哈，陈超其他生僻的都知道奉为圭臬这么日常的居然不会,6007.196,1760447166,ae02b522
1963056219074066944,我的天啊，怎么会有这些这么多语言超能力者,5857.992,1761105737,54f7b9d0
1967686962006220544,笑死，反正我认不全哈哈哈,5978.628,1761657764,eb09f285
1977904572307833856,魔法少女哈哈哈哈哈,5795.978,1762875798,aedabb3d
1977905919635666176,哈哈哈哈哈哈哈哈哈,5956.683,1762875959,aedabb3d
1994610009833088768,超超好厉害,6041.25,1764867242,51701351
2010424270157225984,奉为圭臬这个，我感觉应该都知道啊，看古装剧什么的,6007.049,1766752448,a0b99804
2016016522979979008,超超怎么不认识圭臬，这是固定组合啊，垚涅是啥意思,6007.162,1767419097,ae954710
2026860148143955200,穆小龙？？？,5856.924,1768711758,c0ad9fc7
2036277408915183872,我只会醍醐灌顶和犄角旮旯,5991.627,1769834383,f9735bbb
2038025793061976064,德国人莫名其妙的笑点笑死我了,5864.035,1770042806,b8b5200d
2057973005103436544,高中语文考了你还能记得？反正我是感觉上大一就修为散尽了,6045.684,1772420699,dc69dd68
2058963017848770048,我可能知道他咋学的语言了,5843.198,1772538718,60c31dff
,,0.0,1775683732.8000336,
lb.c,,0.0,1775683732.8000336,
,,0.0,1775683732.8000336,
1895737596345553152,哈哈哈哈哈哈哈,6195.466,1752991046,a1639211
1895737605254254848,笑到捶床,6248.056,1752991132,a1639211
1895737756257587456,哈哈哈哈哈哈哈哈,6247.548,1752993724,46e1d41a
1895737873454829824,这表情包加的哈哈哈哈哈,6247.145,1752995808,591a47e1
1895737955520581888,哈哈哈哈晚上睡觉起来扇自己一巴掌。,6242.077,1752996766,a4557f7c
1895738234534072576,美国的刻板印象又增加了哈哈哈哈哈哈,6262.432,1753014661,d93d12d4
1895738291970871552,地大物博吗哈哈哈,6424.625,1753014057,450eca7a
1895738441514586368,美式英语跟英式的相比是真挺村儿的,6304.472,1753017646,6ed7a38b
1895738527220994304,这句话感觉很深刻,6342.095,1753018411,9cfc41f8
1895738529955680512,好惨,6240.329,1753015944,e967e3fc
1895738545457828096,洋脸在身我心依旧是中国心,6343.404,1753019165,b3e76332
1895738814438543616,伦儿好漂亮,6121.658,1753026098,ef8f951e
1895738827214393600,还好我们中文故意说别的口音腔调不会被说,6221.909,1753034289,9ef562ec
1895738931149246720,哈哈哈哈哈，绝,6261.929,1753027770,105f8ab8
1895738994063806720,以前好像聊过,6323.611,1753065947,c76f245a
1895739099835764992,感觉四姐马上就要入党了,6358.412,1753041164,f2cbd317
1895739164570652928,北京啊，都鼓楼钟楼和胡同了,6466.915,1753074268,cce57685
1895739223836168448,哈哈哈哈,6185.472,1753075358,b465a5f8
1895876772915284736,好红,6342.445,1753097323,f81c7508
1895891145075744000,完啦！漂亮国居然是我自己,6332.931,1753099036,720bb977
1895911263230715648,这一期可太好看了哈哈哈哈哈哈哈,6293.681,1753101434,cc998cf0
1895977013316171008,真的 我现在在英国 班上有美国同学老师都问为什么来英国哈哈哈因为感觉美国人很少来,6233.393,1753109272,7021661
1895996712578404608,哈哈哈哈,6191.243,1753111621,42cad9e5
1896011026604849152,哈哈哈哈哈哈哈哈哈哈,6248.296,1753113327,692c8ed6
1896053738805025792,笑死我了,6338.26,1753118419,35861f7e
1896348810541099264,盆栽伐木工,6185.449,1753153594,b7453a45
1896660913071964928,入党！马上入党！,6335.06,1753190799,280fcb51
1896752974823802112,萨沙真的长大了哈哈哈哈哈还劝架了,6286.28,1753201774,9cb4590f
1897031264495085056,英魂不散,6129.09,1753234949,88971e98
1897172399880213760,缘分,6350.275,1753251773,fe4eee91
1897191079833737984,伦儿好好看,6141.739,1753254000,edbe14cb
1897329347598687232,四年英伦行 一生英国情,6138.756,1753270483,cdc452f4
1897379646639815168,英美日常共轭嫌弃,6150.158,1753276479,d403eb94
1897470722797396480,就像有些人说着说着说英文感觉自己很能似的,6155.088,1753287336,9c3b5844
1897881482706794240,反复播放，笑发财了这段,6120.382,1753336303,a5babba0
1897980178177896192,哈哈哈哈哈哈哈哈,6134.889,1753348068,290bcf14
1897990451865073152,主要是大部分的美国人会对英音有滤镜,6302.454,1753349293,c5e94360
1898037108598766848,我觉得英音比美音好太多了，主要是美式英语有种不好好说话的感觉,6151.32,1753354855,e3a9f12d
1898068025727885056,也没有r音好像,6268.82,1753358540,9cdf46e6
1898469431701780736,四姐吐槽笑死我了,6195.492,1753406392,a725bfc4
1898638472119025920,B+可以了，我的二外只有及格，但我还是往简历上写我会,6389.578,1753426543,a18ccce
1899515964723618304,很多去台湾上大学的人也会有台湾腔,6237.288,1753531148,3820b86
1899583646470362112,哈哈哈哈哈哈哈哈,6195.813,1753539216,fbcf58ae
1899589769240256768,政审吗,6331.689,1753539946,80311199
1899903850559699712,英音好听啊,6271.685,1753577388,3e3ca627
1900743884129465600,东北腔,6156.205,1753677528,fc5824e9
1900962778974280704,“再给我上颚共鸣试试看呢”,6139.283,1753703622,7c263e9f
1901039338478048256,缘分,6410.357,1753712748,2c9403ee
1901092486005857536,这一趴杨迪和大左配合好默契好好玩,6240.882,1753719084,bba3e7b3
1901111475482086656,东北菜好吃不辣,6470.381,1753721348,18259142
1903696970439590656,我以为这个词是 可以,6419.591,1754029563,b7a9b2eb
1903909804733164032,哈哈哈哈哈哈哈哈哈这么严重吗,6142.532,1754054935,c51a6472
1903912608323439360,这个讲过，老师说他没天赋他吃激将法非要学哈哈哈哈,6350.203,1754055269,c51a6472
1904470534801020416,温文尔雅温润如玉钟逸伦,6222.688,1754121779,cc2734ec
1904581796449178880,没事萨沙会倒着说,6144.19,1754135042,5bd65cde
1904592053267419392,伦儿比较像英国的,6176.889,1754136265,3e5e834
1904592758221061888,哈哈哈哈哈哈哈哈哈,6240.501,1754136349,3e5e834
1904741835662920192,中国其它不说，论美食绝对世界第一,6444.448,1754154121,1606bf27
1907997071420911104,很明显是要伐木哈哈哈哈哈,6187.912,1754542175,e06c8437
1910189102486362880,大漂亮,6338.048,1754803485,738a73b
1910189214340135424,漂亮过,6351.282,1754803499,738a73b
1914652145542984448,这期好好看,6310.42,1755335521,39959bed
1916890106191840512,来了来了 入坑点,6131.6,1755602307,41d23346
1938459317036858368,4,6137.704,1758173558,7ce065f9
1942844325235513600,我真该死啊哈哈,6254.36,1758696291,1448c64
1967689487748992512,口音会混也正常，在外地待久了回家就会被说口音变了,6211.908,1761658065,eb09f285
1971860351436493056,真好,6405.79,1762155271,83beff44
1975472819102343680,我喜欢这期的所有！！,6331.166,1762585911,75855fc6
1988749246333072384,可怜的伦儿,6254.717,1764168584,c847ffba
1988750225619440640,支持Dylan，英音好听,6272.114,1764168701,c847ffba
2011318177330127616,好家伙哈哈哈,6456.191,1766859010,1bdc989c
2024979683494084864,这话题能客观的聊吗,6321.496,1768487589,4756a90
2069095069641645568,有没有可能美国人不说纯正的英语才是违背了自己的故乡,6150.449,1773746553,6b2b33d2
,,0.0,1775683732.8000336,
lb.c,,0.0,1775683732.8000336,
,,0.0,1775683732.8000336,
1895737660753285376,这一期真的很好看,6541.435,1752992583,a8f5ef7c
1895737685818446080,享受2025，好戳人的表达,6794.065,1752992554,dd38837b
1895737804802461952,哇哦，好想听一听,6713.441,1752995454,98f16374
1895737829255254272,老王算最有发言权了，毕竟经历过生死后来的,6760.292,1752998269,4944442d
1895737865259159808,但是这种速度也会有很多后遗症,6628.733,1753000515,8b34e573
1895737968288043264,那还是不一样的，中国贫富差距大，但基础建设都很好，欧美可不是,6678.52,1753002110,5e592343
1895738173439840512,应该是说医疗不便利，拖着拖着很多病人就错过最佳治疗时间,6709.748,1753010160,20af4969
1895738642102980864,哇，好会说,6794.595,1753022472,755ab053
1895738734201508096,和平,6749.651,1753027321,d89d8cbd
1895738795295740160,兼容并包,6823.86,1753032301,177de300
1895738872798089472,对自己深爱的国家有反思是很好的一件事,6721.795,1753038055,187c324
1895738902879637760,喜欢这样的真诚分享,6543.19,1753037588,187c324
1895738912006443264,希望都能变得更好,6721.795,1753038063,187c324
1895738932063604992,哈哈哈哈哈在一个伊朗人的房间里两个美国人吵起来了怎么这么好笑,6711.525,1753063546,f032f0af
1895739024153743616,其实这种对速度的适应能力也是一种温水煮青蛙。,6620.268,1753037869,187c324
1895739090717348096,不知苦所以不能言苦。,6622.315,1753037904,187c324
1895739095272362240,来郑州吧，郑州地铁是真的很有人文关怀,6736.904,1753040485,7a1afabc
1895739168219697408,五千年,6837.086,1753066340,e94d0ef6
1895739195574948096,都一样啊，大部分资源掌握在少数人手里，底层挣扎求生,6685.378,1753069042,3e15afd5
1895739298603831552,贫富差距...真的很难缩小,6671.593,1753077459,f04b19be
1895739300432548096,战乱国家的人要考虑的是生存，和平的国家才配谈生活,6772.315,1753073897,f8b0e6b0
1895739333257171200,唉...,6667.752,1753077438,f04b19be
1895916809107255552,来成都坐地铁吧,6741.512,1753102095,cc998cf0
1895922409224457984,幸存者偏差罢了。跟不上的会被毫不留情抛弃消失,6635.987,1753102763,9cc53f64
1895927999803579392,看了饼叔和老王的视频，很感慨,6763.186,1753103429,2f51f428
1895937469820941824,喜欢陈老师每次认真的聆听大家的发言,6547.615,1753104558,7d881d54
1895945543797188096,哈哈哈哈哈哈哈哈哈哈哈哈哈哈哈哈哈哈哈,6503.187,1753105521,4365b2b7
1895971705936303104,中国自己外宣也是重点在传统文化，对内也强化传统文化在中国文化中的代表性，青年文化一定程度上缺失，也有舆论环境的因素，外国人误解也很正常,6589.994,1753108640,108016b
1896042506861772032,这个我居然有点不信,6824.197,1753117080,698bab0d
1896055550030980352,中国也一样只是程度问题罢了,6658.388,1753118635,35861f7e
1896115798288929536,只缘生在此山中我没觉得变化很快但是回头看好像也变了蛮多,6649.705,1753125817,cc2734ec
1896346407598641152,说一样的去认真了解一下中美差异吧，本质是不同的，中国在努力缩小贫富，美国不是,6687.136,1753153307,996c2fe2
1896389793135554816,哎也不是每个中国人都过得很幸福，我就很累,6804.345,1753158479,671e7525
1896445143561997056,每个国家都需要伦这样的理性主义,6735.808,1753165078,2babe5d1
1896692445161556736,未知全貌 不予置评,6500.385,1753194558,d10e6859
1896713597632456448,前面那个为什么不信啊？就用大类来说，南北方的很多人了呀，更别说这么多省，每个省，每个城市，甚至每个村的文化都不一样。,6830.016,1753197080,c93b4313
1896713718285980672,很多元了,6834.261,1753197094,c93b4313
1896732865308570624,AUV,6591.584,1753199377,54d3f224
1896762050744070656,哈哈哈哈哈哈哈在一个伊朗人的房间里,6709.359,1753202856,9cb4590f
1897033430391823872,每个人都累换个地方你会连觉得累的功夫都没有还要担心能不能活到明天,6812.842,1753235207,d539e6d1
1897036751005286656,投共一念起，顿觉天地宽,6735.699,1753235603,c50570d0
1897124829325385984,国外一些媒体的刻意描绘,6600.162,1753246103,42da3e49
1897224976302927360,这俩私下可一定要还是好朋友啊,6713.528,1753258041,e6299164
1897398342565690112,真的，我们被保护得很好了^ω^,6774.265,1753278708,ca23a4
1897434692518111488,苏丹的游戏你是不是原型哈哈哈哈,6776.575,1753283041,b7b7e82b
1897549057816156160,鼓楼钟楼是西安,6483.967,1753296675,6f99a845
1897599146278760704,中国内部当然也有问题，但和国外的程度还是不一样的，多去了解一点再发言吧,6682.239,1753302646,68f3b35d
1897599835788886016,一个江苏各个市县方言文化都不一样,6838.453,1753302728,a12485dc
1898072217221687552,想起luigi,6699.647,1753359040,9cdf46e6
1898085967332604160,这后面的话题多来几期，说不完啊,6609.427,1753360679,d849b843
1898126853265714176,没办法拒绝变化/dog,6625.936,1753365553,ba542c3c
1898641050416426752,人民的愿望都相似。。,6675.15,1753426850,a18ccce
1898785992081696768,英国：勿cue，谢谢,6689.673,1753444129,cc3adea9
1899394054693909504,不接受也很好办，慢慢被淘汰咯,6624.492,1753516615,3873c0bd
1899524978576745984,可能是荒诞吧，比较合适,6523.504,1753532223,7cf865be
1899569833494887168,梦幻不好吗？,6573.202,1753537570,3860f01a
1899644931426164480,中国也不能避免,6661.822,1753546522,d5bc7b78
1899645448348985344,当然我们现在正在努力让中国不一样而且也有了成效,6689.47,1753546584,d5bc7b78
1900034195536137984,Dylan是一个真诚的好人 支持,6720.402,1753592926,2c9403ee
1900231076526713344,美国很多人相当爱国的，其实恰恰是我们。。。。。。,6649.902,1753616396,395ce43e
1900245252292511232,这里的荒谬应该是指外国宣传的中国和实际的中国不一样的意思吧,6582.739,1753618086,fc0b135a
1901033036209402880,“神奇”,6522.2,1753711997,1b6940fa
1901478076861790976,中国禁枪是最明智的选择，而且摄像头多也是为了保护好人，监视坏人,6802.453,1753765050,80000882
1901700931155311616,变差,6642.612,1753791616,105f52db
1901734966363358208,他是个理想主义者，社会需要理想主义者的存在,6719.916,1753795674,71f360aa
1901862417940697600,感谢国家，每有一个新技术出现都是先向全民普及的,6630.792,1753810867,4a4e6679
1902365496134297344,我们不要身在福中不知福了,6793.653,1753870839,92f8c01f
1903699234281745920,很多国家都这样,6658.438,1754029833,b7a9b2eb
1903827465546625536,每次波波玩这种政治梗我都好想笑,6715.322,1754045119,29c7c55b
1904592752574914304,中国不一样,6686.195,1754136348,357dee8e
1904596883444749312,。。。。。。。。。,6636.436,1754136841,3e5e834
1904597355127841024,哪里不都这样,6661.546,1754136897,3e5e834
1904599138847969024,没有说过的多幸福 要求就是没有战争就很幸福了,6809.822,1754137110,3e5e834
1904743391271399168,中国可使用短短30年走完了西方国家的很多路,6615.568,1754154306,1606bf27
1904746212788497664,确实多元化，不同地区不同民族,6820.44,1754154642,1606bf27
1905466819909765888,要哭了 老王,6796.692,1754240545,a48719d1
1905516364379104512,中国和美国还是很不一样的，美国可以说整个政府和社会就是一个企业,6688.725,1754246452,c0863c00
1905590443236882944,华波波接的好哈哈哈哈,6728.909,1754255282,55f41f2d
1905708190906021888,是的，明明有新兴的社群文化，小说影视在海外也有不少受众，但只拿传统文化宣传,6558.317,1754269319,92638f93
1905733248072848128,伦好可爱啊,6721.098,1754272306,f5b9996
1905886098668937984,伦儿很有国家情怀,6698.429,1754290527,7becfa2e
1905887294179910912,阿雷文艺人,6824.672,1754290670,7becfa2e
1906070010057587456,基建狂魔可不是贬义(而是汗颜),6743.759,1754312451,c8137052
1906621653182534144,国内也一样，只是国家投入民生的更多,6672.825,1754378212,da947e05
1909689848987148544,他想表达国家或者政府没有投入更多到基础设施建设或者卫生安全上面,6674.879,1754743970,d7fb52ee
1911377903472814592,真好,6720.915,1754945201,984e8387
1911378403299548928,伦的发言太棒了,6767.166,1754945261,984e8387
1913571332298825216,不予置评  但我家过得很好,6816.41,1755206679,a406af70
1915971349722081024,但是在武汉记得出门的时候手不要插在兜里,6731.172,1755492783,aa8cb2c6
1918412477759778560,对老王来说这里很有烟火气,6809.441,1755783788,dcc7e0e1
1921056285831728384,不接受就会被淘汰,6630.638,1756098955,954b058c
1921056623968288000,中国也差不多,6657.996,1756098995,954b058c
1929404679826503424,我们也是啊 程度没那么离谱就是了,6668.628,1757094161,bd775eca
1945264582373671936,每次听这个方面都想哭,6771.747,1758984808,e84d2ff
1967694729680788480,卢可的共情能力很强,6785.668,1761658690,eb09f285
1967694847532478464,老王好真诚,6789.668,1761658704,eb09f285
1975476124088230656,好棒老王,6795.251,1762586305,75855fc6
1977911950214243328,其实中国也是,6675.488,1762876678,aedabb3d
1986558931577298944,确实，只有一部分人在享受当代,6804.09,1763907478,2a9d92f9
1988754506963415040,Dylan反应好快,6661.622,1764169211,c847ffba
2011320470867702016,世界因你而美好 ,6720.212,1766859284,1bdc989c
2016952177930965504,广州都一直在开新的地铁线路！,6708.314,1767530636,8947ce87
2022025891484004352,什么叫老是说这个？经历过的最深感悟说不是很正常吗？,6786.513,1768135469,6d4f31dd
2027056310750973952,这是一个制度问题 美国的资本主义体制下永远不可能达到钟逸伦想要的这些平等和普惠,6727.425,1768735142,aef87158
2027056891695612928,老王一说话卢可就哭,6782.978,1768735211,aef87158
2029865597738983936,外宣确实做得不好,6562.312,1769070035,361d239
2056133097778429440,荒诞是离谱且可笑，也不好,6531.028,1772201365,fa9ad547
2066239338295500544,中国没美国那么夸张,6675.024,1773406123,a16be46f
2085131327899985664,荒诞,6523.597,1775658224,91e1ddec
,,0.0,1775683732.8000336,
lb.c,,0.0,1775683732.8000336,
,,0.0,1775683732.8000336,
1895737518549602560,中俄那说不清道不明的羁绊呐,6875.785,1752989565,9e8cd452
1895737942753120512,虽然但是这些基建应该都不是白给，还是要考虑利益的。,7087.97,1753004822,545954c8
1895737954606223616,萨沙已经不是老外啦，他是老内,6917.492,1753001311,e4ff31ac
1895737962810282240,给陈老师投币,7148.543,1753000815,e868d6e6
1895738337562956032,萨沙的面相都很中国了,6921.078,1753014984,73e9b877
1895738415065305344,非正不就是这样吗hhh正经起来很正经,6951.491,1753017172,638576ba
1895738442420556032,这已经是精中了自豪了,6856.334,1753017521,47376c28
1895738515367891200,现在的节目越做越大，主题也越来越大了,7111.306,1753019293,193ffd61
1895738546372186368,萨沙越来越老干部了,6860.051,1753019535,1c68567a
1895738560079171840,完全变成中国人了呀萨沙,6854.884,1753019690,b3e76332
1895738708666585344,但中国的利益都是双赢的，大多是经济上的，不能说有利益就是不好的,7102.081,1753028422,a7349199
1895738749695267072,基础在民间，未来在青年,6909.082,1753029610,b77da815
1895738798022037760,东北人来了,6857.033,1753029957,d0eeaf61
1895738808063201536,唐朝那会真挺多的，服饰饮食娱乐活动都交流的特别深，互相影响很大的,7030.588,1753023996,11c5072
1895738836324421888,偶尔有一些宏大深入的话题也挺好的呀,7125.054,1753034905,9ef562ec
1895738864585642240,灵笼,7118.112,1753027731,7bf03337
1895738874618417408,肯定是有利益的，但是我们追求共赢，而不是强取豪夺,7091.369,1753030554,516113ea
1895738916561457408,宏大叙事会让人感动，但也会让人迷失的，感觉没必要一直升华,6997.048,1753038389,187c324
1895738967622914304,这一年真的是舆论反转,6903.166,1753030294,516113ea
1895738974912614656,近代中国的版图就是清朝定下来的，相当部分依赖于乾隆的十全武功，感兴趣可以搜一搜乾隆朝名将,6979.544,1753040743,7a1afabc
1895739005916909824,没有宏大的背景下个人还会存在吗？,7125.643,1753036925,c7bc6e63
1895739146333819136,咋样了。。。挺好的啊人家,6949.86,1753073352,892b4073
1895854446332840192,相信老王说的是话是发自内心的，毕竟亲身经历过战火,7170.238,1753094661,3a31dcb7
1895859660172023808,据说他的老爸是中俄混血？,6880.681,1753095283,1df8460d
1895878303215493376,迷失是因为你自己内核不稳，如果你连听到一点赞美的话都觉得心虚、不适，那是因为你配得感太低了,7007.214,1753097505,68ab50d8
1895886991573313536,萨沙已经入党了，自豪感都有了哈哈哈哈哈哈哈哈哈哈,6853.737,1753098541,ac1ed4e7
1895914456186862592,确实，有过大唐的鼎盛，也有侵华的耻辱，太复杂了这几千年和近两百年,7072.87,1753101815,4f7b0147
1895939496005433088,我发现很多人很抗拒对个人的赞美哈，宏大就是由个人构成的,7124.197,1753104800,d0a706e0
1895962862170590464,是的,7064.0,1753107585,3c890e32
1896057229271011584,从先秦开始的华夏认同,6997.054,1753118835,35861f7e
1896057475954741760,让我想到了威斯特伐利亚和约,7027.006,1753118864,35861f7e
1896138358434982144,一点都不过，中国就是很好。,7190.899,1753128506,7388c77a
1896282581490515456,导播直接不敢切其他人的画面了 大左也管管 心里知道就行了,7189.779,1753145699,c585eb07
1896371636178174208,为什么过了 前面的是配得感太低了吗 陈述事实而已 为什么会觉得过呢,7195.88,1753156315,c0abd974
1896444073528258560,才注意到这个地图中国好大,6967.583,1753164950,a7969c95
1896444504300081408,超棒啊这期话题 很有意义和深度,7003.209,1753165002,a7969c95
1896487634579302400,这个地图也让我印象很深刻,6965.677,1753170143,9ec95bfa
1896489246634756864,说得好,7151.185,1753170335,9ec95bfa
1896515622197177856,他是真的入党了吧，发言太官方，哈哈哈,6917.303,1753173479,8a80d98c
1896527134873361920,萨沙太中国了,6883.176,1753174852,6a042d86
1896527607890110720,真的很震惊,6985.76,1753174908,6a042d86
1896528590154207232,不愧是在世界中心呼唤爱,7171.882,1753175025,6a042d86
1896549573058051072,求同存异,7081.105,1753177527,b99d4a1f
1896678634124171776,说的太好了,7089.925,1753192912,ef5b873
1896689226226035968,为什么要说过了，如果作为国人的我们都不够有自信，都不够乐观自豪的话，这个世界上还有谁愿意更相信我们可以做到这些呢？,7191.378,1753194175,4de79949
1896700212652189440,中国最牛逼的一点，就是同化,6948.592,1753195484,c3929b2
1896846755031494400,天下大同，世界人民大团结，万岁！,6951.603,1753212954,9450640
1897038302151448064,让我想到了高佑思…哈哈,6842.739,1753235788,88971e98
1897132711857199616,因为我们原本就是一个多民族的国家，每个民族存在各自的文化差异，每种文化相互包容,6938.97,1753247042,42da3e49
1897313694656990464,北京欢迎你，为你开天辟地（开放怀抱）你会爱上这里,6908.793,1753268617,729e3ab7
1897402914356966144,love ,7173.813,1753279253,ca23a4
1897552673700808704,执着 信任,6868.324,1753297106,6f99a845
1897601588529782528,现在人真是戾气重了，以前从来不会有人莫名其妙的打问,6997.266,1753302937,a12485dc
1897859954988690432,家国情怀大部分人有，有一部分人确实因为从小的狭隘，自然也看不惯这些,7191.085,1753333736,e0632c99
1897866933580394240,非正这一季带着任务了,7011.467,1753334568,8562c6e6
1897897775447236608,那外国人和自己国家对比就是觉得中国更好啊，看见中国更好的一面讲出来啊，代表们都说的那么真挚真诚,7021.288,1753338245,2aa70d44
1898088222609748480,可以倒着说中文,6878.916,1753360948,8f9aba91
1898092720329620224,带啥任务真好笑,7021.416,1753361484,d849b843
1898132201112459520,宏大背景就是我们每一个中国人的骨血，为啥不能谈,7130.926,1753366191,ba542c3c
1898580836409316096,守正创新 不忘初心,6939.247,1753419672,6126b659
1898666323538942976,用今人的生命还古人的债，这个真是精辟,7155.601,1753429863,915050e3
1898788297942440448,他不是混血儿，是老爸在他很小的时候就“巨星标配”了，但是很小就开始接触中国文化,6894.038,1753444403,cc3adea9
1898791671513404160,宏大和个人不是对立的，而是互相成就，这就是精致利己主义为什么要摒弃,7136.041,1753444806,cc3adea9
1898822681655529728,这太好了！,6843.84,1753448502,636af638
1898910387244854272,莎莎接近中国人了，完全中国化了,6921.603,1753458958,e3470321
1898911684559693568,陈老师真的满腹经纶啊,7076.15,1753459112,e3470321
1898957673719325184,有些弹幕是觉得说坏的才是真吗？坏的好的都是,6994.673,1753464595,6b40ebca
1899330667008161024,已经是东北人的模样了,6896.769,1753509059,8ed82815
1899443844664460800,中俄CP,6903.562,1753522551,e4d84d7d
1899524549423779584,太深了！,7053.949,1753532172,3820b86
1899609802536100352,萨沙太像中国人了,6868.96,1753542334,64c6b79c
1899623826770786560,一点都不过好吗，现在的时代背景下世界是否能和平确实要看中国,7192.147,1753544006,bc31ead9
1899647684927755520,前面的想说啥啊，陈超咋样了？不要引战可以吗,6952.723,1753546850,d5bc7b78
1900087323199353344,哪里过了？自己去了解一下我们在国际事务上做出的贡献，不要这么自卑,7189.371,1753599259,422009b7
1900214028308531712,古代也有疆域图吧 也是有地理分界线的,7038.06,1753614364,b927edf8
1900303293918964224,老王又动感情了,7179.652,1753625005,68efaa5c
1900974547218661632,中国真的格局太大了,7161.167,1753705025,62699b20
1901012750474195456,萨沙就是中国小伙啦 ,6871.084,1753709579,9265523d
1901040459380750080,天下大同！！！世界和平！！！,7183.616,1753712882,1b6940fa
1901066877699254528,近代史 是一个伤痛,7072.148,1753716031,539dfda8
1901118523019670016,互利互惠嘛，有何不可,7108.686,1753722188,18259142
1901639283426035968,我的弹幕呢,7003.772,1753784267,4d2041c5
1902755038712239872,萨沙说的已经得到了国人大会演讲的精华,7009.141,1753917276,3f3063c2
1903662376340233216,陈老师讲得太好了 ,7199.012,1754025439,2e93938c
1903701780291417856,夸得我都绷不住了,6921.694,1754030136,b7a9b2eb
1903776104272515072,中国自古并没有国境线的概念都是以势力范围划定大概的区域，真正接触到把国境化为一条线的应该是清朝的尼布楚条约,7040.655,1754038996,b9df69aa
1903804183300627712,中国是文明型国家,7009.325,1754042344,1ddd0afb
1904413756096572672,会长眼眶红了,7182.497,1754115010,21f73640
1904600175142915328,萨沙这段话 好,6931.724,1754137233,3e5e834
1904602111367773184,哈哈哈,7116.424,1754137464,3e5e834
1905340308922234368,speed不是来了吗？,6912.659,1754225464,2eb47862
1905890199146212096,天下大同！,7147.37,1754291016,7becfa2e
1906120801997426176,倒着说中文笑鼠我了,6883.518,1754318506,712b33d4
1906866720434670336,他爸爸混血,6884.042,1754407427,4ad5b7c7
1907440916215114752,必须得是陈铭,7057.295,1754475876,9adcf5e9
1907441055340190464,没有陈铭可咋整！！！,7062.323,1754475893,9adcf5e9
1907927474462215424,萨沙爸爸好像是中国人,6888.991,1754533878,edceba01
1908264231959804928,不然呢 你想听到什么？,6956.994,1754574023,d8a8f583
1909738694962297344,因为我们的认同不是建立在血缘，种族之上的，是文明,6947.309,1754749793,e06a0bba
1910516879710106368,天下大同,7156.667,1754842559,4cd26c1a
1911108155258463488,愿祖国永远繁荣昌盛，愿人民安居乐业，希望真的能有老吾老以及人之老，幼吾幼以及人之幼的天下大同,7199.845,1754913045,34be5d10
1911383357871574272,说得太好了,7156.072,1754945852,984e8387
1912644363784642048,这个bgm有点宏伟啊哈哈哈哈,6896.867,1755096175,aca1d8af
1912646653195192576,说得太好了！！！,7161.315,1755096448,aca1d8af
1913030470246605824,只有经历过才知道的,7176.765,1755142203,cdc7bc83
1913350480247959552,李白是吉尔吉斯斯坦那边的人,7021.62,1755180351,3302ae89
1914864527842332928,国破家亡，固定搭配，望周知。也不妨看看今天的加沙人民，里面也不乏战争前家境优渥的。,7145.64,1755360839,dfe2ddbf
1916898949210434048,萨沙太老干部。。。,6868.229,1755603361,41d23346
1916900671467390976,读人类简史就知道 国家是人类构造的概念罢了,7052.699,1755603567,41d23346
1921250021379576576,说硬夸的历史及格了吗,7002.11,1756122050,bc587f4c
1923930412557231360,但是听说意大利街上小偷特别多,6841.225,1756441577,99536495
1924986993839221504,陈铭老师口才好，说话才快，没有语言屏障,7130.674,1756567531,e498a6f4
1926357441114275328,投币了,7154.131,1756730901,9eb4a117
1939601543464800000,说的好好,6936.456,1758309722,19031c9a
1971050491086146048,感觉萨沙真的是完全融入中国了,6891.029,1762058728,9574db04
1977023081524779264,都是地球上的人类，没有哪个国家比其他高级,7161.416,1762770716,da85f3fd
1977913530325766400,萨沙已经入党了吗哈哈哈哈哈,6863.869,1762876866,aedabb3d
1985165235720048640,太纯了还是,6863.268,1763741337,55203a50
1992880039746138112,东北代表这一块,6856.653,1764661013,b087944c
2011869610512769024,看哭了,7140.057,1766924746,cc26b091
2011870073975098624,说的太好了,7150.2,1766924802,cc26b091
2026026976464848128,这一期太棒了,7064.553,1768612436,1ca31636
2027856872027209728,非常漂亮的总结,7094.328,1768830577,8f58d927
2035149943106573568,他真的说得好标准,6879.309,1769699978,ca126b
2036292303651953664,我突然意识到中国的中立也是一种和平,7197.221,1769836158,f9735bbb
2082391271548932096,包容  但是有一条你只可意会不可言传的高压红线    触碰即死亡,6946.344,1775331584,6d6f1ac6
2082391448967843072,包容  但是有一条你只可意会不可言传的高压红线  触碰即死无葬身之地,6950.611,1775331605,6d6f1ac6
,,0.0,1775683732.8000336,
lb.c,,0.0,1775683732.8000336,
,,0.0,1775683732.8000336,
1895737650661789952,下周见,7295.403,1752992285,a1639211
1895738054900420864,陈老师说的真好,7214.561,1753006171,255b01e
1895738988594434304,那挺羡慕那个厅结婚的新人了~,7250.967,1753048041,23ddeab7
1895990467888831488,哈哈哈哈哈哈,7243.15,1753110876,99272c49
1896502871931897088,精彩的节目,7207.788,1753171959,bda137c9
1896528826075226624,好看,7223.428,1753175053,6a042d86
1897388807511572224,很客观啊，这就是事实,7202.296,1753277571,d403eb94
1897967201404250624,好看好看,7214.407,1753346521,bdfa401c
1898090557780690176,哈哈哈哈哈哈哈,7364.777,1753361226,9cdf46e6
1898096271319938304,伦儿记词能力这么强啊,7425.896,1753361907,d849b843
1898122321471151616,战歌起泪目了,7222.706,1753365013,66a85677
1903097630284788992,真棒！,7232.354,1753958116,1e5860b0
1910196463095640064,可真正的世界还是弱肉强食,7214.027,1754804363,738a73b
1962554409448054016,旷野的规则是永不回头,7256.422,1761045916,9caedba
1977916378484578816,精彩！,7203.354,1762877206,aedabb3d
,,0.0,1775683732.8000336,
lb.c,,0.0,1775683732.8000336,
,,0.0,1775683732.8000336,
1895737229310398720,一日代表好漂亮！像玛丽莲梦露,36.018,1752985309,59dfb4d2
1895737236021285120,来了！,197.636,1752984891,781e03c0
1895737280388632832,来哔哩哔哩只为了非正,23.323,1752985268,882cd619
1895737340836942080,竟然没有弹幕,102.734,1752986130,7c88818c
1895737356095820032,太美了啊啊啊啊啊啊啊啊啊啊啊,129.037,1752986855,63882395
1895737381790126336,哈哈哈哈我也喜欢测试,330.419,1752986736,4f7b0147
1895737392368161024,再看一遍加长版,74.113,1752987164,6261fc3d
1895737440627822848,就等加长版了,15.67,1752988220,a8fd71fe
1895737488023458048,沉默是最好的回答,188.466,1752989859,5cde034e
1895737757213888768,濑濑晒伤妆？,296.894,1752994571,13ee2db9
1895737813862158592,天呐，杨迪好好，还帮会长解释一下,262.251,1752995588,ef576978
1895737852827242753,濑濑可爱,315.191,1752995616,1091612d
1895737914483511552,我怎么第一反应就知道他要说学历,139.779,1752996339,2775914b
1895737947308134656,果然还是斯拉夫人长在我们的审美上！,73.86,1753005031,2394c70f
1895738002018636032,哈哈哈哈哈哈哈哈哈,195.646,1753006609,bc56a2e1
1895738089553760512,加长版！终于 走起～,118.271,1753002959,ea88348b
1895738128770502912,哈哈哈 让我们说中文,233.897,1753003085,ea88348b
1895738201701060864,哈哈哈哈哈哈,178.352,1753005984,61f1cb93
1895738215382880512,来了,60.699,1753006389,bc56a2e1
1895738423277752576,怪不得,264.523,1753017327,ef8f951e
1895738450633003264,弹幕呢,94.954,1753017693,6474f847
1895738460665778432,来了,9.0,1753017972,d2eb3f6c
1895738543637500160,超超看起来很聪明的美女,286.398,1753016280,a9208369
1895738587400868096,我说会长怎么有种被夺舍的感觉呢,275.37,1753020529,fc5c5aac
1895738736936194304,罗世杰也是博士吧,170.656,1753024489,8d665d98
1895738941182021888,再听一遍哈哈哈哈哈,211.547,1753064144,91850ea9
1895739043304935680,大左你堕落了 居然问出这种问题,183.625,1753066311,c585eb07
1895739119892926720,直接看加长了,50.901,1753065450,532bb614
1895739159101280512,直奔完整版！,2.008,1753066177,df6e1fa7
1895739170954383616,高情商：还在研究中...低情商：懂得都懂,196.746,1753071998,2b09e628
1895739227485212928,想起大不溜，小不溜，哈哈哈,313.856,1753071380,42da3e49
1895739240252674304,本来就是这个议程,275.175,1753075611,9cc5a9be
1895739294963175680,让我们说中文,230.803,1753077391,7d0b1ed6
1895741767471711744,好漂亮我的吗,123.454,1753081229,35861f7e
1895878472815905536,我就说会长怎么突然那样哈哈哈哈哈哈,285.477,1753097525,e1f0140c
1895902343950621952,小姐姐有点用哈利波特的露娜,260.69,1753100371,7bf5ae5
1895913944380697088,全世界都在说中国话。,240.019,1753101754,83719079
1895923691389856000,这封面有点像火仔和托子啊,7.553,1753102916,f48e83fe
1895925654231755520,俄罗斯娜娜什么时候来,123.096,1753103150,9a5f75b6
1896126772140527360,soul说是,314.381,1753127125,757770bd
1896432713985696000,厉害了,157.364,1753163596,d844b0d7
1896548500188124672,头发好美,170.792,1753177399,7be9809b
1896549652783060480,杨迪火是有道理的 尊重人,272.254,1753177536,7be9809b
1896671118996624640,哈哈哈哈确实幸好解释了,273.442,1753192016,9cb4590f
1896702989247416832,超超很适合这个衣服的颜色哦,102.804,1753195815,3c4a8341
1896834873642632704,有俄罗斯美女啊…,35.454,1753211537,88971e98
1896836266168177664,让我们说中文,232.165,1753211703,88971e98
1897134881856050432,漂亮小姐姐～,64.387,1753247301,c76fd2
1897334937960030976,濑濑这个妆真好看,301.592,1753271149,bbeae81b
1897409888377011200,冒犯,196.202,1753280084,4dd44e23
1897435333340270848,约基奇,348.778,1753283118,182ab5fd
1897520115852190208,完蛋，没有提示我怎么看？,116.489,1753293224,28dcc9f6
1897545623813818880,这就冒犯了？弹幕真是敏感肌,201.287,1753296265,d14d0ec
1898012492027085824,赖赖的妆好可爱,336.596,1753351920,4fcac017
1898069933423117568,杨迪预判了弹幕哈哈哈哈哈,271.58,1753358768,ba542c3c
1898129671619960832,这个问题就跟 这是博士，你谈恋爱没？结婚没？一个意思,190.406,1753365889,c4640bae
1898480150421808896,来了,16.649,1753407669,6a79158e
1898575317955005440,超超好好看！,109.88,1753419014,69896d2c
1898577690152768512,花仙子从动画里跑出来了,128.022,1753419297,ae954710
1898649691060092160,西伯利亚可老大了,219.328,1753427880,2391701c
1898711585640666112,陈超这次妆发好可爱啊,102.634,1753435259,6bc89832
1898754234095442176,羌族小煞,92.976,1753440343,2c9219d7
1898798214510129920,你是菠萝的颜色,82.099,1753445586,3665527f
1898849081846541312,萨沙爸爸本身就是中国人，只是他自己从来不提,250.247,1753451650,b47738e
1898894497392836608,哈哈哈哈哈哈,177.674,1753457063,b7a9b2eb
1898943849687043840,一直是这样就得改呀，与时俱进哦,224.299,1753462947,b698ce63
1899364840469068288,这个发量绝了,134.718,1753513133,2a7b6daf
1899448788037526016,超超每期都好美呀,99.793,1753523140,d00654d8
1899516166050156032,不是第一次看 而是第一次意识到 以前太麻木了,216.063,1753531172,118b96e
1899527485797073152,笑死 中文是母语 俄语是二外,237.713,1753532522,568a8045
1899528308618886912,敏感是好事,303.526,1753532620,568a8045
1900192036414916352,一之濑这妆怎么回事,293.915,1753611742,29c7c55b
1900289648556262400,直接看加长版,0.154,1753623378,e67086c2
1900919121772592640,好漂亮,127.615,1753698417,c1f2fe77
1901083258352320512,好厉害的姐姐,153.737,1753717984,80000882
1901138676046841344,好想念松鼠啊,100.073,1753724590,be45fcd2
1901541018550427904,学霸,158.824,1753772553,92f8c01f
1901541640448327936,哈哈哈哈哈哈哈哈哈,233.0,1753772627,92f8c01f
1901557020667466240,口音重成这样吗hhhhhh,247.784,1753774461,28c7b5ab
1902390692148829184,杨迪，综艺没了你可怎么办啊,266.775,1753873842,d89f1503
1902390841935725312,这个家不能没有杨迪,269.141,1753873860,d89f1503
1903658867167214336,萨沙俄语有东北口音,222.721,1754025021,19790be1
1903884035399163392,弹幕确实很敏感（摊手）但本来每个人的敏感度确实都不太一样,210.495,1754051863,c29ddf0d
1904491649607379968,哈哈哈哈说不出来,179.099,1754124296,3e5e834
1904491705198666240,太真实了,185.705,1754124303,3e5e834
1904530408591864832,别说的是人均美女，俄罗斯人一到中年，你看什么样子,267.292,1754128916,45953387
1905824218038253568,一之濑脸咋了？？？,293.709,1754283151,7becfa2e
1906658172484245248,斯拉夫出美女,75.635,1754382566,1327ee61
1906659219936198400,俄罗斯男女比例失衡 现在男人可能更加少了,182.722,1754382691,1327ee61
1909373597710577920,杨迪真懂弹幕啊,277.498,1754706270,8dd2ba4e
1910460639663627264,陈老师在模仿一之濑,45.076,1754835855,922f6f0b
1913105683772238336,希尔顿借了这么久啊,64.327,1755151169,7c712eec
1918431810531300864,这集时长好评,75.498,1755786093,15362246
1918442564634446336,最好看的,148.186,1755787375,15362246
1933845929732174848,什么文化？能不能翻译成中文,304.009,1757623599,d7c947c1
1937313621231702528,丽莎非常漂亮又可爱，前几天在三亚看到本人，很惊艳,124.308,1758036980,ba02a15
1937929668699405312,卡尔波利,48.444,1758110419,32e2455b
1937963074376466688,好漂亮,134.143,1758114401,945a6cd2
1944416070370790912,？？？？？？,169.166,1758883658,ee18cbf2
1946034063152715520,漂亮,127.189,1759076538,eb269b47
1948170065589943552,这就是敏锐，情商和敏锐并不相关,311.502,1759331169,ffdfce2e
1953129821739839744,为啥一之濑是asuka明日香,324.492,1759922418,83b4cbbf
1954420562860454400,好喜欢她,134.846,1760076286,915cc525
1956594679777072128,别太敏感肌,205.333,1760335461,d35c8a9
1960344697746654976,萨沙爸爸是混血,212.087,1760782498,f8089327
1961200116493380096,？？？,189.014,1760884472,a187841b
1963248930037173504,故意的，节目就这样，多少年了还不懂这个套路吗,196.252,1761128710,65b78c7
1968970682843311616,哇俄罗斯美女姐姐,34.602,1761810796,269700bc
1977838097261843200,来了来了,8.955,1762867874,aedabb3d
1977839385668188416,好有才华！好漂亮！,162.561,1762868028,aedabb3d
1992655007401061120,让我们说中文,231.845,1764634187,b087944c
2002223379507534848,超今天的发型好看,289.421,1765774826,8d79c5f3
2004575798560393984,怀念以前长头发的四姐,174.74,1766055256,ffa3828d
2021928450646454528,确实不太好。。。这是啥敏感，之前男代表啥的也没问（从非正第三季开始追的）这本来就不尊重人，敏感也不是什么坏事,202.128,1768123854,6d4f31dd
,,0.0,1775683732.8000336,
lb.c,,0.0,1775683732.8000336,
,,0.0,1775683732.8000336,
1895737342925705472,严谨的德国人,476.148,1752986028,fe4eee91
1895737483040624896,大气,487.444,1752989145,193ffd61
1895737545401536768,怼脸拍，真的好看doge,689.139,1752990986,591a47e1
1895737746736517376,两位的瞳色都好好看,397.339,1752993592,2f3ca03c
1895737759118102784,梅丽莎小姐姐头发太美了，像洋娃娃,677.759,1752995462,13ee2db9
1895737805708431616,呆楞是真的  成熟了！！成熟的帅！！,611.617,1752994452,fbf64f60
1895737827443314944,那真的我们很难这样,466.779,1752995951,1091612d
1895737952785895680,花期短但是开得艳,585.749,1752998353,4eba2802
1895737970108371200,可以一个人买单，然后有空了拿小票算,428.926,1753005751,90af0186
1895737994720547072,split the bill是吗,414.975,1753003281,ea88348b
1895738146084589824,梅丽莎真的太好看了,642.72,1753009208,d93d12d4
1895738169790796032,哈哈哈哈,434.814,1753004847,2f987c3c
1895738187113271552,这个妹子好养眼啊！！,500.242,1753010552,85e3c44a
1895738250027831552,真的，我追过不少外国演员，白人很少有保养好的,603.652,1753012927,302e2cd4
1895738309293347072,男生应该说平权吧,410.11,1753014904,26cd4125
1895738312942391552,这蓝色眼睛真漂亮,701.403,1753012513,68efaa5c
1895738379505996032,小姐姐！10分好看！,681.33,1753013023,302e2cd4
1895738488926998784,听着还挺浪漫的,529.594,1753015004,26cd4125
1895738489832968448,哈哈哈哈哈,621.823,1753019961,ef8f951e
1895738508984160512,五官太美了,684.493,1753017972,8d117f15
1895738562780303616,四姐稳定发挥,422.981,1753022338,fbd7fd41
1895738589221196032,太好看了她,677.254,1753017957,8d117f15
1895738746054611200,陈铭看了一眼梅丽莎哈哈哈哈哈,590.106,1753024833,8d665d98
1895738822642602240,白人皮肤薄，再加上骨相起伏明显，没有胶原蛋白很快就垮了，黄种人只要保养得当一般四十多岁还是没问题的,615.648,1753034058,7a1afabc
1895738826291646720,严谨的德国人哈哈哈哈,462.399,1753024355,bde1c345
1895738886471520512,而且他们生很多孩子 生的女儿也多 我俄罗斯同学她有三个姐妹,706.277,1753041605,7021661
1895739008659984640,这种情况的话一般就是那个吃的多的全付了，关系好的话分别人一口吃的很正常,469.305,1753033834,7a1afabc
1895739055158038784,好问题,629.722,1753070638,bdcbba7
1895739211068707072,萨沙有几分像吉洪诺夫老爷子年轻的时候,649.648,1753071778,9e41d483
1895746442224785664,让我想到了鹊桥仙,527.913,1753081786,35861f7e
1895778905819131904,超超有点星期三的味道好喜欢,385.96,1753085656,73e93c18
1895840500003377408,哈哈哈哈哈哈哈哈哈哈哈,519.208,1753092999,ac1ed4e7
1895840530647078656,紫禁城风水养人,590.76,1753093002,c0d2264f
1895945062736117760,aa就是每个人付自己的，传到中国才变成均分,412.606,1753105463,84633020
1896015890890314496,新代表好可爱,639.956,1753113907,e871e898
1896039919974262784,哈哈哈哈,427.498,1753116771,415655f0
1896457049043406080,活泼可爱美丽，常驻！刷起来,688.508,1753166497,8cb4abb9
1896471204483626240,萨沙确实帅啊 是我喜欢的长相,657.64,1753168184,4ca66879
1896710320119313920,魂断蓝桥,514.263,1753196689,491addc9
1896934522319112192,哈哈哈，是我了,375.813,1753223416,a075ec79
1897173951436752640,一之濑这个妆造没之前的好显得臃肿突出,369.849,1753251958,6f99a845
1897176064527120128,这才是真正的AA AONE 各付各的,417.466,1753252210,6f99a845
1897249138144757248,哎呀超超好美呀这套,372.158,1753260921,d67a388
1897255003031584000,太可爱了,643.527,1753261621,290bcf14
1897330516752267008,四姐没变化，从以前就成熟,627.007,1753270622,7ea9d3d5
1897377323800974592,主要是德国比较严谨,427.117,1753276202,c76fd2
1897409726736857856,原来都是搜来的,571.539,1753280065,be125094
1897789980114699776,哈哈哈 不记得,540.606,1753325395,4227b274
1898072148510532864,高配版星悦,691.839,1753359032,2738fae5
1898073640089037312,我的男生同学也是，大学4年过去之后都不同程度发福了哈哈哈,603.928,1753359210,ba542c3c
1898583508701119488,最漂亮的不是五官吗，尤其眉眼,683.896,1753419991,ae954710
1898652758169973248,deepseek打钱,575.04,1753428246,2391701c
1898755732108109824,因为他们爱晒太阳 高油高甜 亚洲普遍相反,616.917,1753440521,636af638
1899233687024352256,法币还帅好可爱,403.744,1753497498,ad67615a
1899377441013676544,哈？,702.185,1753514635,2a7b6daf
1899524857746892032,我喜欢这种方式，不过最好点一些价位差不多或者好算的,476.688,1753532208,fbcf58ae
1899526800288205568,参考小李子,615.613,1753532440,fbcf58ae
1899527783693058816,好像俄罗斯婚礼和登记是同一天,703.421,1753532557,fbcf58ae
1899611392370790912,4,635.097,1753542524,82c776d
1899956477675331840,是晒伤妆啦,360.467,1753583661,9e6467db
1899975255272139008,这个好,400.959,1753585900,2c9403ee
1899976001933586944,那是因为西方吃饭（夹菜）的模式不一样 每个人分的很清楚,422.475,1753585989,2c9403ee
1899977800535069184,风大,542.187,1753586203,2c9403ee
1899980015152740352,测的好，就是真的好，测的不好，要相信科学,375.102,1753586467,3ad68769
1900241357915115264,怪浪漫,530.228,1753617622,5eebbb86
1900924116316678144,他也是混血吧,597.346,1753699013,c1f2fe77
1900991742497444096,老王好认真,506.845,1753707075,f6eb3d24
1900996645152891136,这个好！我喜欢这样,418.409,1753707659,59b380d7
1901491110711870976,引火烧身,657.108,1753766604,3465c430
1901544698834279680,哈哈哈哈哈哈哈,597.382,1753772992,92f8c01f
1901692904028990720,都一起吃饭的关系了感觉不用太计较吧，这是date诶,487.282,1753790660,71f360aa
1902424479079549184,是帅的啊，五官比例很好,657.34,1753877870,24d07282
1902473228065647616,我喜欢这样，感觉婚礼是给外人看的，不是给自己办的,717.867,1753883681,59b380d7
1903182158839680512,我和一位少年，漫步树林外,487.925,1753968193,a6894687
1903203390071653888,饮食问题,600.437,1753970723,5e85aa98
1903650610780700160,白人虽然不注重保养但没有容貌焦虑可以做自己就很好啊,633.202,1754024036,98decb5
1904495513727200768,这个小姐姐真的好漂亮啊 白白的,603.059,1754124757,3e5e834
1904532634147952640,堵桥来,511.379,1754129182,5bd65cde
1905080521651165952,喝酒喝的吧,597.515,1754194495,39d99fac
1905349996455302912,好喜欢去这样的，有人能懂吗,434.037,1754226619,6d90be6a
1906661267888835072,法币和一日代表眼睛一个色系,393.932,1754382935,1327ee61
1906662046133447168,这次总算到德国人震惊意大利人了,469.062,1754383027,1327ee61
1910284368769920256,因为花期短,698.558,1754814842,664d29dc
1912279399659960064,风在哪不都是一直在吹的么,542.249,1755052668,a8fe5ea9
1913210705083992832,萨沙确实帅，而且帅得很客观，这但没法否认,650.002,1755163688,d88d4d24
1913223966307712512,同事之间可以这样，朋友之间就没必要了,449.744,1755165269,96a9a0bf
1913292098959548672,萨沙确实是特别帅！,660.617,1755173391,7b914c00
1913346863013150208,这个真好,405.051,1755179920,fcf22efb
1916178758985921792,德国人哈哈哈哈,470.385,1755517508,41d23346
1921042340266008320,国外是各点各的套餐，适合aa，中国是一起吃同一盘菜，胃口不同，不适合粗暴的aa,412.351,1756097292,eea468e3
1921042881901795072,中国更难算，所以流行请客而不是aa,441.898,1756097357,eea468e3
1941566684721332736,这两个俄罗斯代表应该就是中国审美里最好看的那一类了,667.832,1758543985,e2e301a6
1944428565982548992,Dylan在写什么,388.052,1758885147,73aed9f3
1953188451575386624,确实帅,649.868,1759929407,194d9898
1960064942610599168,我29岁，孩子10岁。,709.896,1760749149,6a7c628d
1961074382902701824,啊啊啊这个音效好可爱,639.808,1760869483,c8711e27
1965454987081423872,我就这样，各算各的。跟朋友其实我也想这样，不然我感觉不太舒服,456.746,1761391692,d0b3063b
1969275411209221120,hhhhhh,585.68,1761847122,1e751c6e
1977842088578297088,严谨的德国人,480.692,1762868350,aedabb3d
1988648613126933248,妈呀，漂亮姐姐好可爱,643.948,1764156588,c847ffba
1996421042478379264,比aa更aa哈哈哈,415.493,1765083134,7177deef
2025581688474307072,亲兄弟明算账,428.978,1768559354,e5ebf93c
2066188182139764224,你也是 和前几季对比明显,589.72,1773400025,a16be46f
2068219040748953344,我喜欢这样,442.196,1773642122,f2fcfff8
,,0.0,1775683732.8000336,
lb.c,,0.0,1775683732.8000336,
,,0.0,1775683732.8000336,
1895737309572600064,哈哈比利时淡淡吐槽好搞笑啊,864.838,1752985668,47bbec08
1895737494264582400,2333333,743.492,1752989946,c76f245a
1895737546508833024,只能说世界之大无奇不有了233,828.615,1752990204,4944442d
1895737690583175424,？,788.371,1752992554,dbe23620
1895737828349284608,哈哈哈哈哈 就非要有证吗这,788.883,1752994668,fbf64f60
1895737890777305344,这么闭塞吗？,805.983,1752997401,ba65b856
1895738004753322240,比较严重的程度哈哈哈哈哈,1016.022,1753004556,94d50217
1895738144264261888,男：天王盖地虎 女：宝塔镇河妖,875.819,1753006816,47376c28
1895738162501095680,伊拉克也是什叶派国家,830.79,1753007084,43686648
1895738377685668096,对对对,886.688,1753016087,bc9fd41c
1895738640282652928,哈哈哈哈突然想起来戴卢可是不是对dating文化很懂,952.295,1753025347,fe4eee91
1895738693172826368,哈哈哈哈哈《这个华波波不一样》,729.19,1753024957,8d665d98
1895739065182425344,越压抑越开放,844.47,1753052006,65ec0af4
1895739149982863616,哈哈哈哈哈哈哈,907.322,1753065403,f7934ca3
1895769540794055680,前面俄罗斯遍地帅哥美女是真的,769.796,1753084540,4422ff62
1895824043836972544,弹幕突然收声了红红火火恍恍惚惚,734.198,1753091037,cc93cef3
1895828587920556800,这真的不是菠萝卖不出去的营销吗？,871.762,1753091579,1da0b061
1895947042497947392,第三次见面还是第三次嗯嗯？,1049.141,1753105699,c750ae38
1895949991009590528,宗教警察吗？,776.638,1753106051,9e41d483
1895971024152074240,中国人的经商天赋哈哈哈哈哈,917.26,1753108558,5a31e3ac
1896425506115668224,村？哈哈哈哈,953.332,1753162737,42570b8b
1896427127877063168,招展笑死我了,743.277,1753162930,9ec95bfa
1896494509345332736,开放啊,1029.735,1753170963,6a042d86
1896637560244685568,充话费式的结婚,813.804,1753188016,89807551
1896692754986387712,哈哈哈哈哈哈,983.273,1753194595,eac1fc5d
1896706299065560320,老王的眼神在冒星星,838.313,1753196210,d8e5f363
1896713955582526208,天逊尼派和什叶派，想到追风筝的人了,829.491,1753197123,491addc9
1896841388705377280,这跟我们这的警察查房有点像…哈哈,805.028,1753212314,88971e98
1896937991939779840,？？？？,786.906,1753223830,a075ec79
1897123754787030016,哈哈哈哈哈哈哈哈哈哈哈哈哈哈,1020.411,1753245974,45654410
1897176574395630080,来了，直接加长版,974.739,1753252271,d9749c34
1897380653918993152,哈哈哈哈～lady first～,753.071,1753276599,c76fd2
1897380942050808832,短期啦～长期啦～,765.871,1753276634,c76fd2
1897383124666121728,哈哈哈～A到Z～,976.347,1753276894,c76fd2
1897383569446710784,比较严重的程度～红红火火恍恍惚惚～,1015.942,1753276947,c76fd2
1897383907826628352,姐妹们～,1052.127,1753276987,c76fd2
1897551369599046400,可以鼓掌了,1016.475,1753296950,d14d0ec
1897727145607336704,搞对象笑死我了,941.281,1753317904,68db616f
1897898291362938112,YOYO,769.419,1753338306,3dc677eb
1898076736198329856,哈哈哈哈哈哈四姐,967.648,1753359579,ba542c3c
1898220515982619136,哈哈哈哈什么时候看到这个lady first才不会笑啊哈哈,749.918,1753376719,e8cc9494
1898515580160908800,真就体验卡,785.517,1753411893,a18ccce
1898531542490707712,太好笑了hhhhhh,995.742,1753413796,8020f1b7
1898584831534084096,感觉和苏格兰那种男女校联谊会挺像啊,958.956,1753420148,ae954710
1899333614798306816,哈哈哈哈哈哈哈哈,890.75,1753509410,48caf715
1899493708169050112,这是真的 ,810.963,1753528495,49612456
1899558765339352320,哈哈哈哈哈哈哈哈哈哈，有点太诚实了哈,1041.266,1753536250,37dfb466
1899559089802601216,雷妹妹～,1054.905,1753536289,37dfb466
1899632198056381952,华波波很可爱,860.822,1753545004,ddcb952e
1899690611263457024,这个是真的，我伊朗朋友们都证实了,809.166,1753551968,881ef171
1899980184409419520,我还记得诶,767.393,1753586487,2c9403ee
1899980554649404160,救命,801.518,1753586532,2c9403ee
1900176913918403840,老王。我喜欢的,836.184,1753609939,d7c68202
1900207702098475264,什叶派和逊尼派能坐到一起聊天也只有非正式会谈。,831.444,1753613610,253cfa97
1900855482026004736,挖坑了开始，准备回家跪搓衣板了卢可,963.641,1753690831,18259142
1900982139454146048,以前就说过啦,795.933,1753705930,1606bf27
1901030304811390976,真敢问啊大左,1041.459,1753711672,bba3e7b3
1901030501683674368,特殊类的hhhh,1063.512,1753711695,bba3e7b3
1902475393005930752,认真，不是严肃,1021.238,1753883939,59b380d7
1903582328761517312,讽刺的不是波波是国情,851.615,1754015897,1ddd0afb
1904394075097533952,哈尼克孜,728.514,1754112664,712639ae
1904496876288851456,哈哈哈,729.753,1754124919,3e5e834
1904516940261635328,哈哈 被说中p图了,897.961,1754127311,357dee8e
1905292868248203776,哈哈哈哈哈温州人也是站起来了,922.793,1754219809,94dc5d7b
1907465783345827584,大左池州人，差一个字,930.583,1754478840,e06a0bba
1909633575939544320,哈哈哈哈扬扬补刀,729.343,1754737261,d7fb52ee
1909637115907104000,哦～,1068.756,1754737683,d7fb52ee
1910217713125871872,不愧是北欧,991.337,1754806896,7419d9b6
1910285333971808000,开放式保守,800.19,1754814957,664d29dc
1916182003120834304,好神。。。,800.571,1755517895,41d23346
1918092995408932352,买菠萝是吧哈哈哈哈哈,841.599,1755745703,cae536f2
1919839034780907008,哈哈哈哈哈哈哈哈哈哈,1016.446,1755953847,b9f358ce
1920303224746295040,BGM怎么这么燃？,900.242,1756009183,99536495
1929266071559254528,比较严重哈哈哈哈哈哈哈哈,1020.019,1757077637,467053b4
1932278720392444672,严重哈哈哈哈哈哈哈哈,1008.878,1757436773,52ac390e
1933442446847667968,华波波像非正的逗号，哈哈哈,734.125,1757575500,df58247e
1939900940560154624,搞对象哈哈哈哈哈哈,944.041,1758345412,add21500
1941083294070661888,熟悉的音效又回来咯,760.233,1758486360,50b86bf5
1961012560908661760,肯定有,975.077,1760862114,bfa2ee3f
1969395654430585856,大家都知道的话还叫暗示嘛哈哈哈哈哈哈哈,861.564,1761861456,7ed3ebc
1969396057905913344,华波波每次发言都特别有梗 综艺里缺不了这样的角色,868.073,1761861504,7ed3ebc
1977846831144786688,哈哈哈哈哈哈哈哈哈哈,1044.084,1762868915,aedabb3d
2024171551549188864,！！！,787.638,1768391252,6151813e
2026922242222668544,米兰的男模大部分超级无敌穷,1070.323,1768719160,aef87158
2059722213967966208,啊？,1009.869,1772629221,75a3ab51
2059722648640373248,stop 哈哈哈,1044.827,1772629273,75a3ab51
2068224214867537408,感觉这样离婚率好高,1056.652,1773642739,f2fcfff8
,,0.0,1775683732.8000336,
lb.c,,0.0,1775683732.8000336,
,,0.0,1775683732.8000336,
1895737366690631936,被杨迪笑死，哈哈哈哈哈,1112.633,1752986394,eb069b0d
1895737511729664256,婆婆选好了，双方家长见面一次就订婚了？？这么快，和父母之命有啥区别,1166.095,1752990929,5866b398
1895737822007496960,保持神秘感么,1177.151,1752996054,13ee2db9
1895737846460289280,想起唐大哥开车尾随着送老婆哈哈哈哈哈,1216.937,1752995154,fbf64f60
1895737857038323968,陈老师还是会  doge,1334.87,1752995706,fbf64f60
1895737911757213952,哈哈哈哈他吓死我了,1277.525,1752996969,1091612d
1895737960989954304,哈哈哈哈哈哈,1249.715,1753005457,81e32263
1895738084084388096,那怪不得有些时候会吃西餐，因为这样不能玩手机，就会被迫了解对方哈哈哈哈哈哈哈哈哈哈哈,1364.499,1753010046,4e76690
1895738115080294656,说得我都心动了,1313.062,1753001868,755ab053
1895738130582442240,阿雷是真的在为姐妹们考虑啊！,1091.08,1753006285,2394c70f
1895738138786500864,打羽毛球！双打！,1265.968,1753011691,3820b86
1895738178909212928,四姐好喜欢陈老师感觉哈哈哈,1293.779,1753005068,34ea35bf
1895738260974964992,好像伦和四姐都没说？,1306.348,1753009512,e9983320
1895738350330417408,那岂不是完全不了解彼此,1188.238,1753015487,7e01a787
1895738449718644992,还是不一样，父母之命很多面都没见过,1191.878,1753016191,eabe6363
1895738783434248448,知道的不少,1094.625,1753026745,1952548b
1895738787083292928,《再见XX》那段时间的经历给陈老师整工伤了,1245.564,1753025428,8d665d98
1895739087068303616,难怪爱密室剧本杀呢,1281.948,1753071847,a05ec9c0
1895739136301043968,我喜欢看电影，因为不想交流,1267.296,1753063459,3e15afd5
1895739137215402240,赶鸭子上架,1347.576,1753073156,2b09e628
1895739334171529472,有点难评,1318.96,1753077674,6d52a3e9
1895842592684773632,老王好搞笑,1207.55,1753093248,a384683a
1895888808210444032,跟古代似的,1200.836,1753098757,80d76961
1895902850890865152,…男方视角吧，感觉作为女生并不喜欢,1329.906,1753100431,e1f0140c
1895907698449826816,唐小强好像也是这样认识老婆,1154.003,1753101009,7bf5ae5
1895953890084972544,得有个电灯泡,1201.966,1753106516,9e41d483
1895962814724877312,那大家性格都还没合得来咋办,1185.106,1753107580,70be7902
1895975507275771648,杨迪这个上热搜了哈哈哈,1108.05,1753109093,ab62fb5b
1895988325479763456,去逛宜家,1339.945,1753110621,24b0ce4c
1896001397800507136,真的，太套路了,1348.596,1753112179,b7453a45
1896033498947616256,我服了华波波了哈哈哈哈哈哈哈太搞了,1272.126,1753116006,11d561a5
1896422520862296576,陈老师说的前提是两人暧昧期只是临门一脚而已,1358.888,1753162381,2aa70d44
1896426994623953152,好古老的相亲模式hhh,1133.837,1753162914,42570b8b
1896548231191151360,爱情保安,1196.722,1753177367,445a39f6
1897115090000851712,经典来了,1111.63,1753244942,e0632c99
1897117071960705280,人家举例，只是解释吊桥效应,1318.362,1753245178,e0632c99
1897186435279557632,吃完再喝一点 酒壮怂人胆,1334.617,1753253447,6f99a845
1897384505070132992,红红火火恍恍惚惚,1112.117,1753277058,c76fd2
1897392014317188864,陈超好美好美！！！,1426.702,1753277954,dc39d7d8
1897729822839930624,世界的参差，有趣,1233.017,1753318223,68db616f
1897855084101036544,来自游牧的习俗,1150.008,1753333156,5e6db3f9
1898585785360270080,母单：别碰我的拼图！！,1322.878,1753420262,d5851018
1898586013228955136,非诚勿扰哈哈哈,1245.808,1753420289,ae954710
1898765709031333376,哈哈哈哈哈哈哈哈哈哈哈哈哈哈哈哈哈,1275.348,1753441711,da4a6923
1898851449120022784,真的好合适啊,1430.582,1753451932,85cd1b5c
1899312175110448384,伦儿呢,1370.097,1753506855,7b9475a0
1899329727408561920,\,1359.942,1753508947,4a475a07
1899340591771536128,对对对,1347.304,1753510242,48caf715
1899531646009486080,哈哈哈哈哈哈哈哈,1119.064,1753533017,fbcf58ae
1899651269212594688,做ai算不算呀,1266.478,1753547278,395ce43e
1899780832588526592,想到阿拉丁,1168.616,1753562723,fdcf0543
1899876594664020224,二十年前，唉，可怜的伊拉克人,1125.95,1753574139,51a708fa
1900212638299047936,在说什么？？？。？,1322.045,1753614198,75f02d2b
1900722697047418624,毫无违和感,1415.779,1753675002,29c7c55b
1901576106294143488,短期太奇葩了,1240.402,1753776736,92f8c01f
1902428555867433472,哈哈哈哈哈哈哈哈哈哈哈,1118.455,1753878356,24d07282
1902447002861027584,哇哦,1434.024,1753880555,623dd44
1906668414924016896,中东保守很多了,1144.039,1754383787,1327ee61
1907251422123737856,又到了羞耻小游戏环节哈哈哈哈哈,1398.192,1754453287,654346f5
1907263650541381888,小手段其实是感情蛮好的调剂，但不能没有真心，完全带着戏耍的心态去对待这段感情,1349.382,1754454744,952047f4
1910146676505643008,我要随时看华波波表现,1317.301,1754798428,738a73b
1910248152247194112,波波好可爱啊,1281.79,1754810525,edd6e64f
1911636225866354432,大左嘴替,1348.514,1754975996,954b058c
1911638478308513280,会长太懂女孩儿了哈哈哈,1347.81,1754976264,67c7bc24
1915402208338718720,卢可感觉又风流又老实,1084.624,1755424936,ef46f1d4
1916203344989683968,哈哈哈哈哈哈哈哈哈哈,1329.324,1755520439,d775399
1916742088792471552,牛蛙,1362.372,1755584662,613512da
1925311132990941184,逛宜家 看着那些温馨的家具 很容易构想两个人的未来,1337.444,1756606172,df324538
1929268457724077056,哈哈哈哈哈哈哈哈哈哈,1275.517,1757077922,467053b4
1937975455273985792,哈哈哈哈哈哈哈哈,1106.973,1758115877,945a6cd2
1943658342291830528,希尔顿环境真好,1399.929,1758793330,67fd89f
1953022555216956416,华波波哈哈哈哈哈哈哈哈哈哈哈哈哈哈哈哈,1282.728,1759909631,6e0df0f6
1958150579830921472,太功利性了,1332.809,1760520939,b2d06e53
1969280974567563776,梅丽莎真的好漂亮天哪,1208.194,1761847785,1e751c6e
1988656174098097408,小强也说过类似的，不敢多跟未婚妻见面，都是开车去接她然后远远停在家门口,1175.521,1764157489,c847ffba
1990319103688432128,妈妈结婚的时候？,1147.433,1764355726,d584df77
1995218600776512512,这眼罩好，能不能打包给酷滕送去,1420.12,1764939791,1dcdda72
2003692298001184000,我想要逛海洋公园的时候，他悄悄塞给我一个戒指,1341.086,1765949935,989ff3be
,,0.0,1775683732.8000336,
lb.c,,0.0,1775683732.8000336,
,,0.0,1775683732.8000336,
1895737232665841920,说了什么,1594.545,1752985968,8d60efce
1895737282477396224,哈哈哈哈哈哈哈老王搂住,1716.563,1752986236,f69ff094
1895737326240764160,老王：和我有什么关系,1743.272,1752986542,f69ff094
1895737564225573120,哈哈哈哈哈哈哈哈哈哈哈哈哈哈哈,1663.052,1752991877,a4557f7c
1895737579727720704,哈哈哈哈哈哈哈哈哈哈哈哈哈,1636.993,1752990432,534bf33e
1895737602217578752,吊桥效应,1656.035,1752993518,e967e3fc
1895737608274153728,这里为啥不放正片很好笑啊,1789.469,1752990046,1549437e
1895737615337361664,安全,1603.757,1752991580,6cf1571
1895737656718364928,哈哈哈哈哈哈哈哈这个眼罩哈哈哈哈哈哈,1749.409,1752991974,a4557f7c
1895737658731630848,哈哈哈哈哈哈哈哈哈哈,1497.584,1752991702,a4557f7c
1895737668823126272,哈哈哈哈哈哈哈哈哈哈,1545.58,1752991754,a4557f7c
1895737706764800256,看热闹不嫌事大哈哈哈哈,1701.323,1752994786,e868d6e6
1895737718181695744,笑不活了哈哈哈,1671.507,1752992796,4ae1ebd8
1895737814768128256,哈哈哈哈,1782.453,1752994589,b594b266
1895737824725405952,老王：我尽力了啊,1754.151,1752997563,1091612d
1895737939104076032,哈哈哈哈哈,1709.189,1752997498,1091612d
1895738000198308096,哈哈哈哈哈哈哈哈哈哈,1628.753,1753004360,71c28bd0
1895738021169828096,哈哈哈哈卧槽杨迪哈哈哈,1492.948,1753000323,6cdd056d
1895738075871940864,贴贴好可爱,1567.309,1753002223,2f1c4333
1895738098672177408,原来加长版加在这里,1699.212,1753003076,5465c709
1895738121464025344,哈哈哈哈哈哈哈哈哈哈,1656.539,1753006018,81e32263
1895738373122265344,波波刚刚说话好像老王的口音哈哈哈,1796.676,1753015888,5404f33
1895738395922501888,米可！！！！,1494.288,1753016707,d89d8cbd
1895738397742829824,米可，危，速回！,1492.03,1753013682,6ee65ea5
1895738456102375680,四姐说了啥！,1582.96,1753017881,f81c7508
1895738627515191552,牛,1558.58,1753021306,7d9f8a33
1895738699556557056,讲什么！哈哈哈哈哈哈,1774.953,1753027907,516113ea
1895738810789499136,非直男会谈,1748.073,1753027865,516113ea
1895738985868136704,怪不得没放到正片,1789.951,1753031556,b92fb27d
1895739133566357760,哈哈哈哈哈哈哈哈哈哈,1762.617,1753066553,f7934ca3
1895739144513491200,拦精灵,1581.015,1753073028,f48d5c83
1895739149068505344,拦精灵,1582.704,1753073049,f48d5c83
1895739154537877760,哇,1560.601,1753066056,f7934ca3
1895739172774711552,华波波哈哈哈哈哈哈哈哈哈哈或或或或或或或,1799.497,1753066590,f7934ca3
1895739264873238784,中东组合,1693.461,1753073158,f48d5c83
1895739308636606720,华波波啥都说啊哈哈哈哈哈哈,1775.347,1753078501,5b74304e
1895739310456934656,海带也不是植物,1531.538,1753076872,9cc5a9be
1895739313200009472,？！,1776.766,1753076889,3f6b3267
1895739330522484992,果然是加长版才能看的,1781.375,1753076921,3f6b3267
1895906831025530112,口水哈哈哈哈哈哈哈哈哈哈哈哈哈,1739.304,1753100906,e1f0140c
1895940225822895104,发币好可爱,1554.87,1753104887,9a5f75b6
1895974871134098176,梅丽莎真的好可爱好漂亮,1474.056,1753109017,5a31e3ac
1895977277180010240,这一期简直好笑到爆炸,1743.416,1753109304,5a31e3ac
1896089730320659968,好萌的两个人。。,1564.681,1753122709,7388c77a
1896307287158110464,俄罗斯小姐姐好有节目效果哈哈哈,1702.016,1753148644,13ab9171
1896334982533370624,给我笑岔气了,1755.375,1753151946,708e4a48
1896396461777172992,啊啊啊啊啊啊啊啊啊啊啊啊在干嘛,1496.598,1753159274,fe4eee91
1896555342020727040,直接笑喷哈哈哈哈,1562.963,1753178214,ff3287e5
1896610434808184320,伦想说毛肚吧 因为他那面是有颗粒的,1620.755,1753184782,c89ae7d7
1896662305044209920,每次会长都害怕的掉了,1527.119,1753190965,273d9554
1897190863994496256,这个太好猜了,1574.051,1753253975,6f99a845
1897283620088294144,美国内战,1568.439,1753265032,9c211b2d
1897402826846586880,这能播吗华波波,1775.465,1753279242,3c4a8341
1897475776413565696,我不行了哈哈哈哈哈哈,1768.852,1753287939,9cdf46e6
1897754977691536640,杨迪真的鬼点子一箩筐,1641.181,1753321222,ecd0b892
1897864109346135552,小姐姐气氛组的～,1695.088,1753334232,c76fd2
1898059525744480512,哈哈哈哈哈哈哈哈哈,1472.659,1753357527,60ea1822
1898060394963528192,为啥不让佛罗伦萨上啊,1576.261,1753357631,60ea1822
1898130261355317248,哈哈老王想说暴雨,1538.209,1753365959,a725bfc4
1898587923558453760,杨迪直接尝出来了哈哈哈哈,1542.474,1753420517,ae954710
1898588979633806848,哈哈哈哈哈这段Dylan小女生的感觉太好玩了,1656.928,1753420643,ae954710
1898633274117548032,西八 笑不活了 哈哈哈哈哈哈哈哈哈哈,1782.398,1753425923,60e24333
1898657403714124288,发币好厉害,1536.51,1753428800,470dd9de
1898864820091084288,涛涛,1594.511,1753453526,e3470321
1900014385343060224,弹幕呢，怎么没有弹幕？,1474.018,1753590565,3ad68769
1900014950055944192,我都没有看清是什么东西,1520.297,1753590632,3ad68769
1900015779680882944,猜得太大胆了,1611.896,1753590731,3ad68769
1900016341843597568,看起来好想笑,1648.607,1753590798,3ad68769
1900078932972598272,哈哈哈哈哈哈哈,1776.629,1753598259,ecc35430
1900293250909070848,老王稳如泰山,1723.35,1753623808,968d7bd9
1900353048833126144,味道应该有的,1618.131,1753630936,10c54e37
1901001124350363392,发币好可爱啊,1578.257,1753708193,2c9403ee
1901002382926510592,太可爱了,1672.273,1753708343,2c9403ee
1901764467755164416,哈哈哈哈哈哈哈哈哈哈哈哈,1750.736,1753799191,ddafd2e4
1902238942640826880,这个眼罩好适合老王,1731.008,1753855752,65067beb
1902284649590899712,华波波这么钢铁直男吗没想到哈哈哈,1769.312,1753861201,f5de49c4
1902909050661155072,弹幕呢 四姐说的啥,1582.34,1753935636,2e93938c
1902910756887219968,Dylan的破碎感哈哈哈,1644.472,1753935839,2e93938c
1904506363838182400,哈哈哈哈哈,1741.394,1754126050,3e5e834
1904506528892481536,好奇怪的画面,1761.072,1754126070,3e5e834
1905000656431964672,这个眼罩我不行了,1754.1,1754184974,f5f7f31f
1905339129458194176,再靠近一点点,1456.9,1754225323,ba077aef
1905766002156188416,我嘞个豆,1448.318,1754276211,cdc7bc83
1906135497672774400,哈哈哈哈 加长版果然不一样 我再敷面膜啊  哈哈哈哈 ,1748.007,1754320258,8a4bf8c9
1906673310826237952,中东族,1687.411,1754384370,1327ee61
1906748234274702336,哈哈哈哈哈哈哈哈哈哈哈哈哈哈哈哈,1762.638,1754393302,b145d3d2
1910390807304161024,我要笑疯了哈哈哈哈哈哈哈哈,1627.006,1754827530,8815c960
1915932755691390976,这也太。。。,1487.198,1755488182,51f2909e
1915934066629406464,哈哈哈哈哈哈哈哈哈哈哈哈哈,1643.477,1755488338,51f2909e
1915934230198990336,哈哈哈哈哈哈哈哈哈哈哈哈哈,1663.022,1755488358,51f2909e
1915934679484266240,哈哈哈哈哈哈哈哈哈哈,1716.53,1755488411,51f2909e
1915934832542999808,哈哈哈哈哈哈哈哈哈哈哈哈哈哈哈哈哈,1734.857,1755488430,51f2909e
1920310407324203776,两伊贴贴,1684.752,1756010039,99536495
1921056005467708160,可爱的发币,1554.389,1756098921,912b4cef
1921058110144466944,哈哈哈哈笑得肚子疼,1664.435,1756099172,912b4cef
1930616796109848576,哎呀,1498.221,1757238656,8f57e35c
1938813363061097472,一个奖励杨迪的游戏,1634.819,1758215763,c1c7a66
1942229667884861184,笑得我肚子疼,1783.88,1758623018,b85033c1
1952519966591265280,每次都没接住哈哈哈,1520.245,1759849718,3d553d69
1962432760279010816,我真不行了了太搞笑了哈哈哈哈,1734.276,1761031415,54f7b9d0
1967644616455633664,哈哈哈哈，这个女孩子好可爱，又害怕又好奇哈哈哈,1476.902,1761652716,eb09f285
1968988588058839552,hhhh小姐姐演员的诞生,1698.466,1761812930,269700bc
1970989897527898112,对吗？,1782.473,1762051505,9d717ee2
1981226523604447232,哈哈哈哈哈哈哈哈哈哈哈哈,1648.361,1763271806,1a09d87c
1988660542331797248,四姐说了“安全T”吗,1582.049,1764158010,c847ffba
2000956881128648192,笑得我肚子疼,1562.666,1765623848,e8b22811
2072032170285543936,大左这里为什么吓得抖了一下哈哈哈哈哈哈,1649.79,1774096682,f82fb2da
,,0.0,1775683732.8000336,
lb.c,,0.0,1775683732.8000336,
,,0.0,1775683732.8000336,
1895737421099143424,是隔壁陈鸣飞写的吧？,1945.554,1752987539,25b5c0fd
1895737422600704256,笑死哈哈哈哈哈哈哈,1861.726,1752987442,eb069b0d
1895737448110461184,不容易,1967.315,1752987565,25b5c0fd
1895737537650462976,笑死哈哈哈哈哈哈玩呢,1864.313,1752989866,adb42c8
1895737540972351744,玩儿呢,1860.902,1752989950,aaf3f032
1895737543203721472,哈哈哈,1815.18,1752989891,aaf3f032
1895737661759918336,哈哈哈哈哈哈,1802.631,1752992030,a4557f7c
1895737678914621696,但是体力劳动可以被机器替代，和ai有微妙区别,1970.153,1752991856,5866b398
1895737721998512384,哈哈哈哈哈,1864.31,1752993989,f3d0b903
1895737806614401280,AI能归纳总结现有信息，但无法创新,1995.774,1752997135,13ee2db9
1895737953691865344,工业创作可以，纯艺术不好说,1978.137,1753000003,8e57c960
1895738031194214656,20元手续费省下来了(ಡωಡ)hiahiahia,1903.052,1753004359,39499903
1895738391359099136,我家也有这个碗,1838.498,1753016417,c2e21b9d
1895738396828471552,妈呀陈超好厉害,1945.204,1753016803,cd8ee3cd
1895738416894021888,100块，哈哈哈,1895.824,1753017896,a9208369
1895738540927979776,超超好甜,1939.237,1753019045,8d117f15
1895738575547764992,有胡子应该感受不到吧,1808.657,1753017627,af72eec3
1895738673107276032,不是地铁卡了么,1892.499,1753022773,9c94b6bb
1895738779793592576,ai是用三推一，人脑是举一反三，本质区别,2024.616,1753029280,f9656259
1895738857295941888,玩儿呢，我一个广东人说不出的儿化音,1868.306,1753032504,9ef562ec
1895738900144951552,我觉得体现人情感的东西最不应该被取代，我是看小说的，如果我看的小说都是ai跑的我会死,1994.923,1753053765,5dbe0dac
1895738918381785344,不一样，至少现在的ai没有人脑会抽风（bushi）,2030.729,1753060518,d1e240cc
1895738950300438784,哈哈哈哈哈感情是在玩儿我们呢,1867.398,1753065521,91850ea9
1895738973092286720,聪明的人才看得到（,1851.057,1753066879,532bb614
1895739025076490496,上次还在说地铁卡扣费不好，立马就改转账了，真的听劝,1909.288,1753064244,3e15afd5
1895739121713254656,陈鸣飞的那个刚看完节目吧哈哈,1956.389,1753072388,df6e1fa7
1895739304081592576,哈哈哈哈太像了,1944.846,1753074038,f48d5c83
1895797243433331456,我去,1891.668,1753087842,35861f7e
1895797705813389056,当然不是,1970.665,1753087897,35861f7e
1895872207323318272,ai的数据库全是人给的,2052.858,1753096778,9f5269ce
1895957325815673088,口条真好,2151.186,1753106925,42cad9e5
1895973581704601344,老王好可爱,1844.968,1753108863,692c8ed6
1895992999780010752,华波波也算猜对了,1803.433,1753111178,24b0ce4c
1896092358488199936,我服了怎么这么好笑，老王真的穿了个香蕉牛奶。。,1821.385,1753123022,7388c77a
1896403149620117248,首彩回来打钱！！！,1815.544,1753160072,fe4eee91
1896658760060214528,老金主啊哈哈哈哈哈哈哈哈,1821.352,1753190543,abb3bea8
1896690759756227584,那是服务器和算力限制而已,2125.293,1753194357,b927edf8
1897017590325956608,刘慈欣的诗云,2043.276,1753233319,78c4204e
1897149153428556800,并不会被取代，就那ai原理来说，他是学习的技术，要是没有真人的作品投喂他，而是ai直接互相学习，最后肯定会失去人类所能体会的美感,2017.769,1753249002,af7c4445
1897160788939608064,AI取代不了大师，但能取代普通人，但我们大部分都是普通人,2028.594,1753250389,b0fb79b9
1897196044832664832,不会的 AI没有灵感只是个参考文献的价值,1999.815,1753254592,6f99a845
1897230944923557632,AI确实，一眼看得出AI,2056.543,1753258753,c05066cc
1897282352929849856,您,1876.848,1753264881,290bcf14
1897313971196141824,68+6+,2070.556,1753268650,676c84ca
1897315932888971776,只能模仿，不能取代,2003.459,1753268884,90b41f69
1897321705291076352,我觉得同意的人说的不是高端审美的艺术，他们说的是快时代创作,2090.686,1753269572,55d83f10
1897326315100134656,太厉害了哈哈哈哈哈,1950.759,1753270122,45654410
1897355364035362560,顶级的取代不了，中间底层会被取代,2092.654,1753273584,7ea9d3d5
1897404209155208704,自从知道地铁卡退费事件之后就换成转账了吗,1896.51,1753279407,3c4a8341
1897472786134957568,陈鸣飞投的吧,1948.859,1753287582,20c78ca8
1897763556578141440,这AI卡壳,1962.905,1753322245,28dcc9f6
1897865698693655296,《精彩葡萄酒》,1811.436,1753334421,c76fd2
1897865887454275072,能用的,1823.216,1753334444,c76fd2
1897975346582936832,画家的画有人买，AI的画呢？我觉得人类不会给AI的画赋予价值,2087.338,1753347492,ace2f97d
1898153206907890944,他俩节目效果已经出来了，拿到奖品不过分,1887.829,1753368695,44f44cf9
1898155156404016128,现在ai训练出的图基本都是侵权的，还不知吃了多少有商业版权的图,1990.896,1753368927,c4640bae
1898227304531014400,陈超超陈超超陈超超～,1935.987,1753377528,e8cc9494
1898497181946647040,华波波太搞笑了hhhhhh,1828.307,1753409700,6a79158e
1898589823536064768,那个脱口秀的哥们吗,1965.639,1753420744,ae954710
1898617694602120704,100元哈哈哈哈哈哈哈哈,1897.022,1753424066,25a98a6b
1898762572212570112,哇厉害了,1941.185,1753441337,eeae67ec
1898770444551886848,哈哈哈哈哈哈哈哈哈,1812.799,1753442275,da4a6923
1899295846349428736,深度学习型会成长,2061.503,1753504908,2233a413
1899311810357134336,陈超超超超哈哈哈哈,1937.372,1753506811,8020f1b7
1899619007338927616,可以的,2140.384,1753543432,f6a66d6c
1899619192483758592,辛苦阿雷了 这么一大段  我都要背半天,2145.64,1753543454,f6a66d6c
1900289831134223104,好丝滑,2143.5,1753623400,6908d584
1900727826387780608,直接转账了，不是地铁卡了,1890.432,1753675613,29c7c55b
1900864257726569216,奇马蓝,2054.335,1753691877,75f02d2b
1900992991485978112,好的画家并不会,1994.973,1753707223,1606bf27
1903906590856424448,对，所以对资本来说是好工具,2119.356,1754054552,c29ddf0d
1905365491481060352,首彩葡萄酒～味道不一样～,1814.065,1754228466,ba4142a8
1905383944120050688,ai i不会创造需求，只会解决人类的需求。,2031.372,1754230666,2ad516b
1906676777745390080,阿雷服装好潮哈,2100.595,1754384784,1327ee61
1907503470140018176,作家，和画家不会。但从事写作行业和设计行业的可能会受到影响，纯商业的会受影响,2014.591,1754483333,f5dd2f0d
1907711567622271232,一个画家的画上千或者上万我都觉得值得，但ai产的图最多一块钱,2110.855,1754508140,b59d3043
1909643331546811648,哈哈哈哈哈哈哈,1802.537,1754738424,d7fb52ee
1913366840508620800,有一只萨摩耶就叫陈超超哈哈哈哈哈,1930.9,1755182301,b30a9c4b
1915224874843617536,前面的萨摩耶的别走,1937.599,1755403796,32f67cc0
1915935882930912000,哈哈哈哈哈哈哈哈哈哈哈哈哈哈哈哈哈哈,1859.99,1755488555,51f2909e
1922480732891760896,陈鸣飞投稿,1994.089,1756268762,8dd2ba4e
1928560476044906752,ai会替代那些水平不高的人，真正的艺术家和作家是无法替代的,2055.3,1756993524,cfd3a899
1930620440054015744,现在AI技术还不成熟，以后就不知道了,2042.591,1757239091,8f57e35c
1950374312087470592,可以娱乐，但没有深度的东西,2005.631,1759593936,5ff286de
1953028710341331200,当然不会,1991.043,1759910365,6e0df0f6
1966172314316318464,好可爱啊这两个人，萌萌的,2019.752,1761477204,1ee5697
1970992051982448640,其实AI给创作圈子带来了很多好处，痛苦的是那些想不劳而获的人，AI反而将这些人筛选掉了。,1971.291,1762051762,9d717ee2
1970992805346750208,想要不被取代就得进步，人类是一直在进步的,2037.466,1762051852,9d717ee2
1980015234983286272,画手可能会，画家不会。写手可能会，作家不会。,2003.369,1763127409,916232ae
2004595551308142848,笔触这个东西AI永远做不到,2129.602,1766057611,ffa3828d
2027798215826511616,有道理哦,2053.34,1768823584,8f58d927
,,0.0,1775683732.8000336,
lb.c,,0.0,1775683732.8000336,
,,0.0,1775683732.8000336,
1895737322071625984,哇，倒过来的角度，不错,2320.614,1752985858,bc12bdcf
1895737389348262144,1000个人欸,2404.742,1752986739,1262b263
1895737464325640448,伦的观点每次都好深度,2429.52,1752988798,dd38837b
1895737568671535360,萨沙确实越来越厉害了,2188.029,1752990345,4bb6c894
1895737635520352512,AI学习能力强能模仿但是创新上暂时还做不到，给他看某个画家的画，他能模仿但是要他有自己的特殊风格还做不到,2307.016,1752992123,da8612fa
1895737675886334208,对对对,2518.778,1752992832,a4557f7c
1895737868891427072,来自四姐的认可哈哈哈哈,2383.869,1752995522,e868d6e6
1895738095023132928,其实就是说ai没有创新能力,2449.334,1753007080,fbf9b322
1895738186207301888,黄子宝宝！,2478.478,1753010860,d93d12d4
1895738219937894656,普通话越来越纯正了,2340.564,1753006552,2f987c3c
1895738308387377408,简单且周而复始的工作不会被AI取代，他们只会被机械化和自动化取代,2177.8,1753012446,da6fca28
1895738539074097408,可是这样的画家真的很少啊,2355.484,1753016161,cb47e4db
1895738633898922240,肯定是指定啊,2166.696,1753023213,691ef385
1895738659433844992,厉害,2461.836,1753022215,7d9f8a33
1895738860030628096,ai只能生产“产品”,2438.121,1753027530,9cc53f64
1895739034186518784,伦儿说的好有深度,2417.125,1753066030,91850ea9
1895739151803191552,老王说的对,2249.4,1753067040,f7934ca3
1895739188276859136,罗师杰在做捧哏,2338.921,1753070661,5268d633
1895779537472677120,很喜欢伦二这个比喻,2442.524,1753085731,3a31dcb7
1895880915561975552,说的确实好,2456.856,1753097817,db27ad6e
1895903241901117696,哈哈哈哈哈哈哈哈哈哈哈哈哈哈哈哈哈哈哈,2382.245,1753100478,4365b2b7
1895978595307183360,黄子！,2470.27,1753109461,692c8ed6
1896020644002007808,我真的我好多次都和萨沙一种选择，高度重合,2355.219,1753114473,683bd9b9
1896387667051097344,创作过程本身也很迷人的！,2197.312,1753158226,1195ac4c
1896391286534280448,我觉得最多AI的作品和人类的作品放到平等位置去欣赏，不会谁取代谁，就像人类不会只需要一个艺术家。,2329.047,1753158657,1195ac4c
1896433511490107392,伦真的每次都说的很好,2449.736,1753163691,dd1dd59f
1896446842347168256,对的。还很无厘头,2510.941,1753165280,9ec95bfa
1896478238348470528,AI没有人所具备的“灵性”，这个是根本区别。,2484.776,1753169023,130b1ee9
1896481816450316288,但那么多著名的画家，活着的时候都没见到自己画出名啊，现在这个行业，艺术还是单纯的艺术吗,2362.688,1753169449,21030a05
1896495205256114944,英专生落泪,2257.924,1753171046,272cb156
1896500684711484672,说白了AI都是把现成的 现有的知识告诉你 它无法创新 没有创造力 也不灵活,2475.575,1753171699,fc8a9b09
1897059227684406272,现在门铃还是用的那个，后面的杨紫琼没必要，前面的那个欢迎来到毛雪汪还行,2509.318,1753238282,35645b71
1897154550214244864,现在小说好多都是ai写的,2317.184,1753249646,d7cb2127
1897198418581828096,更像是Freestyle的,2163.42,1753254875,6f99a845
1897285342076082688,中东人好爱用具体的比喻 好玩,2241.494,1753265237,290bcf14
1897353535075926016,哇伦儿讲得很好,2457.048,1753273366,bbeae81b
1897433976919450368,AI可以帮你炒作 帮你买热搜 买水军 坏的也会变好,2340.159,1753282956,d844b0d7
1897838265261261568,ai创造现在最大的问题是版权，它的数据哪来的？,2329.257,1753331151,9cdf46e6
1898170337209376256,伦是有文化的,2407.645,1753370737,c4640bae
1898593071588396800,不指定的话会长和杨迪肯定会控场的，不然非正式会谈就变成非正式广告了,2170.649,1753421131,ae954710
1898594159171501824,这个点很对啊，其实观众也是作品的一部分,2314.377,1753421260,ae954710
1898594721166096128,是的，没法取代艺术先驱者，但是人类多久才会诞生一个艺术先驱者呢,2398.763,1753421327,ae954710
1898858478203265536,AI是能画出来的，但是目前AI还没有真正创新的能力,2354.986,1753452770,85cd1b5c
1899282247644146688,伦说的超好,2450.24,1753503287,c89ae7d7
1899389604638008064,这样就意味着只有大画家才能生存,2315.347,1753516085,422009b7
1899968866063992832,钟逸伦的观点好到我想记下来,2407.551,1753585138,85e961e3
1899971539840366080,是的，有时候ai出来的东西是不实际的，属于给你描述的天花乱坠但其实并不实用,2516.355,1753585457,85e961e3
1900045394068096512,萨沙是不是deepseek了,2365.82,1753594261,37dfb466
1900699314750768896,AI不抽象,2514.068,1753672214,10555ed6
1900775830246937344,完全同意伦儿的观点,2435.304,1753681336,a9930091
1900996813578880512,"很简单，好的创作,有灵感的创作不会被取代",2425.093,1753707679,1606bf27
1901031552633139456,这不兴叫哈哈哈哈,2498.047,1753711820,c35a3236
1901722114823131392,是抽象,2352.846,1753794142,5adbede8
1903867788553414144,这个议题可以看当下社会在机器大生产的时代我们总是追求手工工艺但是再看我们在什么东西上追求什么手工,2232.109,1754049926,8d3fe83f
1904376810779811584,翻译作品是再创造，当然属于文艺作品了,2280.086,1754110606,21f73640
1905336105902178560,1111,2456.232,1754224963,94dc5d7b
1905386536745115904,数据量都是过去的，像ai创造的一些画作都是基于历史风格，没有未来的风格。,2288.044,1754230975,2ad516b
1906081274615969024,制造业，，,2184.094,1754313794,6748a4fa
1907510299724980992,没错,2175.769,1754484147,f5dd2f0d
1909633496364914688,感觉好多代表还有别人不了解ai画画的原理。那真的就是裁缝大集合,2203.365,1754737252,142fcb13
1916012736815445248,有几个确实在搞艺术的，大部分只是在所谓的艺术行业里混口饭吃而已,2297.01,1755497717,272ec1ba
1919515972591515392,ai又不能原创，出来的东西都是人家已经有过的,2324.575,1755915335,d61f036d
1919765655767985408,确实,2390.9,1755945099,39b1306c
1920593694097511424,但是那么多人之中又有多少个大师呢？千里挑一。只能说大师难以被AI替代，但大多数普通人是很容易被AI替代的,2364.264,1756043809,288a6e7
1921471313504249600,哈哈哈哈哈哈哈哈哈哈哈哈哈哈哈哈哈哈哈哈哈哈哈哈哈哈哈哈,2384.908,1756148430,d0352b3
1924730497872245504,但是很多人其实也只是围着光圈内打转，只有少部分是能发出光的哇。ai无法完全取代，但是ai取代大部分工作应该是必然的,2449.995,1756536955,90bb401c
1937410966522432000,不愧是高材生,2428.936,1758048584,664fbc21
1944395634396738304,可是艺术的标准是很难说清的，尤其是超越时代审美的艺术,2372.895,1758881222,952047f4
1946596116557161472,同传不可能，比如自古以来，中国有句老话，你怎么翻译,2271.392,1759143540,24bc755
1953032408702466560,哈哈哈哈哈哈哈哈哈哈哈哈,2390.919,1759910805,6e0df0f6
1964145062028178176,哈哈哈哈哈哈哈哈，怎么我在非正还能听到黄子,2469.118,1761235537,f260f6db
1965470285503505664,但是现实中其实有一些需要创作的。工作他确实是会被AI取代，因为作为商业用途，AI的那个程度是完全够用的。这是我们一个从国内大厂离职的老师跟我们讲的。因为他们当时在做东西就已经套模板用AI。,2380.266,1761393516,d0b3063b
1965962475476472064,梅丽莎好好看,2271.709,1761452189,5c1cccf8
1968996492291897088,好啦ai取代不了伦儿,2435.324,1761813872,269700bc
1969411312866597120,如果人类不再进步 那AI还会是AI嘛,2414.221,1761863323,7ed3ebc
1985133228776545024,翻译读空气什么的感觉能训练,2278.757,1763737521,55203a50
1985134760192303360,可以训练,2518.973,1763737704,55203a50
1996728559007878656,ai应该是从1到60，而人是负责从0到1和从60到100的,2430.868,1765119792,74ba3500
2056102682372178688,ai模仿的只是形式,2363.539,1772197739,fa9ad547
2082958314446724096,AI只是提高效率的工具,2221.713,1775399180,a4d2be15
,,0.0,1775683732.8000336,
lb.c,,0.0,1775683732.8000336,
,,0.0,1775683732.8000336,
1895737410512720128,感觉这个有趣1,2795.193,1752988764,39108e46
1895738094108774656,意识,2662.0,1753003029,6653a374
1895738218117566720,我更喜欢作品独立于作者存在,2704.182,1753012025,729cd479
1895738283766812928,除非ai哪天学会了思考和不按常规，但是人类会允许这样的它们存在吗,2540.067,1753010137,10294f3d
1895738567352094976,主要是用得少了吧,2862.128,1753022489,61f1cb93
1895738632992952576,超超太美啦,2555.795,1753022069,1f0a24fa
1895738636633608448,真的很爱Dylan，每期必cue，哈哈哈,2649.068,1753021557,6e443ff5
1895738730552463616,deepseek是这样的！,2522.65,1753021395,6e443ff5
1895738777964876032,大左又困了,2711.853,1753025162,d6bfe3aa
1895738899238981888,阿雷一定很有语言天赋,2864.374,1753026188,3b5559de
1895738997712851200,加字游戏,2829.421,1753054603,5dbe0dac
1895739267607924992,西语里的人称变位和阴阳性很有意思，我，你，她，他，您，你们，我们，他们，她们，您们,2804.071,1753072834,293203a
1895850139940747008,工作报告AI的确是好帮手！,2543.657,1753094148,416bbb9a
1895921119618453248,作品和作者根本无法分割啊,2714.73,1753102609,e1f0140c
1896012893708357120,ai没有人生，但是ai有你们呐,2743.137,1753113550,698bab0d
1896065447497910528,语言环境很正常手能生巧,2876.525,1753119814,cc2734ec
1896479661995797760,Blade Runner,2645.459,1753169193,130b1ee9
1896654942690213632,中文是积木并且是榫卯结构,2830.122,1753190088,89807551
1896772345109555968,词根词缀 哈哈哈哈哈哈,2818.729,1753204083,1f9c8d2e
1897102321968798464,不知道为啥这个话题老是让我想起崩铁里的博士尊，我们强大的智识星神,2549.068,1753243419,f5a06ba5
1897196758887995392,AI代替不了艺术家，但AI能代替打工人，作为普通人的我是焦虑的,2757.811,1753254677,b0fb79b9
1897363087586601216,是的 英文是树形语言,2824.014,1753274505,84203b4
1897872503666875648,超超说得好～,2569.221,1753335232,c76fd2
1897944087584629760,来了看预告最感兴趣的话题,2788.137,1753343766,9cdf46e6
1898191646873602816,我靠，这个观点让我耳目一新,2536.947,1753373277,f0071fca
1898587064925435904,这个话题好！,2795.805,1753420415,a18ccce
1898596254410661632,ai如果把微醺状态也建模了之后可能就能复刻了，并且能随意还原,2581.86,1753421510,ae954710
1898596665712523776,确实，一个平庸的内核很精准,2640.395,1753421559,ae954710
1898861636539289344,而且目前可能觉得觉得AI的有些图或文字有灵性实际是观众自己的赋予这些东西的主观体验是观众自己的灵性不是AI的,2668.317,1753453146,85cd1b5c
1898899350840110848,是不是ai的记忆能力有上限的原因？,2636.01,1753457642,2ddb40c0
1898913616263543296,ganghood这个真的不是广东华侨带去的词吗江湖的粤语发音啊哈哈,2769.624,1753459343,e8831434
1899395980466646272,大左那个表情，哈哈哈哈哈哈,2727.784,1753516845,2a7b6daf
1899451219231916544,因为没有坚持每天都用ai跟它进行大量互动给它数据样本支撑，所以我认为每个人用的ai都不一样，我觉得我的ai还是挺像我的,2647.849,1753523430,cb8fc6d6
1899934260052788480,中华文化的包容性哈哈哈,2849.24,1753581013,ae954710
1900015569328667392,好喜欢这个话题,2795.283,1753590706,85e961e3
1900048826854286080,那人的灵魂是电子信号吗，如果是，那人有没有可能是超级精细的碳基“机器人”,2655.645,1753594670,37dfb466
1900281300003517184,西部世界的核心就类似这样的,2602.68,1753622383,cd73212b
1900285629850936576,确实起码目前的ai画作没有人画的灵气,2557.858,1753622899,21100105
1901048146860625152,这棵树的动画是ai生成的吧,2803.727,1753713798,bba3e7b3
1901659990159627264,对，写文也是太高大上了，不接地气,2520.306,1753786736,105f52db
1901679859307668992,前面的，你把ai想得太厉害了,2738.443,1753789104,8c5fa1a1
1901694474971820544,知人论世是解析作品的一个重要观点,2714.601,1753790847,bb1af361
1901807782567905536,小熊说法语的表情好可爱,2871.945,1753804354,6b233d5a
1902175987245469952,灵韵,2668.184,1753848248,3fc3c7dc
1903102126856042240,人的反应和情绪千变万化 ai需要基于data来学习复刻 但人心和思想复刻不了 因为你自己都不知道你到底会如何啊,2743.891,1753958652,95e70b5d
1903911544119548672,机械劳动（报告、PPT、标准化文案等等）确实适合AI,2552.306,1754055142,c29ddf0d
1905283396587498240,我也有这样的担心，毕竟大的发现是要在小的累积基础上的。如果这些小的方面都被ai包圆了，人类还会有大发现的灵感吗,2568.797,1754218680,1739167a
1905322044405448448,心理学本来就有灵魂,2690.41,1754223287,f73e1df3
1906144811317396224,我以前学英语的时候，也会想外国人学中文的体验是怎么样的,2818.823,1754321368,de5d2566
1906664836822229760,所以说语文考试里的阅读理解靠标准答案就很扯,2687.504,1754383360,16673124
1906696462252080384,感觉伦儿是语言限制了发言,2529.891,1754387130,64b0d079
1906886153408858112,好适合我英专生来听 ,2814.7,1754409743,937fdd57
1908206015506796288,ai不可能成为艺术家 这句话有问题吗？,2749.178,1754567083,d8a8f583
1910400646260643072,喜欢这个论题,2802.046,1754828703,8815c960
1912295074109538048,前面的也可能没有理解什么叫创作，ai可以实现艺术产出，但跟创作还是差远了的,2744.468,1755054537,a8fe5ea9
1912306335295954944,怪不得我学英语困难,2848.344,1755055879,cdc7bc83
1914618808048601600,说的好好,2678.049,1755331547,39959bed
1914619278565804800,大左看手机哈哈哈,2728.618,1755331603,39959bed
1915193156341953792,现在ai就是一个全领域博士只是专家。他只是没有真实世界的更多样样本数据,2569.108,1755400015,23dde82b
1915445346528739072,电脑病毒：我来看看怎么个事儿？,2576.487,1755430078,aa8cb2c6
1915986185612797696,“就没电了”哈哈哈哈哈哈哈哈,2591.443,1755494551,cd971f7f
1916852564402818816,江湖不是打打杀杀，江湖是人情世故wu～～～～～～,2764.246,1755597832,ebcfcea3
1919268751279502848,这只能证明如今的AI还不聪明，还不智能，难道AI技术不会变得更厉害吗？,2612.277,1755885864,8ff620f
1921321382714216960,信息熵大,2841.927,1756130557,c8faf44f
1922681235663422464,如果AI真达到这个高度，那AI就不是AI了，人类也危险了,2697.724,1756292664,bc17ebe1
1926387262783289344,人类作为个体，生命体验是有限的，而ai作为更高级的文明，或许会不会被我们想的太简单了。,2771.566,1756734456,d0244f28
1928566961126791424,他说的太绝对了，ai技术刚刚起步，未来的发展是不可预知的,2749.14,1756994297,cfd3a899
1928568074974780160,英文是孤立的好吧，中文是组合式的,2834.7,1756994430,cfd3a899
1952531056876225024,如果AI能够有自我意识和思想，AI就是人，人退为动物,2715.729,1759851040,3d553d69
1996732419327971328,中文很简单很适合其他民族学习 所以中国才会是一个多民族国家 并且从不排斥其他文化海纳百川,2835.006,1765120253,74ba3500
1999292041175421696,Ai man姐吗哈哈哈,2602.201,1765425383,e4630f95
2027802308762818304,这个观点好,2541.215,1768824072,8f58d927
2045095330529259520,这个想听很久了！,2795.731,1770885561,e6d149b0
2069023283827016448,AI可以创作，但是每个人有独属的成长经历，他创作的东西是独一无二的，所以替代不了个人,2739.673,1773737995,6b2b33d2
,,0.0,1775683732.8000336,
lb.c,,0.0,1775683732.8000336,
,,0.0,1775683732.8000336,
1895737617359016192,哈哈哈哈,3218.723,1752993544,a4557f7c
1895737713425355008,但是中文商务场合也会这样，中文也有客气和礼貌,2976.263,1752992710,5866b398
1895737727702765824,但是中文之前也这样，白话文运动时就有胡适“干不了，谢谢”“才学疏浅，恐难胜任，恕不从命”的案例,2975.656,1752993017,5866b398
1895737820195557632,哈哈哈 我第一遍也在疑问 你不是医生吗  结果发现卡在了中文上哈哈哈哈哈哈,3227.366,1752997558,fbf64f60
1895737998369591552,好喜欢伦儿讲故事,3143.561,1752999620,7b5f275c
1895738106876236032,伦的冷知识好多哈哈哈哈,3121.118,1753010691,450eca7a
1895738131496800512,英语四级准备,3180.027,1753009480,8fd891b1
1895738136966172928,德语出来说话,2889.523,1753008855,47376c28
1895738139700859136,日本文化有些过于客气了，反而成负担,2979.348,1753006769,13ee2db9
1895738374950981888,日文的语法结构太麻烦了,2947.238,1753012693,58c62de
1895738385889726720,语言环境真的非常重要,2880.638,1753014675,c0184399
1895738605637701888,哈哈哈，西语信息密度太低了,2887.48,1753021179,913778e0
1895738888291848448,和语言背后的语境文化有关的,3004.846,1753030941,5404f33
1895738956675780864,日语真的，可能是因为日本人很容易不安所以很喜欢叠甲,2968.764,1753036550,7a1afabc
1895739047859949824,伦儿个学霸知道的可真多啊,3138.994,1753066617,91850ea9
1895739281281356032,这解释也是费劲，中文六个字解决：有根源无系统。,3165.086,1753078062,1ea53aa5
1895813671943725312,说英文是因为没学过其他语言hhh,3058.228,1753089800,18de2fc4
1895885303986710784,七月八月是纪念凯撒和屋大维硬加进去的我记得,3103.283,1753098340,db27ad6e
1895963615233216000,月天~~~~,3088.264,1753107675,bb240a6
1895984463582683136,伦儿好棒！,3141.672,1753110160,692c8ed6
1896199650127027712,Medium well steak,3202.601,1753135813,74e59e26
1896307962851638528,Mayday！Mayday！,3084.608,1753148725,b748a01c
1896408715746876416,原来如此，怪不得烷烃的英文名是这样命的,3130.385,1753160735,30eb9777
1896433111504550144,月份的英文在西方文化中也算是历史文化的体现,3081.902,1753163643,a076c47d
1896450535448673792,杨迪太有意思了,2936.319,1753165720,9ec95bfa
1896482053151608320,文化语境不同,2926.889,1753169478,130b1ee9
1896482757568255488,看过日语邮件的结构 那是真含蓄啊 好像说“不”是天大的错,2948.052,1753169562,130b1ee9
1896753204394875904,店家不想给别人用，为什么还要设置自己的店名为WiFi名啊，这样每次都解释多麻烦,3049.958,1753201801,2677cf4c
1896946225677535744,是凯撒和奥古斯都加的7月和8月打乱的吧,3129.064,1753224811,a5fb62e5
1897250225970898176,而且13月 和 星期八这种说法 他们只能重新创造一个词,3115.972,1753261051,c5e94360
1897407157516052224,就像知道奶奶的礼物用俄语怎么说，真的那么长吗,2896.574,1753279759,d849b843
1898582067882162432,日本人说一个句子 一半都在委婉,2941.965,1753419819,76036370
1898588868694397440,敬语地狱,2954.96,1753420630,a18ccce
1898590585045603584,这个是历史上的语言融合因素吧,3060.517,1753420834,a18ccce
1898665512134126080,说普通话久了会忘记方言,2905.249,1753429766,b0850c04
1898850951616771840,为什么要留下殖民的痕迹,3157.268,1753451872,ef8bd67d
1898937681158312448,还有星期,3074.909,1753462211,b465622b
1899312426064304384,中文好比压缩包,2881.612,1753506884,714d1f13
1899359596045350144,哈哈哈哈京都人,2942.526,1753512508,48caf715
1899668818784674048,这是人为的，任何国家要是愿意这样，也能在表达一个简单含义时去延申自己的句子,2968.119,1753549370,395ce43e
1899936646569887488,还有星期。日语也要再背一次,3072.627,1753581297,ae954710
1900498638082942464,懂日语的可能会懂吧 真的巨长一段,2997.345,1753648292,8205cc06
1901004936989475584,其实赖赖的发言都挺有信息量挺好的,2962.898,1753708647,2c9403ee
1901005262887011072,好温柔啊,2994.395,1753708686,2c9403ee
1901007210696225280,日耳曼人,3145.006,1753708919,2c9403ee
1901007274919789824,棒棒,3148.423,1753708926,2c9403ee
1901007503156656384,原来如此,3165.412,1753708953,2c9403ee
1901007627769515776,很详尽诶 原来不知道,3169.51,1753708968,2c9403ee
1901036066467942912,唉确实会有些容易导致内耗,3036.179,1753712358,c35a3236
1901601973363943680,中文是象形文字发展来的,3076.554,1753779820,92f8c01f
1902328538762730496,反了,3049.595,1753866433,89ed58e
1902903884662556160,一个Wi-Fi都这么抠啊,3030.227,1753935020,96f86921
1903773304859711744,非常容易不安的日本人,2947.431,1754038663,5eebbb86
1904212771181454848,主谓宾主系表的顺序是一样的,3210.693,1754091051,4213efaf
1904516264131825920,正常吧,2882.476,1754127230,3e5e834
1904516761693761280,哈哈哈,2941.821,1754127290,3e5e834
1904516806791007488,晒伤妆,2947.196,1754127295,3e5e834
1904519028052442624,混了是吗,3179.667,1754127560,3e5e834
1904710780163548160,你习惯了，完全没问题,3083.008,1754150418,1606bf27
1906026731576451328,这个确实有点直接了，中式中也确实可能存在这样的,3018.666,1754307292,c8137052
1906684917807754240,英文比法文容易,3070.951,1754385754,1327ee61
1907637741270252032,呜呜呜英文里器官名词和病的名词和相应科室名词真的大部分完全不一样，太痛苦了真的完全不一样,3237.084,1754499339,ff8d4f0a
1907900244344148736,？我们大学老师都说英文天生自带逻辑……,3046.075,1754530632,21c98764
1907939231465567232,哈哈哈哈哈哈集合,3078.613,1754535280,27e7f95a
1908208058292258560,日本好累,3042.943,1754567326,d8a8f583
1908238397278553600,想委婉也可以委婉呀。只是大家觉得太装不那么说了,2986.636,1754570943,a4b37ddf
1910303699142508800,所以我总觉得他们说话烫嘴？,2905.236,1754817146,664d29dc
1910306040881807360,忍。哈哈哈哈哈哈哈哈哈哈哈,3034.062,1754817425,375127a9
1910306198109537280,濑濑刚来时候的梗,3034.062,1754817444,375127a9
1915449847520377088,动物名+肉表示某种动物的肉。这是几千年沉淀下来的智慧,3051.605,1755430615,aa8cb2c6
1915991236444326656,萨沙好搞笑哈哈哈哈哈哈哈,3217.489,1755495154,cd971f7f
1916226599335198464,donde donde,2931.706,1755523211,41d23346
1916228677268589568,wow,3173.682,1755523459,41d23346
1916315156007532032,前面的，除了没有小贝拉逻辑,3181.139,1755533768,299590f4
1916619295518292480,哈哈哈哈哈哈哈,2919.677,1755570024,51f2909e
1919962561386910208,不安,3011.16,1755968572,3bd57624
1920500537993289984,这个就是我想吐槽的，英语的日期真的好难记,3060.432,1756032704,7b3cb016
1923466522425711872,伦儿才是真正的博学学霸,3150.234,1756386277,a82a2ebb
1929348917360019200,其实中文更没有逻辑，就是你想怎么说都可以，主要就是看积累量了,3057.608,1757087513,467053b4
1932308120081196032,我第一次在国外吃牛排 说五分熟 five，服务员大问号,3201.353,1757440278,52ac390e
1938326182697830400,对对对，这个很麻烦,3032.573,1758157687,69dfa122
1944620545828698368,10个月 那年都要过错,3124.155,1758908033,1875fd96
1960152989767726848,词源太多，还要混着不统一,3101.673,1760759645,7bf5ae5
1960315171222860288,商务对话,2985.653,1760778978,99cb8cc6
1970391830956991744,英语学渣产生了一些不好的回忆……中文换个字就能表达清楚的事儿，在英语里面要挨个背单词,3201.922,1761980210,f517d2b4
1971032280625968128,这不叫逻辑，这叫历史渊源，如果英语本身有逻辑，他就该根据自己的语法规则来解释这些东西，而不是照搬别人的,3173.232,1762056557,9574db04
1986522542408234752,著名“星期八”哈哈哈哈,3064.179,1763903140,2a9d92f9
1988680519910594304,好可爱的语气啊,3211.732,1764160391,c847ffba
2015997122545654016,凯撒大帝修改了历法，十个月变成12个月,3118.741,1767416784,ae954710
2029776380103077120,都去店里吃饭了还不让用WiFi确实不厚道,3021.134,1769059400,361d239
,,0.0,1775683732.8000336,
lb.c,,0.0,1775683732.8000336,
,,0.0,1775683732.8000336,
1895737449360363776,哈哈哈这个音效,3434.307,1752989690,dd38837b
1895737554259906816,汉语自带超链接,3502.689,1752990382,7e894dc7
1895737698191642880,英文不是也有一些语气词吗,3463.7,1752993765,534bf33e
1895737702964760832,现在小孩学典故也是这样的,3515.271,1752993777,5866b398
1895737848280617216,所以他们上大学贵的要死,3301.863,1752995548,136254b6
1895737891691663616,如果目标是跟人勉强交流的话，很简单,3388.746,1752996103,7864b331
1895737902630408448,哈哈哈哈哈哈,3542.495,1752996835,e868d6e6
1895737928165331200,对啊对啊，本来就是啊，所以那些鼓吹国外如何教育平等的，本来就是扯别的，首先连语言就是不平等的门槛很高的,3270.78,1752996508,e868d6e6
1895738086819074304,感觉我和听英语一样,3398.682,1753007529,2f987c3c
1895738104141549824,我听英语听力也这样,3398.818,1753008039,fbf9b322
1895738124207100160,这里应该是well,3591.94,1753002948,90a344d5
1895738260068995328,语言浓缩ww,3415.286,1753013167,58c62de
1895738461571748096,亚洲语言普遍是这样的，主要还是大中华地区辐射,3581.0,1753014800,b345a1e6
1895738525392277760,我也发现了这个问题,3257.235,1753015917,6ee65ea5
1895738653964472576,此处BGM已经日本风格,3569.688,1753025562,226099f9
1895738823556960512,太where了哈哈哈哈哈哈,3558.444,1753026489,8ad6ba0b
1895738935712649472,我感觉老王就这几期非正下来汉语都有进步了,3428.469,1753027972,8d665d98
1895738962153541888,其实我现在在英国生活，无论是跟哪个国家的人说话，我经常回答嗯，他们都可以听懂，真的很方便很中文的表达,3471.945,1753054895,973da82
1895738991337509120,前面啊？的点在哪里？？,3505.733,1753067454,43cb6c93
1895739004096581888,我也才知道,3285.669,1753033782,d5c5e535
1895739009565954304,哈哈哈哈哈哈哈哈哈哈,3317.609,1753068397,f7934ca3
1895739326890217728,成语是超链接，所有熟语俚语和歇后语才是压缩包,3537.481,1753078668,1ea53aa5
1895809281815646464,最惨的是日本人，在这些基础上还要翻译成片假名背,3285.983,1753089277,d2fc1204
1895891365066548224,汉字自带压缩包超链接,3506.18,1753099062,1eeaccb8
1895906708459891456,哈哈哈哈哈哈哈哈哈哈哈哈,3542.014,1753100891,8223018c
1895917280982994176,弹幕呢？,3380.471,1753102152,4365b2b7
1895937886776867584,戴卢可是佛拉芒人,3461.641,1753104608,be52f108
1895945065151751424,1,3469.14,1753105464,83719079
1895974459136292096,老王这个手指的动物太萌了哈哈哈哈哈,3368.702,1753108968,c5fcbd94
1896736230398801920,迪伦想介绍哈哈哈哈哈哈,3285.135,1753199778,b9816bbd
1896738375130942976,哈哈哈哈哈哈哈哈哈哈杨迪太有梗,3552.143,1753200034,b9816bbd
1896773498131941888,不想听，不想了解医学法学这类太专业性的东西,3330.832,1753204221,b176604b
1897146857139167488,吧 吗 哦 ,3449.353,1753248729,35645b71
1897148948762767360,中文常用字2千～三千字，医学法律都能看懂（每个字）英文你得重学,3300.605,1753248978,729e3ab7
1897240958723524864,他是整形医生,3245.183,1753259946,c05066cc
1897344309032788992,HHHHH,3548.929,1753272267,e724095e
1897353674855129344,老王的汉语是靠“百家饭”成长的啊,3413.629,1753273383,d403eb94
1897959016110826496,我感觉日语表达比中文更模糊，但欧语系应该比中文清晰,3481.107,1753345545,9cdf46e6
1898037661450136320,没有语言是难的，融入当地都很容易学会,3360.179,1753354921,6ba6f998
1898147251440773632,学医的英文巨长一个单词,3249.832,1753367985,33c2f0de
1898595100549340416,yeahhh和“え？”的洗脑率也很高,3442.216,1753421373,a18ccce
1898595474438069760,好的，收到,3466.201,1753421417,a18ccce
1899889882369721088,然,3577.428,1753575723,3e3ca627
1899940569846165248,英文里的humm不就是这种意思吗,3483.17,1753581765,ae954710
1900248293867858176,看吧~,3476.886,1753618449,1bd801ae
1900268259098969856,大学学心理学法学，专外学的人想死，开卷我都累死，必须背一些，不然翻都翻不到,3309.209,1753620829,68efaa5c
1900386229888349440,害,3588.413,1753634892,33977ab
1900504034642194432,而且现在还在一直造新词 网络迭代也很快,3536.387,1753648935,8205cc06
1901038009001065984,确实，会有专业壁垒,3267.74,1753712590,c35a3236
1901043281199645696,整形医生不背专业医学词汇吧,3248.477,1753713218,ae954710
1901055028312566528,嗯 用英语的yeah 不行吗,3513.992,1753714619,bba3e7b3
1901699298253806080,哈哈哈哈哈哈哈哈哈,3555.241,1753791422,bb1af361
1902215296740708608,中文一个哦～～～能表达很多意思,3489.451,1753852934,167a1194
1902491000623422720,生物学全是拉丁语,3260.405,1753885800,59b380d7
1903115360002498048,汉文人点了,3530.814,1753960229,95e70b5d
1904402415873511680,哈哈哈哈哈哈,3438.59,1754113659,6327891d
1904520475078927360,我也想听伦儿讲历史,3336.829,1754127732,3e5e834
1904713978178131968,你会不会说重要的是环境问题，像我现在的应试教育，会看和阅读英文，写和说就很差,3417.528,1754150800,1606bf27
1904714897275852288,很多更复杂的，很多中国人也不知道,3523.445,1754150909,1606bf27
1904715420767052544,不就是看语气的吗,3577.83,1754150972,1606bf27
1906688697462662912,小姐姐英文很好好听 不是脖子右柠哈哈哈,3466.311,1754386205,1327ee61
1907359113126774016,粤语无障碍～喺！,3563.437,1754466124,d9a3acb1
1908669758451742720,还有古希腊语,3297.211,1754622365,f41917e3
1910307226334185216,让伦讲下历史,3294.697,1754817567,664d29dc
1915992112592547840,我想听伦说,3296.419,1755495258,cd971f7f
1915994372726802176,四姐reaction好棒,3542.21,1755495527,cd971f7f
1916230844314519808,语言还是要在环境中学,3421.751,1755523717,41d23346
1919282737379220480,匈牙利语也非常难,3351.111,1755887531,8ff620f
1920520378267664128,意群,3403.007,1756035069,99536495
1921097014738263808,陈铭老师说的吧,3438.683,1756103810,bc1232f7
1921950390136930304,就跟中国的好字一样，有时只是表示听到你话里的信息而已,3576.112,1756205540,91f228fb
1926835259497439744,经常看着看着觉得他们几个老外把中文说这么溜好厉害,3412.989,1756787862,b97e7a27
1938829039104673792,笑死我了，这句话谁说的？,3434.256,1758217632,c1c7a66
1996737031745336320,并非,3352.126,1765120802,74ba3500
2011293092187681536,哈哈哈和我对日语的感觉一样，，，呆了10年多 后面觉得是没有尽头的,3529.002,1766856020,1bdc989c
2012585087044033536,这个确实 日本的法律和医学基本是学习德国 舶来词也是基本用德文音译,3321.095,1767010038,83537bde
2018529617530469888,秦嗨汉诺,3562.248,1767718681,a29de8f8
2021310047682553600,是的,3262.826,1768050134,9ae24a60
2035768047671333888,法律也是一样的。中国法律也一样,3275.017,1769773662,f466f7d8
2038743529190839040,先学字，以字正音，阿拉伯人有这个意识，所以他才能学这么快，欧美人完全没有文字的概念，所以觉得中文最难,3384.196,1770128367,7966ad44
2038746329182394624,表情语言，本来也不用翻译,3590.184,1770128701,7966ad44
,,0.0,1775683732.8000336,
lb.c,,0.0,1775683732.8000336,
,,0.0,1775683732.8000336,
1895737386328363264,哈哈哈哈哈哈,3617.105,1752987469,882cd619
1895737509229859072,哈哈哈哈哈哈哈哈哈哈,3676.144,1752989498,59dfb4d2
1895737583057998080,天啊，67个字母组成,3637.073,1752989336,eb069b0d
1895737632492065024,来个短的,3853.378,1752993748,6cf1571
1895737693435302144,哈哈哈不许总结,3609.164,1752993497,6cf1571
1895737816580067584,这里字幕错了，表音文字,3890.122,1752995204,5579ad8f
1895737979226788096,这一季字幕太多错误了，怎么回事啊，中文外文都错,3896.211,1753006124,aab7b18b
1895738066770301184,日语和韩语是不是也是？只要会拼都会读，但是意思得再记,3906.105,1753001542,545954c8
1895738087733432576,哈哈哈哈哈哈哈哈哈,3845.99,1753000556,7b5f275c
1895738152468320512,哈哈哈哈哈哈哈好可爱,3651.946,1753012041,d93d12d4
1895738180737929472,巴别塔,3742.261,1753008044,a62ceb35
1895738275562754304,英文就有刚刚说的英法问题导致逻辑混乱,3943.0,1753015298,b345a1e6
1895738327530180864,日语是半拼音，保留部分中文,3886.0,1753015152,b345a1e6
1895738332093583616,象形文字就是比拼音文字要方便的,3886.0,1753015173,b345a1e6
1895738336648597760,所以传播效率很高，且没有文化断层问题，所以逻辑一直能保持,3943.0,1753015269,b345a1e6
1895738357620117760,想起之前看的用各国语言唱知否。到俄语就跟念咒一样,3849.285,1753016974,910793e9
1895738458845450496,啊啊啊最喜欢听大家聊各语言的特点！这是我当年看非正的初心,3614.056,1753016407,a354f0d2
1895738658519486720,愚者无畏也是一个压缩包呀，它不是常规的意思，俄语也可以生成一个压缩包,3826.746,1753025972,fe92a296
1895738785262964992,哈哈哈哈哈哈,3817.962,1753023551,ef8f951e
1895738933883932928,头晕了,3644.316,1753035085,13a0d4c4
1895738979476017408,确实，看小Q联合国的时候同传俄语的信息密度好低,3838.236,1753041245,cdfc31da
1895739066096783616,哈哈哈哈哈有意思,3612.271,1753067134,91850ea9
1895739104407556352,突然想起之前埃及代表穆小龙的名字也很长,3658.216,1753041498,4e76690
1895739162750324992,尼采：事情没有对错 只有视角不同,3726.186,1753073245,cb0b74b0
1895739177338114304,哈哈哈哈哈大家注意有位烫嘴的德国人要来啦,3629.774,1753067187,91850ea9
1895792428078861312,还真是,3941.511,1753087268,3a31dcb7
1895853082563739136,好漂亮啊,3705.421,1753094499,dc02669c
1895873710125642496,湖南话“搞”也有好多意思。,3601.591,1753096958,29a218df
1895907346799683328,翻译是代表自己翻译的,3697.145,1753100967,d0a706e0
1895978079743661568,decode（语言学人惊坐起,3717.032,1753109399,c5fcbd94
1896108421095192320,姐姐的专业和今天的话题好适配，语言差异,3706.185,1753124937,7388c77a
1896515341271146240,我喜欢这个话题，有意思,3616.444,1753173446,b99d4a1f
1896518162234223872,信息熵,3876.963,1753173782,b99d4a1f
1896543132645330432,这颜值，太好看啦！！！！,3695.311,1753176759,832cc876
1896780626377012736,不动产超级抵押,3636.607,1753205070,1f9c8d2e
1897154366721285632,我又要骄傲了，联合国文件里，就属中文那本最薄（叉会腰）,3813.058,1753249624,729e3ab7
1897941956827989760,都在酒里了,3865.043,1753343512,8b93c9d9
1898002374233537280,好像现在学校初学英语不给学音标了？,3917.24,1753350714,2a453a04
1898102017021935872,满分5,3789.416,1753362592,b29ebb7b
1898156268347363072,我记得我初中那会有学音标 但是不会重点去考,3923.454,1753369060,33c2f0de
1898512243499875328,大左表情笑死我了哈哈哈哈,3865.395,1753411495,4b7d9bf5
1899331643441710592,哈哈哈哈哈哈好可爱,3679.808,1753509175,1091612d
1900180799328848384,确实像吕一,3719.965,1753610403,115a0075
1900386773294106880,不对不对,3653.208,1753634957,33977ab
1901012436203785984,强行闭麦,3615.255,1753709541,2c9403ee
1901013060701833216,字幕乱回了,3657.418,1753709616,2c9403ee
1901170929900720384,还确认下对不对哈哈哈哈,3831.848,1753728435,aa15251e
1901171333829032960,给陈铭总结累了,3859.411,1753728484,aa15251e
1902159930518213632,六书,3947.484,1753846333,705b52ba
1902331185083402240,大学选修语言学讲过这个区别,3951.181,1753866749,92f8c01f
1902335700813538048,分析语,3890.528,1753867287,89ed58e
1903671238854313216,大学老师也一直强调要用外语的语境去理解外语不要纠结于对应中文是什么,3741.737,1754026495,b7a9b2eb
1904763067708153600,萨沙真一点口音没有啊,3759.038,1754156652,ddee2dcd
1905858903875679232,梅丽莎中文好好,3688.86,1754287285,7becfa2e
1906691517007991808,德语也是,3801.725,1754386541,1327ee61
1908906630024663808,俄语∶入门即入土，但不得不说俄语听起来是真的好听,3783.319,1754650603,43d421ca
1913917196015940096,法语也是,3808.423,1755247909,62e4d313
1915995900275556352,好喜欢梅丽莎,3713.265,1755495710,cd971f7f
1916030022574273280,语言的背后是思维逻辑,3695.995,1755499777,272ec1ba
1916079700078810368,忙啊，忙点好啊（doge）,3835.762,1755505699,746f4806
1916625392777953536,很有意思这趴,3621.459,1755570751,51f2909e
1920356151963837440,韩语就是,3912.685,1756015492,954b058c
1920523017751516672,专业的来了,3686.052,1756035384,99536495
1920524371614198784,对!!!!!!,3843.108,1756035545,99536495
1921484775709746688,又美又有学识，太厉害了姐姐,3711.137,1756150034,d0352b3
1921487725823974144,标注拉踩还是没必要哈哈,3945.676,1756150386,d0352b3
1924956553183220992,俄语语法确实难,3781.888,1756563903,e498a6f4
1928311481842799872,我怎么看到了autumn,3673.982,1756963841,272b951b
1929831823954261248,终于说到重点了，一维语言与二维语言,3932.368,1757145080,df7cc456
1937964820096246784,及格了,3795.295,1758114609,ea665755
1940204146955817728,这段话题讨论味道对了！！,3623.895,1758381557,add21500
1947129987367245056,萨沙有口音的，东北口音哈哈哈哈哈哈,3767.265,1759207182,ecb24fe1
1954999544181936896,我们是造字，其他语言是造词，我们是组词,3892.371,1760145306,fb6e727e
1960973806940170496,还有俄语的字感觉都一模一样233,3802.199,1760857494,8b1c7d51
1965271622538264320,字和词不一样啊，汉语的词能数清吗,3769.495,1761369833,b509e6de
1966180469729066752,对的，中国还有很多种方言呢，都是文化,3734.607,1761478176,33978299
1983664562083361280,老王的哇太可爱了,3664.275,1763562443,c53f17b0
1985149511878330880,陈铭没有总结的终究还是要来的,3681.241,1763739462,55203a50
2004619822436624640,上文言文,3868.638,1766060504,ffa3828d
2038747074585654784,这更像造了个固定搭配短语，而不是单词,3646.077,1770128790,7966ad44
2057933376119917312,好漂亮,3689.333,1772415975,dc69dd68
2072056217312398080,母语是汉语好骄傲啊,3882.558,1774099549,f82fb2da
,,0.0,1775683732.8000336,
lb.c,,0.0,1775683732.8000336,
,,0.0,1775683732.8000336,
1895737662774939904,再次安利陈老师的有聊，想了解陈老师对一些话题或者事物的看法的一定要看,4023.906,1752994396,534bf33e
1895737685701005568,俄罗斯女排功勋教练卡尔波利,4271.389,1752994558,7b2fe900
1895737697243730176,俄罗斯队那几年发挥起伏很大，拦防水平下滑了很多，换谁谁都得生气，卡尔波利老爷子不生气才怪了,4283.614,1752994661,7b2fe900
1895737894426349824,还真想听下去,4177.285,1752997978,c7bc6e63
1895737925430644992,不想听,4197.99,1752997336,ca646aae
1895737966459326720,哈哈哈哈哈 我开始逐字学习  doge,4196.912,1752998636,fbf64f60
1895738073137254656,中文是超链接语种,3984.747,1753006704,39499903
1895738140615217408,哈哈哈哈哈哈哈哈哈哈哈哈哈哈哈哈哈哈,4310.057,1753009910,259fe52
1895738233619714304,陈铭老师还想听！,4182.484,1753007774,53b79af0
1895738266444337408,的确，中文很感性,4124.538,1753015157,ef682fb2
1895738305652691200,这个好有意思哈哈哈,4208.39,1753014222,b1b00e21
1895738500780101888,man,3975.847,1753018973,f4eb18b5
1895738511718846720,音译在中文里很少见的，因为我们几乎啥都有对应的,4145.0,1753015534,b345a1e6
1895738631164236032,所以中文真的很美,4112.951,1753025099,a7349199
1895738649401069824,喜欢听陈铭老师说,4192.35,1753025462,105f8ab8
1895738683140051200,粤韵风华请你来学,4228.784,1753024098,99272c49
1895738787997651200,语言这个可以多出几期,4134.263,1753026762,d6bfe3aa
1895738869149044992,偏误,4027.411,1753027772,838e3436
1895738996798492928,哈哈哈哈哈,4203.489,1753035239,187c324
1895739035092488448,还想听,4147.312,1753067760,91850ea9
1895739036006846720,喜欢陈铭老师这期的总结,4148.159,1753035184,187c324
1895739102570451200,哈哈哈哈哈哈哈哈哈哈画,4154.529,1753069234,f7934ca3
1895739191011545344,Hahahaha ,4072.191,1753068882,8c10ef2b
1895793939530218240,嗷～都是……   太地道了萨沙哈哈哈哈哈,4258.574,1753087448,d8c0c6fa
1895917244123625472,希望陈老师说完，简直是精华部分哇,4200.455,1753102147,7d881d54
1895984355831034368,白帝圣剑，御剑跟着我,4280.148,1753110148,25b891ad
1896017901253990656,优先使用枝丫哦,3982.02,1753114146,487f1d6
1896022503672487424,这里也有佛（,4070.515,1753114695,698bab0d
1896322597734351360,中国诗真的作为一个中国人很骄傲，太美了，意境美，有的读起来也美,4105.965,1753150469,996c2fe2
1896460121219883008,好像是这样,3981.646,1753166863,9ec95bfa
1896520846001502976,但是这个总结我喜欢，涨知识,4086.27,1753174102,b99d4a1f
1896521961702968320,还想听，再说个五块钱的吧,4156.119,1753174235,b99d4a1f
1896676574695453952,普希金,4263.726,1753192666,54d3f224
1896725566901062400,哈哈哈哈哈哈哈哈哈哈哈哈哈哈哈,4310.07,1753198507,22445c1f
1896730106723395328,哈哈哈哈哈哈哈这期太有意思了,4209.816,1753199048,9cb4590f
1897010015916183808,对对对跟机关枪似的整个赛场都能听到,4272.545,1753232416,d539e6d1
1897077275255051776,哈哈哈哈哈哈哈哈哈,4190.698,1753240434,3c157400
1897174036765635072,陈老师的总结太棒了,4168.585,1753251969,edbe14cb
1897392318966345984,或许是“道”，但也确实不完全一样,4138.271,1753277990,bbeae81b
1897423909876315136,语言都基于一定逻辑啊，像一个公式往上套，怎么没逻辑了，汉子的构成组词都有逻辑思维啊,4200.979,1753281756,d849b843
1897862636431858688,没听够哈哈哈,4177.458,1753334056,c7d94c30
1897882039651485952,鸟语花香,4319.548,1753336369,5e6db3f9
1897898935013042688,可恶啊这次刚好是我感兴趣的话题,4161.582,1753338383,47a0e8bd
1898160146023362048,这点我作为留子真的深有体会 写英文论文的时候真的是一连二 二连三的感觉 不然会扣分的 但中文很少直接表达这么明确的,4143.613,1753369522,33c2f0de
1898164993313185792,其实古人造字也走过这条路，比如光马就有一百多种，骢骊骓骏骥骁，后来发现这样下去不是个事儿，太麻烦了,3975.043,1753370100,a725bfc4
1898638624019697408,我还没听够,4148.66,1753426561,71afd37d
1898787820446409728,反而英语会听就能拼写出来,3998.591,1753444347,636af638
1899369447870135552,涡轮苏卡！,4306.429,1753513682,3873c0bd
1899754244643268352,我也特喜欢听,4184.346,1753559553,a03bc12f
1899892586974535168,萨沙,4214.495,1753576045,3e3ca627
1900097116832440064,可恶，真的回味无穷啊，陈老师你再讲会儿吧,4169.039,1753600427,664e896
1900296271730859520,哈哈哈哈哈哈哈,4317.511,1753624168,cd73212b
1900392088978706688,笑鼠了,4276.249,1753635590,33977ab
1900392259451958016,太好笑了哈哈哈哈,4296.513,1753635611,33977ab
1901016738342964736,中文是体验,4037.216,1753710054,2c9403ee
1901019576444265728,过分了过分了,4306.717,1753710393,2c9403ee
1901803584791174912,一点也不短，(◐‿◑)﻿,4062.857,1753803854,f40bc1cc
1902041048625348864,不是道，更像理,4143.516,1753832162,18259142
1902331840049217792,感觉中文好美啊，艺术,3990.092,1753866827,92f8c01f
1902332906249409792,中文是瑰宝,4117.378,1753866954,92f8c01f
1902468908746143744,下次是什么时候,4190.613,1753883166,23568bd4
1902949917157764864,言有尽而意无穷,4173.006,1753940507,ca017a5
1903624783280088832,喜欢这个总结！,4097.385,1754020957,f0de91b3
1903829280824533504,我也喜欢看总结,4089.384,1754045335,5f529759
1904583630937199616,赞同，中文逻辑不严谨，甚至会出现颠倒黑白的情况,4118.207,1754135261,b6ee8bbd
1904685207156790528,西班牙拿铁,3995.688,1754147370,7bcfa025
1904719537870318848,中文里面的山有很多很多种,4043.343,1754151462,1606bf27
1904720340727399936,是的，我们中文文字逻辑不强,4117.347,1754151558,1606bf27
1905164537058565632,主持人就是控场的，时长要他负责控制的，没办法的,4223.159,1754204510,630e768b
1905314751845161728,元素周期表,3987.742,1754222417,2eb47862
1905861314233136128,陈铭懂得好多,3967.821,1754287573,7becfa2e
1905869100798891776,你们要聊这个我可就精神了,4216.222,1754288501,acf5d39a
1906539827319374592,哈哈哈哈,4241.001,1754368458,58d57e1c
1906540589273325824,哈哈哈哈哈,4310.782,1754368549,58d57e1c
1906688755184680448,桶装水瓶装水.v,4007.948,1754386211,819e3004
1907523442576883968,绝了,4169.636,1754485714,f5dd2f0d
1907644947604512512,等红灯是在等绿灯,4082.438,1754500198,ff8d4f0a
1907980387771732224,苏卡起手23333,4316.445,1754540186,e06c8437
1910170930404237824,圈粉le,4176.937,1754801319,738a73b
1910230441924162816,陈老师唱了一段跳一跳,3992.914,1754808413,f1feee36
1914555673774369536,山峦峰,4041.505,1755324021,c8be969c
1914633198378391552,白帝圣剑哈哈哈哈哈哈哈,4283.877,1755333263,39959bed
1914709549752189952,太好玩了哈哈哈哈,4297.298,1755342365,7dd1e666
1915999561113992960,哈哈哈哈哈哈哈哈哈,4246.601,1755496146,cd971f7f
1916629292717141760,不会这集都是滴滴滴滴滴吧,4207.55,1755571216,51f2909e
1916847819730828288,老王对中文的运用很通感,4059.05,1755597266,b575b51f
1919200580753647360,喜欢的话题总是听不够，不喜欢的好长，譬如什么信息信息，看到就头晕,4182.566,1755877737,ab909100
1920259340867743488,哈哈哈哈哈,4082.777,1756003951,6fe7767c
1920526322502341120,如如不动,4063.914,1756035778,99536495
1921992866163510272,哈哈哈哈哈,4082.943,1756210604,82b54504
1928582631055161600,我不同意，山我可以解释为突出地面很多的土或者石头,4048.353,1756996165,cfd3a899
1929016966887768832,喜欢语言期,4125.882,1757047942,bd775eca
1929832194772670464,这就叫降维打击,3960.908,1757145124,df7cc456
1932317703025618944,哈哈哈哈哈哈哈哈哈哈,4305.693,1757441420,52ac390e
1937429935681908224,好喜欢陈铭老师的总结 学到很多,4147.093,1758050846,664fbc21
1937697910745701120,其实还是有点口音,4237.83,1758082791,aeeff0bc
1938017766129012736,你不是外国朋友吗？,4224.433,1758120921,bd77f5f3
1943402323418697728,我认为中文是活字印刷术,4043.986,1758762810,fe599c6c
1952092445781283584,苏子开头列字结尾,4254.784,1759798753,b1e41dca
1960114288949624320,我也看了那个视频！！！！俄罗斯教练太凶残了！！！你们可以去网上搜,4271.027,1760755031,6a7c628d
1970983019397520896,听不懂俄语，主要看表情和神态啊哈哈哈,4293.443,1762050685,f517d2b4
1987896814821010944,记笔记。,4214.037,1764066966,a87e4250
1992810780202441728,哈哈哈哈哈哈哈哈哈,4311.986,1764652757,b087944c
1998380675866813952,四姐咋回事，怎么剪这个发型了，还是长发好看,4266.798,1765316740,ffa3828d
2005918499490857216,还得是秦始皇,4012.384,1766215319,11aba778
2027816003223746816,logic,4125.294,1768825705,8f58d927
2035829821229662976,不垢不净，不增不减,4079.032,1769781026,f9735bbb
,,0.0,1775683732.8000336,
lb.c,,0.0,1775683732.8000336,
,,0.0,1775683732.8000336,
1895737401436246272,怎么可能放出来,4342.782,1752987653,5aaa7626
1895737677907988736,啊？不是爷爷辈吗？,4418.736,1752994538,591a47e1
1895737751501246720,哈哈哈哈哈哈哈哈哈哈哈哈哈,4437.159,1752993639,c76f245a
1895737760066015488,爸爸的哥哥不是大伯吗？大爷不是爷爷的兄弟吗,4416.924,1752994737,5866b398
1895737777631760640,那应该听不了泰勒斯威夫特的这首歌吧哈哈哈哈哈哈,4668.85,1752994975,534bf33e
1895737803896492288,老王大好人啊,4585.286,1752995672,ce21b857
1895737832879132928,哈哈哈哈哈哈哈哈哈哈哈哈哈哈哈哈哈,4627.772,1752994815,534bf33e
1895738113259966720,不愧美食博主，这都能跟吃的联系上,4448.927,1753008271,13ee2db9
1895738151553962240,哈哈哈哈哈哈哈陈老师,4623.234,1753004086,e967e3fc
1895738287424246016,哈哈哈哈哈哈哈,4660.359,1753013919,fbf64f60
1895738324795494656,不像演的,4542.675,1753011315,47aef417
1895738367652892928,哈哈哈哈哈哈哈萨沙,4524.058,1753014007,5041b929
1895738494396371200,哈哈哈哈哈哈哈哈,4648.252,1753020067,eabe6363
1895738752438341888,大爷就是伯伯的方言啊,4420.588,1753027986,302e2cd4
1895738870055014656,哈哈哈哈哈哈哈哈哈哈哈哈哈哈,4627.886,1753030164,ea25d4d6
1895738921124860160,鸟语花香,4334.495,1753038594,23ddeab7
1895738943002349824,我笑的不行了,4567.735,1753035604,187c324
1895739028708757760,那确实不好，癌症很痛苦的,4375.493,1753037991,7a1afabc
1895739033272160512,北方大爷就是爸爸的哥哥，还有些地方会叫大爹,4422.924,1753038056,7a1afabc
1895739051508994304,比利时，荷兰，不由自主地dudududu,4370.072,1753045018,cdfc31da
1895739054243680512,这期太好看了哈哈哈哈,4582.978,1753035619,187c324
1895739071566156032,全世界的趋势哈哈哈哈哈哈哈,4405.411,1753069485,f7934ca3
1895739076129558784,看来还是妈妈重要哈哈哈哈哈,4448.138,1753069527,f7934ca3
1895739088888631552,靠北不算？,4416.782,1753068705,d4e31129
1895739092537676032,笑得我肚子疼,4397.34,1753062755,928dfa68
1895739105305137408,是红大爷,4418.911,1753072489,63882395
1895739118072598784,哈哈哈哈 老王太可爱了,4587.157,1753061525,67cfac19
1895739125362299136,哈哈哈,4564.19,1753070523,86ed341b
1895739337812185344,哈哈哈哈哈不愧是学霸,4661.75,1753080270,928ebf4c
1895833647970618624,哎 闽南话林北就是 可惜唐大哥不在了,4408.122,1753092182,717a589b
1895902750144143360,这个还……,4321.524,1753100419,738625c6
1895907869804003328,本来就听不懂，那听不听得到又有什么关系呢，在公共场合说脏话本身就是不文明的行为,4360.674,1753101030,b41d23bf
1895908179586673152,哈哈哈哈哈不行了笑哭了,4388.324,1753101067,8e85fd5f
1895927466716137216,哈哈哈哈哈哈哈哈哈哈哈哈哈哈哈哈哈哈哈,4394.076,1753103366,4365b2b7
1895928548712294912,哈哈哈哈哈哈哈哈哈哈哈哈哈哈哈哈哈哈哈,4520.928,1753103495,4365b2b7
1895982829658685952,我也是,4675.5,1753109966,42cad9e5
1896001296768195840,哈哈哈哈哈哈哈哈哈哈哈哈,4677.235,1753112167,ee1f6f9b
1896400773932488448,哈哈哈哈哈哈哈哈哈哈哈,4598.659,1753159788,e1f0140c
1896512698288793600,跟我们见外了不是,4365.396,1753173131,6a042d86
1896514385674094080,老王又拿吃饭举例哈哈哈哈哈哈哈,4454.776,1753173332,272cb156
1896608734999507456,满意满意特别满意,4371.008,1753184579,6958d185
1896642155020717056,苦肉计哈哈,4590.242,1753188563,445a39f6
1896642936713124608,对对对,4676.515,1753188657,445a39f6
1896696260124513024,自爆型劝架,4561.628,1753195013,fc5c5aac
1896763454762194688,他们不会哈哈哈哈哈哈哈哈,4569.196,1753203023,b9816bbd
1896765768927379200,哈哈哈哈哈哈哈哈哈哈哈哈公费报仇,4542.799,1753203299,e8be185e
1897011300463673856,有带大爷的,4411.438,1753232569,d539e6d1
1897013120430860032,老王好吃的没白吃还挺有劲,4613.994,1753232786,d539e6d1
1897218638458098176,讲的好可爱呀哈哈哈哈哈哈哈,4468.158,1753257286,d9749c34
1897324740884846080,我也是,4678.681,1753269934,8693b549
1897363774932184320,想了解的可以自己找找一些俄的生活vlog之类的,4361.289,1753274587,d403eb94
1897426030323611648,哈哈哈哈哈哈,4387.518,1753282009,d849b843
1897430303178371840,陈老师梦开始的地方,4635.859,1753282518,d849b843
1898107734009310976,有的，闽南话里面的靠北就是,4409.048,1753363274,b29ebb7b
1898140754749313024,拉开了已经,4552.403,1753367210,9a457285
1898604176352239360,风和日丽，鸟语花香,4320.185,1753422454,a18ccce
1898604469584211456,这么长一段吗救命怎么还没完啊哈哈哈哈哈哈哈哈哈,4334.886,1753422489,a18ccce
1898827115965592320,大爷，不是大爷爷啊,4423.334,1753449031,1ffa9383
1899264598080031232,果然是美食博主,4449.549,1753501183,d04c374a
1899496872319092736,凉菜哈哈哈哈这个比喻,4441.171,1753528872,3820b86
1900043563572775680,到底是啥？好想知道,4348.134,1753594043,3ad68769
1900320971148192768,被带歪了，哈哈哈,4644.234,1753627112,968d7bd9
1900998015238881792,0帧起手,4521.96,1753707822,478a57e2
1901003546199856128,北方不说大伯，都是说大爷,4429.826,1753708482,2216f793
1901074396593528576,坑爹只是调侃 上升不到骂人,4438.056,1753716928,bba3e7b3
1901091973570498560,放出来吧，反正听不懂,4334.352,1753719023,18259142
1902337660274969600,哈哈哈哈哈哈哈哈,4604.007,1753867520,92f8c01f
1903081973443330560,哈哈哈哈哈哈,4535.647,1753956250,623dd44
1903082273570880768,哈哈哈哈哈哈哈哈,4568.091,1753956285,623dd44
1903781401921761536,其实有用,4589.383,1754039628,1ddd0afb
1903806233291993600,老王那么有力吗,4603.096,1754042588,29c7c55b
1903952397949739520,这个情节 解放西 看过一样的，哈哈哈哈哈哈,4560.019,1754060012,e1245ea0
1904516717376838400,因为妈妈是孩子的第一位老师啊！,4403.275,1754127284,9e41d483
1904530899417644288,哈哈哈哈哈哈哈哈哈哈哈哈哈你个感冒,4385.563,1754128975,3e5e834
1904530978748724992,和哈哈哈哈哈哈哈哈哈哈哈哈哈哈哈哈哈哈哈哈哈哈哈哈哈哈哈哈哈哈哈哈哈哈哈哈哈哈哈哈哈,4384.499,1754128984,3e5e834
1904532923857065216,没有妹妹呢,4492.766,1754129216,3e5e834
1904538811812607744,哈哈哈哈哈哈哈哈哈哈哈哈哈哈哈哈哈哈哈哈哈,4645.546,1754129918,3e5e834
1904722568506592768,不是，这有什么可防的呢,4341.418,1754151824,1606bf27
1905449384062253056,新疆好像也是,4496.703,1754238467,a48719d1
1905497931360905728,伊朗和俄罗斯打起来啦,4529.621,1754244254,c0863c00
1906542784094295808,哈哈哈哈哈,4559.017,1754368810,58d57e1c
1907526196715882496,哈哈哈哈哈哈哈哈,4523.519,1754486042,f5dd2f0d
1908679452259804928,xx日记,4362.117,1754623521,f41917e3
1908744384842053120,你们听不懂，别人听得懂啊，我就是学俄语的，很多人学俄语日语,4357.8,1754631262,6ba6f998
1909668420170398720,四个层次,4433.428,1754741415,d7fb52ee
1911359300216006400,哈哈哈哈哈哈,4447.784,1754942984,984e8387
1911359604252789760,太逗了,4455.784,1754943020,984e8387
1913398067118770176,马月！受到严格保护,4495.758,1755186024,e540d7cc
1914634620675197952,爸爸好惨,4409.305,1755333432,39959bed
1914635448362681088,老王好有意思啊,4468.254,1755333531,39959bed
1914637087353891840,陈老师好帅好可爱,4628.134,1755333726,39959bed
1916001994548683520,萨沙现在好有效果啊,4525.363,1755496436,cd971f7f
1916630927698902784,哈哈哈哈哈哈哈哈哈哈哈哈哈哈,4395.624,1755571411,51f2909e
1916852277454065152,骄傲的小表情,4513.962,1755597798,b575b51f
1918109775393509888,加长版都听不到,4327.512,1755747703,e10ac76a
1919292270814105600,三句话不离老本行。老王就是老王,4441.278,1755888668,8ff620f
1920360764641292800,大爷（轻声）和大爷（二声）是不一样的辈分,4424.525,1756016042,954b058c
1920530535504589824,苦肉计,4559.312,1756036280,99536495
1924962263669318912,确实,4378.913,1756564583,e498a6f4
1928317987325752320,爸爸不重要和哈哈哈,4437.715,1756964617,272b951b
1928473381473163008,陈铭老师哈哈哈哈哈哈哈哈哈哈哈什么叫你个感冒啊哈哈哈哈哈,4387.472,1756983141,27acc97c
1930119365563671296,关键有个俄罗斯妹子全能听懂，哈哈哈,4350.281,1757179358,5f57ee63
1932318721125803008,哈哈哈哈哈哈哈哈哈哈哈,4386.414,1757441541,52ac390e
1937685851845080064,肺结核我们叫痨病,4387.045,1758081353,748c3342
1937711880739083008,现在有了,4411.543,1758084456,e8f1e80f
1937713293271636224,以身入局,4575.73,1758084625,e8f1e80f
1946610506567641600,哈哈哈哈哈哈哈什么鬼，好搞笑,4396.361,1759145255,3a0f6945
1946616695774839040,毕竟母亲是生你养你的人，是个人都不希望。除非你原生家庭环境不好,4477.17,1759145993,eb269b47
1954247216982614016,就好像放出来我们能听懂一样,4348.708,1760055622,99c7f039
1967670342588077312,阿阿阿啊啊，我要听,4342.408,1761655783,eb09f285
1977879332269668864,哈哈哈哈哈哈哈哈哈,4648.638,1762872790,aedabb3d
1986532170919592192,想听啊,4334.675,1763904288,2a9d92f9
1993856239851235072,哈哈哈哈哈多少是有点私人恩怨了哈哈哈哈哈哈哈哈哈哈哈萨沙,4520.851,1764777385,ed5612f4
1996746304319704576,有的 中西部地区很多,4410.686,1765121908,74ba3500
1999494019419440896,盲猜第四个祖先,4482.623,1765449461,29cd0eb
2004628390627918080,老王男友力爆棚啊，华波波都有150 6了,4609.39,1766061526,ffa3828d
,,0.0,1775683732.8000336,
lb.c,,0.0,1775683732.8000336,
,,0.0,1775683732.8000336,
1895737548723425536,哈哈哈哈哈什么是我们不能听的,4749.619,1752990264,1549437e
1895737557581795584,来啦来啦,5024.737,1752990286,a1639211
1895737558689091840,哈哈哈哈哈哈哈哈哈哈哈哈,4902.274,1752991699,eb069b0d
1895737576405831936,哈哈哈哈哈哈哈哈哈哈笑飞了,4980.356,1752990608,39108e46
1895737633507086592,免礼免礼,5039.074,1752990708,59dfb4d2
1895737685701005571,哈哈哈哈哈哈,5002.412,1752993137,98f16374
1895737800272613632,哈哈哈哈哈哈哈哈哈哈哈哈哈哈哈哈哈哈哈哈哈哈哈哈哈哈哈哈哈哈,4982.027,1752995330,a4557f7c
1895737802998911232,万一听不懂怎么办,4874.018,1752994933,81bc2129
1895737948222492928,什么梗？,4748.329,1752998164,d6922fe2
1895738125113069824,就这个湖北味正宗,4711.305,1753011041,7a763aee
1895738285595529472,双板确实可以倒着滑,5008.25,1753011373,43686648
1895738620225491200,哈哈哈哈哈哈哈哈哈,4984.609,1753022510,65fd9e50
1895738757907714304,太损了,4985.149,1753022518,65fd9e50
1895738832675377408,来来来来,5036.598,1753027077,8a513c81
1895738966708556032,太可爱了超超,4747.358,1753060176,4f7b0147
1895738992243478784,就是歇后语,4867.877,1753034556,c7bc6e63
1895739080684572928,哈哈哈哈哈哈哈哈哈哈,4918.722,1753069998,f7934ca3
1895739131746029824,哈哈哈哈哈哈哈哈哈哈哈哈哈哈哈哈,4994.089,1753062512,3bd1c757
1895739196480917760,这段发出杠铃般的笑声,5030.092,1753075104,28ad2a59
1895739201044320512,斑马斑马，你回到了你的家,4704.204,1753075169,c2cf2fbe
1895739208334020864,突然好凶的超超,4710.536,1753075185,c2cf2fbe
1895739269428252928,哈哈哈哈,4730.776,1753075210,df6e1fa7
1895739282195714304,个斑马 武汉读书学会的第一句武汉话,4704.434,1753073116,76b350d2
1895771221057041664,歇后语骂人是吧hhh,4865.028,1753084740,ea88348b
1895892382798022400,真的很像用歇后语骂人,4858.534,1753099184,1da0b061
1895904636515565824,四姐镜头太少了，感觉他的观点还没开始就没了,4765.842,1753100644,58b836f8
1896404829505373952,哈哈哈哈哈哈哈哈活学活用,4949.724,1753160272,f1957628
1896405288303884800,哈哈哈哈哈哈哈哈哈哈哈哈哈哈笑死我了,5003.653,1753160327,f1957628
1896468623779084032,哈哈哈哈哈哈,4981.223,1753167877,9ec95bfa
1896588932171657472,Dylan好帅,4935.291,1753182219,bd4e22b9
1896649488324662272,非正“倒着哥”,4978.032,1753189438,280fcb51
1896737496214828800,哈哈哈哈哈哈哈哈哈哈哈哈哈哈,4982.203,1753199929,9cb4590f
1897014030158811904,你瞅啥的意思吗,4715.633,1753232894,d539e6d1
1897014233171284992,想咋的,4732.518,1753232919,d539e6d1
1897019864125305344,胖跟秃顶？华波波？哈哈,4804.17,1753233590,88971e98
1897165318887847424,哈哈哈哈哈哈每次都要拿出来反复“鞭尸”,4994.106,1753250929,729e3ab7
1897254941232950272,哈哈哈 杨杨很合适,4903.28,1753261613,2a986023
1897344532589414144,又狠又能播哈哈哈哈，好绝,4852.883,1753272293,55d83f10
1897762938228495616,哈哈哈哈哈哈超超你咋这么可爱呀,4748.926,1753322171,3c4a8341
1898076422447444224,这个味太对了，喵莫斯喵,4713.793,1753359541,49e5e8b6
1898116838467539200,哈哈哈哈哈哈哈,4959.312,1753364359,8d117f15
1898162780163908608,笑晕了这个梗,4843.97,1753369836,b71cfd89
1898407579726848000,我也是！本来已经冷静下来了听到这句话又会死灰复燃,4680.153,1753399018,28dcc9f6
1898620921531941120,哈哈哈哈哈哈哈哈哈哈哈哈哈哈哈哈,4990.806,1753424451,a18ccce
1898621235324599808,萨沙：我这一生如履薄冰,4998.994,1753424488,a18ccce
1898621702788319488,这里就很适合配个bgm：长江黄河还有黑龙江~~~,5007.924,1753424544,a18ccce
1898674081130886656,auv真地儿道～,4950.016,1753430788,2738fae5
1898686192863140864,伦儿,5032.685,1753432232,b0850c04
1898718675599884544,喵喵喵  喵莫比,4716.685,1753436104,f83ddc9a
1898842469316472832,这是歇后语啊,4860.486,1753450861,17e2fe2c
1899339586950643712,喵帕斯,4719.067,1753510122,7ef1f30f
1899599321197446144,谎言不会伤人，真相才是快刀,4805.355,1753541085,bc31ead9
1900380122948168960,是LULU!,4784.341,1753634164,81aeaa1b
1900503618960948736,梅林的胡子,4886.484,1753648886,fcdaa08a
1901024484039726336,哈哈哈哈哈哈哈,4942.838,1753710978,2c9403ee
1901079414683921152,给你俩窝窝是“傻瓜你看什么，你走开”的意思,4779.862,1753717526,e67086c2
1901079829685023488,老王可以啊,4824.392,1753717575,e67086c2
1901079976536206080,盆景的伐木工赢了,4830.592,1753717593,e67086c2
1902231732707858432,啥意思没懂,4835.101,1753854893,c1f2fe77
1902338815436637184,动物吵架哈哈哈,4741.721,1753867658,92f8c01f
1902339230270251776,好可爱,4791.413,1753867708,92f8c01f
1902465103329566464,哈哈哈哈哈哈哈,4900.32,1753882713,24d07282
1902505877391889664,我懂！不仅是吵架，平时明明一件事已经在做了，非补一句你去做一下，我也会生气,4683.771,1753887574,29c4c024
1902512598906821376,翻旧账了,4925.858,1753888375,d89f1503
1902594920603297792,这一段巨好笑,4932.927,1753898188,26f5d348
1903085253296941312,哈哈哈哈哈哈哈哈哈,4913.221,1753956640,623dd44
1903422713532604160,完全沉浸在自己的艺术创作里了,4892.961,1753996869,bb961bc8
1903895399203318784,沉浸在自己的艺术,4885.319,1754053217,c51a6472
1905868802760226304,好有趣,4725.221,1754288465,7becfa2e
1905869663649455104,哈哈哈,4823.731,1754288568,7becfa2e
1906076866142587904,超超好美～～～～～～,5033.296,1754313269,ba077aef
1906843327282730752,不知道两个buff梗被萨沙听到了会怎么样哈哈哈哈,5018.175,1754404638,4ad5b7c7
1906853502798462464,笑飞了这期哈哈哈,4973.051,1754405851,de5d2566
1907283657380028416,个斑马是吧哈哈哈哈,4741.914,1754457129,654346f5
1907369347933021696,咩啊～,4736.208,1754467344,d9a3acb1
1907528459920721920,中文也是哈哈哈哈哈哈,4843.019,1754486312,f5dd2f0d
1907988977269993984,就跟吵架的时候对方说你冷静一点,4687.296,1754541210,952047f4
1909012552659049984,你看看！,4887.06,1754663230,a30a61d9
1914639175487860992,好艺术,4868.566,1755333975,39959bed
1914699145797749760,免礼免礼,5038.536,1755341124,6a35cdb9
1916331482058605056,去五常,4934.547,1755535714,299590f4
1920572473301738496,你别急哈哈哈哈,4680.084,1756041280,bc587f4c
1921150194511518720,无效消音,4767.931,1756110149,cc860fab
1921999990281070336,膝盖脑袋哈哈哈哈哈,4820.756,1756211453,82b54504
1922699810163473408,哈哈哈哈哈哈这个好玩膝盖脑袋哈哈哈哈哈哈哈,4821.902,1756294878,bc17ebe1
1922718678232065536,buludo在大力水手里面就是大块头,4769.819,1756297127,990a1ffc
1924745898970591232,吼吼吼吼吼吼吼吼吼吼吼吼吼吼吼吼,5002.511,1756538791,90bb401c
1924967089098646016,哈哈哈哈哈哈哈哈我懂了,4839.73,1756565159,e498a6f4
1928431833856027648,四川话 哈哈哈,4802.515,1756978188,272b951b
1930122968890291968,一般是表和马,4760.893,1757179787,5f57ee63
1932207309505761536,真不用客气，哈哈哈哈哈哈哈哈哈,5037.71,1757428260,5b4783e3
1932323510836293120,歇后语骂人 在中国能把我骂笑，没有杀伤力,4856.499,1757442112,52ac390e
1938651722562595840,这个环节好想看英国代表,4803.651,1758196494,7514575b
1941575577676902144,中国好像也是,4880.714,1758545045,7a001e02
1956604467680680960,哈哈哈哈哈哈哈哈哈哈哈哈哈哈哈哈哈哈哈哈哈哈哈哈哈哈倒哥,4987.29,1760336628,d35c8a9
1957521618251751424,有备而来,4898.296,1760445961,ae02b522
1963046567418170368,完全get不到哈哈哈，太艺术了,4878.238,1761104586,54f7b9d0
1963047484477570560,卧槽哈哈哈哈哈哈太搞笑了,4987.548,1761104695,54f7b9d0
1963047606246712832,太有梗了我的天啊,5002.101,1761104710,54f7b9d0
1988704206604970240,萨沙现在好大方,4966.483,1764163215,c847ffba
2005156528713694464,形成内部梗了 哈哈哈,5015.259,1766124485,32b92588
2018407658939996416,武汉话好好玩,4761.811,1767704143,964a8dca
2027838086511379968,哈哈哈哈哈哈哈哈哈哈哈哈哈哈,4860.422,1768828337,8f58d927
,,0.0,1775683732.8000336,
lb.c,,0.0,1775683732.8000336,
,,0.0,1775683732.8000336,
1895737252798501120,一个轴打起来了,5382.658,1752985054,7e19df34
1895737399926296832,老王居然赢了哈哈哈哈哈,5194.259,1752987261,f69ff094
1895737549830721792,众爱卿平身,5040.701,1752988640,1f930d45
1895737559796388096,买不完了,5324.051,1752990445,3f8c2705
1895737585272590592,这个除了买卖还能组什么？,5347.699,1752990663,1549437e
1895737629463777536,买了锅巴,5269.404,1752992283,7e894dc7
1895737792127275264,这也太难了除了脏话我一个也想不到,5250.819,1752994250,4374cf64
1895737809332310272,伤疤,5096.912,1752995497,a4557f7c
1895737812956188928,艾丽莎还比了个功夫出招动作，好可爱,5228.918,1752995826,5866b398
1895737818392006912,这下真的势均力敌王不见王了，战力很均衡,5221.14,1752995797,5866b398
1895737822913466624,怎么不把小贝喊回来哈哈哈哈哈 全国总冠军,5232.53,1752995811,ca18aa72
1895737839220920576,随便,5103.405,1752995510,a4557f7c
1895737861601726720,哈哈哈哈哈,5280.223,1752995737,a4557f7c
1895737870728532224,哈哈哈哈哈,5357.137,1752995819,a4557f7c
1895737878009843968,这个难度好高我一下没想出来,5250.43,1752995861,5866b398
1895737975577743616,太搞笑了这段，会长帮得也真是不明显哈哈哈,5309.076,1752998714,d5478533
1895738014786097408,我都想不出这么多orz,5177.407,1752998128,cda41c26
1895738146998948096,富贵使我们相遇,5054.133,1753003938,94179e93
1895738222680969472,上边其实可以的...至少广东话里可以这么讲哈哈哈哈哈,5132.578,1753012151,f11a2bc3
1895738259154637056,那我必须得发个弹幕,5045.758,1753013226,4c2d7347
1895738280117768448,哎哟喂排面是自己给的,5053.218,1753015344,2394c70f
1895738286535053568,我都想不出来,5361.944,1753014671,635d7cfe
1895738288321827072,大左感觉好疲惫呀,5089.831,1753010259,2275038b
1895738300183318784,买了个包,5277.18,1753014758,73e9b877
1895738319326122240,哈哈哈哈哈哈哈哈哈哈哈,5333.776,1753014745,fbf64f60
1895738331187613952,水表,5101.409,1753013084,8f071823
1895738358542864640,哈哈哈哈,5289.412,1753013835,fc1db046
1895738420534677760,厉害,5362.198,1753013915,fc1db046
1895738453367689472,手臂,5083.725,1753019015,c2db3739
1895738483457626368,散步,5110.21,1753018989,c2db3739
1895738492567654656,私奔,5156.474,1753019088,c2db3739
1895738497131057408,散步,5178.373,1753019110,c2db3739
1895738523571949824,伤悲,5147.874,1753019080,c2db3739
1895738528126963968,帅爆,5171.778,1753019103,c2db3739
1895738537287323904,松柏,5115.542,1753019154,c2db3739
1895738560959975680,那么棒,5397.279,1753020515,c2db3739
1895738573719048448,迷恋改编,5350.312,1753020373,c2db3739
1895738581931495680,美丽古堡,5344.655,1753020257,c2db3739
1895738616576446720,雷妃：嬗变的女人,5152.275,1753018117,6ee65ea5
1895738643931697408,上榜,5139.362,1753019071,c2db3739
1895738657605128448,塞北,5125.34,1753019163,c2db3739
1895738663988859136,三百,5114.292,1753022376,fd2dafbb
1895738781613920512,买了个包,5269.515,1753030952,ea25d4d6
1895738925679874304,会长喜欢俄罗斯人哈哈哈哈哈哈,5280.092,1753038953,7a1afabc
1895738932969574656,笑死我了,5378.09,1753029813,bde1c345
1895738939353305344,哈哈哈哈救命笑死我了,5309.07,1753045893,23ddeab7
1895739014146134272,散步,5114.314,1753068800,91850ea9
1895739130831671552,想不出来,5264.519,1753072461,9f25c571
1895739175509397760,会长明目张胆啊哈哈哈哈哈,5276.576,1753072003,9f04a8dc
1895739183721844992,？,5103.33,1753070183,f7934ca3
1895739216546468096,麻辣锅巴？,5317.463,1753073025,39c07fe7
1895739235689271552,思辨,5100.653,1753075567,bf28894c
1895739250285449472,这是真的强……,5354.932,1753072572,9f25c571
1895739315020337408,老王的食物词汇库太丰富了,5202.207,1753075106,cb0b74b0
1895806227742127872,不愧是全球总冠军哈哈哈,5355.453,1753088913,20dfe047
1895865772513874176,呵呵哈哈哈,5295.841,1753096011,f81c7508
1895865835151917056,笑死我了,5302.521,1753096019,f81c7508
1895905592497846784,波波超级不想输给老王啊哈哈,5168.56,1753100758,e1c79dc9
1895913210587020800,厉害也,5356.678,1753101666,738625c6
1895940028228628736,哈哈哈哈杨迪笑死我了,5331.187,1753104863,9a7995d3
1896001709957121536,这个游戏确定不是在考验旁边的观众吗哈哈哈哈哈哈哈,5169.79,1753112216,692c8ed6
1896005638208190720,哈哈哈哈哈哈哈哈哈哈哈哈哈哈哈哈哈哈,5309.536,1753112685,ee1f6f9b
1896037717519832320,我不行了,5303.486,1753116509,35861f7e
1896103813057326080,众爱卿平身,5055.166,1753124388,272d704
1896266853488527360,买了个包,5255.593,1753143824,136938f4
1896397577185262080,买了个表,5252.363,1753159407,8c816764
1896398972085054976,买了个布,5322.799,1753159574,8c816764
1896487745384687360,是全世界冠军强啊  这个怎么可能平衡？,5225.606,1753170156,3f43cf38
1896518030927038976,哈哈哈哈,5287.335,1753173767,6a042d86
1896647238626065664,散步,5186.384,1753189169,445a39f6
1896700332483297024,买了个表,5262.862,1753195499,fc5c5aac
1897110671595089408,买了个饼,5303.296,1753244415,42da3e49
1897164510704274176,会长，真的一点都不偏心,5318.682,1753250833,35645b71
1897465344239936512,这里为啥正片没有啊很好玩,5316.955,1753286695,9c3b5844
1897907599363012096,加长版不是没人吗？,5061.923,1753339416,47a0e8bd
1897994325766477824,应该的应该的哈哈,5048.248,1753349755,4abc64a0
1897996747196894720,哈哈哈哈哈哈哈哈逛超市,5307.543,1753350043,4abc64a0
1898119123121513216,波波太搞笑了,5193.237,1753364632,8d117f15
1898135047518137856,免礼免礼,5075.625,1753366530,eedeee86
1898384560598181888,平身,5075.322,1753396274,b2d05ef3
1898624478083756544,超市逛的差不多了哈哈哈哈哈哈哈,5326.782,1753424875,a18ccce
1898641201796753152,密林古堡,5368.404,1753426868,8d9a3176
1898884709665421312,哈哈哈,5068.504,1753455897,ef9aebaa
1898897792614057216,S 和sh不算一个声母吧,5137.151,1753457456,90af0186
1898916617254438656,平身吧,5045.044,1753459700,22a3160b
1899502490740164608,比芒果台的明星们厉害,5090.131,1753529542,3820b86
1899503928598076672,好难！,5256.872,1753529713,3820b86
1899529220980670720,美丽告别,5329.076,1753532728,3860f01a
1899556139150926336,买了个包,5262.774,1753535937,c8a83ae1
1899575159195537664,我就说梅丽莎眼熟哈哈哈哈，我看过她,5237.393,1753538205,fbcf58ae
1899948884919695104,字幕靠点谱啊,5152.318,1753582756,ae954710
1900027691504725760,随笔,5111.845,1753592151,2b2c365c
1901026696434365696,哈哈哈哈哈哈哈哈笑死我了,5177.66,1753711241,2c9403ee
1901048621018345216,来了,5068.436,1753713855,53f028f4
1902279610704792320,哈哈哈哈哈哈哈哈哈哈哈哈华波波提高笑了 这个节目不能没有他,5287.656,1753860600,c78fc6cd
1902280109591719680,哈哈哈哈哈哈哈哈哈哈杨迪太有梗了,5336.723,1753860660,c78fc6cd
1902422537695188480,哈哈哈哈哈哈哈快乐了,5041.893,1753877639,ddafd2e4
1902693614774649856,这就是冠军局吗,5308.838,1753909954,13f56837
1903910791510760448,果然是冠军,5323.393,1754055052,117508bc
1903911183124587264,冠军！！！,5370.074,1754055099,117508bc
1904583799472911360,那这样没完没了了 卖了个包也可以啊,5323.205,1754135281,3e5e834
1904731512910551296,买了钢笔,5296.383,1754152890,1606bf27
1905066977614457088,瀚笙给的,5216.827,1754192880,f13424e0
1905263256428680192,哈哈哈哈哈会长假装淡定,5280.272,1754216279,aa36fe3a
1907445196561016064,生病,5096.403,1754476386,aff6fc4
1907655909418110976,描了个边，密林古堡,5369.951,1754501505,ff8d4f0a
1907988948337628160,买了个饼,5269.577,1754541206,e06c8437
1907994271211606272,买了广告,5264.943,1754541841,952047f4
1908432339672427264,这都是我应得的,5050.366,1754594063,9342b3c4
1910180167972956160,买了个表,5278.063,1754802420,738a73b
1910181115902401024,这个好玩,5385.844,1754802533,738a73b
1913125294877852928,爱卿平身,5060.819,1755153507,54a9596e
1914074693993248256,华伯伯笑死我,5210.801,1755266684,9d8aa9dd
1919614221571346432,哈哈哈哈哈哈哈哈哈，买买买，都买,5296.307,1755927047,3ae4c2e2
1921022768267938048,我都想不到,5361.449,1756094959,bc587f4c
1924779962440228352,设备,5089.709,1756542851,e8f6d141
1925468671896090112,看似法国vs中东，实则两伊战争,5183.768,1756624952,24f302e9
1928594371599874304,不愧是世界冠军,5361.448,1756997564,cfd3a899
1932625767037357824,太有牌面了,5107.729,1757478144,f487febd
1932832749916950784,波波笑死我了,5190.952,1757502818,75a35b32
1932833280899017472,想念小贝和田田,5232.806,1757502882,75a35b32
1948196474001477888,哈哈哈哈哈哈哈,5316.907,1759334317,2edb9fb1
1949690376261184256,没了个饼 哈哈哈,5334.374,1759512404,c9c423cb
1952273205201067264,上边其实是，他们搅混了,5164.153,1759820301,5ff286de
1956607870947309056,哈哈哈哈哈哈哈哈哈哈哈笑飞了,5336.797,1760337034,d35c8a9
1957526017011285504,发币，顺发nb,5390.776,1760446485,ae02b522
1999460690884832000,哈哈哈哈哈哈哈哈好搞笑哈哈哈哈哈,5054.438,1765445488,14f3cf30
2002097945549358592,前面外国小学生一人一句汉语那个真的哈哈哈笑死我了,5392.207,1765759873,1bae6291
2031437688779518208,满意,5047.429,1769257443,ec44781a
2036248800440067584,手办,5123.573,1769830972,f9735bbb
2036249860122444544,似是故人来,5248.255,1769831099,f9735bbb
,,0.0,1775683732.8000336,
lb.c,,0.0,1775683732.8000336,
,,0.0,1775683732.8000336,
1895737395396448512,jhhhhhhhhhhh,5592.303,1752988526,a7ab481d
1895737412022669568,我都想不起来这么多,5460.772,1752987439,a1639211
1895737441869336832,因为想不起来哈哈哈哈,5481.576,1752987556,f69ff094
1895737443119239424,波波好可爱,5457.3,1752989533,e9b5076c
1895737485532041472,不够看哈哈哈哈哈哈想看轮番制回合,5670.743,1752987808,fcfebb41
1895737626443878656,]',5625.691,1752991166,967ceef9
1895737643598582016,为啥我的弹幕带框框,5614.122,1752990985,3f8c2705
1895737666809860352,文创书包,5664.861,1752992253,88230e29
1895737685701005569,笑死，好像那个两组外国人比中文的视频,5594.036,1752991870,6c6d890c
1895737696287428864,想看陈铭和陈超的,5515.841,1752993725,b594b266
1895737720085909760,我吃柿饼,5633.349,1752993925,4f3c338d
1895737730554892544,我才十八,5654.687,1752994895,f3d0b903
1895737779443699968,哈哈哈哈哈哈哈哈哈,5736.412,1752996216,a4557f7c
1895737794836795648,还好，我来看了加长版,5683.765,1752995605,6cf1571
1895737843750768896,无偿上班,5638.111,1752995528,8eb43737
1895737876189516032,他不会是在拿你重温日语吧233,5757.212,1752997386,4944442d
1895737884393574656,？哈哈哈哈哈,5656.724,1752996132,a4557f7c
1895737888042619136,拿眉笔,5442.43,1753001707,d7f8343a
1895737898075394304,用一之濑当外教是吧哈哈哈哈,5759.226,1752996601,5866b398
1895737912679960832,发币厉害哦,5491.201,1752998959,e868d6e6
1895737956426551552,哈哈哈哈哈哈哈哈哈哈哈哈哈哈哈哈,5736.542,1753005397,e549f4d8
1895738018435141888,我才上班,5615.672,1753004949,4c54570f
1895738042141348096,发币好厉害！,5451.412,1752998910,d5478533
1895738055814779136,游戏能多玩一点吗？来个车轮战了。,5682.602,1752999172,e868d6e6
1895738163407065344,朕心甚慰,5668.633,1753010633,ca2efdba
1895738188941988096,留学生可以打工，就是时间限制很严格,5745.238,1753013337,450eca7a
1895738207178821888,我吃烧饼,5569.522,1753014025,97afe170
1895738304738332928,笑疯了,5717.724,1753014888,c5fcca58
1895738349416059136,我查设备,5603.283,1753013524,20dffd1e
1895738529041322240,我吃柿饼,5549.573,1753019787,c2db3739
1895738564600631552,我曾上榜,5583.306,1753019726,c2db3739
1895738572829856000,五彩书包,5578.215,1753019676,c2db3739
1895738618405163264,哇小熊好棒,5453.439,1753021183,6474f847
1895738628454715648,满意满意,5683.919,1753021786,d3e0ea9e
1895738771581145344,在燃什么啊,5467.292,1753022738,56239c78
1895738808969171200,无偿上班,5557.94,1753033292,8be21198
1895738855467225344,满意满意啊,5669.129,1753027481,8a513c81
1895738904708354304,无偿上班,5550.733,1753055909,a05c4e50
1895738919296143616,厉害,5458.113,1753029509,d0eeaf61
1895739073386483968,外出上班,5662.292,1753071341,86ed341b
1895739233868943616,跟武昌过不去了哈哈哈哈哈哈,5559.595,1753072312,9f04a8dc
1895739271248580864,前面那个五厂上班太痛苦了。,5650.181,1753072906,9f25c571
1895739280375386368,我吃烧饼,5528.493,1753076329,c2cf2fbe
1895739287665086720,哈哈哈哈,5585.042,1753076389,c2cf2fbe
1895739297697861888,666,5456.592,1753076238,c2cf2fbe
1895835379563980800,围城士兵,5651.483,1753092388,182693f5
1895851890223828736,我吃烧饼,5601.387,1753094356,cc93cef3
1895867141996042240,法币好可爱哈哈哈哈,5442.503,1753096175,f81c7508
1895941503516821504,想看华波波,5502.962,1753105039,3c5a3395
1895954531570156032,玩游戏没人能赢得了杨迪吧,5516.139,1753106592,be52f108
1895962419218839040,好可爱啊小熊,5481.88,1753107533,83719079
1896048714238634240,文创商标,5603.24,1753117820,24b0ce4c
1896048828952522752,发币比我厉害,5489.092,1753117833,e871e898
1896387736265527552,好可爱小熊,5433.348,1753158234,f608a6a7
1896401899398836992,我创商标,5627.201,1753159923,8c816764
1896523232526567168,四姐笑死我了,5461.734,1753174387,272cb156
1896696361970702080,真的好喜欢法币啊啊,5497.907,1753195025,ec077e8b
1896969714811750144,哈哈哈哈哈哈哈哈特别满意,5683.167,1753227611,cef95630
1897110463381035008,弄明白,5404.486,1753244390,2bf6365a
1897182469959562240,农民办（农业民生办公室）,5439.96,1753252974,af7c4445
1897184104504922112,无此设备,5617.079,1753253169,af7c4445
1897351985011783168,他发音不但好，调也对,5725.673,1753273182,55d83f10
1897377089222017024,How much?,5715.06,1753276174,7566605b
1897422756426506496,我常上班,5558.897,1753281618,fc5c5aac
1897422918418934784,我出书吧,5568.62,1753281638,fc5c5aac
1897458025171003136,满意满意,5677.512,1753285823,b5323672
1897465090669115648,武昌社保,5582.953,1753286665,d844b0d7
1897769479799142144,法币：let's 骄傲,5481.513,1753322951,3c4a8341
1897938668409864704,哈哈哈哈哈哈,5572.82,1753343120,87627e63
1898060457676681728,这反应怎么那么像外国小孩中文对决哈哈哈哈哈哈,5462.655,1753357638,9cdf46e6
1898138011901385472,怎么没有伦儿,5665.598,1753366883,a0901713
1898178762122903296,我超帅吧！,5632.839,1753371741,a725bfc4
1898423743408421376,这Part这么精彩居然没在正片,5650.83,1753400945,28dcc9f6
1898625744000134400,到底在燃什么哈哈哈哈哈哈哈哈,5464.166,1753425026,a18ccce
1898626550623448832,我测试吧,5559.064,1753425122,a18ccce
1898652728138751488,一之濑刚才输了可能情绪不稳定,5549.571,1753428242,915050e3
1898689587413796352,拿面包,5423.287,1753432636,b0850c04
1899319571606164480,全德国总冠军,5480.43,1753507736,f21b3ea5
1899535640992131840,晚餐随便,5520.474,1753533494,3860f01a
1899602976826559232,会长忍不了了,5665.041,1753541521,89699852
1899607193679394816,很满意，但是不够看啊哈哈哈哈哈,5681.754,1753542023,bc31ead9
1899951105459742976,我查书包啊,5602.221,1753583021,ae954710
1899999679023416320,无偿上班,5655.703,1753588811,87413e4e
1900766299857394432,我出师表,5622.888,1753680200,33977ab
1901031541963149056,无偿上班太有才了,5661.33,1753711819,2c9403ee
1901464422439217664,乃木坂,5411.02,1753763422,80000882
1901466327198751744,五彩水笔,5622.899,1753763649,80000882
1901505084160859136,卧床上班,5635.369,1753768270,a9930091
1901667443429404672,赖赖笑死我了哈哈哈哈哈,5462.246,1753787624,c475edd4
1901688907461504000,绝,5594.196,1753790183,6bdd20d4
1902191443406318080,我才十八,5536.747,1753850090,23b7cf3c
1902282980836447232,想看所有代表玩哈哈哈哈,5692.99,1753861002,c78fc6cd
1902972836168174592,好喜欢发币啊啊啊啊可爱小熊,5497.535,1753943239,94613f3a
1903814713050594560,我吃烧饼,5527.927,1754043599,29c7c55b
1904240408750914304,我吃烧饼,5520.633,1754094346,4213efaf
1904400734091486464,哈哈哈哈哈哈哈哈哈哈哈,5444.369,1754113458,21f73640
1904733937142578688,……,5572.108,1754153179,1606bf27
1907275934575481856,那么棒,5475.248,1754456209,818eee32
1907503311805048832,哈哈哈哈哈哈,5433.297,1754483314,6816ab2b
1907504852112736768,好搞笑,5670.051,1754483498,6816ab2b
1907628097827065088,华波波好搞笑,5413.673,1754498190,ea7aa49a
1907629029776458752,这个游戏好玩！！以后经常,5503.358,1754498301,ea7aa49a
1909211300433862656,文创手办,5641.868,1754686922,2ad516b
1910183692849001728,每期都来这个游戏,5693.155,1754802840,738a73b
1911661393863138816,我才十八,5635.78,1754978996,67c7bc24
1911940037441274368,我常说不,5577.471,1755012213,319d79a8
1916862547517593344,无偿上班这个太狠了哈哈哈哈哈哈,5640.532,1755599022,b575b51f
1916886203115027456,不满意太短了！,5691.918,1755601842,41d23346
1919615919593383936,法币好厉害,5491.366,1755927249,3ae4c2e2
1919874236307270400,太搞笑了,5709.81,1755958043,c4469e21
1924973871791438336,五彩水笔，无偿上班,5634.207,1756565967,e498a6f4
1928489303462333440,武昌酥饼啊,5649.501,1756985039,27acc97c
1931182947986193664,前面说文创的好厉害,5633.131,1757306147,d9c08631
1932631454336961792,满意满意,5684.543,1757478822,f487febd
1936645971006506240,你忙吧,5443.395,1757957390,cc3af606
1938432632782593280,完成设备,5697.579,1758170376,a3545458
1945259887495943936,龙颜大悦,5676.325,1758984249,deea00f
1957526892588923392,他俩这么强的吗？直接加时赛了,5475.556,1760446590,ae02b522
1977901549582004224,关税哈哈哈哈哈哈,5436.202,1762875438,aedabb3d
1977901725834636800,小熊好棒！,5457.17,1762875459,aedabb3d
1988742475853880320,哈哈哈哈这个是Dylan在后面说的,5609.534,1764167777,c847ffba
2002100048816625408,外国小孩中文对决真的，太形象了，这俩都笑死,5467.471,1765760124,1bae6291
2015436799140933120,高级词汇,5450.301,1767349988,a9603673
2018415095944305664,无偿上班(,5616.425,1767705029,964a8dca
2035137440129502976,弄明白,5418.548,1769698488,ca126b
2035137714621479936,你明白,5451.275,1769698521,ca126b
2068517489595502592,那么棒,5472.838,1773677700,471d6181
2077821577877208320,朕很满意,5679.263,1774786834,585cded5
,,0.0,1775683732.8000336,
lb.c,,0.0,1775683732.8000336,
,,0.0,1775683732.8000336,
1895737858867040512,哈哈哈哈哈哈哈哈哈哈哈,6096.333,1752996585,a4557f7c
1895737880752918784,沆瀣一气这词还是能用得到的233,5937.428,1752997598,4944442d
1895737919046914304,哈哈哈哈哈哈哈哈哈哈哈哈哈哈哈哈哈哈哈哈哈哈哈哈哈哈哈,5870.631,1752996356,a4557f7c
1895737949136851200,德国人太好笑了,5863.154,1752999715,8b34e573
1895737969194012928,阿雷真的动漫影视资深中毒哈哈哈哈哈哈,5838.142,1752997069,5866b398
1895738141521187072,犄角旮旯很少用吗？上海话里经常用到啊,6049.474,1753008868,39499903
1895738273742426368,除了呶字都认识,6060.585,1753013759,20dffd1e
1895738364003848448,踽踽独行这种基础词大左一个主持人不认识不应该吧,6002.5,1753015847,e69ebdef
1895738431481811200,圭臬感觉也很常见,6014.236,1753015872,e69ebdef
1895738444249272576,好厉害 卢可！,5923.251,1753018736,1c68567a
1895738555482214656,我觉得奉为圭臬还挺常用的,6019.476,1753019682,79d441b5
1895738669466620160,新梗出现了,5963.161,1753023686,65fd9e50
1895738727817777408,哈哈哈哈还拆啊哈,5877.108,1753023916,5ec74794
1895738740585238784,还得是总冠军！,5923.556,1753029089,d6bfe3aa
1895738798936396032,这期好搞笑,5880.071,1753023927,5ec74794
1895738800765112576,魔法小樱,5811.727,1753025778,ef8f951e
1895738804405768448,Latino American也是American哈哈哈,6088.033,1753033291,5404f33
1895738847263166720,哇好久不见的歌，我现在还全知道且会写呢,5922.622,1753029406,302e2cd4
1895738994978164992,戴卢可好会串场,5918.405,1753033135,5404f33
1895739036921204992,口语里很常见 但书面很少写 才叫生僻字,6084.412,1753069602,221a9f5
1895739067917111552,犄角旮旯哪个地区都用啊,6076.904,1753036132,37b64554
1895739303167234304,超超可能只是重影看成垚了哈哈哈,6025.872,1753080031,3f6b3267
1895803686740271360,德国人神奇的笑点出现了,5860.314,1753088610,677e1eff
1895940938636112896,哈哈哈哈哈哈哈哈哈哈哈哈哈哈哈哈哈哈哈,5956.417,1753104972,4365b2b7
1896006384517540608,哈哈哈哈哈哈哈 太好笑了,5877.08,1753112774,e10bb37e
1896394704246373888,往里玹,5888.848,1753159065,45f0e9c9
1896525961894243328,还记得穆小龙的也特别长,5863.237,1753174712,9c5bc011
1896526792475403776,突然感觉和一个母语者说对方的母语好刺激。,5849.288,1753174811,272cb156
1896528996767018496,伦反应好可爱,6093.046,1753175074,272cb156
1896694142336784640,我为什么这么黑,5850.046,1753194761,16f0b446
1896746298607480576,哈哈哈哈哈哈小魔女dorimi我的童年,5817.55,1753200978,9cb4590f
1896782108769874944,哈哈哈哈阿雷好棒,5823.344,1753205247,5856c37c
1896837444775896832,沆瀣一气，绵绵瓜瓞什么的其实也蛮常用的，都是会读，不一定会写,5963.667,1753211844,9450640
1897302336104199424,原来阿雷也是个二次元啊，圈粉,5807.807,1753267263,729e3ab7
1897408696875986688,bgm是星矢。。。,5826.178,1753279942,7ea9d3d5
1897539050743992576,是真的 喜欢看番剧随便都有N3了 日语听懂会说不算难,5774.395,1753295482,6f99a845
1897540654679205376,碗里选,5906.056,1753295673,6f99a845
1897941885038393856,哈哈哈哈哈德国人,5869.457,1753343503,4227b274
1898063552024567040,善逸！,5827.305,1753358007,9cdf46e6
1898064079399573504,xs我的笑点是发币笑,5864.169,1753358070,9cdf46e6
1898097346118832640,生僻字那个歌词的选择标准太不统一了所以体感好不好也是一阵儿一阵儿的hhh,5931.174,1753362036,45af011b
1898114145447495424,紧跟时事哈哈哈哈,5827.651,1753364038,ba542c3c
1898161274299396864,考试会用到吧，或者语文老师,6051.412,1753369656,9a457285
1898467852772804608,哪里常见？你平时都会说这些吗？我只能读一些，意思知道的就更少了,6031.791,1753406203,a725bfc4
1898468393661528832,确实是American,6081.24,1753406268,a725bfc4
1898544657131158528,会长日常开始挖坑了,5973.106,1753415359,e68aeabe
1898792509870598400,魔法少女小圆，魔法少女奈叶，魔卡少女樱，憧憬成为魔法少女,5789.357,1753444906,c1c112d8
1898950122260736256,我的天啊,5932.388,1753463694,eeae67ec
1899611716883880704,哈哈哈哈杨迪这个变声,5986.176,1753542563,5ebece69
1899953432166147328,怎么难的都会，简单的反而错了超超,6015.364,1753583298,ae954710
1900078198046300160,哈哈哈少女雷,5809.075,1753598172,1091612d
1901032821930525952,哈哈哈哈哈哈哈哈哈,5810.507,1753711972,2c9403ee
1901035550375286784,格局,6102.475,1753712297,2c9403ee
1901038084020175104,笑死,6081.102,1753712599,2c9403ee
1902445816619673088,可爱的四姐,6110.63,1753880414,c085033b
1902473656388011520,哈哈哈哈哈哈哈哈哈哈,5884.153,1753883732,24d07282
1902507918574530560,鬼灭！！,5827.326,1753887817,ecae7fb8
1903092981570356992,哈哈哈哈哈哈哈哈哈,5817.734,1753957562,623dd44
1904588337600721664,中二哈哈哈,5768.847,1754135822,3e5e834
1904588540294738176,和红红火火恍恍惚惚哈哈哈哈哈哈哈哈,5787.755,1754135846,3e5e834
1904607506802715648,xswl,5877.161,1754138107,2f77163b
1904738394345604608,不考生僻字没意思呀,6059.583,1754153710,1606bf27
1905360955819970304,先笑了,5858.11,1754227925,95e70b5d
1906556910518333184,哈哈哈哈哈,5871.662,1754370494,58d57e1c
1907415837069982464,不会是飞天小女警z吧,5820.521,1754472886,43d8243f
1908251049396513536,哈哈哈哈哈,5828.769,1754572451,d8a8f583
1913315501447857152,奉为圭臬不是很常见吗，，,6018.38,1755176181,9b40c598
1916341011081184256,这里阿雷莫名的像唐大哥,5760.723,1755536850,299590f4
1916656189127610112,哪里常见了，只有几个是常见的,6036.563,1755574422,51f2909e
1922655339275858176,犄角旮旯也会，只是不太会写,5941.477,1756289577,99536495
1923491622692854784,歌里的都会比较熟啊,6044.668,1756389269,a82a2ebb
1924750576206771968,哈哈哈哈哈哈哈哈哈哈哈哈哈哈哈哈哈,5819.439,1756539348,90bb401c
1924751062737679616,吼吼吼吼吼吼吼吼吼吼吼吼吼吼吼,5873.51,1756539406,90bb401c
1929398244665353728,初中的时候我们也学这个表演过,5947.352,1757093394,bd775eca
1954296916465043200,戴卢可的承上启下可太中国了哈哈哈哈,5910.649,1760061546,99c7f039
1957531727765723136,哈哈哈哈，陈超其他生僻的都知道奉为圭臬这么日常的居然不会,6007.196,1760447166,ae02b522
1963056219074066944,我的天啊，怎么会有这些这么多语言超能力者,5857.992,1761105737,54f7b9d0
1967686962006220544,笑死，反正我认不全哈哈哈,5978.628,1761657764,eb09f285
1977904572307833856,魔法少女哈哈哈哈哈,5795.978,1762875798,aedabb3d
1977905919635666176,哈哈哈哈哈哈哈哈哈,5956.683,1762875959,aedabb3d
1994610009833088768,超超好厉害,6041.25,1764867242,51701351
2010424270157225984,奉为圭臬这个，我感觉应该都知道啊，看古装剧什么的,6007.049,1766752448,a0b99804
2016016522979979008,超超怎么不认识圭臬，这是固定组合啊，垚涅是啥意思,6007.162,1767419097,ae954710
2026860148143955200,穆小龙？？？,5856.924,1768711758,c0ad9fc7
2036277408915183872,我只会醍醐灌顶和犄角旮旯,5991.627,1769834383,f9735bbb
2038025793061976064,德国人莫名其妙的笑点笑死我了,5864.035,1770042806,b8b5200d
2057973005103436544,高中语文考了你还能记得？反正我是感觉上大一就修为散尽了,6045.684,1772420699,dc69dd68
2058963017848770048,我可能知道他咋学的语言了,5843.198,1772538718,60c31dff
,,0.0,1775683732.8000336,
lb.c,,0.0,1775683732.8000336,
,,0.0,1775683732.8000336,
1895737596345553152,哈哈哈哈哈哈哈,6195.466,1752991046,a1639211
1895737605254254848,笑到捶床,6248.056,1752991132,a1639211
1895737756257587456,哈哈哈哈哈哈哈哈,6247.548,1752993724,46e1d41a
1895737873454829824,这表情包加的哈哈哈哈哈,6247.145,1752995808,591a47e1
1895737955520581888,哈哈哈哈晚上睡觉起来扇自己一巴掌。,6242.077,1752996766,a4557f7c
1895738234534072576,美国的刻板印象又增加了哈哈哈哈哈哈,6262.432,1753014661,d93d12d4
1895738291970871552,地大物博吗哈哈哈,6424.625,1753014057,450eca7a
1895738441514586368,美式英语跟英式的相比是真挺村儿的,6304.472,1753017646,6ed7a38b
1895738527220994304,这句话感觉很深刻,6342.095,1753018411,9cfc41f8
1895738529955680512,好惨,6240.329,1753015944,e967e3fc
1895738545457828096,洋脸在身我心依旧是中国心,6343.404,1753019165,b3e76332
1895738814438543616,伦儿好漂亮,6121.658,1753026098,ef8f951e
1895738827214393600,还好我们中文故意说别的口音腔调不会被说,6221.909,1753034289,9ef562ec
1895738931149246720,哈哈哈哈哈，绝,6261.929,1753027770,105f8ab8
1895738994063806720,以前好像聊过,6323.611,1753065947,c76f245a
1895739099835764992,感觉四姐马上就要入党了,6358.412,1753041164,f2cbd317
1895739164570652928,北京啊，都鼓楼钟楼和胡同了,6466.915,1753074268,cce57685
1895739223836168448,哈哈哈哈,6185.472,1753075358,b465a5f8
1895876772915284736,好红,6342.445,1753097323,f81c7508
1895891145075744000,完啦！漂亮国居然是我自己,6332.931,1753099036,720bb977
1895911263230715648,这一期可太好看了哈哈哈哈哈哈哈,6293.681,1753101434,cc998cf0
1895977013316171008,真的 我现在在英国 班上有美国同学老师都问为什么来英国哈哈哈因为感觉美国人很少来,6233.393,1753109272,7021661
1895996712578404608,哈哈哈哈,6191.243,1753111621,42cad9e5
1896011026604849152,哈哈哈哈哈哈哈哈哈哈,6248.296,1753113327,692c8ed6
1896053738805025792,笑死我了,6338.26,1753118419,35861f7e
1896348810541099264,盆栽伐木工,6185.449,1753153594,b7453a45
1896660913071964928,入党！马上入党！,6335.06,1753190799,280fcb51
1896752974823802112,萨沙真的长大了哈哈哈哈哈还劝架了,6286.28,1753201774,9cb4590f
1897031264495085056,英魂不散,6129.09,1753234949,88971e98
1897172399880213760,缘分,6350.275,1753251773,fe4eee91
1897191079833737984,伦儿好好看,6141.739,1753254000,edbe14cb
1897329347598687232,四年英伦行 一生英国情,6138.756,1753270483,cdc452f4
1897379646639815168,英美日常共轭嫌弃,6150.158,1753276479,d403eb94
1897470722797396480,就像有些人说着说着说英文感觉自己很能似的,6155.088,1753287336,9c3b5844
1897881482706794240,反复播放，笑发财了这段,6120.382,1753336303,a5babba0
1897980178177896192,哈哈哈哈哈哈哈哈,6134.889,1753348068,290bcf14
1897990451865073152,主要是大部分的美国人会对英音有滤镜,6302.454,1753349293,c5e94360
1898037108598766848,我觉得英音比美音好太多了，主要是美式英语有种不好好说话的感觉,6151.32,1753354855,e3a9f12d
1898068025727885056,也没有r音好像,6268.82,1753358540,9cdf46e6
1898469431701780736,四姐吐槽笑死我了,6195.492,1753406392,a725bfc4
1898638472119025920,B+可以了，我的二外只有及格，但我还是往简历上写我会,6389.578,1753426543,a18ccce
1899515964723618304,很多去台湾上大学的人也会有台湾腔,6237.288,1753531148,3820b86
1899583646470362112,哈哈哈哈哈哈哈哈,6195.813,1753539216,fbcf58ae
1899589769240256768,政审吗,6331.689,1753539946,80311199
1899903850559699712,英音好听啊,6271.685,1753577388,3e3ca627
1900743884129465600,东北腔,6156.205,1753677528,fc5824e9
1900962778974280704,“再给我上颚共鸣试试看呢”,6139.283,1753703622,7c263e9f
1901039338478048256,缘分,6410.357,1753712748,2c9403ee
1901092486005857536,这一趴杨迪和大左配合好默契好好玩,6240.882,1753719084,bba3e7b3
1901111475482086656,东北菜好吃不辣,6470.381,1753721348,18259142
1903696970439590656,我以为这个词是 可以,6419.591,1754029563,b7a9b2eb
1903909804733164032,哈哈哈哈哈哈哈哈哈这么严重吗,6142.532,1754054935,c51a6472
1903912608323439360,这个讲过，老师说他没天赋他吃激将法非要学哈哈哈哈,6350.203,1754055269,c51a6472
1904470534801020416,温文尔雅温润如玉钟逸伦,6222.688,1754121779,cc2734ec
1904581796449178880,没事萨沙会倒着说,6144.19,1754135042,5bd65cde
1904592053267419392,伦儿比较像英国的,6176.889,1754136265,3e5e834
1904592758221061888,哈哈哈哈哈哈哈哈哈,6240.501,1754136349,3e5e834
1904741835662920192,中国其它不说，论美食绝对世界第一,6444.448,1754154121,1606bf27
1907997071420911104,很明显是要伐木哈哈哈哈哈,6187.912,1754542175,e06c8437
1910189102486362880,大漂亮,6338.048,1754803485,738a73b
1910189214340135424,漂亮过,6351.282,1754803499,738a73b
1914652145542984448,这期好好看,6310.42,1755335521,39959bed
1916890106191840512,来了来了 入坑点,6131.6,1755602307,41d23346
1938459317036858368,4,6137.704,1758173558,7ce065f9
1942844325235513600,我真该死啊哈哈,6254.36,1758696291,1448c64
1967689487748992512,口音会混也正常，在外地待久了回家就会被说口音变了,6211.908,1761658065,eb09f285
1971860351436493056,真好,6405.79,1762155271,83beff44
1975472819102343680,我喜欢这期的所有！！,6331.166,1762585911,75855fc6
1988749246333072384,可怜的伦儿,6254.717,1764168584,c847ffba
1988750225619440640,支持Dylan，英音好听,6272.114,1764168701,c847ffba
2011318177330127616,好家伙哈哈哈,6456.191,1766859010,1bdc989c
2024979683494084864,这话题能客观的聊吗,6321.496,1768487589,4756a90
2069095069641645568,有没有可能美国人不说纯正的英语才是违背了自己的故乡,6150.449,1773746553,6b2b33d2
,,0.0,1775683732.8000336,
lb.c,,0.0,1775683732.8000336,
,,0.0,1775683732.8000336,
1895737660753285376,这一期真的很好看,6541.435,1752992583,a8f5ef7c
1895737685818446080,享受2025，好戳人的表达,6794.065,1752992554,dd38837b
1895737804802461952,哇哦，好想听一听,6713.441,1752995454,98f16374
1895737829255254272,老王算最有发言权了，毕竟经历过生死后来的,6760.292,1752998269,4944442d
1895737865259159808,但是这种速度也会有很多后遗症,6628.733,1753000515,8b34e573
1895737968288043264,那还是不一样的，中国贫富差距大，但基础建设都很好，欧美可不是,6678.52,1753002110,5e592343
1895738173439840512,应该是说医疗不便利，拖着拖着很多病人就错过最佳治疗时间,6709.748,1753010160,20af4969
1895738642102980864,哇，好会说,6794.595,1753022472,755ab053
1895738734201508096,和平,6749.651,1753027321,d89d8cbd
1895738795295740160,兼容并包,6823.86,1753032301,177de300
1895738872798089472,对自己深爱的国家有反思是很好的一件事,6721.795,1753038055,187c324
1895738902879637760,喜欢这样的真诚分享,6543.19,1753037588,187c324
1895738912006443264,希望都能变得更好,6721.795,1753038063,187c324
1895738932063604992,哈哈哈哈哈在一个伊朗人的房间里两个美国人吵起来了怎么这么好笑,6711.525,1753063546,f032f0af
1895739024153743616,其实这种对速度的适应能力也是一种温水煮青蛙。,6620.268,1753037869,187c324
1895739090717348096,不知苦所以不能言苦。,6622.315,1753037904,187c324
1895739095272362240,来郑州吧，郑州地铁是真的很有人文关怀,6736.904,1753040485,7a1afabc
1895739168219697408,五千年,6837.086,1753066340,e94d0ef6
1895739195574948096,都一样啊，大部分资源掌握在少数人手里，底层挣扎求生,6685.378,1753069042,3e15afd5
1895739298603831552,贫富差距...真的很难缩小,6671.593,1753077459,f04b19be
1895739300432548096,战乱国家的人要考虑的是生存，和平的国家才配谈生活,6772.315,1753073897,f8b0e6b0
1895739333257171200,唉...,6667.752,1753077438,f04b19be
1895916809107255552,来成都坐地铁吧,6741.512,1753102095,cc998cf0
1895922409224457984,幸存者偏差罢了。跟不上的会被毫不留情抛弃消失,6635.987,1753102763,9cc53f64
1895927999803579392,看了饼叔和老王的视频，很感慨,6763.186,1753103429,2f51f428
1895937469820941824,喜欢陈老师每次认真的聆听大家的发言,6547.615,1753104558,7d881d54
1895945543797188096,哈哈哈哈哈哈哈哈哈哈哈哈哈哈哈哈哈哈哈,6503.187,1753105521,4365b2b7
1895971705936303104,中国自己外宣也是重点在传统文化，对内也强化传统文化在中国文化中的代表性，青年文化一定程度上缺失，也有舆论环境的因素，外国人误解也很正常,6589.994,1753108640,108016b
1896042506861772032,这个我居然有点不信,6824.197,1753117080,698bab0d
1896055550030980352,中国也一样只是程度问题罢了,6658.388,1753118635,35861f7e
1896115798288929536,只缘生在此山中我没觉得变化很快但是回头看好像也变了蛮多,6649.705,1753125817,cc2734ec
1896346407598641152,说一样的去认真了解一下中美差异吧，本质是不同的，中国在努力缩小贫富，美国不是,6687.136,1753153307,996c2fe2
1896389793135554816,哎也不是每个中国人都过得很幸福，我就很累,6804.345,1753158479,671e7525
1896445143561997056,每个国家都需要伦这样的理性主义,6735.808,1753165078,2babe5d1
1896692445161556736,未知全貌 不予置评,6500.385,1753194558,d10e6859
1896713597632456448,前面那个为什么不信啊？就用大类来说，南北方的很多人了呀，更别说这么多省，每个省，每个城市，甚至每个村的文化都不一样。,6830.016,1753197080,c93b4313
1896713718285980672,很多元了,6834.261,1753197094,c93b4313
1896732865308570624,AUV,6591.584,1753199377,54d3f224
1896762050744070656,哈哈哈哈哈哈哈在一个伊朗人的房间里,6709.359,1753202856,9cb4590f
1897033430391823872,每个人都累换个地方你会连觉得累的功夫都没有还要担心能不能活到明天,6812.842,1753235207,d539e6d1
1897036751005286656,投共一念起，顿觉天地宽,6735.699,1753235603,c50570d0
1897124829325385984,国外一些媒体的刻意描绘,6600.162,1753246103,42da3e49
1897224976302927360,这俩私下可一定要还是好朋友啊,6713.528,1753258041,e6299164
1897398342565690112,真的，我们被保护得很好了^ω^,6774.265,1753278708,ca23a4
1897434692518111488,苏丹的游戏你是不是原型哈哈哈哈,6776.575,1753283041,b7b7e82b
1897549057816156160,鼓楼钟楼是西安,6483.967,1753296675,6f99a845
1897599146278760704,中国内部当然也有问题，但和国外的程度还是不一样的，多去了解一点再发言吧,6682.239,1753302646,68f3b35d
1897599835788886016,一个江苏各个市县方言文化都不一样,6838.453,1753302728,a12485dc
1898072217221687552,想起luigi,6699.647,1753359040,9cdf46e6
1898085967332604160,这后面的话题多来几期，说不完啊,6609.427,1753360679,d849b843
1898126853265714176,没办法拒绝变化/dog,6625.936,1753365553,ba542c3c
1898641050416426752,人民的愿望都相似。。,6675.15,1753426850,a18ccce
1898785992081696768,英国：勿cue，谢谢,6689.673,1753444129,cc3adea9
1899394054693909504,不接受也很好办，慢慢被淘汰咯,6624.492,1753516615,3873c0bd
1899524978576745984,可能是荒诞吧，比较合适,6523.504,1753532223,7cf865be
1899569833494887168,梦幻不好吗？,6573.202,1753537570,3860f01a
1899644931426164480,中国也不能避免,6661.822,1753546522,d5bc7b78
1899645448348985344,当然我们现在正在努力让中国不一样而且也有了成效,6689.47,1753546584,d5bc7b78
1900034195536137984,Dylan是一个真诚的好人 支持,6720.402,1753592926,2c9403ee
1900231076526713344,美国很多人相当爱国的，其实恰恰是我们。。。。。。,6649.902,1753616396,395ce43e
1900245252292511232,这里的荒谬应该是指外国宣传的中国和实际的中国不一样的意思吧,6582.739,1753618086,fc0b135a
1901033036209402880,“神奇”,6522.2,1753711997,1b6940fa
1901478076861790976,中国禁枪是最明智的选择，而且摄像头多也是为了保护好人，监视坏人,6802.453,1753765050,80000882
1901700931155311616,变差,6642.612,1753791616,105f52db
1901734966363358208,他是个理想主义者，社会需要理想主义者的存在,6719.916,1753795674,71f360aa
1901862417940697600,感谢国家，每有一个新技术出现都是先向全民普及的,6630.792,1753810867,4a4e6679
1902365496134297344,我们不要身在福中不知福了,6793.653,1753870839,92f8c01f
1903699234281745920,很多国家都这样,6658.438,1754029833,b7a9b2eb
1903827465546625536,每次波波玩这种政治梗我都好想笑,6715.322,1754045119,29c7c55b
1904592752574914304,中国不一样,6686.195,1754136348,357dee8e
1904596883444749312,。。。。。。。。。,6636.436,1754136841,3e5e834
1904597355127841024,哪里不都这样,6661.546,1754136897,3e5e834
1904599138847969024,没有说过的多幸福 要求就是没有战争就很幸福了,6809.822,1754137110,3e5e834
1904743391271399168,中国可使用短短30年走完了西方国家的很多路,6615.568,1754154306,1606bf27
1904746212788497664,确实多元化，不同地区不同民族,6820.44,1754154642,1606bf27
1905466819909765888,要哭了 老王,6796.692,1754240545,a48719d1
1905516364379104512,中国和美国还是很不一样的，美国可以说整个政府和社会就是一个企业,6688.725,1754246452,c0863c00
1905590443236882944,华波波接的好哈哈哈哈,6728.909,1754255282,55f41f2d
1905708190906021888,是的，明明有新兴的社群文化，小说影视在海外也有不少受众，但只拿传统文化宣传,6558.317,1754269319,92638f93
1905733248072848128,伦好可爱啊,6721.098,1754272306,f5b9996
1905886098668937984,伦儿很有国家情怀,6698.429,1754290527,7becfa2e
1905887294179910912,阿雷文艺人,6824.672,1754290670,7becfa2e
1906070010057587456,基建狂魔可不是贬义(而是汗颜),6743.759,1754312451,c8137052
1906621653182534144,国内也一样，只是国家投入民生的更多,6672.825,1754378212,da947e05
1909689848987148544,他想表达国家或者政府没有投入更多到基础设施建设或者卫生安全上面,6674.879,1754743970,d7fb52ee
1911377903472814592,真好,6720.915,1754945201,984e8387
1911378403299548928,伦的发言太棒了,6767.166,1754945261,984e8387
1913571332298825216,不予置评  但我家过得很好,6816.41,1755206679,a406af70
1915971349722081024,但是在武汉记得出门的时候手不要插在兜里,6731.172,1755492783,aa8cb2c6
1918412477759778560,对老王来说这里很有烟火气,6809.441,1755783788,dcc7e0e1
1921056285831728384,不接受就会被淘汰,6630.638,1756098955,954b058c
1921056623968288000,中国也差不多,6657.996,1756098995,954b058c
1929404679826503424,我们也是啊 程度没那么离谱就是了,6668.628,1757094161,bd775eca
1945264582373671936,每次听这个方面都想哭,6771.747,1758984808,e84d2ff
1967694729680788480,卢可的共情能力很强,6785.668,1761658690,eb09f285
1967694847532478464,老王好真诚,6789.668,1761658704,eb09f285
1975476124088230656,好棒老王,6795.251,1762586305,75855fc6
1977911950214243328,其实中国也是,6675.488,1762876678,aedabb3d
1986558931577298944,确实，只有一部分人在享受当代,6804.09,1763907478,2a9d92f9
1988754506963415040,Dylan反应好快,6661.622,1764169211,c847ffba
2011320470867702016,世界因你而美好 ,6720.212,1766859284,1bdc989c
2016952177930965504,广州都一直在开新的地铁线路！,6708.314,1767530636,8947ce87
2022025891484004352,什么叫老是说这个？经历过的最深感悟说不是很正常吗？,6786.513,1768135469,6d4f31dd
2027056310750973952,这是一个制度问题 美国的资本主义体制下永远不可能达到钟逸伦想要的这些平等和普惠,6727.425,1768735142,aef87158
2027056891695612928,老王一说话卢可就哭,6782.978,1768735211,aef87158
2029865597738983936,外宣确实做得不好,6562.312,1769070035,361d239
2056133097778429440,荒诞是离谱且可笑，也不好,6531.028,1772201365,fa9ad547
2066239338295500544,中国没美国那么夸张,6675.024,1773406123,a16be46f
2085131327899985664,荒诞,6523.597,1775658224,91e1ddec
,,0.0,1775683732.8000336,
lb.c,,0.0,1775683732.8000336,
,,0.0,1775683732.8000336,
1895737518549602560,中俄那说不清道不明的羁绊呐,6875.785,1752989565,9e8cd452
1895737942753120512,虽然但是这些基建应该都不是白给，还是要考虑利益的。,7087.97,1753004822,545954c8
1895737954606223616,萨沙已经不是老外啦，他是老内,6917.492,1753001311,e4ff31ac
1895737962810282240,给陈老师投币,7148.543,1753000815,e868d6e6
1895738337562956032,萨沙的面相都很中国了,6921.078,1753014984,73e9b877
1895738415065305344,非正不就是这样吗hhh正经起来很正经,6951.491,1753017172,638576ba
1895738442420556032,这已经是精中了自豪了,6856.334,1753017521,47376c28
1895738515367891200,现在的节目越做越大，主题也越来越大了,7111.306,1753019293,193ffd61
1895738546372186368,萨沙越来越老干部了,6860.051,1753019535,1c68567a
1895738560079171840,完全变成中国人了呀萨沙,6854.884,1753019690,b3e76332
1895738708666585344,但中国的利益都是双赢的，大多是经济上的，不能说有利益就是不好的,7102.081,1753028422,a7349199
1895738749695267072,基础在民间，未来在青年,6909.082,1753029610,b77da815
1895738798022037760,东北人来了,6857.033,1753029957,d0eeaf61
1895738808063201536,唐朝那会真挺多的，服饰饮食娱乐活动都交流的特别深，互相影响很大的,7030.588,1753023996,11c5072
1895738836324421888,偶尔有一些宏大深入的话题也挺好的呀,7125.054,1753034905,9ef562ec
1895738864585642240,灵笼,7118.112,1753027731,7bf03337
1895738874618417408,肯定是有利益的，但是我们追求共赢，而不是强取豪夺,7091.369,1753030554,516113ea
1895738916561457408,宏大叙事会让人感动，但也会让人迷失的，感觉没必要一直升华,6997.048,1753038389,187c324
1895738967622914304,这一年真的是舆论反转,6903.166,1753030294,516113ea
1895738974912614656,近代中国的版图就是清朝定下来的，相当部分依赖于乾隆的十全武功，感兴趣可以搜一搜乾隆朝名将,6979.544,1753040743,7a1afabc
1895739005916909824,没有宏大的背景下个人还会存在吗？,7125.643,1753036925,c7bc6e63
1895739146333819136,咋样了。。。挺好的啊人家,6949.86,1753073352,892b4073
1895854446332840192,相信老王说的是话是发自内心的，毕竟亲身经历过战火,7170.238,1753094661,3a31dcb7
1895859660172023808,据说他的老爸是中俄混血？,6880.681,1753095283,1df8460d
1895878303215493376,迷失是因为你自己内核不稳，如果你连听到一点赞美的话都觉得心虚、不适，那是因为你配得感太低了,7007.214,1753097505,68ab50d8
1895886991573313536,萨沙已经入党了，自豪感都有了哈哈哈哈哈哈哈哈哈哈,6853.737,1753098541,ac1ed4e7
1895914456186862592,确实，有过大唐的鼎盛，也有侵华的耻辱，太复杂了这几千年和近两百年,7072.87,1753101815,4f7b0147
1895939496005433088,我发现很多人很抗拒对个人的赞美哈，宏大就是由个人构成的,7124.197,1753104800,d0a706e0
1895962862170590464,是的,7064.0,1753107585,3c890e32
1896057229271011584,从先秦开始的华夏认同,6997.054,1753118835,35861f7e
1896057475954741760,让我想到了威斯特伐利亚和约,7027.006,1753118864,35861f7e
1896138358434982144,一点都不过，中国就是很好。,7190.899,1753128506,7388c77a
1896282581490515456,导播直接不敢切其他人的画面了 大左也管管 心里知道就行了,7189.779,1753145699,c585eb07
1896371636178174208,为什么过了 前面的是配得感太低了吗 陈述事实而已 为什么会觉得过呢,7195.88,1753156315,c0abd974
1896444073528258560,才注意到这个地图中国好大,6967.583,1753164950,a7969c95
1896444504300081408,超棒啊这期话题 很有意义和深度,7003.209,1753165002,a7969c95
1896487634579302400,这个地图也让我印象很深刻,6965.677,1753170143,9ec95bfa
1896489246634756864,说得好,7151.185,1753170335,9ec95bfa
1896515622197177856,他是真的入党了吧，发言太官方，哈哈哈,6917.303,1753173479,8a80d98c
1896527134873361920,萨沙太中国了,6883.176,1753174852,6a042d86
1896527607890110720,真的很震惊,6985.76,1753174908,6a042d86
1896528590154207232,不愧是在世界中心呼唤爱,7171.882,1753175025,6a042d86
1896549573058051072,求同存异,7081.105,1753177527,b99d4a1f
1896678634124171776,说的太好了,7089.925,1753192912,ef5b873
1896689226226035968,为什么要说过了，如果作为国人的我们都不够有自信，都不够乐观自豪的话，这个世界上还有谁愿意更相信我们可以做到这些呢？,7191.378,1753194175,4de79949
1896700212652189440,中国最牛逼的一点，就是同化,6948.592,1753195484,c3929b2
1896846755031494400,天下大同，世界人民大团结，万岁！,6951.603,1753212954,9450640
1897038302151448064,让我想到了高佑思…哈哈,6842.739,1753235788,88971e98
1897132711857199616,因为我们原本就是一个多民族的国家，每个民族存在各自的文化差异，每种文化相互包容,6938.97,1753247042,42da3e49
1897313694656990464,北京欢迎你，为你开天辟地（开放怀抱）你会爱上这里,6908.793,1753268617,729e3ab7
1897402914356966144,love ,7173.813,1753279253,ca23a4
1897552673700808704,执着 信任,6868.324,1753297106,6f99a845
1897601588529782528,现在人真是戾气重了，以前从来不会有人莫名其妙的打问,6997.266,1753302937,a12485dc
1897859954988690432,家国情怀大部分人有，有一部分人确实因为从小的狭隘，自然也看不惯这些,7191.085,1753333736,e0632c99
1897866933580394240,非正这一季带着任务了,7011.467,1753334568,8562c6e6
1897897775447236608,那外国人和自己国家对比就是觉得中国更好啊，看见中国更好的一面讲出来啊，代表们都说的那么真挚真诚,7021.288,1753338245,2aa70d44
1898088222609748480,可以倒着说中文,6878.916,1753360948,8f9aba91
1898092720329620224,带啥任务真好笑,7021.416,1753361484,d849b843
1898132201112459520,宏大背景就是我们每一个中国人的骨血，为啥不能谈,7130.926,1753366191,ba542c3c
1898580836409316096,守正创新 不忘初心,6939.247,1753419672,6126b659
1898666323538942976,用今人的生命还古人的债，这个真是精辟,7155.601,1753429863,915050e3
1898788297942440448,他不是混血儿，是老爸在他很小的时候就“巨星标配”了，但是很小就开始接触中国文化,6894.038,1753444403,cc3adea9
1898791671513404160,宏大和个人不是对立的，而是互相成就，这就是精致利己主义为什么要摒弃,7136.041,1753444806,cc3adea9
1898822681655529728,这太好了！,6843.84,1753448502,636af638
1898910387244854272,莎莎接近中国人了，完全中国化了,6921.603,1753458958,e3470321
1898911684559693568,陈老师真的满腹经纶啊,7076.15,1753459112,e3470321
1898957673719325184,有些弹幕是觉得说坏的才是真吗？坏的好的都是,6994.673,1753464595,6b40ebca
1899330667008161024,已经是东北人的模样了,6896.769,1753509059,8ed82815
1899443844664460800,中俄CP,6903.562,1753522551,e4d84d7d
1899524549423779584,太深了！,7053.949,1753532172,3820b86
1899609802536100352,萨沙太像中国人了,6868.96,1753542334,64c6b79c
1899623826770786560,一点都不过好吗，现在的时代背景下世界是否能和平确实要看中国,7192.147,1753544006,bc31ead9
1899647684927755520,前面的想说啥啊，陈超咋样了？不要引战可以吗,6952.723,1753546850,d5bc7b78
1900087323199353344,哪里过了？自己去了解一下我们在国际事务上做出的贡献，不要这么自卑,7189.371,1753599259,422009b7
1900214028308531712,古代也有疆域图吧 也是有地理分界线的,7038.06,1753614364,b927edf8
1900303293918964224,老王又动感情了,7179.652,1753625005,68efaa5c
1900974547218661632,中国真的格局太大了,7161.167,1753705025,62699b20
1901012750474195456,萨沙就是中国小伙啦 ,6871.084,1753709579,9265523d
1901040459380750080,天下大同！！！世界和平！！！,7183.616,1753712882,1b6940fa
1901066877699254528,近代史 是一个伤痛,7072.148,1753716031,539dfda8
1901118523019670016,互利互惠嘛，有何不可,7108.686,1753722188,18259142
1901639283426035968,我的弹幕呢,7003.772,1753784267,4d2041c5
1902755038712239872,萨沙说的已经得到了国人大会演讲的精华,7009.141,1753917276,3f3063c2
1903662376340233216,陈老师讲得太好了 ,7199.012,1754025439,2e93938c
1903701780291417856,夸得我都绷不住了,6921.694,1754030136,b7a9b2eb
1903776104272515072,中国自古并没有国境线的概念都是以势力范围划定大概的区域，真正接触到把国境化为一条线的应该是清朝的尼布楚条约,7040.655,1754038996,b9df69aa
1903804183300627712,中国是文明型国家,7009.325,1754042344,1ddd0afb
1904413756096572672,会长眼眶红了,7182.497,1754115010,21f73640
1904600175142915328,萨沙这段话 好,6931.724,1754137233,3e5e834
1904602111367773184,哈哈哈,7116.424,1754137464,3e5e834
1905340308922234368,speed不是来了吗？,6912.659,1754225464,2eb47862
1905890199146212096,天下大同！,7147.37,1754291016,7becfa2e
1906120801997426176,倒着说中文笑鼠我了,6883.518,1754318506,712b33d4
1906866720434670336,他爸爸混血,6884.042,1754407427,4ad5b7c7
1907440916215114752,必须得是陈铭,7057.295,1754475876,9adcf5e9
1907441055340190464,没有陈铭可咋整！！！,7062.323,1754475893,9adcf5e9
1907927474462215424,萨沙爸爸好像是中国人,6888.991,1754533878,edceba01
1908264231959804928,不然呢 你想听到什么？,6956.994,1754574023,d8a8f583
1909738694962297344,因为我们的认同不是建立在血缘，种族之上的，是文明,6947.309,1754749793,e06a0bba
1910516879710106368,天下大同,7156.667,1754842559,4cd26c1a
1911108155258463488,愿祖国永远繁荣昌盛，愿人民安居乐业，希望真的能有老吾老以及人之老，幼吾幼以及人之幼的天下大同,7199.845,1754913045,34be5d10
1911383357871574272,说得太好了,7156.072,1754945852,984e8387
1912644363784642048,这个bgm有点宏伟啊哈哈哈哈,6896.867,1755096175,aca1d8af
1912646653195192576,说得太好了！！！,7161.315,1755096448,aca1d8af
1913030470246605824,只有经历过才知道的,7176.765,1755142203,cdc7bc83
1913350480247959552,李白是吉尔吉斯斯坦那边的人,7021.62,1755180351,3302ae89
1914864527842332928,国破家亡，固定搭配，望周知。也不妨看看今天的加沙人民，里面也不乏战争前家境优渥的。,7145.64,1755360839,dfe2ddbf
1916898949210434048,萨沙太老干部。。。,6868.229,1755603361,41d23346
1916900671467390976,读人类简史就知道 国家是人类构造的概念罢了,7052.699,1755603567,41d23346
1921250021379576576,说硬夸的历史及格了吗,7002.11,1756122050,bc587f4c
1923930412557231360,但是听说意大利街上小偷特别多,6841.225,1756441577,99536495
1924986993839221504,陈铭老师口才好，说话才快，没有语言屏障,7130.674,1756567531,e498a6f4
1926357441114275328,投币了,7154.131,1756730901,9eb4a117
1939601543464800000,说的好好,6936.456,1758309722,19031c9a
1971050491086146048,感觉萨沙真的是完全融入中国了,6891.029,1762058728,9574db04
1977023081524779264,都是地球上的人类，没有哪个国家比其他高级,7161.416,1762770716,da85f3fd
1977913530325766400,萨沙已经入党了吗哈哈哈哈哈,6863.869,1762876866,aedabb3d
1985165235720048640,太纯了还是,6863.268,1763741337,55203a50
1992880039746138112,东北代表这一块,6856.653,1764661013,b087944c
2011869610512769024,看哭了,7140.057,1766924746,cc26b091
2011870073975098624,说的太好了,7150.2,1766924802,cc26b091
2026026976464848128,这一期太棒了,7064.553,1768612436,1ca31636
2027856872027209728,非常漂亮的总结,7094.328,1768830577,8f58d927
2035149943106573568,他真的说得好标准,6879.309,1769699978,ca126b
2036292303651953664,我突然意识到中国的中立也是一种和平,7197.221,1769836158,f9735bbb
2082391271548932096,包容  但是有一条你只可意会不可言传的高压红线    触碰即死亡,6946.344,1775331584,6d6f1ac6
2082391448967843072,包容  但是有一条你只可意会不可言传的高压红线  触碰即死无葬身之地,6950.611,1775331605,6d6f1ac6
,,0.0,1775683732.8000336,
lb.c,,0.0,1775683732.8000336,
,,0.0,1775683732.8000336,
1895737650661789952,下周见,7295.403,1752992285,a1639211
1895738054900420864,陈老师说的真好,7214.561,1753006171,255b01e
1895738988594434304,那挺羡慕那个厅结婚的新人了~,7250.967,1753048041,23ddeab7
1895990467888831488,哈哈哈哈哈哈,7243.15,1753110876,99272c49
1896502871931897088,精彩的节目,7207.788,1753171959,bda137c9
1896528826075226624,好看,7223.428,1753175053,6a042d86
1897388807511572224,很客观啊，这就是事实,7202.296,1753277571,d403eb94
1897967201404250624,好看好看,7214.407,1753346521,bdfa401c
1898090557780690176,哈哈哈哈哈哈哈,7364.777,1753361226,9cdf46e6
1898096271319938304,伦儿记词能力这么强啊,7425.896,1753361907,d849b843
1898122321471151616,战歌起泪目了,7222.706,1753365013,66a85677
1903097630284788992,真棒！,7232.354,1753958116,1e5860b0
1910196463095640064,可真正的世界还是弱肉强食,7214.027,1754804363,738a73b
1962554409448054016,旷野的规则是永不回头,7256.422,1761045916,9caedba
1977916378484578816,精彩！,7203.354,1762877206,aedabb3d
,,0.0,1775683732.8000336,
lb.c,,0.0,1775683732.8000336,
,,0.0,1775683732.8000336,
1895737229310398720,一日代表好漂亮！像玛丽莲梦露,36.018,1752985309,59dfb4d2
1895737236021285120,来了！,197.636,1752984891,781e03c0
1895737280388632832,来哔哩哔哩只为了非正,23.323,1752985268,882cd619
1895737340836942080,竟然没有弹幕,102.734,1752986130,7c88818c
1895737356095820032,太美了啊啊啊啊啊啊啊啊啊啊啊,129.037,1752986855,63882395
1895737381790126336,哈哈哈哈我也喜欢测试,330.419,1752986736,4f7b0147
1895737392368161024,再看一遍加长版,74.113,1752987164,6261fc3d
1895737440627822848,就等加长版了,15.67,1752988220,a8fd71fe
1895737488023458048,沉默是最好的回答,188.466,1752989859,5cde034e
1895737757213888768,濑濑晒伤妆？,296.894,1752994571,13ee2db9
1895737813862158592,天呐，杨迪好好，还帮会长解释一下,262.251,1752995588,ef576978
1895737852827242753,濑濑可爱,315.191,1752995616,1091612d
1895737914483511552,我怎么第一反应就知道他要说学历,139.779,1752996339,2775914b
1895737947308134656,果然还是斯拉夫人长在我们的审美上！,73.86,1753005031,2394c70f
1895738002018636032,哈哈哈哈哈哈哈哈哈,195.646,1753006609,bc56a2e1
1895738089553760512,加长版！终于 走起～,118.271,1753002959,ea88348b
1895738128770502912,哈哈哈 让我们说中文,233.897,1753003085,ea88348b
1895738201701060864,哈哈哈哈哈哈,178.352,1753005984,61f1cb93
1895738215382880512,来了,60.699,1753006389,bc56a2e1
1895738423277752576,怪不得,264.523,1753017327,ef8f951e
1895738450633003264,弹幕呢,94.954,1753017693,6474f847
1895738460665778432,来了,9.0,1753017972,d2eb3f6c
1895738543637500160,超超看起来很聪明的美女,286.398,1753016280,a9208369
1895738587400868096,我说会长怎么有种被夺舍的感觉呢,275.37,1753020529,fc5c5aac
1895738736936194304,罗世杰也是博士吧,170.656,1753024489,8d665d98
1895738941182021888,再听一遍哈哈哈哈哈,211.547,1753064144,91850ea9
1895739043304935680,大左你堕落了 居然问出这种问题,183.625,1753066311,c585eb07
1895739119892926720,直接看加长了,50.901,1753065450,532bb614
1895739159101280512,直奔完整版！,2.008,1753066177,df6e1fa7
1895739170954383616,高情商：还在研究中...低情商：懂得都懂,196.746,1753071998,2b09e628
1895739227485212928,想起大不溜，小不溜，哈哈哈,313.856,1753071380,42da3e49
1895739240252674304,本来就是这个议程,275.175,1753075611,9cc5a9be
1895739294963175680,让我们说中文,230.803,1753077391,7d0b1ed6
1895741767471711744,好漂亮我的吗,123.454,1753081229,35861f7e
1895878472815905536,我就说会长怎么突然那样哈哈哈哈哈哈,285.477,1753097525,e1f0140c
1895902343950621952,小姐姐有点用哈利波特的露娜,260.69,1753100371,7bf5ae5
1895913944380697088,全世界都在说中国话。,240.019,1753101754,83719079
1895923691389856000,这封面有点像火仔和托子啊,7.553,1753102916,f48e83fe
1895925654231755520,俄罗斯娜娜什么时候来,123.096,1753103150,9a5f75b6
1896126772140527360,soul说是,314.381,1753127125,757770bd
1896432713985696000,厉害了,157.364,1753163596,d844b0d7
1896548500188124672,头发好美,170.792,1753177399,7be9809b
1896549652783060480,杨迪火是有道理的 尊重人,272.254,1753177536,7be9809b
1896671118996624640,哈哈哈哈确实幸好解释了,273.442,1753192016,9cb4590f
1896702989247416832,超超很适合这个衣服的颜色哦,102.804,1753195815,3c4a8341
1896834873642632704,有俄罗斯美女啊…,35.454,1753211537,88971e98
1896836266168177664,让我们说中文,232.165,1753211703,88971e98
1897134881856050432,漂亮小姐姐～,64.387,1753247301,c76fd2
1897334937960030976,濑濑这个妆真好看,301.592,1753271149,bbeae81b
1897409888377011200,冒犯,196.202,1753280084,4dd44e23
1897435333340270848,约基奇,348.778,1753283118,182ab5fd
1897520115852190208,完蛋，没有提示我怎么看？,116.489,1753293224,28dcc9f6
1897545623813818880,这就冒犯了？弹幕真是敏感肌,201.287,1753296265,d14d0ec
1898012492027085824,赖赖的妆好可爱,336.596,1753351920,4fcac017
1898069933423117568,杨迪预判了弹幕哈哈哈哈哈,271.58,1753358768,ba542c3c
1898129671619960832,这个问题就跟 这是博士，你谈恋爱没？结婚没？一个意思,190.406,1753365889,c4640bae
1898480150421808896,来了,16.649,1753407669,6a79158e
1898575317955005440,超超好好看！,109.88,1753419014,69896d2c
1898577690152768512,花仙子从动画里跑出来了,128.022,1753419297,ae954710
1898649691060092160,西伯利亚可老大了,219.328,1753427880,2391701c
1898711585640666112,陈超这次妆发好可爱啊,102.634,1753435259,6bc89832
1898754234095442176,羌族小煞,92.976,1753440343,2c9219d7
1898798214510129920,你是菠萝的颜色,82.099,1753445586,3665527f
1898849081846541312,萨沙爸爸本身就是中国人，只是他自己从来不提,250.247,1753451650,b47738e
1898894497392836608,哈哈哈哈哈哈,177.674,1753457063,b7a9b2eb
1898943849687043840,一直是这样就得改呀，与时俱进哦,224.299,1753462947,b698ce63
1899364840469068288,这个发量绝了,134.718,1753513133,2a7b6daf
1899448788037526016,超超每期都好美呀,99.793,1753523140,d00654d8
1899516166050156032,不是第一次看 而是第一次意识到 以前太麻木了,216.063,1753531172,118b96e
1899527485797073152,笑死 中文是母语 俄语是二外,237.713,1753532522,568a8045
1899528308618886912,敏感是好事,303.526,1753532620,568a8045
1900192036414916352,一之濑这妆怎么回事,293.915,1753611742,29c7c55b
1900289648556262400,直接看加长版,0.154,1753623378,e67086c2
1900919121772592640,好漂亮,127.615,1753698417,c1f2fe77
1901083258352320512,好厉害的姐姐,153.737,1753717984,80000882
1901138676046841344,好想念松鼠啊,100.073,1753724590,be45fcd2
1901541018550427904,学霸,158.824,1753772553,92f8c01f
1901541640448327936,哈哈哈哈哈哈哈哈哈,233.0,1753772627,92f8c01f
1901557020667466240,口音重成这样吗hhhhhh,247.784,1753774461,28c7b5ab
1902390692148829184,杨迪，综艺没了你可怎么办啊,266.775,1753873842,d89f1503
1902390841935725312,这个家不能没有杨迪,269.141,1753873860,d89f1503
1903658867167214336,萨沙俄语有东北口音,222.721,1754025021,19790be1
1903884035399163392,弹幕确实很敏感（摊手）但本来每个人的敏感度确实都不太一样,210.495,1754051863,c29ddf0d
1904491649607379968,哈哈哈哈说不出来,179.099,1754124296,3e5e834
1904491705198666240,太真实了,185.705,1754124303,3e5e834
1904530408591864832,别说的是人均美女，俄罗斯人一到中年，你看什么样子,267.292,1754128916,45953387
1905824218038253568,一之濑脸咋了？？？,293.709,1754283151,7becfa2e
1906658172484245248,斯拉夫出美女,75.635,1754382566,1327ee61
1906659219936198400,俄罗斯男女比例失衡 现在男人可能更加少了,182.722,1754382691,1327ee61
1909373597710577920,杨迪真懂弹幕啊,277.498,1754706270,8dd2ba4e
1910460639663627264,陈老师在模仿一之濑,45.076,1754835855,922f6f0b
1913105683772238336,希尔顿借了这么久啊,64.327,1755151169,7c712eec
1918431810531300864,这集时长好评,75.498,1755786093,15362246
1918442564634446336,最好看的,148.186,1755787375,15362246
1933845929732174848,什么文化？能不能翻译成中文,304.009,1757623599,d7c947c1
1937313621231702528,丽莎非常漂亮又可爱，前几天在三亚看到本人，很惊艳,124.308,1758036980,ba02a15
1937929668699405312,卡尔波利,48.444,1758110419,32e2455b
1937963074376466688,好漂亮,134.143,1758114401,945a6cd2
1944416070370790912,？？？？？？,169.166,1758883658,ee18cbf2
1946034063152715520,漂亮,127.189,1759076538,eb269b47
1948170065589943552,这就是敏锐，情商和敏锐并不相关,311.502,1759331169,ffdfce2e
1953129821739839744,为啥一之濑是asuka明日香,324.492,1759922418,83b4cbbf
1954420562860454400,好喜欢她,134.846,1760076286,915cc525
1956594679777072128,别太敏感肌,205.333,1760335461,d35c8a9
1960344697746654976,萨沙爸爸是混血,212.087,1760782498,f8089327
1961200116493380096,？？？,189.014,1760884472,a187841b
1963248930037173504,故意的，节目就这样，多少年了还不懂这个套路吗,196.252,1761128710,65b78c7
1968970682843311616,哇俄罗斯美女姐姐,34.602,1761810796,269700bc
1977838097261843200,来了来了,8.955,1762867874,aedabb3d
1977839385668188416,好有才华！好漂亮！,162.561,1762868028,aedabb3d
1992655007401061120,让我们说中文,231.845,1764634187,b087944c
2002223379507534848,超今天的发型好看,289.421,1765774826,8d79c5f3
2004575798560393984,怀念以前长头发的四姐,174.74,1766055256,ffa3828d
2021928450646454528,确实不太好。。。这是啥敏感，之前男代表啥的也没问（从非正第三季开始追的）这本来就不尊重人，敏感也不是什么坏事,202.128,1768123854,6d4f31dd
,,0.0,1775683732.8000336,
lb.c,,0.0,1775683732.8000336,
,,0.0,1775683732.8000336,
1895737342925705472,严谨的德国人,476.148,1752986028,fe4eee91
1895737483040624896,大气,487.444,1752989145,193ffd61
1895737545401536768,怼脸拍，真的好看doge,689.139,1752990986,591a47e1
1895737746736517376,两位的瞳色都好好看,397.339,1752993592,2f3ca03c
1895737759118102784,梅丽莎小姐姐头发太美了，像洋娃娃,677.759,1752995462,13ee2db9
1895737805708431616,呆楞是真的  成熟了！！成熟的帅！！,611.617,1752994452,fbf64f60
1895737827443314944,那真的我们很难这样,466.779,1752995951,1091612d
1895737952785895680,花期短但是开得艳,585.749,1752998353,4eba2802
1895737970108371200,可以一个人买单，然后有空了拿小票算,428.926,1753005751,90af0186
1895737994720547072,split the bill是吗,414.975,1753003281,ea88348b
1895738146084589824,梅丽莎真的太好看了,642.72,1753009208,d93d12d4
1895738169790796032,哈哈哈哈,434.814,1753004847,2f987c3c
1895738187113271552,这个妹子好养眼啊！！,500.242,1753010552,85e3c44a
1895738250027831552,真的，我追过不少外国演员，白人很少有保养好的,603.652,1753012927,302e2cd4
1895738309293347072,男生应该说平权吧,410.11,1753014904,26cd4125
1895738312942391552,这蓝色眼睛真漂亮,701.403,1753012513,68efaa5c
1895738379505996032,小姐姐！10分好看！,681.33,1753013023,302e2cd4
1895738488926998784,听着还挺浪漫的,529.594,1753015004,26cd4125
1895738489832968448,哈哈哈哈哈,621.823,1753019961,ef8f951e
1895738508984160512,五官太美了,684.493,1753017972,8d117f15
1895738562780303616,四姐稳定发挥,422.981,1753022338,fbd7fd41
1895738589221196032,太好看了她,677.254,1753017957,8d117f15
1895738746054611200,陈铭看了一眼梅丽莎哈哈哈哈哈,590.106,1753024833,8d665d98
1895738822642602240,白人皮肤薄，再加上骨相起伏明显，没有胶原蛋白很快就垮了，黄种人只要保养得当一般四十多岁还是没问题的,615.648,1753034058,7a1afabc
1895738826291646720,严谨的德国人哈哈哈哈,462.399,1753024355,bde1c345
1895738886471520512,而且他们生很多孩子 生的女儿也多 我俄罗斯同学她有三个姐妹,706.277,1753041605,7021661
1895739008659984640,这种情况的话一般就是那个吃的多的全付了，关系好的话分别人一口吃的很正常,469.305,1753033834,7a1afabc
1895739055158038784,好问题,629.722,1753070638,bdcbba7
1895739211068707072,萨沙有几分像吉洪诺夫老爷子年轻的时候,649.648,1753071778,9e41d483
1895746442224785664,让我想到了鹊桥仙,527.913,1753081786,35861f7e
1895778905819131904,超超有点星期三的味道好喜欢,385.96,1753085656,73e93c18
1895840500003377408,哈哈哈哈哈哈哈哈哈哈哈,519.208,1753092999,ac1ed4e7
1895840530647078656,紫禁城风水养人,590.76,1753093002,c0d2264f
1895945062736117760,aa就是每个人付自己的，传到中国才变成均分,412.606,1753105463,84633020
1896015890890314496,新代表好可爱,639.956,1753113907,e871e898
1896039919974262784,哈哈哈哈,427.498,1753116771,415655f0
1896457049043406080,活泼可爱美丽，常驻！刷起来,688.508,1753166497,8cb4abb9
1896471204483626240,萨沙确实帅啊 是我喜欢的长相,657.64,1753168184,4ca66879
1896710320119313920,魂断蓝桥,514.263,1753196689,491addc9
1896934522319112192,哈哈哈，是我了,375.813,1753223416,a075ec79
1897173951436752640,一之濑这个妆造没之前的好显得臃肿突出,369.849,1753251958,6f99a845
1897176064527120128,这才是真正的AA AONE 各付各的,417.466,1753252210,6f99a845
1897249138144757248,哎呀超超好美呀这套,372.158,1753260921,d67a388
1897255003031584000,太可爱了,643.527,1753261621,290bcf14
1897330516752267008,四姐没变化，从以前就成熟,627.007,1753270622,7ea9d3d5
1897377323800974592,主要是德国比较严谨,427.117,1753276202,c76fd2
1897409726736857856,原来都是搜来的,571.539,1753280065,be125094
1897789980114699776,哈哈哈 不记得,540.606,1753325395,4227b274
1898072148510532864,高配版星悦,691.839,1753359032,2738fae5
1898073640089037312,我的男生同学也是，大学4年过去之后都不同程度发福了哈哈哈,603.928,1753359210,ba542c3c
1898583508701119488,最漂亮的不是五官吗，尤其眉眼,683.896,1753419991,ae954710
1898652758169973248,deepseek打钱,575.04,1753428246,2391701c
1898755732108109824,因为他们爱晒太阳 高油高甜 亚洲普遍相反,616.917,1753440521,636af638
1899233687024352256,法币还帅好可爱,403.744,1753497498,ad67615a
1899377441013676544,哈？,702.185,1753514635,2a7b6daf
1899524857746892032,我喜欢这种方式，不过最好点一些价位差不多或者好算的,476.688,1753532208,fbcf58ae
1899526800288205568,参考小李子,615.613,1753532440,fbcf58ae
1899527783693058816,好像俄罗斯婚礼和登记是同一天,703.421,1753532557,fbcf58ae
1899611392370790912,4,635.097,1753542524,82c776d
1899956477675331840,是晒伤妆啦,360.467,1753583661,9e6467db
1899975255272139008,这个好,400.959,1753585900,2c9403ee
1899976001933586944,那是因为西方吃饭（夹菜）的模式不一样 每个人分的很清楚,422.475,1753585989,2c9403ee
1899977800535069184,风大,542.187,1753586203,2c9403ee
1899980015152740352,测的好，就是真的好，测的不好，要相信科学,375.102,1753586467,3ad68769
1900241357915115264,怪浪漫,530.228,1753617622,5eebbb86
1900924116316678144,他也是混血吧,597.346,1753699013,c1f2fe77
1900991742497444096,老王好认真,506.845,1753707075,f6eb3d24
1900996645152891136,这个好！我喜欢这样,418.409,1753707659,59b380d7
1901491110711870976,引火烧身,657.108,1753766604,3465c430
1901544698834279680,哈哈哈哈哈哈哈,597.382,1753772992,92f8c01f
1901692904028990720,都一起吃饭的关系了感觉不用太计较吧，这是date诶,487.282,1753790660,71f360aa
1902424479079549184,是帅的啊，五官比例很好,657.34,1753877870,24d07282
1902473228065647616,我喜欢这样，感觉婚礼是给外人看的，不是给自己办的,717.867,1753883681,59b380d7
1903182158839680512,我和一位少年，漫步树林外,487.925,1753968193,a6894687
1903203390071653888,饮食问题,600.437,1753970723,5e85aa98
1903650610780700160,白人虽然不注重保养但没有容貌焦虑可以做自己就很好啊,633.202,1754024036,98decb5
1904495513727200768,这个小姐姐真的好漂亮啊 白白的,603.059,1754124757,3e5e834
1904532634147952640,堵桥来,511.379,1754129182,5bd65cde
1905080521651165952,喝酒喝的吧,597.515,1754194495,39d99fac
1905349996455302912,好喜欢去这样的，有人能懂吗,434.037,1754226619,6d90be6a
1906661267888835072,法币和一日代表眼睛一个色系,393.932,1754382935,1327ee61
1906662046133447168,这次总算到德国人震惊意大利人了,469.062,1754383027,1327ee61
1910284368769920256,因为花期短,698.558,1754814842,664d29dc
1912279399659960064,风在哪不都是一直在吹的么,542.249,1755052668,a8fe5ea9
1913210705083992832,萨沙确实帅，而且帅得很客观，这但没法否认,650.002,1755163688,d88d4d24
1913223966307712512,同事之间可以这样，朋友之间就没必要了,449.744,1755165269,96a9a0bf
1913292098959548672,萨沙确实是特别帅！,660.617,1755173391,7b914c00
1913346863013150208,这个真好,405.051,1755179920,fcf22efb
1916178758985921792,德国人哈哈哈哈,470.385,1755517508,41d23346
1921042340266008320,国外是各点各的套餐，适合aa，中国是一起吃同一盘菜，胃口不同，不适合粗暴的aa,412.351,1756097292,eea468e3
1921042881901795072,中国更难算，所以流行请客而不是aa,441.898,1756097357,eea468e3
1941566684721332736,这两个俄罗斯代表应该就是中国审美里最好看的那一类了,667.832,1758543985,e2e301a6
1944428565982548992,Dylan在写什么,388.052,1758885147,73aed9f3
1953188451575386624,确实帅,649.868,1759929407,194d9898
1960064942610599168,我29岁，孩子10岁。,709.896,1760749149,6a7c628d
1961074382902701824,啊啊啊这个音效好可爱,639.808,1760869483,c8711e27
1965454987081423872,我就这样，各算各的。跟朋友其实我也想这样，不然我感觉不太舒服,456.746,1761391692,d0b3063b
1969275411209221120,hhhhhh,585.68,1761847122,1e751c6e
1977842088578297088,严谨的德国人,480.692,1762868350,aedabb3d
1988648613126933248,妈呀，漂亮姐姐好可爱,643.948,1764156588,c847ffba
1996421042478379264,比aa更aa哈哈哈,415.493,1765083134,7177deef
2025581688474307072,亲兄弟明算账,428.978,1768559354,e5ebf93c
2066188182139764224,你也是 和前几季对比明显,589.72,1773400025,a16be46f
2068219040748953344,我喜欢这样,442.196,1773642122,f2fcfff8
,,0.0,1775683732.8000336,
lb.c,,0.0,1775683732.8000336,
,,0.0,1775683732.8000336,
1895737309572600064,哈哈比利时淡淡吐槽好搞笑啊,864.838,1752985668,47bbec08
1895737494264582400,2333333,743.492,1752989946,c76f245a
1895737546508833024,只能说世界之大无奇不有了233,828.615,1752990204,4944442d
1895737690583175424,？,788.371,1752992554,dbe23620
1895737828349284608,哈哈哈哈哈 就非要有证吗这,788.883,1752994668,fbf64f60
1895737890777305344,这么闭塞吗？,805.983,1752997401,ba65b856
1895738004753322240,比较严重的程度哈哈哈哈哈,1016.022,1753004556,94d50217
1895738144264261888,男：天王盖地虎 女：宝塔镇河妖,875.819,1753006816,47376c28
1895738162501095680,伊拉克也是什叶派国家,830.79,1753007084,43686648
1895738377685668096,对对对,886.688,1753016087,bc9fd41c
1895738640282652928,哈哈哈哈突然想起来戴卢可是不是对dating文化很懂,952.295,1753025347,fe4eee91
1895738693172826368,哈哈哈哈哈《这个华波波不一样》,729.19,1753024957,8d665d98
1895739065182425344,越压抑越开放,844.47,1753052006,65ec0af4
1895739149982863616,哈哈哈哈哈哈哈,907.322,1753065403,f7934ca3
1895769540794055680,前面俄罗斯遍地帅哥美女是真的,769.796,1753084540,4422ff62
1895824043836972544,弹幕突然收声了红红火火恍恍惚惚,734.198,1753091037,cc93cef3
1895828587920556800,这真的不是菠萝卖不出去的营销吗？,871.762,1753091579,1da0b061
1895947042497947392,第三次见面还是第三次嗯嗯？,1049.141,1753105699,c750ae38
1895949991009590528,宗教警察吗？,776.638,1753106051,9e41d483
1895971024152074240,中国人的经商天赋哈哈哈哈哈,917.26,1753108558,5a31e3ac
1896425506115668224,村？哈哈哈哈,953.332,1753162737,42570b8b
1896427127877063168,招展笑死我了,743.277,1753162930,9ec95bfa
1896494509345332736,开放啊,1029.735,1753170963,6a042d86
1896637560244685568,充话费式的结婚,813.804,1753188016,89807551
1896692754986387712,哈哈哈哈哈哈,983.273,1753194595,eac1fc5d
1896706299065560320,老王的眼神在冒星星,838.313,1753196210,d8e5f363
1896713955582526208,天逊尼派和什叶派，想到追风筝的人了,829.491,1753197123,491addc9
1896841388705377280,这跟我们这的警察查房有点像…哈哈,805.028,1753212314,88971e98
1896937991939779840,？？？？,786.906,1753223830,a075ec79
1897123754787030016,哈哈哈哈哈哈哈哈哈哈哈哈哈哈,1020.411,1753245974,45654410
1897176574395630080,来了，直接加长版,974.739,1753252271,d9749c34
1897380653918993152,哈哈哈哈～lady first～,753.071,1753276599,c76fd2
1897380942050808832,短期啦～长期啦～,765.871,1753276634,c76fd2
1897383124666121728,哈哈哈～A到Z～,976.347,1753276894,c76fd2
1897383569446710784,比较严重的程度～红红火火恍恍惚惚～,1015.942,1753276947,c76fd2
1897383907826628352,姐妹们～,1052.127,1753276987,c76fd2
1897551369599046400,可以鼓掌了,1016.475,1753296950,d14d0ec
1897727145607336704,搞对象笑死我了,941.281,1753317904,68db616f
1897898291362938112,YOYO,769.419,1753338306,3dc677eb
1898076736198329856,哈哈哈哈哈哈四姐,967.648,1753359579,ba542c3c
1898220515982619136,哈哈哈哈什么时候看到这个lady first才不会笑啊哈哈,749.918,1753376719,e8cc9494
1898515580160908800,真就体验卡,785.517,1753411893,a18ccce
1898531542490707712,太好笑了hhhhhh,995.742,1753413796,8020f1b7
1898584831534084096,感觉和苏格兰那种男女校联谊会挺像啊,958.956,1753420148,ae954710
1899333614798306816,哈哈哈哈哈哈哈哈,890.75,1753509410,48caf715
1899493708169050112,这是真的 ,810.963,1753528495,49612456
1899558765339352320,哈哈哈哈哈哈哈哈哈哈，有点太诚实了哈,1041.266,1753536250,37dfb466
1899559089802601216,雷妹妹～,1054.905,1753536289,37dfb466
1899632198056381952,华波波很可爱,860.822,1753545004,ddcb952e
1899690611263457024,这个是真的，我伊朗朋友们都证实了,809.166,1753551968,881ef171
1899980184409419520,我还记得诶,767.393,1753586487,2c9403ee
1899980554649404160,救命,801.518,1753586532,2c9403ee
1900176913918403840,老王。我喜欢的,836.184,1753609939,d7c68202
1900207702098475264,什叶派和逊尼派能坐到一起聊天也只有非正式会谈。,831.444,1753613610,253cfa97
1900855482026004736,挖坑了开始，准备回家跪搓衣板了卢可,963.641,1753690831,18259142
1900982139454146048,以前就说过啦,795.933,1753705930,1606bf27
1901030304811390976,真敢问啊大左,1041.459,1753711672,bba3e7b3
1901030501683674368,特殊类的hhhh,1063.512,1753711695,bba3e7b3
1902475393005930752,认真，不是严肃,1021.238,1753883939,59b380d7
1903582328761517312,讽刺的不是波波是国情,851.615,1754015897,1ddd0afb
1904394075097533952,哈尼克孜,728.514,1754112664,712639ae
1904496876288851456,哈哈哈,729.753,1754124919,3e5e834
1904516940261635328,哈哈 被说中p图了,897.961,1754127311,357dee8e
1905292868248203776,哈哈哈哈哈温州人也是站起来了,922.793,1754219809,94dc5d7b
1907465783345827584,大左池州人，差一个字,930.583,1754478840,e06a0bba
1909633575939544320,哈哈哈哈扬扬补刀,729.343,1754737261,d7fb52ee
1909637115907104000,哦～,1068.756,1754737683,d7fb52ee
1910217713125871872,不愧是北欧,991.337,1754806896,7419d9b6
1910285333971808000,开放式保守,800.19,1754814957,664d29dc
1916182003120834304,好神。。。,800.571,1755517895,41d23346
1918092995408932352,买菠萝是吧哈哈哈哈哈,841.599,1755745703,cae536f2
1919839034780907008,哈哈哈哈哈哈哈哈哈哈,1016.446,1755953847,b9f358ce
1920303224746295040,BGM怎么这么燃？,900.242,1756009183,99536495
1929266071559254528,比较严重哈哈哈哈哈哈哈哈,1020.019,1757077637,467053b4
1932278720392444672,严重哈哈哈哈哈哈哈哈,1008.878,1757436773,52ac390e
1933442446847667968,华波波像非正的逗号，哈哈哈,734.125,1757575500,df58247e
1939900940560154624,搞对象哈哈哈哈哈哈,944.041,1758345412,add21500
1941083294070661888,熟悉的音效又回来咯,760.233,1758486360,50b86bf5
1961012560908661760,肯定有,975.077,1760862114,bfa2ee3f
1969395654430585856,大家都知道的话还叫暗示嘛哈哈哈哈哈哈哈,861.564,1761861456,7ed3ebc
1969396057905913344,华波波每次发言都特别有梗 综艺里缺不了这样的角色,868.073,1761861504,7ed3ebc
1977846831144786688,哈哈哈哈哈哈哈哈哈哈,1044.084,1762868915,aedabb3d
2024171551549188864,！！！,787.638,1768391252,6151813e
2026922242222668544,米兰的男模大部分超级无敌穷,1070.323,1768719160,aef87158
2059722213967966208,啊？,1009.869,1772629221,75a3ab51
2059722648640373248,stop 哈哈哈,1044.827,1772629273,75a3ab51
2068224214867537408,感觉这样离婚率好高,1056.652,1773642739,f2fcfff8
,,0.0,1775683732.8000336,
lb.c,,0.0,1775683732.8000336,
,,0.0,1775683732.8000336,
1895737366690631936,被杨迪笑死，哈哈哈哈哈,1112.633,1752986394,eb069b0d
1895737511729664256,婆婆选好了，双方家长见面一次就订婚了？？这么快，和父母之命有啥区别,1166.095,1752990929,5866b398
1895737822007496960,保持神秘感么,1177.151,1752996054,13ee2db9
1895737846460289280,想起唐大哥开车尾随着送老婆哈哈哈哈哈,1216.937,1752995154,fbf64f60
1895737857038323968,陈老师还是会  doge,1334.87,1752995706,fbf64f60
1895737911757213952,哈哈哈哈他吓死我了,1277.525,1752996969,1091612d
1895737960989954304,哈哈哈哈哈哈,1249.715,1753005457,81e32263
1895738084084388096,那怪不得有些时候会吃西餐，因为这样不能玩手机，就会被迫了解对方哈哈哈哈哈哈哈哈哈哈哈,1364.499,1753010046,4e76690
1895738115080294656,说得我都心动了,1313.062,1753001868,755ab053
1895738130582442240,阿雷是真的在为姐妹们考虑啊！,1091.08,1753006285,2394c70f
1895738138786500864,打羽毛球！双打！,1265.968,1753011691,3820b86
1895738178909212928,四姐好喜欢陈老师感觉哈哈哈,1293.779,1753005068,34ea35bf
1895738260974964992,好像伦和四姐都没说？,1306.348,1753009512,e9983320
1895738350330417408,那岂不是完全不了解彼此,1188.238,1753015487,7e01a787
1895738449718644992,还是不一样，父母之命很多面都没见过,1191.878,1753016191,eabe6363
1895738783434248448,知道的不少,1094.625,1753026745,1952548b
1895738787083292928,《再见XX》那段时间的经历给陈老师整工伤了,1245.564,1753025428,8d665d98
1895739087068303616,难怪爱密室剧本杀呢,1281.948,1753071847,a05ec9c0
1895739136301043968,我喜欢看电影，因为不想交流,1267.296,1753063459,3e15afd5
1895739137215402240,赶鸭子上架,1347.576,1753073156,2b09e628
1895739334171529472,有点难评,1318.96,1753077674,6d52a3e9
1895842592684773632,老王好搞笑,1207.55,1753093248,a384683a
1895888808210444032,跟古代似的,1200.836,1753098757,80d76961
1895902850890865152,…男方视角吧，感觉作为女生并不喜欢,1329.906,1753100431,e1f0140c
1895907698449826816,唐小强好像也是这样认识老婆,1154.003,1753101009,7bf5ae5
1895953890084972544,得有个电灯泡,1201.966,1753106516,9e41d483
1895962814724877312,那大家性格都还没合得来咋办,1185.106,1753107580,70be7902
1895975507275771648,杨迪这个上热搜了哈哈哈,1108.05,1753109093,ab62fb5b
1895988325479763456,去逛宜家,1339.945,1753110621,24b0ce4c
1896001397800507136,真的，太套路了,1348.596,1753112179,b7453a45
1896033498947616256,我服了华波波了哈哈哈哈哈哈哈太搞了,1272.126,1753116006,11d561a5
1896422520862296576,陈老师说的前提是两人暧昧期只是临门一脚而已,1358.888,1753162381,2aa70d44
1896426994623953152,好古老的相亲模式hhh,1133.837,1753162914,42570b8b
1896548231191151360,爱情保安,1196.722,1753177367,445a39f6
1897115090000851712,经典来了,1111.63,1753244942,e0632c99
1897117071960705280,人家举例，只是解释吊桥效应,1318.362,1753245178,e0632c99
1897186435279557632,吃完再喝一点 酒壮怂人胆,1334.617,1753253447,6f99a845
1897384505070132992,红红火火恍恍惚惚,1112.117,1753277058,c76fd2
1897392014317188864,陈超好美好美！！！,1426.702,1753277954,dc39d7d8
1897729822839930624,世界的参差，有趣,1233.017,1753318223,68db616f
1897855084101036544,来自游牧的习俗,1150.008,1753333156,5e6db3f9
1898585785360270080,母单：别碰我的拼图！！,1322.878,1753420262,d5851018
1898586013228955136,非诚勿扰哈哈哈,1245.808,1753420289,ae954710
1898765709031333376,哈哈哈哈哈哈哈哈哈哈哈哈哈哈哈哈哈,1275.348,1753441711,da4a6923
1898851449120022784,真的好合适啊,1430.582,1753451932,85cd1b5c
1899312175110448384,伦儿呢,1370.097,1753506855,7b9475a0
1899329727408561920,\,1359.942,1753508947,4a475a07
1899340591771536128,对对对,1347.304,1753510242,48caf715
1899531646009486080,哈哈哈哈哈哈哈哈,1119.064,1753533017,fbcf58ae
1899651269212594688,做ai算不算呀,1266.478,1753547278,395ce43e
1899780832588526592,想到阿拉丁,1168.616,1753562723,fdcf0543
1899876594664020224,二十年前，唉，可怜的伊拉克人,1125.95,1753574139,51a708fa
1900212638299047936,在说什么？？？。？,1322.045,1753614198,75f02d2b
1900722697047418624,毫无违和感,1415.779,1753675002,29c7c55b
1901576106294143488,短期太奇葩了,1240.402,1753776736,92f8c01f
1902428555867433472,哈哈哈哈哈哈哈哈哈哈哈,1118.455,1753878356,24d07282
1902447002861027584,哇哦,1434.024,1753880555,623dd44
1906668414924016896,中东保守很多了,1144.039,1754383787,1327ee61
1907251422123737856,又到了羞耻小游戏环节哈哈哈哈哈,1398.192,1754453287,654346f5
1907263650541381888,小手段其实是感情蛮好的调剂，但不能没有真心，完全带着戏耍的心态去对待这段感情,1349.382,1754454744,952047f4
1910146676505643008,我要随时看华波波表现,1317.301,1754798428,738a73b
1910248152247194112,波波好可爱啊,1281.79,1754810525,edd6e64f
1911636225866354432,大左嘴替,1348.514,1754975996,954b058c
1911638478308513280,会长太懂女孩儿了哈哈哈,1347.81,1754976264,67c7bc24
1915402208338718720,卢可感觉又风流又老实,1084.624,1755424936,ef46f1d4
1916203344989683968,哈哈哈哈哈哈哈哈哈哈,1329.324,1755520439,d775399
1916742088792471552,牛蛙,1362.372,1755584662,613512da
1925311132990941184,逛宜家 看着那些温馨的家具 很容易构想两个人的未来,1337.444,1756606172,df324538
1929268457724077056,哈哈哈哈哈哈哈哈哈哈,1275.517,1757077922,467053b4
1937975455273985792,哈哈哈哈哈哈哈哈,1106.973,1758115877,945a6cd2
1943658342291830528,希尔顿环境真好,1399.929,1758793330,67fd89f
1953022555216956416,华波波哈哈哈哈哈哈哈哈哈哈哈哈哈哈哈哈,1282.728,1759909631,6e0df0f6
1958150579830921472,太功利性了,1332.809,1760520939,b2d06e53
1969280974567563776,梅丽莎真的好漂亮天哪,1208.194,1761847785,1e751c6e
1988656174098097408,小强也说过类似的，不敢多跟未婚妻见面，都是开车去接她然后远远停在家门口,1175.521,1764157489,c847ffba
1990319103688432128,妈妈结婚的时候？,1147.433,1764355726,d584df77
1995218600776512512,这眼罩好，能不能打包给酷滕送去,1420.12,1764939791,1dcdda72
2003692298001184000,我想要逛海洋公园的时候，他悄悄塞给我一个戒指,1341.086,1765949935,989ff3be
,,0.0,1775683732.8000336,
lb.c,,0.0,1775683732.8000336,
,,0.0,1775683732.8000336,
1895737232665841920,说了什么,1594.545,1752985968,8d60efce
1895737282477396224,哈哈哈哈哈哈哈老王搂住,1716.563,1752986236,f69ff094
1895737326240764160,老王：和我有什么关系,1743.272,1752986542,f69ff094
1895737564225573120,哈哈哈哈哈哈哈哈哈哈哈哈哈哈哈,1663.052,1752991877,a4557f7c
1895737579727720704,哈哈哈哈哈哈哈哈哈哈哈哈哈,1636.993,1752990432,534bf33e
1895737602217578752,吊桥效应,1656.035,1752993518,e967e3fc
1895737608274153728,这里为啥不放正片很好笑啊,1789.469,1752990046,1549437e
1895737615337361664,安全,1603.757,1752991580,6cf1571
1895737656718364928,哈哈哈哈哈哈哈哈这个眼罩哈哈哈哈哈哈,1749.409,1752991974,a4557f7c
1895737658731630848,哈哈哈哈哈哈哈哈哈哈,1497.584,1752991702,a4557f7c
1895737668823126272,哈哈哈哈哈哈哈哈哈哈,1545.58,1752991754,a4557f7c
1895737706764800256,看热闹不嫌事大哈哈哈哈,1701.323,1752994786,e868d6e6
1895737718181695744,笑不活了哈哈哈,1671.507,1752992796,4ae1ebd8
1895737814768128256,哈哈哈哈,1782.453,1752994589,b594b266
1895737824725405952,老王：我尽力了啊,1754.151,1752997563,1091612d
1895737939104076032,哈哈哈哈哈,1709.189,1752997498,1091612d
1895738000198308096,哈哈哈哈哈哈哈哈哈哈,1628.753,1753004360,71c28bd0
1895738021169828096,哈哈哈哈卧槽杨迪哈哈哈,1492.948,1753000323,6cdd056d
1895738075871940864,贴贴好可爱,1567.309,1753002223,2f1c4333
1895738098672177408,原来加长版加在这里,1699.212,1753003076,5465c709
1895738121464025344,哈哈哈哈哈哈哈哈哈哈,1656.539,1753006018,81e32263
1895738373122265344,波波刚刚说话好像老王的口音哈哈哈,1796.676,1753015888,5404f33
1895738395922501888,米可！！！！,1494.288,1753016707,d89d8cbd
1895738397742829824,米可，危，速回！,1492.03,1753013682,6ee65ea5
1895738456102375680,四姐说了啥！,1582.96,1753017881,f81c7508
1895738627515191552,牛,1558.58,1753021306,7d9f8a33
1895738699556557056,讲什么！哈哈哈哈哈哈,1774.953,1753027907,516113ea
1895738810789499136,非直男会谈,1748.073,1753027865,516113ea
1895738985868136704,怪不得没放到正片,1789.951,1753031556,b92fb27d
1895739133566357760,哈哈哈哈哈哈哈哈哈哈,1762.617,1753066553,f7934ca3
1895739144513491200,拦精灵,1581.015,1753073028,f48d5c83
1895739149068505344,拦精灵,1582.704,1753073049,f48d5c83
1895739154537877760,哇,1560.601,1753066056,f7934ca3
1895739172774711552,华波波哈哈哈哈哈哈哈哈哈哈或或或或或或或,1799.497,1753066590,f7934ca3
1895739264873238784,中东组合,1693.461,1753073158,f48d5c83
1895739308636606720,华波波啥都说啊哈哈哈哈哈哈,1775.347,1753078501,5b74304e
1895739310456934656,海带也不是植物,1531.538,1753076872,9cc5a9be
1895739313200009472,？！,1776.766,1753076889,3f6b3267
1895739330522484992,果然是加长版才能看的,1781.375,1753076921,3f6b3267
1895906831025530112,口水哈哈哈哈哈哈哈哈哈哈哈哈哈,1739.304,1753100906,e1f0140c
1895940225822895104,发币好可爱,1554.87,1753104887,9a5f75b6
1895974871134098176,梅丽莎真的好可爱好漂亮,1474.056,1753109017,5a31e3ac
1895977277180010240,这一期简直好笑到爆炸,1743.416,1753109304,5a31e3ac
1896089730320659968,好萌的两个人。。,1564.681,1753122709,7388c77a
1896307287158110464,俄罗斯小姐姐好有节目效果哈哈哈,1702.016,1753148644,13ab9171
1896334982533370624,给我笑岔气了,1755.375,1753151946,708e4a48
1896396461777172992,啊啊啊啊啊啊啊啊啊啊啊啊在干嘛,1496.598,1753159274,fe4eee91
1896555342020727040,直接笑喷哈哈哈哈,1562.963,1753178214,ff3287e5
1896610434808184320,伦想说毛肚吧 因为他那面是有颗粒的,1620.755,1753184782,c89ae7d7
1896662305044209920,每次会长都害怕的掉了,1527.119,1753190965,273d9554
1897190863994496256,这个太好猜了,1574.051,1753253975,6f99a845
1897283620088294144,美国内战,1568.439,1753265032,9c211b2d
1897402826846586880,这能播吗华波波,1775.465,1753279242,3c4a8341
1897475776413565696,我不行了哈哈哈哈哈哈,1768.852,1753287939,9cdf46e6
1897754977691536640,杨迪真的鬼点子一箩筐,1641.181,1753321222,ecd0b892
1897864109346135552,小姐姐气氛组的～,1695.088,1753334232,c76fd2
1898059525744480512,哈哈哈哈哈哈哈哈哈,1472.659,1753357527,60ea1822
1898060394963528192,为啥不让佛罗伦萨上啊,1576.261,1753357631,60ea1822
1898130261355317248,哈哈老王想说暴雨,1538.209,1753365959,a725bfc4
1898587923558453760,杨迪直接尝出来了哈哈哈哈,1542.474,1753420517,ae954710
1898588979633806848,哈哈哈哈哈这段Dylan小女生的感觉太好玩了,1656.928,1753420643,ae954710
1898633274117548032,西八 笑不活了 哈哈哈哈哈哈哈哈哈哈,1782.398,1753425923,60e24333
1898657403714124288,发币好厉害,1536.51,1753428800,470dd9de
1898864820091084288,涛涛,1594.511,1753453526,e3470321
1900014385343060224,弹幕呢，怎么没有弹幕？,1474.018,1753590565,3ad68769
1900014950055944192,我都没有看清是什么东西,1520.297,1753590632,3ad68769
1900015779680882944,猜得太大胆了,1611.896,1753590731,3ad68769
1900016341843597568,看起来好想笑,1648.607,1753590798,3ad68769
1900078932972598272,哈哈哈哈哈哈哈,1776.629,1753598259,ecc35430
1900293250909070848,老王稳如泰山,1723.35,1753623808,968d7bd9
1900353048833126144,味道应该有的,1618.131,1753630936,10c54e37
1901001124350363392,发币好可爱啊,1578.257,1753708193,2c9403ee
1901002382926510592,太可爱了,1672.273,1753708343,2c9403ee
1901764467755164416,哈哈哈哈哈哈哈哈哈哈哈哈,1750.736,1753799191,ddafd2e4
1902238942640826880,这个眼罩好适合老王,1731.008,1753855752,65067beb
1902284649590899712,华波波这么钢铁直男吗没想到哈哈哈,1769.312,1753861201,f5de49c4
1902909050661155072,弹幕呢 四姐说的啥,1582.34,1753935636,2e93938c
1902910756887219968,Dylan的破碎感哈哈哈,1644.472,1753935839,2e93938c
1904506363838182400,哈哈哈哈哈,1741.394,1754126050,3e5e834
1904506528892481536,好奇怪的画面,1761.072,1754126070,3e5e834
1905000656431964672,这个眼罩我不行了,1754.1,1754184974,f5f7f31f
1905339129458194176,再靠近一点点,1456.9,1754225323,ba077aef
1905766002156188416,我嘞个豆,1448.318,1754276211,cdc7bc83
1906135497672774400,哈哈哈哈 加长版果然不一样 我再敷面膜啊  哈哈哈哈 ,1748.007,1754320258,8a4bf8c9
1906673310826237952,中东族,1687.411,1754384370,1327ee61
1906748234274702336,哈哈哈哈哈哈哈哈哈哈哈哈哈哈哈哈,1762.638,1754393302,b145d3d2
1910390807304161024,我要笑疯了哈哈哈哈哈哈哈哈,1627.006,1754827530,8815c960
1915932755691390976,这也太。。。,1487.198,1755488182,51f2909e
1915934066629406464,哈哈哈哈哈哈哈哈哈哈哈哈哈,1643.477,1755488338,51f2909e
1915934230198990336,哈哈哈哈哈哈哈哈哈哈哈哈哈,1663.022,1755488358,51f2909e
1915934679484266240,哈哈哈哈哈哈哈哈哈哈,1716.53,1755488411,51f2909e
1915934832542999808,哈哈哈哈哈哈哈哈哈哈哈哈哈哈哈哈哈,1734.857,1755488430,51f2909e
1920310407324203776,两伊贴贴,1684.752,1756010039,99536495
1921056005467708160,可爱的发币,1554.389,1756098921,912b4cef
1921058110144466944,哈哈哈哈笑得肚子疼,1664.435,1756099172,912b4cef
1930616796109848576,哎呀,1498.221,1757238656,8f57e35c
1938813363061097472,一个奖励杨迪的游戏,1634.819,1758215763,c1c7a66
1942229667884861184,笑得我肚子疼,1783.88,1758623018,b85033c1
1952519966591265280,每次都没接住哈哈哈,1520.245,1759849718,3d553d69
1962432760279010816,我真不行了了太搞笑了哈哈哈哈,1734.276,1761031415,54f7b9d0
1967644616455633664,哈哈哈哈，这个女孩子好可爱，又害怕又好奇哈哈哈,1476.902,1761652716,eb09f285
1968988588058839552,hhhh小姐姐演员的诞生,1698.466,1761812930,269700bc
1970989897527898112,对吗？,1782.473,1762051505,9d717ee2
1981226523604447232,哈哈哈哈哈哈哈哈哈哈哈哈,1648.361,1763271806,1a09d87c
1988660542331797248,四姐说了“安全T”吗,1582.049,1764158010,c847ffba
2000956881128648192,笑得我肚子疼,1562.666,1765623848,e8b22811
2072032170285543936,大左这里为什么吓得抖了一下哈哈哈哈哈哈,1649.79,1774096682,f82fb2da
,,0.0,1775683732.8000336,
lb.c,,0.0,1775683732.8000336,
,,0.0,1775683732.8000336,
1895737421099143424,是隔壁陈鸣飞写的吧？,1945.554,1752987539,25b5c0fd
1895737422600704256,笑死哈哈哈哈哈哈哈,1861.726,1752987442,eb069b0d
1895737448110461184,不容易,1967.315,1752987565,25b5c0fd
1895737537650462976,笑死哈哈哈哈哈哈玩呢,1864.313,1752989866,adb42c8
1895737540972351744,玩儿呢,1860.902,1752989950,aaf3f032
1895737543203721472,哈哈哈,1815.18,1752989891,aaf3f032
1895737661759918336,哈哈哈哈哈哈,1802.631,1752992030,a4557f7c
1895737678914621696,但是体力劳动可以被机器替代，和ai有微妙区别,1970.153,1752991856,5866b398
1895737721998512384,哈哈哈哈哈,1864.31,1752993989,f3d0b903
1895737806614401280,AI能归纳总结现有信息，但无法创新,1995.774,1752997135,13ee2db9
1895737953691865344,工业创作可以，纯艺术不好说,1978.137,1753000003,8e57c960
1895738031194214656,20元手续费省下来了(ಡωಡ)hiahiahia,1903.052,1753004359,39499903
1895738391359099136,我家也有这个碗,1838.498,1753016417,c2e21b9d
1895738396828471552,妈呀陈超好厉害,1945.204,1753016803,cd8ee3cd
1895738416894021888,100块，哈哈哈,1895.824,1753017896,a9208369
1895738540927979776,超超好甜,1939.237,1753019045,8d117f15
1895738575547764992,有胡子应该感受不到吧,1808.657,1753017627,af72eec3
1895738673107276032,不是地铁卡了么,1892.499,1753022773,9c94b6bb
1895738779793592576,ai是用三推一，人脑是举一反三，本质区别,2024.616,1753029280,f9656259
1895738857295941888,玩儿呢，我一个广东人说不出的儿化音,1868.306,1753032504,9ef562ec
1895738900144951552,我觉得体现人情感的东西最不应该被取代，我是看小说的，如果我看的小说都是ai跑的我会死,1994.923,1753053765,5dbe0dac
1895738918381785344,不一样，至少现在的ai没有人脑会抽风（bushi）,2030.729,1753060518,d1e240cc
1895738950300438784,哈哈哈哈哈感情是在玩儿我们呢,1867.398,1753065521,91850ea9
1895738973092286720,聪明的人才看得到（,1851.057,1753066879,532bb614
1895739025076490496,上次还在说地铁卡扣费不好，立马就改转账了，真的听劝,1909.288,1753064244,3e15afd5
1895739121713254656,陈鸣飞的那个刚看完节目吧哈哈,1956.389,1753072388,df6e1fa7
1895739304081592576,哈哈哈哈太像了,1944.846,1753074038,f48d5c83
1895797243433331456,我去,1891.668,1753087842,35861f7e
1895797705813389056,当然不是,1970.665,1753087897,35861f7e
1895872207323318272,ai的数据库全是人给的,2052.858,1753096778,9f5269ce
1895957325815673088,口条真好,2151.186,1753106925,42cad9e5
1895973581704601344,老王好可爱,1844.968,1753108863,692c8ed6
1895992999780010752,华波波也算猜对了,1803.433,1753111178,24b0ce4c
1896092358488199936,我服了怎么这么好笑，老王真的穿了个香蕉牛奶。。,1821.385,1753123022,7388c77a
1896403149620117248,首彩回来打钱！！！,1815.544,1753160072,fe4eee91
1896658760060214528,老金主啊哈哈哈哈哈哈哈哈,1821.352,1753190543,abb3bea8
1896690759756227584,那是服务器和算力限制而已,2125.293,1753194357,b927edf8
1897017590325956608,刘慈欣的诗云,2043.276,1753233319,78c4204e
1897149153428556800,并不会被取代，就那ai原理来说，他是学习的技术，要是没有真人的作品投喂他，而是ai直接互相学习，最后肯定会失去人类所能体会的美感,2017.769,1753249002,af7c4445
1897160788939608064,AI取代不了大师，但能取代普通人，但我们大部分都是普通人,2028.594,1753250389,b0fb79b9
1897196044832664832,不会的 AI没有灵感只是个参考文献的价值,1999.815,1753254592,6f99a845
1897230944923557632,AI确实，一眼看得出AI,2056.543,1753258753,c05066cc
1897282352929849856,您,1876.848,1753264881,290bcf14
1897313971196141824,68+6+,2070.556,1753268650,676c84ca
1897315932888971776,只能模仿，不能取代,2003.459,1753268884,90b41f69
1897321705291076352,我觉得同意的人说的不是高端审美的艺术，他们说的是快时代创作,2090.686,1753269572,55d83f10
1897326315100134656,太厉害了哈哈哈哈哈,1950.759,1753270122,45654410
1897355364035362560,顶级的取代不了，中间底层会被取代,2092.654,1753273584,7ea9d3d5
1897404209155208704,自从知道地铁卡退费事件之后就换成转账了吗,1896.51,1753279407,3c4a8341
1897472786134957568,陈鸣飞投的吧,1948.859,1753287582,20c78ca8
1897763556578141440,这AI卡壳,1962.905,1753322245,28dcc9f6
1897865698693655296,《精彩葡萄酒》,1811.436,1753334421,c76fd2
1897865887454275072,能用的,1823.216,1753334444,c76fd2
1897975346582936832,画家的画有人买，AI的画呢？我觉得人类不会给AI的画赋予价值,2087.338,1753347492,ace2f97d
1898153206907890944,他俩节目效果已经出来了，拿到奖品不过分,1887.829,1753368695,44f44cf9
1898155156404016128,现在ai训练出的图基本都是侵权的，还不知吃了多少有商业版权的图,1990.896,1753368927,c4640bae
1898227304531014400,陈超超陈超超陈超超～,1935.987,1753377528,e8cc9494
1898497181946647040,华波波太搞笑了hhhhhh,1828.307,1753409700,6a79158e
1898589823536064768,那个脱口秀的哥们吗,1965.639,1753420744,ae954710
1898617694602120704,100元哈哈哈哈哈哈哈哈,1897.022,1753424066,25a98a6b
1898762572212570112,哇厉害了,1941.185,1753441337,eeae67ec
1898770444551886848,哈哈哈哈哈哈哈哈哈,1812.799,1753442275,da4a6923
1899295846349428736,深度学习型会成长,2061.503,1753504908,2233a413
1899311810357134336,陈超超超超哈哈哈哈,1937.372,1753506811,8020f1b7
1899619007338927616,可以的,2140.384,1753543432,f6a66d6c
1899619192483758592,辛苦阿雷了 这么一大段  我都要背半天,2145.64,1753543454,f6a66d6c
1900289831134223104,好丝滑,2143.5,1753623400,6908d584
1900727826387780608,直接转账了，不是地铁卡了,1890.432,1753675613,29c7c55b
1900864257726569216,奇马蓝,2054.335,1753691877,75f02d2b
1900992991485978112,好的画家并不会,1994.973,1753707223,1606bf27
1903906590856424448,对，所以对资本来说是好工具,2119.356,1754054552,c29ddf0d
1905365491481060352,首彩葡萄酒～味道不一样～,1814.065,1754228466,ba4142a8
1905383944120050688,ai i不会创造需求，只会解决人类的需求。,2031.372,1754230666,2ad516b
1906676777745390080,阿雷服装好潮哈,2100.595,1754384784,1327ee61
1907503470140018176,作家，和画家不会。但从事写作行业和设计行业的可能会受到影响，纯商业的会受影响,2014.591,1754483333,f5dd2f0d
1907711567622271232,一个画家的画上千或者上万我都觉得值得，但ai产的图最多一块钱,2110.855,1754508140,b59d3043
1909643331546811648,哈哈哈哈哈哈哈,1802.537,1754738424,d7fb52ee
1913366840508620800,有一只萨摩耶就叫陈超超哈哈哈哈哈,1930.9,1755182301,b30a9c4b
1915224874843617536,前面的萨摩耶的别走,1937.599,1755403796,32f67cc0
1915935882930912000,哈哈哈哈哈哈哈哈哈哈哈哈哈哈哈哈哈哈,1859.99,1755488555,51f2909e
1922480732891760896,陈鸣飞投稿,1994.089,1756268762,8dd2ba4e
1928560476044906752,ai会替代那些水平不高的人，真正的艺术家和作家是无法替代的,2055.3,1756993524,cfd3a899
1930620440054015744,现在AI技术还不成熟，以后就不知道了,2042.591,1757239091,8f57e35c
1950374312087470592,可以娱乐，但没有深度的东西,2005.631,1759593936,5ff286de
1953028710341331200,当然不会,1991.043,1759910365,6e0df0f6
1966172314316318464,好可爱啊这两个人，萌萌的,2019.752,1761477204,1ee5697
1970992051982448640,其实AI给创作圈子带来了很多好处，痛苦的是那些想不劳而获的人，AI反而将这些人筛选掉了。,1971.291,1762051762,9d717ee2
1970992805346750208,想要不被取代就得进步，人类是一直在进步的,2037.466,1762051852,9d717ee2
1980015234983286272,画手可能会，画家不会。写手可能会，作家不会。,2003.369,1763127409,916232ae
2004595551308142848,笔触这个东西AI永远做不到,2129.602,1766057611,ffa3828d
2027798215826511616,有道理哦,2053.34,1768823584,8f58d927
,,0.0,1775683732.8000336,
lb.c,,0.0,1775683732.8000336,
,,0.0,1775683732.8000336,
1895737322071625984,哇，倒过来的角度，不错,2320.614,1752985858,bc12bdcf
1895737389348262144,1000个人欸,2404.742,1752986739,1262b263
1895737464325640448,伦的观点每次都好深度,2429.52,1752988798,dd38837b
1895737568671535360,萨沙确实越来越厉害了,2188.029,1752990345,4bb6c894
1895737635520352512,AI学习能力强能模仿但是创新上暂时还做不到，给他看某个画家的画，他能模仿但是要他有自己的特殊风格还做不到,2307.016,1752992123,da8612fa
1895737675886334208,对对对,2518.778,1752992832,a4557f7c
1895737868891427072,来自四姐的认可哈哈哈哈,2383.869,1752995522,e868d6e6
1895738095023132928,其实就是说ai没有创新能力,2449.334,1753007080,fbf9b322
1895738186207301888,黄子宝宝！,2478.478,1753010860,d93d12d4
1895738219937894656,普通话越来越纯正了,2340.564,1753006552,2f987c3c
1895738308387377408,简单且周而复始的工作不会被AI取代，他们只会被机械化和自动化取代,2177.8,1753012446,da6fca28
1895738539074097408,可是这样的画家真的很少啊,2355.484,1753016161,cb47e4db
1895738633898922240,肯定是指定啊,2166.696,1753023213,691ef385
1895738659433844992,厉害,2461.836,1753022215,7d9f8a33
1895738860030628096,ai只能生产“产品”,2438.121,1753027530,9cc53f64
1895739034186518784,伦儿说的好有深度,2417.125,1753066030,91850ea9
1895739151803191552,老王说的对,2249.4,1753067040,f7934ca3
1895739188276859136,罗师杰在做捧哏,2338.921,1753070661,5268d633
1895779537472677120,很喜欢伦二这个比喻,2442.524,1753085731,3a31dcb7
1895880915561975552,说的确实好,2456.856,1753097817,db27ad6e
1895903241901117696,哈哈哈哈哈哈哈哈哈哈哈哈哈哈哈哈哈哈哈,2382.245,1753100478,4365b2b7
1895978595307183360,黄子！,2470.27,1753109461,692c8ed6
1896020644002007808,我真的我好多次都和萨沙一种选择，高度重合,2355.219,1753114473,683bd9b9
1896387667051097344,创作过程本身也很迷人的！,2197.312,1753158226,1195ac4c
1896391286534280448,我觉得最多AI的作品和人类的作品放到平等位置去欣赏，不会谁取代谁，就像人类不会只需要一个艺术家。,2329.047,1753158657,1195ac4c
1896433511490107392,伦真的每次都说的很好,2449.736,1753163691,dd1dd59f
1896446842347168256,对的。还很无厘头,2510.941,1753165280,9ec95bfa
1896478238348470528,AI没有人所具备的“灵性”，这个是根本区别。,2484.776,1753169023,130b1ee9
1896481816450316288,但那么多著名的画家，活着的时候都没见到自己画出名啊，现在这个行业，艺术还是单纯的艺术吗,2362.688,1753169449,21030a05
1896495205256114944,英专生落泪,2257.924,1753171046,272cb156
1896500684711484672,说白了AI都是把现成的 现有的知识告诉你 它无法创新 没有创造力 也不灵活,2475.575,1753171699,fc8a9b09
1897059227684406272,现在门铃还是用的那个，后面的杨紫琼没必要，前面的那个欢迎来到毛雪汪还行,2509.318,1753238282,35645b71
1897154550214244864,现在小说好多都是ai写的,2317.184,1753249646,d7cb2127
1897198418581828096,更像是Freestyle的,2163.42,1753254875,6f99a845
1897285342076082688,中东人好爱用具体的比喻 好玩,2241.494,1753265237,290bcf14
1897353535075926016,哇伦儿讲得很好,2457.048,1753273366,bbeae81b
1897433976919450368,AI可以帮你炒作 帮你买热搜 买水军 坏的也会变好,2340.159,1753282956,d844b0d7
1897838265261261568,ai创造现在最大的问题是版权，它的数据哪来的？,2329.257,1753331151,9cdf46e6
1898170337209376256,伦是有文化的,2407.645,1753370737,c4640bae
1898593071588396800,不指定的话会长和杨迪肯定会控场的，不然非正式会谈就变成非正式广告了,2170.649,1753421131,ae954710
1898594159171501824,这个点很对啊，其实观众也是作品的一部分,2314.377,1753421260,ae954710
1898594721166096128,是的，没法取代艺术先驱者，但是人类多久才会诞生一个艺术先驱者呢,2398.763,1753421327,ae954710
1898858478203265536,AI是能画出来的，但是目前AI还没有真正创新的能力,2354.986,1753452770,85cd1b5c
1899282247644146688,伦说的超好,2450.24,1753503287,c89ae7d7
1899389604638008064,这样就意味着只有大画家才能生存,2315.347,1753516085,422009b7
1899968866063992832,钟逸伦的观点好到我想记下来,2407.551,1753585138,85e961e3
1899971539840366080,是的，有时候ai出来的东西是不实际的，属于给你描述的天花乱坠但其实并不实用,2516.355,1753585457,85e961e3
1900045394068096512,萨沙是不是deepseek了,2365.82,1753594261,37dfb466
1900699314750768896,AI不抽象,2514.068,1753672214,10555ed6
1900775830246937344,完全同意伦儿的观点,2435.304,1753681336,a9930091
1900996813578880512,"很简单，好的创作,有灵感的创作不会被取代",2425.093,1753707679,1606bf27
1901031552633139456,这不兴叫哈哈哈哈,2498.047,1753711820,c35a3236
1901722114823131392,是抽象,2352.846,1753794142,5adbede8
1903867788553414144,这个议题可以看当下社会在机器大生产的时代我们总是追求手工工艺但是再看我们在什么东西上追求什么手工,2232.109,1754049926,8d3fe83f
1904376810779811584,翻译作品是再创造，当然属于文艺作品了,2280.086,1754110606,21f73640
1905336105902178560,1111,2456.232,1754224963,94dc5d7b
1905386536745115904,数据量都是过去的，像ai创造的一些画作都是基于历史风格，没有未来的风格。,2288.044,1754230975,2ad516b
1906081274615969024,制造业，，,2184.094,1754313794,6748a4fa
1907510299724980992,没错,2175.769,1754484147,f5dd2f0d
1909633496364914688,感觉好多代表还有别人不了解ai画画的原理。那真的就是裁缝大集合,2203.365,1754737252,142fcb13
1916012736815445248,有几个确实在搞艺术的，大部分只是在所谓的艺术行业里混口饭吃而已,2297.01,1755497717,272ec1ba
1919515972591515392,ai又不能原创，出来的东西都是人家已经有过的,2324.575,1755915335,d61f036d
1919765655767985408,确实,2390.9,1755945099,39b1306c
1920593694097511424,但是那么多人之中又有多少个大师呢？千里挑一。只能说大师难以被AI替代，但大多数普通人是很容易被AI替代的,2364.264,1756043809,288a6e7
1921471313504249600,哈哈哈哈哈哈哈哈哈哈哈哈哈哈哈哈哈哈哈哈哈哈哈哈哈哈哈哈,2384.908,1756148430,d0352b3
1924730497872245504,但是很多人其实也只是围着光圈内打转，只有少部分是能发出光的哇。ai无法完全取代，但是ai取代大部分工作应该是必然的,2449.995,1756536955,90bb401c
1937410966522432000,不愧是高材生,2428.936,1758048584,664fbc21
1944395634396738304,可是艺术的标准是很难说清的，尤其是超越时代审美的艺术,2372.895,1758881222,952047f4
1946596116557161472,同传不可能，比如自古以来，中国有句老话，你怎么翻译,2271.392,1759143540,24bc755
1953032408702466560,哈哈哈哈哈哈哈哈哈哈哈哈,2390.919,1759910805,6e0df0f6
1964145062028178176,哈哈哈哈哈哈哈哈，怎么我在非正还能听到黄子,2469.118,1761235537,f260f6db
1965470285503505664,但是现实中其实有一些需要创作的。工作他确实是会被AI取代，因为作为商业用途，AI的那个程度是完全够用的。这是我们一个从国内大厂离职的老师跟我们讲的。因为他们当时在做东西就已经套模板用AI。,2380.266,1761393516,d0b3063b
1965962475476472064,梅丽莎好好看,2271.709,1761452189,5c1cccf8
1968996492291897088,好啦ai取代不了伦儿,2435.324,1761813872,269700bc
1969411312866597120,如果人类不再进步 那AI还会是AI嘛,2414.221,1761863323,7ed3ebc
1985133228776545024,翻译读空气什么的感觉能训练,2278.757,1763737521,55203a50
1985134760192303360,可以训练,2518.973,1763737704,55203a50
1996728559007878656,ai应该是从1到60，而人是负责从0到1和从60到100的,2430.868,1765119792,74ba3500
2056102682372178688,ai模仿的只是形式,2363.539,1772197739,fa9ad547
2082958314446724096,AI只是提高效率的工具,2221.713,1775399180,a4d2be15
,,0.0,1775683732.8000336,
lb.c,,0.0,1775683732.8000336,
,,0.0,1775683732.8000336,
1895737410512720128,感觉这个有趣1,2795.193,1752988764,39108e46
1895738094108774656,意识,2662.0,1753003029,6653a374
1895738218117566720,我更喜欢作品独立于作者存在,2704.182,1753012025,729cd479
1895738283766812928,除非ai哪天学会了思考和不按常规，但是人类会允许这样的它们存在吗,2540.067,1753010137,10294f3d
1895738567352094976,主要是用得少了吧,2862.128,1753022489,61f1cb93
1895738632992952576,超超太美啦,2555.795,1753022069,1f0a24fa
1895738636633608448,真的很爱Dylan，每期必cue，哈哈哈,2649.068,1753021557,6e443ff5
1895738730552463616,deepseek是这样的！,2522.65,1753021395,6e443ff5
1895738777964876032,大左又困了,2711.853,1753025162,d6bfe3aa
1895738899238981888,阿雷一定很有语言天赋,2864.374,1753026188,3b5559de
1895738997712851200,加字游戏,2829.421,1753054603,5dbe0dac
1895739267607924992,西语里的人称变位和阴阳性很有意思，我，你，她，他，您，你们，我们，他们，她们，您们,2804.071,1753072834,293203a
1895850139940747008,工作报告AI的确是好帮手！,2543.657,1753094148,416bbb9a
1895921119618453248,作品和作者根本无法分割啊,2714.73,1753102609,e1f0140c
1896012893708357120,ai没有人生，但是ai有你们呐,2743.137,1753113550,698bab0d
1896065447497910528,语言环境很正常手能生巧,2876.525,1753119814,cc2734ec
1896479661995797760,Blade Runner,2645.459,1753169193,130b1ee9
1896654942690213632,中文是积木并且是榫卯结构,2830.122,1753190088,89807551
1896772345109555968,词根词缀 哈哈哈哈哈哈,2818.729,1753204083,1f9c8d2e
1897102321968798464,不知道为啥这个话题老是让我想起崩铁里的博士尊，我们强大的智识星神,2549.068,1753243419,f5a06ba5
1897196758887995392,AI代替不了艺术家，但AI能代替打工人，作为普通人的我是焦虑的,2757.811,1753254677,b0fb79b9
1897363087586601216,是的 英文是树形语言,2824.014,1753274505,84203b4
1897872503666875648,超超说得好～,2569.221,1753335232,c76fd2
1897944087584629760,来了看预告最感兴趣的话题,2788.137,1753343766,9cdf46e6
1898191646873602816,我靠，这个观点让我耳目一新,2536.947,1753373277,f0071fca
1898587064925435904,这个话题好！,2795.805,1753420415,a18ccce
1898596254410661632,ai如果把微醺状态也建模了之后可能就能复刻了，并且能随意还原,2581.86,1753421510,ae954710
1898596665712523776,确实，一个平庸的内核很精准,2640.395,1753421559,ae954710
1898861636539289344,而且目前可能觉得觉得AI的有些图或文字有灵性实际是观众自己的赋予这些东西的主观体验是观众自己的灵性不是AI的,2668.317,1753453146,85cd1b5c
1898899350840110848,是不是ai的记忆能力有上限的原因？,2636.01,1753457642,2ddb40c0
1898913616263543296,ganghood这个真的不是广东华侨带去的词吗江湖的粤语发音啊哈哈,2769.624,1753459343,e8831434
1899395980466646272,大左那个表情，哈哈哈哈哈哈,2727.784,1753516845,2a7b6daf
1899451219231916544,因为没有坚持每天都用ai跟它进行大量互动给它数据样本支撑，所以我认为每个人用的ai都不一样，我觉得我的ai还是挺像我的,2647.849,1753523430,cb8fc6d6
1899934260052788480,中华文化的包容性哈哈哈,2849.24,1753581013,ae954710
1900015569328667392,好喜欢这个话题,2795.283,1753590706,85e961e3
1900048826854286080,那人的灵魂是电子信号吗，如果是，那人有没有可能是超级精细的碳基“机器人”,2655.645,1753594670,37dfb466
1900281300003517184,西部世界的核心就类似这样的,2602.68,1753622383,cd73212b
1900285629850936576,确实起码目前的ai画作没有人画的灵气,2557.858,1753622899,21100105
1901048146860625152,这棵树的动画是ai生成的吧,2803.727,1753713798,bba3e7b3
1901659990159627264,对，写文也是太高大上了，不接地气,2520.306,1753786736,105f52db
1901679859307668992,前面的，你把ai想得太厉害了,2738.443,1753789104,8c5fa1a1
1901694474971820544,知人论世是解析作品的一个重要观点,2714.601,1753790847,bb1af361
1901807782567905536,小熊说法语的表情好可爱,2871.945,1753804354,6b233d5a
1902175987245469952,灵韵,2668.184,1753848248,3fc3c7dc
1903102126856042240,人的反应和情绪千变万化 ai需要基于data来学习复刻 但人心和思想复刻不了 因为你自己都不知道你到底会如何啊,2743.891,1753958652,95e70b5d
1903911544119548672,机械劳动（报告、PPT、标准化文案等等）确实适合AI,2552.306,1754055142,c29ddf0d
1905283396587498240,我也有这样的担心，毕竟大的发现是要在小的累积基础上的。如果这些小的方面都被ai包圆了，人类还会有大发现的灵感吗,2568.797,1754218680,1739167a
1905322044405448448,心理学本来就有灵魂,2690.41,1754223287,f73e1df3
1906144811317396224,我以前学英语的时候，也会想外国人学中文的体验是怎么样的,2818.823,1754321368,de5d2566
1906664836822229760,所以说语文考试里的阅读理解靠标准答案就很扯,2687.504,1754383360,16673124
1906696462252080384,感觉伦儿是语言限制了发言,2529.891,1754387130,64b0d079
1906886153408858112,好适合我英专生来听 ,2814.7,1754409743,937fdd57
1908206015506796288,ai不可能成为艺术家 这句话有问题吗？,2749.178,1754567083,d8a8f583
1910400646260643072,喜欢这个论题,2802.046,1754828703,8815c960
1912295074109538048,前面的也可能没有理解什么叫创作，ai可以实现艺术产出，但跟创作还是差远了的,2744.468,1755054537,a8fe5ea9
1912306335295954944,怪不得我学英语困难,2848.344,1755055879,cdc7bc83
1914618808048601600,说的好好,2678.049,1755331547,39959bed
1914619278565804800,大左看手机哈哈哈,2728.618,1755331603,39959bed
1915193156341953792,现在ai就是一个全领域博士只是专家。他只是没有真实世界的更多样样本数据,2569.108,1755400015,23dde82b
1915445346528739072,电脑病毒：我来看看怎么个事儿？,2576.487,1755430078,aa8cb2c6
1915986185612797696,“就没电了”哈哈哈哈哈哈哈哈,2591.443,1755494551,cd971f7f
1916852564402818816,江湖不是打打杀杀，江湖是人情世故wu～～～～～～,2764.246,1755597832,ebcfcea3
1919268751279502848,这只能证明如今的AI还不聪明，还不智能，难道AI技术不会变得更厉害吗？,2612.277,1755885864,8ff620f
1921321382714216960,信息熵大,2841.927,1756130557,c8faf44f
1922681235663422464,如果AI真达到这个高度，那AI就不是AI了，人类也危险了,2697.724,1756292664,bc17ebe1
1926387262783289344,人类作为个体，生命体验是有限的，而ai作为更高级的文明，或许会不会被我们想的太简单了。,2771.566,1756734456,d0244f28
1928566961126791424,他说的太绝对了，ai技术刚刚起步，未来的发展是不可预知的,2749.14,1756994297,cfd3a899
1928568074974780160,英文是孤立的好吧，中文是组合式的,2834.7,1756994430,cfd3a899
1952531056876225024,如果AI能够有自我意识和思想，AI就是人，人退为动物,2715.729,1759851040,3d553d69
1996732419327971328,中文很简单很适合其他民族学习 所以中国才会是一个多民族国家 并且从不排斥其他文化海纳百川,2835.006,1765120253,74ba3500
1999292041175421696,Ai man姐吗哈哈哈,2602.201,1765425383,e4630f95
2027802308762818304,这个观点好,2541.215,1768824072,8f58d927
2045095330529259520,这个想听很久了！,2795.731,1770885561,e6d149b0
2069023283827016448,AI可以创作，但是每个人有独属的成长经历，他创作的东西是独一无二的，所以替代不了个人,2739.673,1773737995,6b2b33d2
,,0.0,1775683732.8000336,
lb.c,,0.0,1775683732.8000336,
,,0.0,1775683732.8000336,
1895737617359016192,哈哈哈哈,3218.723,1752993544,a4557f7c
1895737713425355008,但是中文商务场合也会这样，中文也有客气和礼貌,2976.263,1752992710,5866b398
1895737727702765824,但是中文之前也这样，白话文运动时就有胡适“干不了，谢谢”“才学疏浅，恐难胜任，恕不从命”的案例,2975.656,1752993017,5866b398
1895737820195557632,哈哈哈 我第一遍也在疑问 你不是医生吗  结果发现卡在了中文上哈哈哈哈哈哈,3227.366,1752997558,fbf64f60
1895737998369591552,好喜欢伦儿讲故事,3143.561,1752999620,7b5f275c
1895738106876236032,伦的冷知识好多哈哈哈哈,3121.118,1753010691,450eca7a
1895738131496800512,英语四级准备,3180.027,1753009480,8fd891b1
1895738136966172928,德语出来说话,2889.523,1753008855,47376c28
1895738139700859136,日本文化有些过于客气了，反而成负担,2979.348,1753006769,13ee2db9
1895738374950981888,日文的语法结构太麻烦了,2947.238,1753012693,58c62de
1895738385889726720,语言环境真的非常重要,2880.638,1753014675,c0184399
1895738605637701888,哈哈哈，西语信息密度太低了,2887.48,1753021179,913778e0
1895738888291848448,和语言背后的语境文化有关的,3004.846,1753030941,5404f33
1895738956675780864,日语真的，可能是因为日本人很容易不安所以很喜欢叠甲,2968.764,1753036550,7a1afabc
1895739047859949824,伦儿个学霸知道的可真多啊,3138.994,1753066617,91850ea9
1895739281281356032,这解释也是费劲，中文六个字解决：有根源无系统。,3165.086,1753078062,1ea53aa5
1895813671943725312,说英文是因为没学过其他语言hhh,3058.228,1753089800,18de2fc4
1895885303986710784,七月八月是纪念凯撒和屋大维硬加进去的我记得,3103.283,1753098340,db27ad6e
1895963615233216000,月天~~~~,3088.264,1753107675,bb240a6
1895984463582683136,伦儿好棒！,3141.672,1753110160,692c8ed6
1896199650127027712,Medium well steak,3202.601,1753135813,74e59e26
1896307962851638528,Mayday！Mayday！,3084.608,1753148725,b748a01c
1896408715746876416,原来如此，怪不得烷烃的英文名是这样命的,3130.385,1753160735,30eb9777
1896433111504550144,月份的英文在西方文化中也算是历史文化的体现,3081.902,1753163643,a076c47d
1896450535448673792,杨迪太有意思了,2936.319,1753165720,9ec95bfa
1896482053151608320,文化语境不同,2926.889,1753169478,130b1ee9
1896482757568255488,看过日语邮件的结构 那是真含蓄啊 好像说“不”是天大的错,2948.052,1753169562,130b1ee9
1896753204394875904,店家不想给别人用，为什么还要设置自己的店名为WiFi名啊，这样每次都解释多麻烦,3049.958,1753201801,2677cf4c
1896946225677535744,是凯撒和奥古斯都加的7月和8月打乱的吧,3129.064,1753224811,a5fb62e5
1897250225970898176,而且13月 和 星期八这种说法 他们只能重新创造一个词,3115.972,1753261051,c5e94360
1897407157516052224,就像知道奶奶的礼物用俄语怎么说，真的那么长吗,2896.574,1753279759,d849b843
1898582067882162432,日本人说一个句子 一半都在委婉,2941.965,1753419819,76036370
1898588868694397440,敬语地狱,2954.96,1753420630,a18ccce
1898590585045603584,这个是历史上的语言融合因素吧,3060.517,1753420834,a18ccce
1898665512134126080,说普通话久了会忘记方言,2905.249,1753429766,b0850c04
1898850951616771840,为什么要留下殖民的痕迹,3157.268,1753451872,ef8bd67d
1898937681158312448,还有星期,3074.909,1753462211,b465622b
1899312426064304384,中文好比压缩包,2881.612,1753506884,714d1f13
1899359596045350144,哈哈哈哈京都人,2942.526,1753512508,48caf715
1899668818784674048,这是人为的，任何国家要是愿意这样，也能在表达一个简单含义时去延申自己的句子,2968.119,1753549370,395ce43e
1899936646569887488,还有星期。日语也要再背一次,3072.627,1753581297,ae954710
1900498638082942464,懂日语的可能会懂吧 真的巨长一段,2997.345,1753648292,8205cc06
1901004936989475584,其实赖赖的发言都挺有信息量挺好的,2962.898,1753708647,2c9403ee
1901005262887011072,好温柔啊,2994.395,1753708686,2c9403ee
1901007210696225280,日耳曼人,3145.006,1753708919,2c9403ee
1901007274919789824,棒棒,3148.423,1753708926,2c9403ee
1901007503156656384,原来如此,3165.412,1753708953,2c9403ee
1901007627769515776,很详尽诶 原来不知道,3169.51,1753708968,2c9403ee
1901036066467942912,唉确实会有些容易导致内耗,3036.179,1753712358,c35a3236
1901601973363943680,中文是象形文字发展来的,3076.554,1753779820,92f8c01f
1902328538762730496,反了,3049.595,1753866433,89ed58e
1902903884662556160,一个Wi-Fi都这么抠啊,3030.227,1753935020,96f86921
1903773304859711744,非常容易不安的日本人,2947.431,1754038663,5eebbb86
1904212771181454848,主谓宾主系表的顺序是一样的,3210.693,1754091051,4213efaf
1904516264131825920,正常吧,2882.476,1754127230,3e5e834
1904516761693761280,哈哈哈,2941.821,1754127290,3e5e834
1904516806791007488,晒伤妆,2947.196,1754127295,3e5e834
1904519028052442624,混了是吗,3179.667,1754127560,3e5e834
1904710780163548160,你习惯了，完全没问题,3083.008,1754150418,1606bf27
1906026731576451328,这个确实有点直接了，中式中也确实可能存在这样的,3018.666,1754307292,c8137052
1906684917807754240,英文比法文容易,3070.951,1754385754,1327ee61
1907637741270252032,呜呜呜英文里器官名词和病的名词和相应科室名词真的大部分完全不一样，太痛苦了真的完全不一样,3237.084,1754499339,ff8d4f0a
1907900244344148736,？我们大学老师都说英文天生自带逻辑……,3046.075,1754530632,21c98764
1907939231465567232,哈哈哈哈哈哈集合,3078.613,1754535280,27e7f95a
1908208058292258560,日本好累,3042.943,1754567326,d8a8f583
1908238397278553600,想委婉也可以委婉呀。只是大家觉得太装不那么说了,2986.636,1754570943,a4b37ddf
1910303699142508800,所以我总觉得他们说话烫嘴？,2905.236,1754817146,664d29dc
1910306040881807360,忍。哈哈哈哈哈哈哈哈哈哈哈,3034.062,1754817425,375127a9
1910306198109537280,濑濑刚来时候的梗,3034.062,1754817444,375127a9
1915449847520377088,动物名+肉表示某种动物的肉。这是几千年沉淀下来的智慧,3051.605,1755430615,aa8cb2c6
1915991236444326656,萨沙好搞笑哈哈哈哈哈哈哈,3217.489,1755495154,cd971f7f
1916226599335198464,donde donde,2931.706,1755523211,41d23346
1916228677268589568,wow,3173.682,1755523459,41d23346
1916315156007532032,前面的，除了没有小贝拉逻辑,3181.139,1755533768,299590f4
1916619295518292480,哈哈哈哈哈哈哈,2919.677,1755570024,51f2909e
1919962561386910208,不安,3011.16,1755968572,3bd57624
1920500537993289984,这个就是我想吐槽的，英语的日期真的好难记,3060.432,1756032704,7b3cb016
1923466522425711872,伦儿才是真正的博学学霸,3150.234,1756386277,a82a2ebb
1929348917360019200,其实中文更没有逻辑，就是你想怎么说都可以，主要就是看积累量了,3057.608,1757087513,467053b4
1932308120081196032,我第一次在国外吃牛排 说五分熟 five，服务员大问号,3201.353,1757440278,52ac390e
1938326182697830400,对对对，这个很麻烦,3032.573,1758157687,69dfa122
1944620545828698368,10个月 那年都要过错,3124.155,1758908033,1875fd96
1960152989767726848,词源太多，还要混着不统一,3101.673,1760759645,7bf5ae5
1960315171222860288,商务对话,2985.653,1760778978,99cb8cc6
1970391830956991744,英语学渣产生了一些不好的回忆……中文换个字就能表达清楚的事儿，在英语里面要挨个背单词,3201.922,1761980210,f517d2b4
1971032280625968128,这不叫逻辑，这叫历史渊源，如果英语本身有逻辑，他就该根据自己的语法规则来解释这些东西，而不是照搬别人的,3173.232,1762056557,9574db04
1986522542408234752,著名“星期八”哈哈哈哈,3064.179,1763903140,2a9d92f9
1988680519910594304,好可爱的语气啊,3211.732,1764160391,c847ffba
2015997122545654016,凯撒大帝修改了历法，十个月变成12个月,3118.741,1767416784,ae954710
2029776380103077120,都去店里吃饭了还不让用WiFi确实不厚道,3021.134,1769059400,361d239
,,0.0,1775683732.8000336,
lb.c,,0.0,1775683732.8000336,
,,0.0,1775683732.8000336,
1895737449360363776,哈哈哈这个音效,3434.307,1752989690,dd38837b
1895737554259906816,汉语自带超链接,3502.689,1752990382,7e894dc7
1895737698191642880,英文不是也有一些语气词吗,3463.7,1752993765,534bf33e
1895737702964760832,现在小孩学典故也是这样的,3515.271,1752993777,5866b398
1895737848280617216,所以他们上大学贵的要死,3301.863,1752995548,136254b6
1895737891691663616,如果目标是跟人勉强交流的话，很简单,3388.746,1752996103,7864b331
1895737902630408448,哈哈哈哈哈哈,3542.495,1752996835,e868d6e6
1895737928165331200,对啊对啊，本来就是啊，所以那些鼓吹国外如何教育平等的，本来就是扯别的，首先连语言就是不平等的门槛很高的,3270.78,1752996508,e868d6e6
1895738086819074304,感觉我和听英语一样,3398.682,1753007529,2f987c3c
1895738104141549824,我听英语听力也这样,3398.818,1753008039,fbf9b322
1895738124207100160,这里应该是well,3591.94,1753002948,90a344d5
1895738260068995328,语言浓缩ww,3415.286,1753013167,58c62de
1895738461571748096,亚洲语言普遍是这样的，主要还是大中华地区辐射,3581.0,1753014800,b345a1e6
1895738525392277760,我也发现了这个问题,3257.235,1753015917,6ee65ea5
1895738653964472576,此处BGM已经日本风格,3569.688,1753025562,226099f9
1895738823556960512,太where了哈哈哈哈哈哈,3558.444,1753026489,8ad6ba0b
1895738935712649472,我感觉老王就这几期非正下来汉语都有进步了,3428.469,1753027972,8d665d98
1895738962153541888,其实我现在在英国生活，无论是跟哪个国家的人说话，我经常回答嗯，他们都可以听懂，真的很方便很中文的表达,3471.945,1753054895,973da82
1895738991337509120,前面啊？的点在哪里？？,3505.733,1753067454,43cb6c93
1895739004096581888,我也才知道,3285.669,1753033782,d5c5e535
1895739009565954304,哈哈哈哈哈哈哈哈哈哈,3317.609,1753068397,f7934ca3
1895739326890217728,成语是超链接，所有熟语俚语和歇后语才是压缩包,3537.481,1753078668,1ea53aa5
1895809281815646464,最惨的是日本人，在这些基础上还要翻译成片假名背,3285.983,1753089277,d2fc1204
1895891365066548224,汉字自带压缩包超链接,3506.18,1753099062,1eeaccb8
1895906708459891456,哈哈哈哈哈哈哈哈哈哈哈哈,3542.014,1753100891,8223018c
1895917280982994176,弹幕呢？,3380.471,1753102152,4365b2b7
1895937886776867584,戴卢可是佛拉芒人,3461.641,1753104608,be52f108
1895945065151751424,1,3469.14,1753105464,83719079
1895974459136292096,老王这个手指的动物太萌了哈哈哈哈哈,3368.702,1753108968,c5fcbd94
1896736230398801920,迪伦想介绍哈哈哈哈哈哈,3285.135,1753199778,b9816bbd
1896738375130942976,哈哈哈哈哈哈哈哈哈哈杨迪太有梗,3552.143,1753200034,b9816bbd
1896773498131941888,不想听，不想了解医学法学这类太专业性的东西,3330.832,1753204221,b176604b
1897146857139167488,吧 吗 哦 ,3449.353,1753248729,35645b71
1897148948762767360,中文常用字2千～三千字，医学法律都能看懂（每个字）英文你得重学,3300.605,1753248978,729e3ab7
1897240958723524864,他是整形医生,3245.183,1753259946,c05066cc
1897344309032788992,HHHHH,3548.929,1753272267,e724095e
1897353674855129344,老王的汉语是靠“百家饭”成长的啊,3413.629,1753273383,d403eb94
1897959016110826496,我感觉日语表达比中文更模糊，但欧语系应该比中文清晰,3481.107,1753345545,9cdf46e6
1898037661450136320,没有语言是难的，融入当地都很容易学会,3360.179,1753354921,6ba6f998
1898147251440773632,学医的英文巨长一个单词,3249.832,1753367985,33c2f0de
1898595100549340416,yeahhh和“え？”的洗脑率也很高,3442.216,1753421373,a18ccce
1898595474438069760,好的，收到,3466.201,1753421417,a18ccce
1899889882369721088,然,3577.428,1753575723,3e3ca627
1899940569846165248,英文里的humm不就是这种意思吗,3483.17,1753581765,ae954710
1900248293867858176,看吧~,3476.886,1753618449,1bd801ae
1900268259098969856,大学学心理学法学，专外学的人想死，开卷我都累死，必须背一些，不然翻都翻不到,3309.209,1753620829,68efaa5c
1900386229888349440,害,3588.413,1753634892,33977ab
1900504034642194432,而且现在还在一直造新词 网络迭代也很快,3536.387,1753648935,8205cc06
1901038009001065984,确实，会有专业壁垒,3267.74,1753712590,c35a3236
1901043281199645696,整形医生不背专业医学词汇吧,3248.477,1753713218,ae954710
1901055028312566528,嗯 用英语的yeah 不行吗,3513.992,1753714619,bba3e7b3
1901699298253806080,哈哈哈哈哈哈哈哈哈,3555.241,1753791422,bb1af361
1902215296740708608,中文一个哦～～～能表达很多意思,3489.451,1753852934,167a1194
1902491000623422720,生物学全是拉丁语,3260.405,1753885800,59b380d7
1903115360002498048,汉文人点了,3530.814,1753960229,95e70b5d
1904402415873511680,哈哈哈哈哈哈,3438.59,1754113659,6327891d
1904520475078927360,我也想听伦儿讲历史,3336.829,1754127732,3e5e834
1904713978178131968,你会不会说重要的是环境问题，像我现在的应试教育，会看和阅读英文，写和说就很差,3417.528,1754150800,1606bf27
1904714897275852288,很多更复杂的，很多中国人也不知道,3523.445,1754150909,1606bf27
1904715420767052544,不就是看语气的吗,3577.83,1754150972,1606bf27
1906688697462662912,小姐姐英文很好好听 不是脖子右柠哈哈哈,3466.311,1754386205,1327ee61
1907359113126774016,粤语无障碍～喺！,3563.437,1754466124,d9a3acb1
1908669758451742720,还有古希腊语,3297.211,1754622365,f41917e3
1910307226334185216,让伦讲下历史,3294.697,1754817567,664d29dc
1915992112592547840,我想听伦说,3296.419,1755495258,cd971f7f
1915994372726802176,四姐reaction好棒,3542.21,1755495527,cd971f7f
1916230844314519808,语言还是要在环境中学,3421.751,1755523717,41d23346
1919282737379220480,匈牙利语也非常难,3351.111,1755887531,8ff620f
1920520378267664128,意群,3403.007,1756035069,99536495
1921097014738263808,陈铭老师说的吧,3438.683,1756103810,bc1232f7
1921950390136930304,就跟中国的好字一样，有时只是表示听到你话里的信息而已,3576.112,1756205540,91f228fb
1926835259497439744,经常看着看着觉得他们几个老外把中文说这么溜好厉害,3412.989,1756787862,b97e7a27
1938829039104673792,笑死我了，这句话谁说的？,3434.256,1758217632,c1c7a66
1996737031745336320,并非,3352.126,1765120802,74ba3500
2011293092187681536,哈哈哈和我对日语的感觉一样，，，呆了10年多 后面觉得是没有尽头的,3529.002,1766856020,1bdc989c
2012585087044033536,这个确实 日本的法律和医学基本是学习德国 舶来词也是基本用德文音译,3321.095,1767010038,83537bde
2018529617530469888,秦嗨汉诺,3562.248,1767718681,a29de8f8
2021310047682553600,是的,3262.826,1768050134,9ae24a60
2035768047671333888,法律也是一样的。中国法律也一样,3275.017,1769773662,f466f7d8
2038743529190839040,先学字，以字正音，阿拉伯人有这个意识，所以他才能学这么快，欧美人完全没有文字的概念，所以觉得中文最难,3384.196,1770128367,7966ad44
2038746329182394624,表情语言，本来也不用翻译,3590.184,1770128701,7966ad44
,,0.0,1775683732.8000336,
lb.c,,0.0,1775683732.8000336,
,,0.0,1775683732.8000336,
1895737386328363264,哈哈哈哈哈哈,3617.105,1752987469,882cd619
1895737509229859072,哈哈哈哈哈哈哈哈哈哈,3676.144,1752989498,59dfb4d2
1895737583057998080,天啊，67个字母组成,3637.073,1752989336,eb069b0d
1895737632492065024,来个短的,3853.378,1752993748,6cf1571
1895737693435302144,哈哈哈不许总结,3609.164,1752993497,6cf1571
1895737816580067584,这里字幕错了，表音文字,3890.122,1752995204,5579ad8f
1895737979226788096,这一季字幕太多错误了，怎么回事啊，中文外文都错,3896.211,1753006124,aab7b18b
1895738066770301184,日语和韩语是不是也是？只要会拼都会读，但是意思得再记,3906.105,1753001542,545954c8
1895738087733432576,哈哈哈哈哈哈哈哈哈,3845.99,1753000556,7b5f275c
1895738152468320512,哈哈哈哈哈哈哈好可爱,3651.946,1753012041,d93d12d4
1895738180737929472,巴别塔,3742.261,1753008044,a62ceb35
1895738275562754304,英文就有刚刚说的英法问题导致逻辑混乱,3943.0,1753015298,b345a1e6
1895738327530180864,日语是半拼音，保留部分中文,3886.0,1753015152,b345a1e6
1895738332093583616,象形文字就是比拼音文字要方便的,3886.0,1753015173,b345a1e6
1895738336648597760,所以传播效率很高，且没有文化断层问题，所以逻辑一直能保持,3943.0,1753015269,b345a1e6
1895738357620117760,想起之前看的用各国语言唱知否。到俄语就跟念咒一样,3849.285,1753016974,910793e9
1895738458845450496,啊啊啊最喜欢听大家聊各语言的特点！这是我当年看非正的初心,3614.056,1753016407,a354f0d2
1895738658519486720,愚者无畏也是一个压缩包呀，它不是常规的意思，俄语也可以生成一个压缩包,3826.746,1753025972,fe92a296
1895738785262964992,哈哈哈哈哈哈,3817.962,1753023551,ef8f951e
1895738933883932928,头晕了,3644.316,1753035085,13a0d4c4
1895738979476017408,确实，看小Q联合国的时候同传俄语的信息密度好低,3838.236,1753041245,cdfc31da
1895739066096783616,哈哈哈哈哈有意思,3612.271,1753067134,91850ea9
1895739104407556352,突然想起之前埃及代表穆小龙的名字也很长,3658.216,1753041498,4e76690
1895739162750324992,尼采：事情没有对错 只有视角不同,3726.186,1753073245,cb0b74b0
1895739177338114304,哈哈哈哈哈大家注意有位烫嘴的德国人要来啦,3629.774,1753067187,91850ea9
1895792428078861312,还真是,3941.511,1753087268,3a31dcb7
1895853082563739136,好漂亮啊,3705.421,1753094499,dc02669c
1895873710125642496,湖南话“搞”也有好多意思。,3601.591,1753096958,29a218df
1895907346799683328,翻译是代表自己翻译的,3697.145,1753100967,d0a706e0
1895978079743661568,decode（语言学人惊坐起,3717.032,1753109399,c5fcbd94
1896108421095192320,姐姐的专业和今天的话题好适配，语言差异,3706.185,1753124937,7388c77a
1896515341271146240,我喜欢这个话题，有意思,3616.444,1753173446,b99d4a1f
1896518162234223872,信息熵,3876.963,1753173782,b99d4a1f
1896543132645330432,这颜值，太好看啦！！！！,3695.311,1753176759,832cc876
1896780626377012736,不动产超级抵押,3636.607,1753205070,1f9c8d2e
1897154366721285632,我又要骄傲了，联合国文件里，就属中文那本最薄（叉会腰）,3813.058,1753249624,729e3ab7
1897941956827989760,都在酒里了,3865.043,1753343512,8b93c9d9
1898002374233537280,好像现在学校初学英语不给学音标了？,3917.24,1753350714,2a453a04
1898102017021935872,满分5,3789.416,1753362592,b29ebb7b
1898156268347363072,我记得我初中那会有学音标 但是不会重点去考,3923.454,1753369060,33c2f0de
1898512243499875328,大左表情笑死我了哈哈哈哈,3865.395,1753411495,4b7d9bf5
1899331643441710592,哈哈哈哈哈哈好可爱,3679.808,1753509175,1091612d
1900180799328848384,确实像吕一,3719.965,1753610403,115a0075
1900386773294106880,不对不对,3653.208,1753634957,33977ab
1901012436203785984,强行闭麦,3615.255,1753709541,2c9403ee
1901013060701833216,字幕乱回了,3657.418,1753709616,2c9403ee
1901170929900720384,还确认下对不对哈哈哈哈,3831.848,1753728435,aa15251e
1901171333829032960,给陈铭总结累了,3859.411,1753728484,aa15251e
1902159930518213632,六书,3947.484,1753846333,705b52ba
1902331185083402240,大学选修语言学讲过这个区别,3951.181,1753866749,92f8c01f
1902335700813538048,分析语,3890.528,1753867287,89ed58e
1903671238854313216,大学老师也一直强调要用外语的语境去理解外语不要纠结于对应中文是什么,3741.737,1754026495,b7a9b2eb
1904763067708153600,萨沙真一点口音没有啊,3759.038,1754156652,ddee2dcd
1905858903875679232,梅丽莎中文好好,3688.86,1754287285,7becfa2e
1906691517007991808,德语也是,3801.725,1754386541,1327ee61
1908906630024663808,俄语∶入门即入土，但不得不说俄语听起来是真的好听,3783.319,1754650603,43d421ca
1913917196015940096,法语也是,3808.423,1755247909,62e4d313
1915995900275556352,好喜欢梅丽莎,3713.265,1755495710,cd971f7f
1916030022574273280,语言的背后是思维逻辑,3695.995,1755499777,272ec1ba
1916079700078810368,忙啊，忙点好啊（doge）,3835.762,1755505699,746f4806
1916625392777953536,很有意思这趴,3621.459,1755570751,51f2909e
1920356151963837440,韩语就是,3912.685,1756015492,954b058c
1920523017751516672,专业的来了,3686.052,1756035384,99536495
1920524371614198784,对!!!!!!,3843.108,1756035545,99536495
1921484775709746688,又美又有学识，太厉害了姐姐,3711.137,1756150034,d0352b3
1921487725823974144,标注拉踩还是没必要哈哈,3945.676,1756150386,d0352b3
1924956553183220992,俄语语法确实难,3781.888,1756563903,e498a6f4
1928311481842799872,我怎么看到了autumn,3673.982,1756963841,272b951b
1929831823954261248,终于说到重点了，一维语言与二维语言,3932.368,1757145080,df7cc456
1937964820096246784,及格了,3795.295,1758114609,ea665755
1940204146955817728,这段话题讨论味道对了！！,3623.895,1758381557,add21500
1947129987367245056,萨沙有口音的，东北口音哈哈哈哈哈哈,3767.265,1759207182,ecb24fe1
1954999544181936896,我们是造字，其他语言是造词，我们是组词,3892.371,1760145306,fb6e727e
1960973806940170496,还有俄语的字感觉都一模一样233,3802.199,1760857494,8b1c7d51
1965271622538264320,字和词不一样啊，汉语的词能数清吗,3769.495,1761369833,b509e6de
1966180469729066752,对的，中国还有很多种方言呢，都是文化,3734.607,1761478176,33978299
1983664562083361280,老王的哇太可爱了,3664.275,1763562443,c53f17b0
1985149511878330880,陈铭没有总结的终究还是要来的,3681.241,1763739462,55203a50
2004619822436624640,上文言文,3868.638,1766060504,ffa3828d
2038747074585654784,这更像造了个固定搭配短语，而不是单词,3646.077,1770128790,7966ad44
2057933376119917312,好漂亮,3689.333,1772415975,dc69dd68
2072056217312398080,母语是汉语好骄傲啊,3882.558,1774099549,f82fb2da
,,0.0,1775683732.8000336,
lb.c,,0.0,1775683732.8000336,
,,0.0,1775683732.8000336,
1895737662774939904,再次安利陈老师的有聊，想了解陈老师对一些话题或者事物的看法的一定要看,4023.906,1752994396,534bf33e
1895737685701005568,俄罗斯女排功勋教练卡尔波利,4271.389,1752994558,7b2fe900
1895737697243730176,俄罗斯队那几年发挥起伏很大，拦防水平下滑了很多，换谁谁都得生气，卡尔波利老爷子不生气才怪了,4283.614,1752994661,7b2fe900
1895737894426349824,还真想听下去,4177.285,1752997978,c7bc6e63
1895737925430644992,不想听,4197.99,1752997336,ca646aae
1895737966459326720,哈哈哈哈哈 我开始逐字学习  doge,4196.912,1752998636,fbf64f60
1895738073137254656,中文是超链接语种,3984.747,1753006704,39499903
1895738140615217408,哈哈哈哈哈哈哈哈哈哈哈哈哈哈哈哈哈哈,4310.057,1753009910,259fe52
1895738233619714304,陈铭老师还想听！,4182.484,1753007774,53b79af0
1895738266444337408,的确，中文很感性,4124.538,1753015157,ef682fb2
1895738305652691200,这个好有意思哈哈哈,4208.39,1753014222,b1b00e21
1895738500780101888,man,3975.847,1753018973,f4eb18b5
1895738511718846720,音译在中文里很少见的，因为我们几乎啥都有对应的,4145.0,1753015534,b345a1e6
1895738631164236032,所以中文真的很美,4112.951,1753025099,a7349199
1895738649401069824,喜欢听陈铭老师说,4192.35,1753025462,105f8ab8
1895738683140051200,粤韵风华请你来学,4228.784,1753024098,99272c49
1895738787997651200,语言这个可以多出几期,4134.263,1753026762,d6bfe3aa
1895738869149044992,偏误,4027.411,1753027772,838e3436
1895738996798492928,哈哈哈哈哈,4203.489,1753035239,187c324
1895739035092488448,还想听,4147.312,1753067760,91850ea9
1895739036006846720,喜欢陈铭老师这期的总结,4148.159,1753035184,187c324
1895739102570451200,哈哈哈哈哈哈哈哈哈哈画,4154.529,1753069234,f7934ca3
1895739191011545344,Hahahaha ,4072.191,1753068882,8c10ef2b
1895793939530218240,嗷～都是……   太地道了萨沙哈哈哈哈哈,4258.574,1753087448,d8c0c6fa
1895917244123625472,希望陈老师说完，简直是精华部分哇,4200.455,1753102147,7d881d54
1895984355831034368,白帝圣剑，御剑跟着我,4280.148,1753110148,25b891ad
1896017901253990656,优先使用枝丫哦,3982.02,1753114146,487f1d6
1896022503672487424,这里也有佛（,4070.515,1753114695,698bab0d
1896322597734351360,中国诗真的作为一个中国人很骄傲，太美了，意境美，有的读起来也美,4105.965,1753150469,996c2fe2
1896460121219883008,好像是这样,3981.646,1753166863,9ec95bfa
1896520846001502976,但是这个总结我喜欢，涨知识,4086.27,1753174102,b99d4a1f
1896521961702968320,还想听，再说个五块钱的吧,4156.119,1753174235,b99d4a1f
1896676574695453952,普希金,4263.726,1753192666,54d3f224
1896725566901062400,哈哈哈哈哈哈哈哈哈哈哈哈哈哈哈,4310.07,1753198507,22445c1f
1896730106723395328,哈哈哈哈哈哈哈这期太有意思了,4209.816,1753199048,9cb4590f
1897010015916183808,对对对跟机关枪似的整个赛场都能听到,4272.545,1753232416,d539e6d1
1897077275255051776,哈哈哈哈哈哈哈哈哈,4190.698,1753240434,3c157400
1897174036765635072,陈老师的总结太棒了,4168.585,1753251969,edbe14cb
1897392318966345984,或许是“道”，但也确实不完全一样,4138.271,1753277990,bbeae81b
1897423909876315136,语言都基于一定逻辑啊，像一个公式往上套，怎么没逻辑了，汉子的构成组词都有逻辑思维啊,4200.979,1753281756,d849b843
1897862636431858688,没听够哈哈哈,4177.458,1753334056,c7d94c30
1897882039651485952,鸟语花香,4319.548,1753336369,5e6db3f9
1897898935013042688,可恶啊这次刚好是我感兴趣的话题,4161.582,1753338383,47a0e8bd
1898160146023362048,这点我作为留子真的深有体会 写英文论文的时候真的是一连二 二连三的感觉 不然会扣分的 但中文很少直接表达这么明确的,4143.613,1753369522,33c2f0de
1898164993313185792,其实古人造字也走过这条路，比如光马就有一百多种，骢骊骓骏骥骁，后来发现这样下去不是个事儿，太麻烦了,3975.043,1753370100,a725bfc4
1898638624019697408,我还没听够,4148.66,1753426561,71afd37d
1898787820446409728,反而英语会听就能拼写出来,3998.591,1753444347,636af638
1899369447870135552,涡轮苏卡！,4306.429,1753513682,3873c0bd
1899754244643268352,我也特喜欢听,4184.346,1753559553,a03bc12f
1899892586974535168,萨沙,4214.495,1753576045,3e3ca627
1900097116832440064,可恶，真的回味无穷啊，陈老师你再讲会儿吧,4169.039,1753600427,664e896
1900296271730859520,哈哈哈哈哈哈哈,4317.511,1753624168,cd73212b
1900392088978706688,笑鼠了,4276.249,1753635590,33977ab
1900392259451958016,太好笑了哈哈哈哈,4296.513,1753635611,33977ab
1901016738342964736,中文是体验,4037.216,1753710054,2c9403ee
1901019576444265728,过分了过分了,4306.717,1753710393,2c9403ee
1901803584791174912,一点也不短，(◐‿◑)﻿,4062.857,1753803854,f40bc1cc
1902041048625348864,不是道，更像理,4143.516,1753832162,18259142
1902331840049217792,感觉中文好美啊，艺术,3990.092,1753866827,92f8c01f
1902332906249409792,中文是瑰宝,4117.378,1753866954,92f8c01f
1902468908746143744,下次是什么时候,4190.613,1753883166,23568bd4
1902949917157764864,言有尽而意无穷,4173.006,1753940507,ca017a5
1903624783280088832,喜欢这个总结！,4097.385,1754020957,f0de91b3
1903829280824533504,我也喜欢看总结,4089.384,1754045335,5f529759
1904583630937199616,赞同，中文逻辑不严谨，甚至会出现颠倒黑白的情况,4118.207,1754135261,b6ee8bbd
1904685207156790528,西班牙拿铁,3995.688,1754147370,7bcfa025
1904719537870318848,中文里面的山有很多很多种,4043.343,1754151462,1606bf27
1904720340727399936,是的，我们中文文字逻辑不强,4117.347,1754151558,1606bf27
1905164537058565632,主持人就是控场的，时长要他负责控制的，没办法的,4223.159,1754204510,630e768b
1905314751845161728,元素周期表,3987.742,1754222417,2eb47862
1905861314233136128,陈铭懂得好多,3967.821,1754287573,7becfa2e
1905869100798891776,你们要聊这个我可就精神了,4216.222,1754288501,acf5d39a
1906539827319374592,哈哈哈哈,4241.001,1754368458,58d57e1c
1906540589273325824,哈哈哈哈哈,4310.782,1754368549,58d57e1c
1906688755184680448,桶装水瓶装水.v,4007.948,1754386211,819e3004
1907523442576883968,绝了,4169.636,1754485714,f5dd2f0d
1907644947604512512,等红灯是在等绿灯,4082.438,1754500198,ff8d4f0a
1907980387771732224,苏卡起手23333,4316.445,1754540186,e06c8437
1910170930404237824,圈粉le,4176.937,1754801319,738a73b
1910230441924162816,陈老师唱了一段跳一跳,3992.914,1754808413,f1feee36
1914555673774369536,山峦峰,4041.505,1755324021,c8be969c
1914633198378391552,白帝圣剑哈哈哈哈哈哈哈,4283.877,1755333263,39959bed
1914709549752189952,太好玩了哈哈哈哈,4297.298,1755342365,7dd1e666
1915999561113992960,哈哈哈哈哈哈哈哈哈,4246.601,1755496146,cd971f7f
1916629292717141760,不会这集都是滴滴滴滴滴吧,4207.55,1755571216,51f2909e
1916847819730828288,老王对中文的运用很通感,4059.05,1755597266,b575b51f
1919200580753647360,喜欢的话题总是听不够，不喜欢的好长，譬如什么信息信息，看到就头晕,4182.566,1755877737,ab909100
1920259340867743488,哈哈哈哈哈,4082.777,1756003951,6fe7767c
1920526322502341120,如如不动,4063.914,1756035778,99536495
1921992866163510272,哈哈哈哈哈,4082.943,1756210604,82b54504
1928582631055161600,我不同意，山我可以解释为突出地面很多的土或者石头,4048.353,1756996165,cfd3a899
1929016966887768832,喜欢语言期,4125.882,1757047942,bd775eca
1929832194772670464,这就叫降维打击,3960.908,1757145124,df7cc456
1932317703025618944,哈哈哈哈哈哈哈哈哈哈,4305.693,1757441420,52ac390e
1937429935681908224,好喜欢陈铭老师的总结 学到很多,4147.093,1758050846,664fbc21
1937697910745701120,其实还是有点口音,4237.83,1758082791,aeeff0bc
1938017766129012736,你不是外国朋友吗？,4224.433,1758120921,bd77f5f3
1943402323418697728,我认为中文是活字印刷术,4043.986,1758762810,fe599c6c
1952092445781283584,苏子开头列字结尾,4254.784,1759798753,b1e41dca
1960114288949624320,我也看了那个视频！！！！俄罗斯教练太凶残了！！！你们可以去网上搜,4271.027,1760755031,6a7c628d
1970983019397520896,听不懂俄语，主要看表情和神态啊哈哈哈,4293.443,1762050685,f517d2b4
1987896814821010944,记笔记。,4214.037,1764066966,a87e4250
1992810780202441728,哈哈哈哈哈哈哈哈哈,4311.986,1764652757,b087944c
1998380675866813952,四姐咋回事，怎么剪这个发型了，还是长发好看,4266.798,1765316740,ffa3828d
2005918499490857216,还得是秦始皇,4012.384,1766215319,11aba778
2027816003223746816,logic,4125.294,1768825705,8f58d927
2035829821229662976,不垢不净，不增不减,4079.032,1769781026,f9735bbb
,,0.0,1775683732.8000336,
lb.c,,0.0,1775683732.8000336,
,,0.0,1775683732.8000336,
1895737401436246272,怎么可能放出来,4342.782,1752987653,5aaa7626
1895737677907988736,啊？不是爷爷辈吗？,4418.736,1752994538,591a47e1
1895737751501246720,哈哈哈哈哈哈哈哈哈哈哈哈哈,4437.159,1752993639,c76f245a
1895737760066015488,爸爸的哥哥不是大伯吗？大爷不是爷爷的兄弟吗,4416.924,1752994737,5866b398
1895737777631760640,那应该听不了泰勒斯威夫特的这首歌吧哈哈哈哈哈哈,4668.85,1752994975,534bf33e
1895737803896492288,老王大好人啊,4585.286,1752995672,ce21b857
1895737832879132928,哈哈哈哈哈哈哈哈哈哈哈哈哈哈哈哈哈,4627.772,1752994815,534bf33e
1895738113259966720,不愧美食博主，这都能跟吃的联系上,4448.927,1753008271,13ee2db9
1895738151553962240,哈哈哈哈哈哈哈陈老师,4623.234,1753004086,e967e3fc
1895738287424246016,哈哈哈哈哈哈哈,4660.359,1753013919,fbf64f60
1895738324795494656,不像演的,4542.675,1753011315,47aef417
1895738367652892928,哈哈哈哈哈哈哈萨沙,4524.058,1753014007,5041b929
1895738494396371200,哈哈哈哈哈哈哈哈,4648.252,1753020067,eabe6363
1895738752438341888,大爷就是伯伯的方言啊,4420.588,1753027986,302e2cd4
1895738870055014656,哈哈哈哈哈哈哈哈哈哈哈哈哈哈,4627.886,1753030164,ea25d4d6
1895738921124860160,鸟语花香,4334.495,1753038594,23ddeab7
1895738943002349824,我笑的不行了,4567.735,1753035604,187c324
1895739028708757760,那确实不好，癌症很痛苦的,4375.493,1753037991,7a1afabc
1895739033272160512,北方大爷就是爸爸的哥哥，还有些地方会叫大爹,4422.924,1753038056,7a1afabc
1895739051508994304,比利时，荷兰，不由自主地dudududu,4370.072,1753045018,cdfc31da
1895739054243680512,这期太好看了哈哈哈哈,4582.978,1753035619,187c324
1895739071566156032,全世界的趋势哈哈哈哈哈哈哈,4405.411,1753069485,f7934ca3
1895739076129558784,看来还是妈妈重要哈哈哈哈哈,4448.138,1753069527,f7934ca3
1895739088888631552,靠北不算？,4416.782,1753068705,d4e31129
1895739092537676032,笑得我肚子疼,4397.34,1753062755,928dfa68
1895739105305137408,是红大爷,4418.911,1753072489,63882395
1895739118072598784,哈哈哈哈 老王太可爱了,4587.157,1753061525,67cfac19
1895739125362299136,哈哈哈,4564.19,1753070523,86ed341b
1895739337812185344,哈哈哈哈哈不愧是学霸,4661.75,1753080270,928ebf4c
1895833647970618624,哎 闽南话林北就是 可惜唐大哥不在了,4408.122,1753092182,717a589b
1895902750144143360,这个还……,4321.524,1753100419,738625c6
1895907869804003328,本来就听不懂，那听不听得到又有什么关系呢，在公共场合说脏话本身就是不文明的行为,4360.674,1753101030,b41d23bf
1895908179586673152,哈哈哈哈哈不行了笑哭了,4388.324,1753101067,8e85fd5f
1895927466716137216,哈哈哈哈哈哈哈哈哈哈哈哈哈哈哈哈哈哈哈,4394.076,1753103366,4365b2b7
1895928548712294912,哈哈哈哈哈哈哈哈哈哈哈哈哈哈哈哈哈哈哈,4520.928,1753103495,4365b2b7
1895982829658685952,我也是,4675.5,1753109966,42cad9e5
1896001296768195840,哈哈哈哈哈哈哈哈哈哈哈哈,4677.235,1753112167,ee1f6f9b
1896400773932488448,哈哈哈哈哈哈哈哈哈哈哈,4598.659,1753159788,e1f0140c
1896512698288793600,跟我们见外了不是,4365.396,1753173131,6a042d86
1896514385674094080,老王又拿吃饭举例哈哈哈哈哈哈哈,4454.776,1753173332,272cb156
1896608734999507456,满意满意特别满意,4371.008,1753184579,6958d185
1896642155020717056,苦肉计哈哈,4590.242,1753188563,445a39f6
1896642936713124608,对对对,4676.515,1753188657,445a39f6
1896696260124513024,自爆型劝架,4561.628,1753195013,fc5c5aac
1896763454762194688,他们不会哈哈哈哈哈哈哈哈,4569.196,1753203023,b9816bbd
1896765768927379200,哈哈哈哈哈哈哈哈哈哈哈哈公费报仇,4542.799,1753203299,e8be185e
1897011300463673856,有带大爷的,4411.438,1753232569,d539e6d1
1897013120430860032,老王好吃的没白吃还挺有劲,4613.994,1753232786,d539e6d1
1897218638458098176,讲的好可爱呀哈哈哈哈哈哈哈,4468.158,1753257286,d9749c34
1897324740884846080,我也是,4678.681,1753269934,8693b549
1897363774932184320,想了解的可以自己找找一些俄的生活vlog之类的,4361.289,1753274587,d403eb94
1897426030323611648,哈哈哈哈哈哈,4387.518,1753282009,d849b843
1897430303178371840,陈老师梦开始的地方,4635.859,1753282518,d849b843
1898107734009310976,有的，闽南话里面的靠北就是,4409.048,1753363274,b29ebb7b
1898140754749313024,拉开了已经,4552.403,1753367210,9a457285
1898604176352239360,风和日丽，鸟语花香,4320.185,1753422454,a18ccce
1898604469584211456,这么长一段吗救命怎么还没完啊哈哈哈哈哈哈哈哈哈,4334.886,1753422489,a18ccce
1898827115965592320,大爷，不是大爷爷啊,4423.334,1753449031,1ffa9383
1899264598080031232,果然是美食博主,4449.549,1753501183,d04c374a
1899496872319092736,凉菜哈哈哈哈这个比喻,4441.171,1753528872,3820b86
1900043563572775680,到底是啥？好想知道,4348.134,1753594043,3ad68769
1900320971148192768,被带歪了，哈哈哈,4644.234,1753627112,968d7bd9
1900998015238881792,0帧起手,4521.96,1753707822,478a57e2
1901003546199856128,北方不说大伯，都是说大爷,4429.826,1753708482,2216f793
1901074396593528576,坑爹只是调侃 上升不到骂人,4438.056,1753716928,bba3e7b3
1901091973570498560,放出来吧，反正听不懂,4334.352,1753719023,18259142
1902337660274969600,哈哈哈哈哈哈哈哈,4604.007,1753867520,92f8c01f
1903081973443330560,哈哈哈哈哈哈,4535.647,1753956250,623dd44
1903082273570880768,哈哈哈哈哈哈哈哈,4568.091,1753956285,623dd44
1903781401921761536,其实有用,4589.383,1754039628,1ddd0afb
1903806233291993600,老王那么有力吗,4603.096,1754042588,29c7c55b
1903952397949739520,这个情节 解放西 看过一样的，哈哈哈哈哈哈,4560.019,1754060012,e1245ea0
1904516717376838400,因为妈妈是孩子的第一位老师啊！,4403.275,1754127284,9e41d483
1904530899417644288,哈哈哈哈哈哈哈哈哈哈哈哈哈你个感冒,4385.563,1754128975,3e5e834
1904530978748724992,和哈哈哈哈哈哈哈哈哈哈哈哈哈哈哈哈哈哈哈哈哈哈哈哈哈哈哈哈哈哈哈哈哈哈哈哈哈哈哈哈哈,4384.499,1754128984,3e5e834
1904532923857065216,没有妹妹呢,4492.766,1754129216,3e5e834
1904538811812607744,哈哈哈哈哈哈哈哈哈哈哈哈哈哈哈哈哈哈哈哈哈,4645.546,1754129918,3e5e834
1904722568506592768,不是，这有什么可防的呢,4341.418,1754151824,1606bf27
1905449384062253056,新疆好像也是,4496.703,1754238467,a48719d1
1905497931360905728,伊朗和俄罗斯打起来啦,4529.621,1754244254,c0863c00
1906542784094295808,哈哈哈哈哈,4559.017,1754368810,58d57e1c
1907526196715882496,哈哈哈哈哈哈哈哈,4523.519,1754486042,f5dd2f0d
1908679452259804928,xx日记,4362.117,1754623521,f41917e3
1908744384842053120,你们听不懂，别人听得懂啊，我就是学俄语的，很多人学俄语日语,4357.8,1754631262,6ba6f998
1909668420170398720,四个层次,4433.428,1754741415,d7fb52ee
1911359300216006400,哈哈哈哈哈哈,4447.784,1754942984,984e8387
1911359604252789760,太逗了,4455.784,1754943020,984e8387
1913398067118770176,马月！受到严格保护,4495.758,1755186024,e540d7cc
1914634620675197952,爸爸好惨,4409.305,1755333432,39959bed
1914635448362681088,老王好有意思啊,4468.254,1755333531,39959bed
1914637087353891840,陈老师好帅好可爱,4628.134,1755333726,39959bed
1916001994548683520,萨沙现在好有效果啊,4525.363,1755496436,cd971f7f
1916630927698902784,哈哈哈哈哈哈哈哈哈哈哈哈哈哈,4395.624,1755571411,51f2909e
1916852277454065152,骄傲的小表情,4513.962,1755597798,b575b51f
1918109775393509888,加长版都听不到,4327.512,1755747703,e10ac76a
1919292270814105600,三句话不离老本行。老王就是老王,4441.278,1755888668,8ff620f
1920360764641292800,大爷（轻声）和大爷（二声）是不一样的辈分,4424.525,1756016042,954b058c
1920530535504589824,苦肉计,4559.312,1756036280,99536495
1924962263669318912,确实,4378.913,1756564583,e498a6f4
1928317987325752320,爸爸不重要和哈哈哈,4437.715,1756964617,272b951b
1928473381473163008,陈铭老师哈哈哈哈哈哈哈哈哈哈哈什么叫你个感冒啊哈哈哈哈哈,4387.472,1756983141,27acc97c
1930119365563671296,关键有个俄罗斯妹子全能听懂，哈哈哈,4350.281,1757179358,5f57ee63
1932318721125803008,哈哈哈哈哈哈哈哈哈哈哈,4386.414,1757441541,52ac390e
1937685851845080064,肺结核我们叫痨病,4387.045,1758081353,748c3342
1937711880739083008,现在有了,4411.543,1758084456,e8f1e80f
1937713293271636224,以身入局,4575.73,1758084625,e8f1e80f
1946610506567641600,哈哈哈哈哈哈哈什么鬼，好搞笑,4396.361,1759145255,3a0f6945
1946616695774839040,毕竟母亲是生你养你的人，是个人都不希望。除非你原生家庭环境不好,4477.17,1759145993,eb269b47
1954247216982614016,就好像放出来我们能听懂一样,4348.708,1760055622,99c7f039
1967670342588077312,阿阿阿啊啊，我要听,4342.408,1761655783,eb09f285
1977879332269668864,哈哈哈哈哈哈哈哈哈,4648.638,1762872790,aedabb3d
1986532170919592192,想听啊,4334.675,1763904288,2a9d92f9
1993856239851235072,哈哈哈哈哈多少是有点私人恩怨了哈哈哈哈哈哈哈哈哈哈哈萨沙,4520.851,1764777385,ed5612f4
1996746304319704576,有的 中西部地区很多,4410.686,1765121908,74ba3500
1999494019419440896,盲猜第四个祖先,4482.623,1765449461,29cd0eb
2004628390627918080,老王男友力爆棚啊，华波波都有150 6了,4609.39,1766061526,ffa3828d
,,0.0,1775683732.8000336,
lb.c,,0.0,1775683732.8000336,
,,0.0,1775683732.8000336,
1895737548723425536,哈哈哈哈哈什么是我们不能听的,4749.619,1752990264,1549437e
1895737557581795584,来啦来啦,5024.737,1752990286,a1639211
1895737558689091840,哈哈哈哈哈哈哈哈哈哈哈哈,4902.274,1752991699,eb069b0d
1895737576405831936,哈哈哈哈哈哈哈哈哈哈笑飞了,4980.356,1752990608,39108e46
1895737633507086592,免礼免礼,5039.074,1752990708,59dfb4d2
1895737685701005571,哈哈哈哈哈哈,5002.412,1752993137,98f16374
1895737800272613632,哈哈哈哈哈哈哈哈哈哈哈哈哈哈哈哈哈哈哈哈哈哈哈哈哈哈哈哈哈哈,4982.027,1752995330,a4557f7c
1895737802998911232,万一听不懂怎么办,4874.018,1752994933,81bc2129
1895737948222492928,什么梗？,4748.329,1752998164,d6922fe2
1895738125113069824,就这个湖北味正宗,4711.305,1753011041,7a763aee
1895738285595529472,双板确实可以倒着滑,5008.25,1753011373,43686648
1895738620225491200,哈哈哈哈哈哈哈哈哈,4984.609,1753022510,65fd9e50
1895738757907714304,太损了,4985.149,1753022518,65fd9e50
1895738832675377408,来来来来,5036.598,1753027077,8a513c81
1895738966708556032,太可爱了超超,4747.358,1753060176,4f7b0147
1895738992243478784,就是歇后语,4867.877,1753034556,c7bc6e63
1895739080684572928,哈哈哈哈哈哈哈哈哈哈,4918.722,1753069998,f7934ca3
1895739131746029824,哈哈哈哈哈哈哈哈哈哈哈哈哈哈哈哈,4994.089,1753062512,3bd1c757
1895739196480917760,这段发出杠铃般的笑声,5030.092,1753075104,28ad2a59
1895739201044320512,斑马斑马，你回到了你的家,4704.204,1753075169,c2cf2fbe
1895739208334020864,突然好凶的超超,4710.536,1753075185,c2cf2fbe
1895739269428252928,哈哈哈哈,4730.776,1753075210,df6e1fa7
1895739282195714304,个斑马 武汉读书学会的第一句武汉话,4704.434,1753073116,76b350d2
1895771221057041664,歇后语骂人是吧hhh,4865.028,1753084740,ea88348b
1895892382798022400,真的很像用歇后语骂人,4858.534,1753099184,1da0b061
1895904636515565824,四姐镜头太少了，感觉他的观点还没开始就没了,4765.842,1753100644,58b836f8
1896404829505373952,哈哈哈哈哈哈哈哈活学活用,4949.724,1753160272,f1957628
1896405288303884800,哈哈哈哈哈哈哈哈哈哈哈哈哈哈笑死我了,5003.653,1753160327,f1957628
1896468623779084032,哈哈哈哈哈哈,4981.223,1753167877,9ec95bfa
1896588932171657472,Dylan好帅,4935.291,1753182219,bd4e22b9
1896649488324662272,非正“倒着哥”,4978.032,1753189438,280fcb51
1896737496214828800,哈哈哈哈哈哈哈哈哈哈哈哈哈哈,4982.203,1753199929,9cb4590f
1897014030158811904,你瞅啥的意思吗,4715.633,1753232894,d539e6d1
1897014233171284992,想咋的,4732.518,1753232919,d539e6d1
1897019864125305344,胖跟秃顶？华波波？哈哈,4804.17,1753233590,88971e98
1897165318887847424,哈哈哈哈哈哈每次都要拿出来反复“鞭尸”,4994.106,1753250929,729e3ab7
1897254941232950272,哈哈哈 杨杨很合适,4903.28,1753261613,2a986023
1897344532589414144,又狠又能播哈哈哈哈，好绝,4852.883,1753272293,55d83f10
1897762938228495616,哈哈哈哈哈哈超超你咋这么可爱呀,4748.926,1753322171,3c4a8341
1898076422447444224,这个味太对了，喵莫斯喵,4713.793,1753359541,49e5e8b6
1898116838467539200,哈哈哈哈哈哈哈,4959.312,1753364359,8d117f15
1898162780163908608,笑晕了这个梗,4843.97,1753369836,b71cfd89
1898407579726848000,我也是！本来已经冷静下来了听到这句话又会死灰复燃,4680.153,1753399018,28dcc9f6
1898620921531941120,哈哈哈哈哈哈哈哈哈哈哈哈哈哈哈哈,4990.806,1753424451,a18ccce
1898621235324599808,萨沙：我这一生如履薄冰,4998.994,1753424488,a18ccce
1898621702788319488,这里就很适合配个bgm：长江黄河还有黑龙江~~~,5007.924,1753424544,a18ccce
1898674081130886656,auv真地儿道～,4950.016,1753430788,2738fae5
1898686192863140864,伦儿,5032.685,1753432232,b0850c04
1898718675599884544,喵喵喵  喵莫比,4716.685,1753436104,f83ddc9a
1898842469316472832,这是歇后语啊,4860.486,1753450861,17e2fe2c
1899339586950643712,喵帕斯,4719.067,1753510122,7ef1f30f
1899599321197446144,谎言不会伤人，真相才是快刀,4805.355,1753541085,bc31ead9
1900380122948168960,是LULU!,4784.341,1753634164,81aeaa1b
1900503618960948736,梅林的胡子,4886.484,1753648886,fcdaa08a
1901024484039726336,哈哈哈哈哈哈哈,4942.838,1753710978,2c9403ee
1901079414683921152,给你俩窝窝是“傻瓜你看什么，你走开”的意思,4779.862,1753717526,e67086c2
1901079829685023488,老王可以啊,4824.392,1753717575,e67086c2
1901079976536206080,盆景的伐木工赢了,4830.592,1753717593,e67086c2
1902231732707858432,啥意思没懂,4835.101,1753854893,c1f2fe77
1902338815436637184,动物吵架哈哈哈,4741.721,1753867658,92f8c01f
1902339230270251776,好可爱,4791.413,1753867708,92f8c01f
1902465103329566464,哈哈哈哈哈哈哈,4900.32,1753882713,24d07282
1902505877391889664,我懂！不仅是吵架，平时明明一件事已经在做了，非补一句你去做一下，我也会生气,4683.771,1753887574,29c4c024
1902512598906821376,翻旧账了,4925.858,1753888375,d89f1503
1902594920603297792,这一段巨好笑,4932.927,1753898188,26f5d348
1903085253296941312,哈哈哈哈哈哈哈哈哈,4913.221,1753956640,623dd44
1903422713532604160,完全沉浸在自己的艺术创作里了,4892.961,1753996869,bb961bc8
1903895399203318784,沉浸在自己的艺术,4885.319,1754053217,c51a6472
1905868802760226304,好有趣,4725.221,1754288465,7becfa2e
1905869663649455104,哈哈哈,4823.731,1754288568,7becfa2e
1906076866142587904,超超好美～～～～～～,5033.296,1754313269,ba077aef
1906843327282730752,不知道两个buff梗被萨沙听到了会怎么样哈哈哈哈,5018.175,1754404638,4ad5b7c7
1906853502798462464,笑飞了这期哈哈哈,4973.051,1754405851,de5d2566
1907283657380028416,个斑马是吧哈哈哈哈,4741.914,1754457129,654346f5
1907369347933021696,咩啊～,4736.208,1754467344,d9a3acb1
1907528459920721920,中文也是哈哈哈哈哈哈,4843.019,1754486312,f5dd2f0d
1907988977269993984,就跟吵架的时候对方说你冷静一点,4687.296,1754541210,952047f4
1909012552659049984,你看看！,4887.06,1754663230,a30a61d9
1914639175487860992,好艺术,4868.566,1755333975,39959bed
1914699145797749760,免礼免礼,5038.536,1755341124,6a35cdb9
1916331482058605056,去五常,4934.547,1755535714,299590f4
1920572473301738496,你别急哈哈哈哈,4680.084,1756041280,bc587f4c
1921150194511518720,无效消音,4767.931,1756110149,cc860fab
1921999990281070336,膝盖脑袋哈哈哈哈哈,4820.756,1756211453,82b54504
1922699810163473408,哈哈哈哈哈哈这个好玩膝盖脑袋哈哈哈哈哈哈哈,4821.902,1756294878,bc17ebe1
1922718678232065536,buludo在大力水手里面就是大块头,4769.819,1756297127,990a1ffc
1924745898970591232,吼吼吼吼吼吼吼吼吼吼吼吼吼吼吼吼,5002.511,1756538791,90bb401c
1924967089098646016,哈哈哈哈哈哈哈哈我懂了,4839.73,1756565159,e498a6f4
1928431833856027648,四川话 哈哈哈,4802.515,1756978188,272b951b
1930122968890291968,一般是表和马,4760.893,1757179787,5f57ee63
1932207309505761536,真不用客气，哈哈哈哈哈哈哈哈哈,5037.71,1757428260,5b4783e3
1932323510836293120,歇后语骂人 在中国能把我骂笑，没有杀伤力,4856.499,1757442112,52ac390e
1938651722562595840,这个环节好想看英国代表,4803.651,1758196494,7514575b
1941575577676902144,中国好像也是,4880.714,1758545045,7a001e02
1956604467680680960,哈哈哈哈哈哈哈哈哈哈哈哈哈哈哈哈哈哈哈哈哈哈哈哈哈哈倒哥,4987.29,1760336628,d35c8a9
1957521618251751424,有备而来,4898.296,1760445961,ae02b522
1963046567418170368,完全get不到哈哈哈，太艺术了,4878.238,1761104586,54f7b9d0
1963047484477570560,卧槽哈哈哈哈哈哈太搞笑了,4987.548,1761104695,54f7b9d0
1963047606246712832,太有梗了我的天啊,5002.101,1761104710,54f7b9d0
1988704206604970240,萨沙现在好大方,4966.483,1764163215,c847ffba
2005156528713694464,形成内部梗了 哈哈哈,5015.259,1766124485,32b92588
2018407658939996416,武汉话好好玩,4761.811,1767704143,964a8dca
2027838086511379968,哈哈哈哈哈哈哈哈哈哈哈哈哈哈,4860.422,1768828337,8f58d927
,,0.0,1775683732.8000336,
lb.c,,0.0,1775683732.8000336,
,,0.0,1775683732.8000336,
1895737252798501120,一个轴打起来了,5382.658,1752985054,7e19df34
1895737399926296832,老王居然赢了哈哈哈哈哈,5194.259,1752987261,f69ff094
1895737549830721792,众爱卿平身,5040.701,1752988640,1f930d45
1895737559796388096,买不完了,5324.051,1752990445,3f8c2705
1895737585272590592,这个除了买卖还能组什么？,5347.699,1752990663,1549437e
1895737629463777536,买了锅巴,5269.404,1752992283,7e894dc7
1895737792127275264,这也太难了除了脏话我一个也想不到,5250.819,1752994250,4374cf64
1895737809332310272,伤疤,5096.912,1752995497,a4557f7c
1895737812956188928,艾丽莎还比了个功夫出招动作，好可爱,5228.918,1752995826,5866b398
1895737818392006912,这下真的势均力敌王不见王了，战力很均衡,5221.14,1752995797,5866b398
1895737822913466624,怎么不把小贝喊回来哈哈哈哈哈 全国总冠军,5232.53,1752995811,ca18aa72
1895737839220920576,随便,5103.405,1752995510,a4557f7c
1895737861601726720,哈哈哈哈哈,5280.223,1752995737,a4557f7c
1895737870728532224,哈哈哈哈哈,5357.137,1752995819,a4557f7c
1895737878009843968,这个难度好高我一下没想出来,5250.43,1752995861,5866b398
1895737975577743616,太搞笑了这段，会长帮得也真是不明显哈哈哈,5309.076,1752998714,d5478533
1895738014786097408,我都想不出这么多orz,5177.407,1752998128,cda41c26
1895738146998948096,富贵使我们相遇,5054.133,1753003938,94179e93
1895738222680969472,上边其实可以的...至少广东话里可以这么讲哈哈哈哈哈,5132.578,1753012151,f11a2bc3
1895738259154637056,那我必须得发个弹幕,5045.758,1753013226,4c2d7347
1895738280117768448,哎哟喂排面是自己给的,5053.218,1753015344,2394c70f
1895738286535053568,我都想不出来,5361.944,1753014671,635d7cfe
1895738288321827072,大左感觉好疲惫呀,5089.831,1753010259,2275038b
1895738300183318784,买了个包,5277.18,1753014758,73e9b877
1895738319326122240,哈哈哈哈哈哈哈哈哈哈哈,5333.776,1753014745,fbf64f60
1895738331187613952,水表,5101.409,1753013084,8f071823
1895738358542864640,哈哈哈哈,5289.412,1753013835,fc1db046
1895738420534677760,厉害,5362.198,1753013915,fc1db046
1895738453367689472,手臂,5083.725,1753019015,c2db3739
1895738483457626368,散步,5110.21,1753018989,c2db3739
1895738492567654656,私奔,5156.474,1753019088,c2db3739
1895738497131057408,散步,5178.373,1753019110,c2db3739
1895738523571949824,伤悲,5147.874,1753019080,c2db3739
1895738528126963968,帅爆,5171.778,1753019103,c2db3739
1895738537287323904,松柏,5115.542,1753019154,c2db3739
1895738560959975680,那么棒,5397.279,1753020515,c2db3739
1895738573719048448,迷恋改编,5350.312,1753020373,c2db3739
1895738581931495680,美丽古堡,5344.655,1753020257,c2db3739
1895738616576446720,雷妃：嬗变的女人,5152.275,1753018117,6ee65ea5
1895738643931697408,上榜,5139.362,1753019071,c2db3739
1895738657605128448,塞北,5125.34,1753019163,c2db3739
1895738663988859136,三百,5114.292,1753022376,fd2dafbb
1895738781613920512,买了个包,5269.515,1753030952,ea25d4d6
1895738925679874304,会长喜欢俄罗斯人哈哈哈哈哈哈,5280.092,1753038953,7a1afabc
1895738932969574656,笑死我了,5378.09,1753029813,bde1c345
1895738939353305344,哈哈哈哈救命笑死我了,5309.07,1753045893,23ddeab7
1895739014146134272,散步,5114.314,1753068800,91850ea9
1895739130831671552,想不出来,5264.519,1753072461,9f25c571
1895739175509397760,会长明目张胆啊哈哈哈哈哈,5276.576,1753072003,9f04a8dc
1895739183721844992,？,5103.33,1753070183,f7934ca3
1895739216546468096,麻辣锅巴？,5317.463,1753073025,39c07fe7
1895739235689271552,思辨,5100.653,1753075567,bf28894c
1895739250285449472,这是真的强……,5354.932,1753072572,9f25c571
1895739315020337408,老王的食物词汇库太丰富了,5202.207,1753075106,cb0b74b0
1895806227742127872,不愧是全球总冠军哈哈哈,5355.453,1753088913,20dfe047
1895865772513874176,呵呵哈哈哈,5295.841,1753096011,f81c7508
1895865835151917056,笑死我了,5302.521,1753096019,f81c7508
1895905592497846784,波波超级不想输给老王啊哈哈,5168.56,1753100758,e1c79dc9
1895913210587020800,厉害也,5356.678,1753101666,738625c6
1895940028228628736,哈哈哈哈杨迪笑死我了,5331.187,1753104863,9a7995d3
1896001709957121536,这个游戏确定不是在考验旁边的观众吗哈哈哈哈哈哈哈,5169.79,1753112216,692c8ed6
1896005638208190720,哈哈哈哈哈哈哈哈哈哈哈哈哈哈哈哈哈哈,5309.536,1753112685,ee1f6f9b
1896037717519832320,我不行了,5303.486,1753116509,35861f7e
1896103813057326080,众爱卿平身,5055.166,1753124388,272d704
1896266853488527360,买了个包,5255.593,1753143824,136938f4
1896397577185262080,买了个表,5252.363,1753159407,8c816764
1896398972085054976,买了个布,5322.799,1753159574,8c816764
1896487745384687360,是全世界冠军强啊  这个怎么可能平衡？,5225.606,1753170156,3f43cf38
1896518030927038976,哈哈哈哈,5287.335,1753173767,6a042d86
1896647238626065664,散步,5186.384,1753189169,445a39f6
1896700332483297024,买了个表,5262.862,1753195499,fc5c5aac
1897110671595089408,买了个饼,5303.296,1753244415,42da3e49
1897164510704274176,会长，真的一点都不偏心,5318.682,1753250833,35645b71
1897465344239936512,这里为啥正片没有啊很好玩,5316.955,1753286695,9c3b5844
1897907599363012096,加长版不是没人吗？,5061.923,1753339416,47a0e8bd
1897994325766477824,应该的应该的哈哈,5048.248,1753349755,4abc64a0
1897996747196894720,哈哈哈哈哈哈哈哈逛超市,5307.543,1753350043,4abc64a0
1898119123121513216,波波太搞笑了,5193.237,1753364632,8d117f15
1898135047518137856,免礼免礼,5075.625,1753366530,eedeee86
1898384560598181888,平身,5075.322,1753396274,b2d05ef3
1898624478083756544,超市逛的差不多了哈哈哈哈哈哈哈,5326.782,1753424875,a18ccce
1898641201796753152,密林古堡,5368.404,1753426868,8d9a3176
1898884709665421312,哈哈哈,5068.504,1753455897,ef9aebaa
1898897792614057216,S 和sh不算一个声母吧,5137.151,1753457456,90af0186
1898916617254438656,平身吧,5045.044,1753459700,22a3160b
1899502490740164608,比芒果台的明星们厉害,5090.131,1753529542,3820b86
1899503928598076672,好难！,5256.872,1753529713,3820b86
1899529220980670720,美丽告别,5329.076,1753532728,3860f01a
1899556139150926336,买了个包,5262.774,1753535937,c8a83ae1
1899575159195537664,我就说梅丽莎眼熟哈哈哈哈，我看过她,5237.393,1753538205,fbcf58ae
1899948884919695104,字幕靠点谱啊,5152.318,1753582756,ae954710
1900027691504725760,随笔,5111.845,1753592151,2b2c365c
1901026696434365696,哈哈哈哈哈哈哈哈笑死我了,5177.66,1753711241,2c9403ee
1901048621018345216,来了,5068.436,1753713855,53f028f4
1902279610704792320,哈哈哈哈哈哈哈哈哈哈哈哈华波波提高笑了 这个节目不能没有他,5287.656,1753860600,c78fc6cd
1902280109591719680,哈哈哈哈哈哈哈哈哈哈杨迪太有梗了,5336.723,1753860660,c78fc6cd
1902422537695188480,哈哈哈哈哈哈哈快乐了,5041.893,1753877639,ddafd2e4
1902693614774649856,这就是冠军局吗,5308.838,1753909954,13f56837
1903910791510760448,果然是冠军,5323.393,1754055052,117508bc
1903911183124587264,冠军！！！,5370.074,1754055099,117508bc
1904583799472911360,那这样没完没了了 卖了个包也可以啊,5323.205,1754135281,3e5e834
1904731512910551296,买了钢笔,5296.383,1754152890,1606bf27
1905066977614457088,瀚笙给的,5216.827,1754192880,f13424e0
1905263256428680192,哈哈哈哈哈会长假装淡定,5280.272,1754216279,aa36fe3a
1907445196561016064,生病,5096.403,1754476386,aff6fc4
1907655909418110976,描了个边，密林古堡,5369.951,1754501505,ff8d4f0a
1907988948337628160,买了个饼,5269.577,1754541206,e06c8437
1907994271211606272,买了广告,5264.943,1754541841,952047f4
1908432339672427264,这都是我应得的,5050.366,1754594063,9342b3c4
1910180167972956160,买了个表,5278.063,1754802420,738a73b
1910181115902401024,这个好玩,5385.844,1754802533,738a73b
1913125294877852928,爱卿平身,5060.819,1755153507,54a9596e
1914074693993248256,华伯伯笑死我,5210.801,1755266684,9d8aa9dd
1919614221571346432,哈哈哈哈哈哈哈哈哈，买买买，都买,5296.307,1755927047,3ae4c2e2
1921022768267938048,我都想不到,5361.449,1756094959,bc587f4c
1924779962440228352,设备,5089.709,1756542851,e8f6d141
1925468671896090112,看似法国vs中东，实则两伊战争,5183.768,1756624952,24f302e9
1928594371599874304,不愧是世界冠军,5361.448,1756997564,cfd3a899
1932625767037357824,太有牌面了,5107.729,1757478144,f487febd
1932832749916950784,波波笑死我了,5190.952,1757502818,75a35b32
1932833280899017472,想念小贝和田田,5232.806,1757502882,75a35b32
1948196474001477888,哈哈哈哈哈哈哈,5316.907,1759334317,2edb9fb1
1949690376261184256,没了个饼 哈哈哈,5334.374,1759512404,c9c423cb
1952273205201067264,上边其实是，他们搅混了,5164.153,1759820301,5ff286de
1956607870947309056,哈哈哈哈哈哈哈哈哈哈哈笑飞了,5336.797,1760337034,d35c8a9
1957526017011285504,发币，顺发nb,5390.776,1760446485,ae02b522
1999460690884832000,哈哈哈哈哈哈哈哈好搞笑哈哈哈哈哈,5054.438,1765445488,14f3cf30
2002097945549358592,前面外国小学生一人一句汉语那个真的哈哈哈笑死我了,5392.207,1765759873,1bae6291
2031437688779518208,满意,5047.429,1769257443,ec44781a
2036248800440067584,手办,5123.573,1769830972,f9735bbb
2036249860122444544,似是故人来,5248.255,1769831099,f9735bbb
,,0.0,1775683732.8000336,
lb.c,,0.0,1775683732.8000336,
,,0.0,1775683732.8000336,
1895737395396448512,jhhhhhhhhhhh,5592.303,1752988526,a7ab481d
1895737412022669568,我都想不起来这么多,5460.772,1752987439,a1639211
1895737441869336832,因为想不起来哈哈哈哈,5481.576,1752987556,f69ff094
1895737443119239424,波波好可爱,5457.3,1752989533,e9b5076c
1895737485532041472,不够看哈哈哈哈哈哈想看轮番制回合,5670.743,1752987808,fcfebb41
1895737626443878656,]',5625.691,1752991166,967ceef9
1895737643598582016,为啥我的弹幕带框框,5614.122,1752990985,3f8c2705
1895737666809860352,文创书包,5664.861,1752992253,88230e29
1895737685701005569,笑死，好像那个两组外国人比中文的视频,5594.036,1752991870,6c6d890c
1895737696287428864,想看陈铭和陈超的,5515.841,1752993725,b594b266
1895737720085909760,我吃柿饼,5633.349,1752993925,4f3c338d
1895737730554892544,我才十八,5654.687,1752994895,f3d0b903
1895737779443699968,哈哈哈哈哈哈哈哈哈,5736.412,1752996216,a4557f7c
1895737794836795648,还好，我来看了加长版,5683.765,1752995605,6cf1571
1895737843750768896,无偿上班,5638.111,1752995528,8eb43737
1895737876189516032,他不会是在拿你重温日语吧233,5757.212,1752997386,4944442d
1895737884393574656,？哈哈哈哈哈,5656.724,1752996132,a4557f7c
1895737888042619136,拿眉笔,5442.43,1753001707,d7f8343a
1895737898075394304,用一之濑当外教是吧哈哈哈哈,5759.226,1752996601,5866b398
1895737912679960832,发币厉害哦,5491.201,1752998959,e868d6e6
1895737956426551552,哈哈哈哈哈哈哈哈哈哈哈哈哈哈哈哈,5736.542,1753005397,e549f4d8
1895738018435141888,我才上班,5615.672,1753004949,4c54570f
1895738042141348096,发币好厉害！,5451.412,1752998910,d5478533
1895738055814779136,游戏能多玩一点吗？来个车轮战了。,5682.602,1752999172,e868d6e6
1895738163407065344,朕心甚慰,5668.633,1753010633,ca2efdba
1895738188941988096,留学生可以打工，就是时间限制很严格,5745.238,1753013337,450eca7a
1895738207178821888,我吃烧饼,5569.522,1753014025,97afe170
1895738304738332928,笑疯了,5717.724,1753014888,c5fcca58
1895738349416059136,我查设备,5603.283,1753013524,20dffd1e
1895738529041322240,我吃柿饼,5549.573,1753019787,c2db3739
1895738564600631552,我曾上榜,5583.306,1753019726,c2db3739
1895738572829856000,五彩书包,5578.215,1753019676,c2db3739
1895738618405163264,哇小熊好棒,5453.439,1753021183,6474f847
1895738628454715648,满意满意,5683.919,1753021786,d3e0ea9e
1895738771581145344,在燃什么啊,5467.292,1753022738,56239c78
1895738808969171200,无偿上班,5557.94,1753033292,8be21198
1895738855467225344,满意满意啊,5669.129,1753027481,8a513c81
1895738904708354304,无偿上班,5550.733,1753055909,a05c4e50
1895738919296143616,厉害,5458.113,1753029509,d0eeaf61
1895739073386483968,外出上班,5662.292,1753071341,86ed341b
1895739233868943616,跟武昌过不去了哈哈哈哈哈哈,5559.595,1753072312,9f04a8dc
1895739271248580864,前面那个五厂上班太痛苦了。,5650.181,1753072906,9f25c571
1895739280375386368,我吃烧饼,5528.493,1753076329,c2cf2fbe
1895739287665086720,哈哈哈哈,5585.042,1753076389,c2cf2fbe
1895739297697861888,666,5456.592,1753076238,c2cf2fbe
1895835379563980800,围城士兵,5651.483,1753092388,182693f5
1895851890223828736,我吃烧饼,5601.387,1753094356,cc93cef3
1895867141996042240,法币好可爱哈哈哈哈,5442.503,1753096175,f81c7508
1895941503516821504,想看华波波,5502.962,1753105039,3c5a3395
1895954531570156032,玩游戏没人能赢得了杨迪吧,5516.139,1753106592,be52f108
1895962419218839040,好可爱啊小熊,5481.88,1753107533,83719079
1896048714238634240,文创商标,5603.24,1753117820,24b0ce4c
1896048828952522752,发币比我厉害,5489.092,1753117833,e871e898
1896387736265527552,好可爱小熊,5433.348,1753158234,f608a6a7
1896401899398836992,我创商标,5627.201,1753159923,8c816764
1896523232526567168,四姐笑死我了,5461.734,1753174387,272cb156
1896696361970702080,真的好喜欢法币啊啊,5497.907,1753195025,ec077e8b
1896969714811750144,哈哈哈哈哈哈哈哈特别满意,5683.167,1753227611,cef95630
1897110417386297344,你。,5404.486,1753244385,2bf6365a
1897182469959562240,农民办（农业民生办公室）,5439.96,1753252974,af7c4445
1897184104504922112,无此设备,5617.079,1753253169,af7c4445
1897351985011783168,他发音不但好，调也对,5725.673,1753273182,55d83f10
1897377089222017024,How much?,5715.06,1753276174,7566605b
1897422756426506496,我常上班,5558.897,1753281618,fc5c5aac
1897422918418934784,我出书吧,5568.62,1753281638,fc5c5aac
1897458025171003136,满意满意,5677.512,1753285823,b5323672
1897465090669115648,武昌社保,5582.953,1753286665,d844b0d7
1897769479799142144,法币：let's 骄傲,5481.513,1753322951,3c4a8341
1897938668409864704,哈哈哈哈哈哈,5572.82,1753343120,87627e63
1898060457676681728,这反应怎么那么像外国小孩中文对决哈哈哈哈哈哈,5462.655,1753357638,9cdf46e6
1898138011901385472,怎么没有伦儿,5665.598,1753366883,a0901713
1898178762122903296,我超帅吧！,5632.839,1753371741,a725bfc4
1898423743408421376,这Part这么精彩居然没在正片,5650.83,1753400945,28dcc9f6
1898625744000134400,到底在燃什么哈哈哈哈哈哈哈哈,5464.166,1753425026,a18ccce
1898626550623448832,我测试吧,5559.064,1753425122,a18ccce
1898652728138751488,一之濑刚才输了可能情绪不稳定,5549.571,1753428242,915050e3
1898689587413796352,拿面包,5423.287,1753432636,b0850c04
1899319571606164480,全德国总冠军,5480.43,1753507736,f21b3ea5
1899535640992131840,晚餐随便,5520.474,1753533494,3860f01a
1899602976826559232,会长忍不了了,5665.041,1753541521,89699852
1899607193679394816,很满意，但是不够看啊哈哈哈哈哈,5681.754,1753542023,bc31ead9
1899951105459742976,我查书包啊,5602.221,1753583021,ae954710
1899999679023416320,无偿上班,5655.703,1753588811,87413e4e
1900766299857394432,我出师表,5622.888,1753680200,33977ab
1901031541963149056,无偿上班太有才了,5661.33,1753711819,2c9403ee
1901464422439217664,乃木坂,5411.02,1753763422,80000882
1901466327198751744,五彩水笔,5622.899,1753763649,80000882
1901505084160859136,卧床上班,5635.369,1753768270,a9930091
1901667443429404672,赖赖笑死我了哈哈哈哈哈,5462.246,1753787624,c475edd4
1901688907461504000,绝,5594.196,1753790183,6bdd20d4
1902191443406318080,我才十八,5536.747,1753850090,23b7cf3c
1902282980836447232,想看所有代表玩哈哈哈哈,5692.99,1753861002,c78fc6cd
1902972836168174592,好喜欢发币啊啊啊啊可爱小熊,5497.535,1753943239,94613f3a
1903814713050594560,我吃烧饼,5527.927,1754043599,29c7c55b
1904240408750914304,我吃烧饼,5520.633,1754094346,4213efaf
1904400734091486464,哈哈哈哈哈哈哈哈哈哈哈,5444.369,1754113458,21f73640
1904733937142578688,……,5572.108,1754153179,1606bf27
1907275934575481856,那么棒,5475.248,1754456209,818eee32
1907503311805048832,哈哈哈哈哈哈,5433.297,1754483314,6816ab2b
1907504852112736768,好搞笑,5670.051,1754483498,6816ab2b
1907628097827065088,华波波好搞笑,5413.673,1754498190,ea7aa49a
1907629029776458752,这个游戏好玩！！以后经常,5503.358,1754498301,ea7aa49a
1909211300433862656,文创手办,5641.868,1754686922,2ad516b
1910183692849001728,每期都来这个游戏,5693.155,1754802840,738a73b
1911661393863138816,我才十八,5635.78,1754978996,67c7bc24
1911940037441274368,我常说不,5577.471,1755012213,319d79a8
1916862547517593344,无偿上班这个太狠了哈哈哈哈哈哈,5640.532,1755599022,b575b51f
1916886203115027456,不满意太短了！,5691.918,1755601842,41d23346
1919615919593383936,法币好厉害,5491.366,1755927249,3ae4c2e2
1919874236307270400,太搞笑了,5709.81,1755958043,c4469e21
1924973871791438336,五彩水笔，无偿上班,5634.207,1756565967,e498a6f4
1928489303462333440,武昌酥饼啊,5649.501,1756985039,27acc97c
1931182947986193664,前面说文创的好厉害,5633.131,1757306147,d9c08631
1932631454336961792,满意满意,5684.543,1757478822,f487febd
1936645971006506240,你忙吧,5443.395,1757957390,cc3af606
1938432632782593280,完成设备,5697.579,1758170376,a3545458
1945259887495943936,龙颜大悦,5676.325,1758984249,deea00f
1957526892588923392,他俩这么强的吗？直接加时赛了,5475.556,1760446590,ae02b522
1977901549582004224,关税哈哈哈哈哈哈,5436.202,1762875438,aedabb3d
1977901725834636800,小熊好棒！,5457.17,1762875459,aedabb3d
1988742475853880320,哈哈哈哈这个是Dylan在后面说的,5609.534,1764167777,c847ffba
2002100048816625408,外国小孩中文对决真的，太形象了，这俩都笑死,5467.471,1765760124,1bae6291
2015436799140933120,高级词汇,5450.301,1767349988,a9603673
2018415095944305664,无偿上班(,5616.425,1767705029,964a8dca
2035137440129502976,弄明白,5418.548,1769698488,ca126b
2035137714621479936,你明白,5451.275,1769698521,ca126b
2068517489595502592,那么棒,5472.838,1773677700,471d6181
2077821577877208320,朕很满意,5679.263,1774786834,585cded5
,,0.0,1775683732.8000336,
lb.c,,0.0,1775683732.8000336,
,,0.0,1775683732.8000336,
1895737858867040512,哈哈哈哈哈哈哈哈哈哈哈,6096.333,1752996585,a4557f7c
1895737880752918784,沆瀣一气这词还是能用得到的233,5937.428,1752997598,4944442d
1895737919046914304,哈哈哈哈哈哈哈哈哈哈哈哈哈哈哈哈哈哈哈哈哈哈哈哈哈哈哈,5870.631,1752996356,a4557f7c
1895737949136851200,德国人太好笑了,5863.154,1752999715,8b34e573
1895737969194012928,阿雷真的动漫影视资深中毒哈哈哈哈哈哈,5838.142,1752997069,5866b398
1895738141521187072,犄角旮旯很少用吗？上海话里经常用到啊,6049.474,1753008868,39499903
1895738273742426368,除了呶字都认识,6060.585,1753013759,20dffd1e
1895738364003848448,踽踽独行这种基础词大左一个主持人不认识不应该吧,6002.5,1753015847,e69ebdef
1895738431481811200,圭臬感觉也很常见,6014.236,1753015872,e69ebdef
1895738444249272576,好厉害 卢可！,5923.251,1753018736,1c68567a
1895738555482214656,我觉得奉为圭臬还挺常用的,6019.476,1753019682,79d441b5
1895738669466620160,新梗出现了,5963.161,1753023686,65fd9e50
1895738727817777408,哈哈哈哈还拆啊哈,5877.108,1753023916,5ec74794
1895738740585238784,还得是总冠军！,5923.556,1753029089,d6bfe3aa
1895738798936396032,这期好搞笑,5880.071,1753023927,5ec74794
1895738800765112576,魔法小樱,5811.727,1753025778,ef8f951e
1895738804405768448,Latino American也是American哈哈哈,6088.033,1753033291,5404f33
1895738847263166720,哇好久不见的歌，我现在还全知道且会写呢,5922.622,1753029406,302e2cd4
1895738994978164992,戴卢可好会串场,5918.405,1753033135,5404f33
1895739036921204992,口语里很常见 但书面很少写 才叫生僻字,6084.412,1753069602,221a9f5
1895739067917111552,犄角旮旯哪个地区都用啊,6076.904,1753036132,37b64554
1895739303167234304,超超可能只是重影看成垚了哈哈哈,6025.872,1753080031,3f6b3267
1895803686740271360,德国人神奇的笑点出现了,5860.314,1753088610,677e1eff
1895940938636112896,哈哈哈哈哈哈哈哈哈哈哈哈哈哈哈哈哈哈哈,5956.417,1753104972,4365b2b7
1896006384517540608,哈哈哈哈哈哈哈 太好笑了,5877.08,1753112774,e10bb37e
1896394704246373888,往里玹,5888.848,1753159065,45f0e9c9
1896525961894243328,还记得穆小龙的也特别长,5863.237,1753174712,9c5bc011
1896526792475403776,突然感觉和一个母语者说对方的母语好刺激。,5849.288,1753174811,272cb156
1896528996767018496,伦反应好可爱,6093.046,1753175074,272cb156
1896694142336784640,我为什么这么黑,5850.046,1753194761,16f0b446
1896746298607480576,哈哈哈哈哈哈小魔女dorimi我的童年,5817.55,1753200978,9cb4590f
1896782108769874944,哈哈哈哈阿雷好棒,5823.344,1753205247,5856c37c
1896837444775896832,沆瀣一气，绵绵瓜瓞什么的其实也蛮常用的，都是会读，不一定会写,5963.667,1753211844,9450640
1897302336104199424,原来阿雷也是个二次元啊，圈粉,5807.807,1753267263,729e3ab7
1897408696875986688,bgm是星矢。。。,5826.178,1753279942,7ea9d3d5
1897539050743992576,是真的 喜欢看番剧随便都有N3了 日语听懂会说不算难,5774.395,1753295482,6f99a845
1897540654679205376,碗里选,5906.056,1753295673,6f99a845
1897941885038393856,哈哈哈哈哈德国人,5869.457,1753343503,4227b274
1898063552024567040,善逸！,5827.305,1753358007,9cdf46e6
1898064079399573504,xs我的笑点是发币笑,5864.169,1753358070,9cdf46e6
1898097346118832640,生僻字那个歌词的选择标准太不统一了所以体感好不好也是一阵儿一阵儿的hhh,5931.174,1753362036,45af011b
1898114145447495424,紧跟时事哈哈哈哈,5827.651,1753364038,ba542c3c
1898161274299396864,考试会用到吧，或者语文老师,6051.412,1753369656,9a457285
1898467852772804608,哪里常见？你平时都会说这些吗？我只能读一些，意思知道的就更少了,6031.791,1753406203,a725bfc4
1898468393661528832,确实是American,6081.24,1753406268,a725bfc4
1898544657131158528,会长日常开始挖坑了,5973.106,1753415359,e68aeabe
1898792509870598400,魔法少女小圆，魔法少女奈叶，魔卡少女樱，憧憬成为魔法少女,5789.357,1753444906,c1c112d8
1898950122260736256,我的天啊,5932.388,1753463694,eeae67ec
1899611716883880704,哈哈哈哈杨迪这个变声,5986.176,1753542563,5ebece69
1899953432166147328,怎么难的都会，简单的反而错了超超,6015.364,1753583298,ae954710
1900078198046300160,哈哈哈少女雷,5809.075,1753598172,1091612d
1901032821930525952,哈哈哈哈哈哈哈哈哈,5810.507,1753711972,2c9403ee
1901035550375286784,格局,6102.475,1753712297,2c9403ee
1901038084020175104,笑死,6081.102,1753712599,2c9403ee
1902445816619673088,可爱的四姐,6110.63,1753880414,c085033b
1902473656388011520,哈哈哈哈哈哈哈哈哈哈,5884.153,1753883732,24d07282
1902507918574530560,鬼灭！！,5827.326,1753887817,ecae7fb8
1903092981570356992,哈哈哈哈哈哈哈哈哈,5817.734,1753957562,623dd44
1904588337600721664,中二哈哈哈,5768.847,1754135822,3e5e834
1904588540294738176,和红红火火恍恍惚惚哈哈哈哈哈哈哈哈,5787.755,1754135846,3e5e834
1904607506802715648,xswl,5877.161,1754138107,2f77163b
1904738394345604608,不考生僻字没意思呀,6059.583,1754153710,1606bf27
1905360955819970304,先笑了,5858.11,1754227925,95e70b5d
1906556910518333184,哈哈哈哈哈,5871.662,1754370494,58d57e1c
1907415837069982464,不会是飞天小女警z吧,5820.521,1754472886,43d8243f
1908251049396513536,哈哈哈哈哈,5828.769,1754572451,d8a8f583
1913315501447857152,奉为圭臬不是很常见吗，，,6018.38,1755176181,9b40c598
1916341011081184256,这里阿雷莫名的像唐大哥,5760.723,1755536850,299590f4
1916656189127610112,哪里常见了，只有几个是常见的,6036.563,1755574422,51f2909e
1922655339275858176,犄角旮旯也会，只是不太会写,5941.477,1756289577,99536495
1923491622692854784,歌里的都会比较熟啊,6044.668,1756389269,a82a2ebb
1924750576206771968,哈哈哈哈哈哈哈哈哈哈哈哈哈哈哈哈哈,5819.439,1756539348,90bb401c
1924751062737679616,吼吼吼吼吼吼吼吼吼吼吼吼吼吼吼,5873.51,1756539406,90bb401c
1929398244665353728,初中的时候我们也学这个表演过,5947.352,1757093394,bd775eca
1954296916465043200,戴卢可的承上启下可太中国了哈哈哈哈,5910.649,1760061546,99c7f039
1957531727765723136,哈哈哈哈，陈超其他生僻的都知道奉为圭臬这么日常的居然不会,6007.196,1760447166,ae02b522
1963056219074066944,我的天啊，怎么会有这些这么多语言超能力者,5857.992,1761105737,54f7b9d0
1967686962006220544,笑死，反正我认不全哈哈哈,5978.628,1761657764,eb09f285
1977904572307833856,魔法少女哈哈哈哈哈,5795.978,1762875798,aedabb3d
1977905919635666176,哈哈哈哈哈哈哈哈哈,5956.683,1762875959,aedabb3d
1994610009833088768,超超好厉害,6041.25,1764867242,51701351
2010424270157225984,奉为圭臬这个，我感觉应该都知道啊，看古装剧什么的,6007.049,1766752448,a0b99804
2016016522979979008,超超怎么不认识圭臬，这是固定组合啊，垚涅是啥意思,6007.162,1767419097,ae954710
2026860148143955200,穆小龙？？？,5856.924,1768711758,c0ad9fc7
2036277408915183872,我只会醍醐灌顶和犄角旮旯,5991.627,1769834383,f9735bbb
2038025793061976064,德国人莫名其妙的笑点笑死我了,5864.035,1770042806,b8b5200d
2057973005103436544,高中语文考了你还能记得？反正我是感觉上大一就修为散尽了,6045.684,1772420699,dc69dd68
2058963017848770048,我可能知道他咋学的语言了,5843.198,1772538718,60c31dff
,,0.0,1775683732.8000336,
lb.c,,0.0,1775683732.8000336,
,,0.0,1775683732.8000336,
1895737596345553152,哈哈哈哈哈哈哈,6195.466,1752991046,a1639211
1895737605254254848,笑到捶床,6248.056,1752991132,a1639211
1895737756257587456,哈哈哈哈哈哈哈哈,6247.548,1752993724,46e1d41a
1895737873454829824,这表情包加的哈哈哈哈哈,6247.145,1752995808,591a47e1
1895737955520581888,哈哈哈哈晚上睡觉起来扇自己一巴掌。,6242.077,1752996766,a4557f7c
1895738234534072576,美国的刻板印象又增加了哈哈哈哈哈哈,6262.432,1753014661,d93d12d4
1895738291970871552,地大物博吗哈哈哈,6424.625,1753014057,450eca7a
1895738441514586368,美式英语跟英式的相比是真挺村儿的,6304.472,1753017646,6ed7a38b
1895738527220994304,这句话感觉很深刻,6342.095,1753018411,9cfc41f8
1895738529955680512,好惨,6240.329,1753015944,e967e3fc
1895738545457828096,洋脸在身我心依旧是中国心,6343.404,1753019165,b3e76332
1895738814438543616,伦儿好漂亮,6121.658,1753026098,ef8f951e
1895738827214393600,还好我们中文故意说别的口音腔调不会被说,6221.909,1753034289,9ef562ec
1895738931149246720,哈哈哈哈哈，绝,6261.929,1753027770,105f8ab8
1895738994063806720,以前好像聊过,6323.611,1753065947,c76f245a
1895739099835764992,感觉四姐马上就要入党了,6358.412,1753041164,f2cbd317
1895739164570652928,北京啊，都鼓楼钟楼和胡同了,6466.915,1753074268,cce57685
1895739223836168448,哈哈哈哈,6185.472,1753075358,b465a5f8
1895876772915284736,好红,6342.445,1753097323,f81c7508
1895891145075744000,完啦！漂亮国居然是我自己,6332.931,1753099036,720bb977
1895911263230715648,这一期可太好看了哈哈哈哈哈哈哈,6293.681,1753101434,cc998cf0
1895977013316171008,真的 我现在在英国 班上有美国同学老师都问为什么来英国哈哈哈因为感觉美国人很少来,6233.393,1753109272,7021661
1895996712578404608,哈哈哈哈,6191.243,1753111621,42cad9e5
1896011026604849152,哈哈哈哈哈哈哈哈哈哈,6248.296,1753113327,692c8ed6
1896053738805025792,笑死我了,6338.26,1753118419,35861f7e
1896348810541099264,盆栽伐木工,6185.449,1753153594,b7453a45
1896660913071964928,入党！马上入党！,6335.06,1753190799,280fcb51
1896752974823802112,萨沙真的长大了哈哈哈哈哈还劝架了,6286.28,1753201774,9cb4590f
1897031264495085056,英魂不散,6129.09,1753234949,88971e98
1897172399880213760,缘分,6350.275,1753251773,fe4eee91
1897191079833737984,伦儿好好看,6141.739,1753254000,edbe14cb
1897329347598687232,四年英伦行 一生英国情,6138.756,1753270483,cdc452f4
1897379646639815168,英美日常共轭嫌弃,6150.158,1753276479,d403eb94
1897470722797396480,就像有些人说着说着说英文感觉自己很能似的,6155.088,1753287336,9c3b5844
1897881482706794240,反复播放，笑发财了这段,6120.382,1753336303,a5babba0
1897980178177896192,哈哈哈哈哈哈哈哈,6134.889,1753348068,290bcf14
1897990451865073152,主要是大部分的美国人会对英音有滤镜,6302.454,1753349293,c5e94360
1898037108598766848,我觉得英音比美音好太多了，主要是美式英语有种不好好说话的感觉,6151.32,1753354855,e3a9f12d
1898068025727885056,也没有r音好像,6268.82,1753358540,9cdf46e6
1898469431701780736,四姐吐槽笑死我了,6195.492,1753406392,a725bfc4
1898638472119025920,B+可以了，我的二外只有及格，但我还是往简历上写我会,6389.578,1753426543,a18ccce
1899515964723618304,很多去台湾上大学的人也会有台湾腔,6237.288,1753531148,3820b86
1899583646470362112,哈哈哈哈哈哈哈哈,6195.813,1753539216,fbcf58ae
1899589769240256768,政审吗,6331.689,1753539946,80311199
1899903850559699712,英音好听啊,6271.685,1753577388,3e3ca627
1900743884129465600,东北腔,6156.205,1753677528,fc5824e9
1900962778974280704,“再给我上颚共鸣试试看呢”,6139.283,1753703622,7c263e9f
1901039338478048256,缘分,6410.357,1753712748,2c9403ee
1901092486005857536,这一趴杨迪和大左配合好默契好好玩,6240.882,1753719084,bba3e7b3
1901111475482086656,东北菜好吃不辣,6470.381,1753721348,18259142
1903696970439590656,我以为这个词是 可以,6419.591,1754029563,b7a9b2eb
1903909804733164032,哈哈哈哈哈哈哈哈哈这么严重吗,6142.532,1754054935,c51a6472
1903912608323439360,这个讲过，老师说他没天赋他吃激将法非要学哈哈哈哈,6350.203,1754055269,c51a6472
1904470534801020416,温文尔雅温润如玉钟逸伦,6222.688,1754121779,cc2734ec
1904581796449178880,没事萨沙会倒着说,6144.19,1754135042,5bd65cde
1904592053267419392,伦儿比较像英国的,6176.889,1754136265,3e5e834
1904592758221061888,哈哈哈哈哈哈哈哈哈,6240.501,1754136349,3e5e834
1904741835662920192,中国其它不说，论美食绝对世界第一,6444.448,1754154121,1606bf27
1907997071420911104,很明显是要伐木哈哈哈哈哈,6187.912,1754542175,e06c8437
1910189102486362880,大漂亮,6338.048,1754803485,738a73b
1910189214340135424,漂亮过,6351.282,1754803499,738a73b
1914652145542984448,这期好好看,6310.42,1755335521,39959bed
1916890106191840512,来了来了 入坑点,6131.6,1755602307,41d23346
1938459317036858368,4,6137.704,1758173558,7ce065f9
1942844325235513600,我真该死啊哈哈,6254.36,1758696291,1448c64
1967689487748992512,口音会混也正常，在外地待久了回家就会被说口音变了,6211.908,1761658065,eb09f285
1971860351436493056,真好,6405.79,1762155271,83beff44
1975472819102343680,我喜欢这期的所有！！,6331.166,1762585911,75855fc6
1988749246333072384,可怜的伦儿,6254.717,1764168584,c847ffba
1988750225619440640,支持Dylan，英音好听,6272.114,1764168701,c847ffba
2011318177330127616,好家伙哈哈哈,6456.191,1766859010,1bdc989c
2024979683494084864,这话题能客观的聊吗,6321.496,1768487589,4756a90
2069095069641645568,有没有可能美国人不说纯正的英语才是违背了自己的故乡,6150.449,1773746553,6b2b33d2
,,0.0,1775683732.8000336,
lb.c,,0.0,1775683732.8000336,
,,0.0,1775683732.8000336,
1895737660753285376,这一期真的很好看,6541.435,1752992583,a8f5ef7c
1895737685818446080,享受2025，好戳人的表达,6794.065,1752992554,dd38837b
1895737804802461952,哇哦，好想听一听,6713.441,1752995454,98f16374
1895737829255254272,老王算最有发言权了，毕竟经历过生死后来的,6760.292,1752998269,4944442d
1895737865259159808,但是这种速度也会有很多后遗症,6628.733,1753000515,8b34e573
1895737968288043264,那还是不一样的，中国贫富差距大，但基础建设都很好，欧美可不是,6678.52,1753002110,5e592343
1895738173439840512,应该是说医疗不便利，拖着拖着很多病人就错过最佳治疗时间,6709.748,1753010160,20af4969
1895738642102980864,哇，好会说,6794.595,1753022472,755ab053
1895738734201508096,和平,6749.651,1753027321,d89d8cbd
1895738795295740160,兼容并包,6823.86,1753032301,177de300
1895738872798089472,对自己深爱的国家有反思是很好的一件事,6721.795,1753038055,187c324
1895738902879637760,喜欢这样的真诚分享,6543.19,1753037588,187c324
1895738912006443264,希望都能变得更好,6721.795,1753038063,187c324
1895738932063604992,哈哈哈哈哈在一个伊朗人的房间里两个美国人吵起来了怎么这么好笑,6711.525,1753063546,f032f0af
1895739024153743616,其实这种对速度的适应能力也是一种温水煮青蛙。,6620.268,1753037869,187c324
1895739090717348096,不知苦所以不能言苦。,6622.315,1753037904,187c324
1895739095272362240,来郑州吧，郑州地铁是真的很有人文关怀,6736.904,1753040485,7a1afabc
1895739168219697408,五千年,6837.086,1753066340,e94d0ef6
1895739195574948096,都一样啊，大部分资源掌握在少数人手里，底层挣扎求生,6685.378,1753069042,3e15afd5
1895739298603831552,贫富差距...真的很难缩小,6671.593,1753077459,f04b19be
1895739300432548096,战乱国家的人要考虑的是生存，和平的国家才配谈生活,6772.315,1753073897,f8b0e6b0
1895739333257171200,唉...,6667.752,1753077438,f04b19be
1895916809107255552,来成都坐地铁吧,6741.512,1753102095,cc998cf0
1895922409224457984,幸存者偏差罢了。跟不上的会被毫不留情抛弃消失,6635.987,1753102763,9cc53f64
1895927999803579392,看了饼叔和老王的视频，很感慨,6763.186,1753103429,2f51f428
1895937469820941824,喜欢陈老师每次认真的聆听大家的发言,6547.615,1753104558,7d881d54
1895945543797188096,哈哈哈哈哈哈哈哈哈哈哈哈哈哈哈哈哈哈哈,6503.187,1753105521,4365b2b7
1895971705936303104,中国自己外宣也是重点在传统文化，对内也强化传统文化在中国文化中的代表性，青年文化一定程度上缺失，也有舆论环境的因素，外国人误解也很正常,6589.994,1753108640,108016b
1896042506861772032,这个我居然有点不信,6824.197,1753117080,698bab0d
1896055550030980352,中国也一样只是程度问题罢了,6658.388,1753118635,35861f7e
1896115798288929536,只缘生在此山中我没觉得变化很快但是回头看好像也变了蛮多,6649.705,1753125817,cc2734ec
1896346407598641152,说一样的去认真了解一下中美差异吧，本质是不同的，中国在努力缩小贫富，美国不是,6687.136,1753153307,996c2fe2
1896389793135554816,哎也不是每个中国人都过得很幸福，我就很累,6804.345,1753158479,671e7525
1896445143561997056,每个国家都需要伦这样的理性主义,6735.808,1753165078,2babe5d1
1896692445161556736,未知全貌 不予置评,6500.385,1753194558,d10e6859
1896713597632456448,前面那个为什么不信啊？就用大类来说，南北方的很多人了呀，更别说这么多省，每个省，每个城市，甚至每个村的文化都不一样。,6830.016,1753197080,c93b4313
1896713718285980672,很多元了,6834.261,1753197094,c93b4313
1896732865308570624,AUV,6591.584,1753199377,54d3f224
1896762050744070656,哈哈哈哈哈哈哈在一个伊朗人的房间里,6709.359,1753202856,9cb4590f
1897033430391823872,每个人都累换个地方你会连觉得累的功夫都没有还要担心能不能活到明天,6812.842,1753235207,d539e6d1
1897036751005286656,投共一念起，顿觉天地宽,6735.699,1753235603,c50570d0
1897124829325385984,国外一些媒体的刻意描绘,6600.162,1753246103,42da3e49
1897224976302927360,这俩私下可一定要还是好朋友啊,6713.528,1753258041,e6299164
1897398342565690112,真的，我们被保护得很好了^ω^,6774.265,1753278708,ca23a4
1897434692518111488,苏丹的游戏你是不是原型哈哈哈哈,6776.575,1753283041,b7b7e82b
1897549057816156160,鼓楼钟楼是西安,6483.967,1753296675,6f99a845
1897599146278760704,中国内部当然也有问题，但和国外的程度还是不一样的，多去了解一点再发言吧,6682.239,1753302646,68f3b35d
1897599835788886016,一个江苏各个市县方言文化都不一样,6838.453,1753302728,a12485dc
1898072217221687552,想起luigi,6699.647,1753359040,9cdf46e6
1898085967332604160,这后面的话题多来几期，说不完啊,6609.427,1753360679,d849b843
1898126853265714176,没办法拒绝变化/dog,6625.936,1753365553,ba542c3c
1898641050416426752,人民的愿望都相似。。,6675.15,1753426850,a18ccce
1898785992081696768,英国：勿cue，谢谢,6689.673,1753444129,cc3adea9
1899394054693909504,不接受也很好办，慢慢被淘汰咯,6624.492,1753516615,3873c0bd
1899524978576745984,可能是荒诞吧，比较合适,6523.504,1753532223,7cf865be
1899569833494887168,梦幻不好吗？,6573.202,1753537570,3860f01a
1899644931426164480,中国也不能避免,6661.822,1753546522,d5bc7b78
1899645448348985344,当然我们现在正在努力让中国不一样而且也有了成效,6689.47,1753546584,d5bc7b78
1900034195536137984,Dylan是一个真诚的好人 支持,6720.402,1753592926,2c9403ee
1900231076526713344,美国很多人相当爱国的，其实恰恰是我们。。。。。。,6649.902,1753616396,395ce43e
1900245252292511232,这里的荒谬应该是指外国宣传的中国和实际的中国不一样的意思吧,6582.739,1753618086,fc0b135a
1901033036209402880,“神奇”,6522.2,1753711997,1b6940fa
1901478076861790976,中国禁枪是最明智的选择，而且摄像头多也是为了保护好人，监视坏人,6802.453,1753765050,80000882
1901700931155311616,变差,6642.612,1753791616,105f52db
1901734966363358208,他是个理想主义者，社会需要理想主义者的存在,6719.916,1753795674,71f360aa
1901862417940697600,感谢国家，每有一个新技术出现都是先向全民普及的,6630.792,1753810867,4a4e6679
1902365496134297344,我们不要身在福中不知福了,6793.653,1753870839,92f8c01f
1903699234281745920,很多国家都这样,6658.438,1754029833,b7a9b2eb
1903827465546625536,每次波波玩这种政治梗我都好想笑,6715.322,1754045119,29c7c55b
1904592752574914304,中国不一样,6686.195,1754136348,357dee8e
1904596883444749312,。。。。。。。。。,6636.436,1754136841,3e5e834
1904597355127841024,哪里不都这样,6661.546,1754136897,3e5e834
1904599138847969024,没有说过的多幸福 要求就是没有战争就很幸福了,6809.822,1754137110,3e5e834
1904743391271399168,中国可使用短短30年走完了西方国家的很多路,6615.568,1754154306,1606bf27
1904746212788497664,确实多元化，不同地区不同民族,6820.44,1754154642,1606bf27
1905466819909765888,要哭了 老王,6796.692,1754240545,a48719d1
1905516364379104512,中国和美国还是很不一样的，美国可以说整个政府和社会就是一个企业,6688.725,1754246452,c0863c00
1905590443236882944,华波波接的好哈哈哈哈,6728.909,1754255282,55f41f2d
1905708190906021888,是的，明明有新兴的社群文化，小说影视在海外也有不少受众，但只拿传统文化宣传,6558.317,1754269319,92638f93
1905733248072848128,伦好可爱啊,6721.098,1754272306,f5b9996
1905886098668937984,伦儿很有国家情怀,6698.429,1754290527,7becfa2e
1905887294179910912,阿雷文艺人,6824.672,1754290670,7becfa2e
1906070010057587456,基建狂魔可不是贬义(而是汗颜),6743.759,1754312451,c8137052
1906621653182534144,国内也一样，只是国家投入民生的更多,6672.825,1754378212,da947e05
1909689848987148544,他想表达国家或者政府没有投入更多到基础设施建设或者卫生安全上面,6674.879,1754743970,d7fb52ee
1911377903472814592,真好,6720.915,1754945201,984e8387
1911378403299548928,伦的发言太棒了,6767.166,1754945261,984e8387
1913571332298825216,不予置评  但我家过得很好,6816.41,1755206679,a406af70
1915971349722081024,但是在武汉记得出门的时候手不要插在兜里,6731.172,1755492783,aa8cb2c6
1918412477759778560,对老王来说这里很有烟火气,6809.441,1755783788,dcc7e0e1
1921056285831728384,不接受就会被淘汰,6630.638,1756098955,954b058c
1921056623968288000,中国也差不多,6657.996,1756098995,954b058c
1929404679826503424,我们也是啊 程度没那么离谱就是了,6668.628,1757094161,bd775eca
1945264582373671936,每次听这个方面都想哭,6771.747,1758984808,e84d2ff
1967694729680788480,卢可的共情能力很强,6785.668,1761658690,eb09f285
1967694847532478464,老王好真诚,6789.668,1761658704,eb09f285
1975476124088230656,好棒老王,6795.251,1762586305,75855fc6
1977911950214243328,其实中国也是,6675.488,1762876678,aedabb3d
1986558931577298944,确实，只有一部分人在享受当代,6804.09,1763907478,2a9d92f9
1988754506963415040,Dylan反应好快,6661.622,1764169211,c847ffba
2011320470867702016,世界因你而美好 ,6720.212,1766859284,1bdc989c
2016952177930965504,广州都一直在开新的地铁线路！,6708.314,1767530636,8947ce87
2022025891484004352,什么叫老是说这个？经历过的最深感悟说不是很正常吗？,6786.513,1768135469,6d4f31dd
2027056310750973952,这是一个制度问题 美国的资本主义体制下永远不可能达到钟逸伦想要的这些平等和普惠,6727.425,1768735142,aef87158
2027056891695612928,老王一说话卢可就哭,6782.978,1768735211,aef87158
2029865597738983936,外宣确实做得不好,6562.312,1769070035,361d239
2056133097778429440,荒诞是离谱且可笑，也不好,6531.028,1772201365,fa9ad547
2066239338295500544,中国没美国那么夸张,6675.024,1773406123,a16be46f
2085131327899985664,荒诞,6523.597,1775658224,91e1ddec
,,0.0,1775683732.8000336,
lb.c,,0.0,1775683732.8000336,
,,0.0,1775683732.8000336,
1895737518549602560,中俄那说不清道不明的羁绊呐,6875.785,1752989565,9e8cd452
1895737942753120512,虽然但是这些基建应该都不是白给，还是要考虑利益的。,7087.97,1753004822,545954c8
1895737954606223616,萨沙已经不是老外啦，他是老内,6917.492,1753001311,e4ff31ac
1895737962810282240,给陈老师投币,7148.543,1753000815,e868d6e6
1895738337562956032,萨沙的面相都很中国了,6921.078,1753014984,73e9b877
1895738415065305344,非正不就是这样吗hhh正经起来很正经,6951.491,1753017172,638576ba
1895738442420556032,这已经是精中了自豪了,6856.334,1753017521,47376c28
1895738515367891200,现在的节目越做越大，主题也越来越大了,7111.306,1753019293,193ffd61
1895738546372186368,萨沙越来越老干部了,6860.051,1753019535,1c68567a
1895738560079171840,完全变成中国人了呀萨沙,6854.884,1753019690,b3e76332
1895738708666585344,但中国的利益都是双赢的，大多是经济上的，不能说有利益就是不好的,7102.081,1753028422,a7349199
1895738749695267072,基础在民间，未来在青年,6909.082,1753029610,b77da815
1895738798022037760,东北人来了,6857.033,1753029957,d0eeaf61
1895738808063201536,唐朝那会真挺多的，服饰饮食娱乐活动都交流的特别深，互相影响很大的,7030.588,1753023996,11c5072
1895738836324421888,偶尔有一些宏大深入的话题也挺好的呀,7125.054,1753034905,9ef562ec
1895738864585642240,灵笼,7118.112,1753027731,7bf03337
1895738874618417408,肯定是有利益的，但是我们追求共赢，而不是强取豪夺,7091.369,1753030554,516113ea
1895738916561457408,宏大叙事会让人感动，但也会让人迷失的，感觉没必要一直升华,6997.048,1753038389,187c324
1895738967622914304,这一年真的是舆论反转,6903.166,1753030294,516113ea
1895738974912614656,近代中国的版图就是清朝定下来的，相当部分依赖于乾隆的十全武功，感兴趣可以搜一搜乾隆朝名将,6979.544,1753040743,7a1afabc
1895739005916909824,没有宏大的背景下个人还会存在吗？,7125.643,1753036925,c7bc6e63
1895739146333819136,咋样了。。。挺好的啊人家,6949.86,1753073352,892b4073
1895854446332840192,相信老王说的是话是发自内心的，毕竟亲身经历过战火,7170.238,1753094661,3a31dcb7
1895859660172023808,据说他的老爸是中俄混血？,6880.681,1753095283,1df8460d
1895878303215493376,迷失是因为你自己内核不稳，如果你连听到一点赞美的话都觉得心虚、不适，那是因为你配得感太低了,7007.214,1753097505,68ab50d8
1895886991573313536,萨沙已经入党了，自豪感都有了哈哈哈哈哈哈哈哈哈哈,6853.737,1753098541,ac1ed4e7
1895914456186862592,确实，有过大唐的鼎盛，也有侵华的耻辱，太复杂了这几千年和近两百年,7072.87,1753101815,4f7b0147
1895939496005433088,我发现很多人很抗拒对个人的赞美哈，宏大就是由个人构成的,7124.197,1753104800,d0a706e0
1895962862170590464,是的,7064.0,1753107585,3c890e32
1896057229271011584,从先秦开始的华夏认同,6997.054,1753118835,35861f7e
1896057475954741760,让我想到了威斯特伐利亚和约,7027.006,1753118864,35861f7e
1896138358434982144,一点都不过，中国就是很好。,7190.899,1753128506,7388c77a
1896282581490515456,导播直接不敢切其他人的画面了 大左也管管 心里知道就行了,7189.779,1753145699,c585eb07
1896371636178174208,为什么过了 前面的是配得感太低了吗 陈述事实而已 为什么会觉得过呢,7195.88,1753156315,c0abd974
1896444073528258560,才注意到这个地图中国好大,6967.583,1753164950,a7969c95
1896444504300081408,超棒啊这期话题 很有意义和深度,7003.209,1753165002,a7969c95
1896487634579302400,这个地图也让我印象很深刻,6965.677,1753170143,9ec95bfa
1896489246634756864,说得好,7151.185,1753170335,9ec95bfa
1896515622197177856,他是真的入党了吧，发言太官方，哈哈哈,6917.303,1753173479,8a80d98c
1896527134873361920,萨沙太中国了,6883.176,1753174852,6a042d86
1896527607890110720,真的很震惊,6985.76,1753174908,6a042d86
1896528590154207232,不愧是在世界中心呼唤爱,7171.882,1753175025,6a042d86
1896549573058051072,求同存异,7081.105,1753177527,b99d4a1f
1896678634124171776,说的太好了,7089.925,1753192912,ef5b873
1896689226226035968,为什么要说过了，如果作为国人的我们都不够有自信，都不够乐观自豪的话，这个世界上还有谁愿意更相信我们可以做到这些呢？,7191.378,1753194175,4de79949
1896700212652189440,中国最牛逼的一点，就是同化,6948.592,1753195484,c3929b2
1896846755031494400,天下大同，世界人民大团结，万岁！,6951.603,1753212954,9450640
1897038302151448064,让我想到了高佑思…哈哈,6842.739,1753235788,88971e98
1897132711857199616,因为我们原本就是一个多民族的国家，每个民族存在各自的文化差异，每种文化相互包容,6938.97,1753247042,42da3e49
1897313694656990464,北京欢迎你，为你开天辟地（开放怀抱）你会爱上这里,6908.793,1753268617,729e3ab7
1897402914356966144,love ,7173.813,1753279253,ca23a4
1897552673700808704,执着 信任,6868.324,1753297106,6f99a845
1897601588529782528,现在人真是戾气重了，以前从来不会有人莫名其妙的打问,6997.266,1753302937,a12485dc
1897859954988690432,家国情怀大部分人有，有一部分人确实因为从小的狭隘，自然也看不惯这些,7191.085,1753333736,e0632c99
1897866933580394240,非正这一季带着任务了,7011.467,1753334568,8562c6e6
1897897775447236608,那外国人和自己国家对比就是觉得中国更好啊，看见中国更好的一面讲出来啊，代表们都说的那么真挚真诚,7021.288,1753338245,2aa70d44
1898088222609748480,可以倒着说中文,6878.916,1753360948,8f9aba91
1898092720329620224,带啥任务真好笑,7021.416,1753361484,d849b843
1898132201112459520,宏大背景就是我们每一个中国人的骨血，为啥不能谈,7130.926,1753366191,ba542c3c
1898580836409316096,守正创新 不忘初心,6939.247,1753419672,6126b659
1898666323538942976,用今人的生命还古人的债，这个真是精辟,7155.601,1753429863,915050e3
1898788297942440448,他不是混血儿，是老爸在他很小的时候就“巨星标配”了，但是很小就开始接触中国文化,6894.038,1753444403,cc3adea9
1898791671513404160,宏大和个人不是对立的，而是互相成就，这就是精致利己主义为什么要摒弃,7136.041,1753444806,cc3adea9
1898822681655529728,这太好了！,6843.84,1753448502,636af638
1898910387244854272,莎莎接近中国人了，完全中国化了,6921.603,1753458958,e3470321
1898911684559693568,陈老师真的满腹经纶啊,7076.15,1753459112,e3470321
1898957673719325184,有些弹幕是觉得说坏的才是真吗？坏的好的都是,6994.673,1753464595,6b40ebca
1899330667008161024,已经是东北人的模样了,6896.769,1753509059,8ed82815
1899443844664460800,中俄CP,6903.562,1753522551,e4d84d7d
1899524549423779584,太深了！,7053.949,1753532172,3820b86
1899609802536100352,萨沙太像中国人了,6868.96,1753542334,64c6b79c
1899623826770786560,一点都不过好吗，现在的时代背景下世界是否能和平确实要看中国,7192.147,1753544006,bc31ead9
1899647684927755520,前面的想说啥啊，陈超咋样了？不要引战可以吗,6952.723,1753546850,d5bc7b78
1900087323199353344,哪里过了？自己去了解一下我们在国际事务上做出的贡献，不要这么自卑,7189.371,1753599259,422009b7
1900214028308531712,古代也有疆域图吧 也是有地理分界线的,7038.06,1753614364,b927edf8
1900303293918964224,老王又动感情了,7179.652,1753625005,68efaa5c
1900974547218661632,中国真的格局太大了,7161.167,1753705025,62699b20
1901012750474195456,萨沙就是中国小伙啦 ,6871.084,1753709579,9265523d
1901040459380750080,天下大同！！！世界和平！！！,7183.616,1753712882,1b6940fa
1901066877699254528,近代史 是一个伤痛,7072.148,1753716031,539dfda8
1901118523019670016,互利互惠嘛，有何不可,7108.686,1753722188,18259142
1901639283426035968,我的弹幕呢,7003.772,1753784267,4d2041c5
1902755038712239872,萨沙说的已经得到了国人大会演讲的精华,7009.141,1753917276,3f3063c2
1903662376340233216,陈老师讲得太好了 ,7199.012,1754025439,2e93938c
1903701780291417856,夸得我都绷不住了,6921.694,1754030136,b7a9b2eb
1903776104272515072,中国自古并没有国境线的概念都是以势力范围划定大概的区域，真正接触到把国境化为一条线的应该是清朝的尼布楚条约,7040.655,1754038996,b9df69aa
1903804183300627712,中国是文明型国家,7009.325,1754042344,1ddd0afb
1904413756096572672,会长眼眶红了,7182.497,1754115010,21f73640
1904600175142915328,萨沙这段话 好,6931.724,1754137233,3e5e834
1904602111367773184,哈哈哈,7116.424,1754137464,3e5e834
1905340308922234368,speed不是来了吗？,6912.659,1754225464,2eb47862
1905890199146212096,天下大同！,7147.37,1754291016,7becfa2e
1906120801997426176,倒着说中文笑鼠我了,6883.518,1754318506,712b33d4
1906866720434670336,他爸爸混血,6884.042,1754407427,4ad5b7c7
1907440916215114752,必须得是陈铭,7057.295,1754475876,9adcf5e9
1907441055340190464,没有陈铭可咋整！！！,7062.323,1754475893,9adcf5e9
1907927474462215424,萨沙爸爸好像是中国人,6888.991,1754533878,edceba01
1908264231959804928,不然呢 你想听到什么？,6956.994,1754574023,d8a8f583
1909738694962297344,因为我们的认同不是建立在血缘，种族之上的，是文明,6947.309,1754749793,e06a0bba
1910516879710106368,天下大同,7156.667,1754842559,4cd26c1a
1911108155258463488,愿祖国永远繁荣昌盛，愿人民安居乐业，希望真的能有老吾老以及人之老，幼吾幼以及人之幼的天下大同,7199.845,1754913045,34be5d10
1911383357871574272,说得太好了,7156.072,1754945852,984e8387
1912644363784642048,这个bgm有点宏伟啊哈哈哈哈,6896.867,1755096175,aca1d8af
1912646653195192576,说得太好了！！！,7161.315,1755096448,aca1d8af
1913030470246605824,只有经历过才知道的,7176.765,1755142203,cdc7bc83
1913350480247959552,李白是吉尔吉斯斯坦那边的人,7021.62,1755180351,3302ae89
1914864527842332928,国破家亡，固定搭配，望周知。也不妨看看今天的加沙人民，里面也不乏战争前家境优渥的。,7145.64,1755360839,dfe2ddbf
1916898949210434048,萨沙太老干部。。。,6868.229,1755603361,41d23346
1916900671467390976,读人类简史就知道 国家是人类构造的概念罢了,7052.699,1755603567,41d23346
1921250021379576576,说硬夸的历史及格了吗,7002.11,1756122050,bc587f4c
1923930412557231360,但是听说意大利街上小偷特别多,6841.225,1756441577,99536495
1924986993839221504,陈铭老师口才好，说话才快，没有语言屏障,7130.674,1756567531,e498a6f4
1926357441114275328,投币了,7154.131,1756730901,9eb4a117
1939601543464800000,说的好好,6936.456,1758309722,19031c9a
1971050491086146048,感觉萨沙真的是完全融入中国了,6891.029,1762058728,9574db04
1977023081524779264,都是地球上的人类，没有哪个国家比其他高级,7161.416,1762770716,da85f3fd
1977913530325766400,萨沙已经入党了吗哈哈哈哈哈,6863.869,1762876866,aedabb3d
1985165235720048640,太纯了还是,6863.268,1763741337,55203a50
1992880039746138112,东北代表这一块,6856.653,1764661013,b087944c
2011869610512769024,看哭了,7140.057,1766924746,cc26b091
2011870073975098624,说的太好了,7150.2,1766924802,cc26b091
2026026976464848128,这一期太棒了,7064.553,1768612436,1ca31636
2027856872027209728,非常漂亮的总结,7094.328,1768830577,8f58d927
2035149943106573568,他真的说得好标准,6879.309,1769699978,ca126b
2036292303651953664,我突然意识到中国的中立也是一种和平,7197.221,1769836158,f9735bbb
2082391271548932096,包容  但是有一条你只可意会不可言传的高压红线    触碰即死亡,6946.344,1775331584,6d6f1ac6
2082391448967843072,包容  但是有一条你只可意会不可言传的高压红线  触碰即死无葬身之地,6950.611,1775331605,6d6f1ac6
,,0.0,1775683732.8000336,
lb.c,,0.0,1775683732.8000336,
,,0.0,1775683732.8000336,
1895737650661789952,下周见,7295.403,1752992285,a1639211
1895738054900420864,陈老师说的真好,7214.561,1753006171,255b01e
1895738988594434304,那挺羡慕那个厅结婚的新人了~,7250.967,1753048041,23ddeab7
1895990467888831488,哈哈哈哈哈哈,7243.15,1753110876,99272c49
1896502871931897088,精彩的节目,7207.788,1753171959,bda137c9
1896528826075226624,好看,7223.428,1753175053,6a042d86
1897388807511572224,很客观啊，这就是事实,7202.296,1753277571,d403eb94
1897967201404250624,好看好看,7214.407,1753346521,bdfa401c
1898090557780690176,哈哈哈哈哈哈哈,7364.777,1753361226,9cdf46e6
1898096271319938304,伦儿记词能力这么强啊,7425.896,1753361907,d849b843
1898122321471151616,战歌起泪目了,7222.706,1753365013,66a85677
1903097630284788992,真棒！,7232.354,1753958116,1e5860b0
1910196463095640064,可真正的世界还是弱肉强食,7214.027,1754804363,738a73b
1962554409448054016,旷野的规则是永不回头,7256.422,1761045916,9caedba
1977916378484578816,精彩！,7203.354,1762877206,aedabb3d
,,0.0,1775683732.8000336,
lb.c,,0.0,1775683732.8000336,
,,0.0,1775683732.8000336,
1895737229310398720,一日代表好漂亮！像玛丽莲梦露,36.018,1752985309,59dfb4d2
1895737236021285120,来了！,197.636,1752984891,781e03c0
1895737280388632832,来哔哩哔哩只为了非正,23.323,1752985268,882cd619
1895737340836942080,竟然没有弹幕,102.734,1752986130,7c88818c
1895737356095820032,太美了啊啊啊啊啊啊啊啊啊啊啊,129.037,1752986855,63882395
1895737381790126336,哈哈哈哈我也喜欢测试,330.419,1752986736,4f7b0147
1895737392368161024,再看一遍加长版,74.113,1752987164,6261fc3d
1895737440627822848,就等加长版了,15.67,1752988220,a8fd71fe
1895737488023458048,沉默是最好的回答,188.466,1752989859,5cde034e
1895737757213888768,濑濑晒伤妆？,296.894,1752994571,13ee2db9
1895737813862158592,天呐，杨迪好好，还帮会长解释一下,262.251,1752995588,ef576978
1895737852827242753,濑濑可爱,315.191,1752995616,1091612d
1895737914483511552,我怎么第一反应就知道他要说学历,139.779,1752996339,2775914b
1895737947308134656,果然还是斯拉夫人长在我们的审美上！,73.86,1753005031,2394c70f
1895738002018636032,哈哈哈哈哈哈哈哈哈,195.646,1753006609,bc56a2e1
1895738089553760512,加长版！终于 走起～,118.271,1753002959,ea88348b
1895738128770502912,哈哈哈 让我们说中文,233.897,1753003085,ea88348b
1895738201701060864,哈哈哈哈哈哈,178.352,1753005984,61f1cb93
1895738215382880512,来了,60.699,1753006389,bc56a2e1
1895738423277752576,怪不得,264.523,1753017327,ef8f951e
1895738450633003264,弹幕呢,94.954,1753017693,6474f847
1895738460665778432,来了,9.0,1753017972,d2eb3f6c
1895738543637500160,超超看起来很聪明的美女,286.398,1753016280,a9208369
1895738587400868096,我说会长怎么有种被夺舍的感觉呢,275.37,1753020529,fc5c5aac
1895738736936194304,罗世杰也是博士吧,170.656,1753024489,8d665d98
1895738941182021888,再听一遍哈哈哈哈哈,211.547,1753064144,91850ea9
1895739043304935680,大左你堕落了 居然问出这种问题,183.625,1753066311,c585eb07
1895739119892926720,直接看加长了,50.901,1753065450,532bb614
1895739159101280512,直奔完整版！,2.008,1753066177,df6e1fa7
1895739170954383616,高情商：还在研究中...低情商：懂得都懂,196.746,1753071998,2b09e628
1895739227485212928,想起大不溜，小不溜，哈哈哈,313.856,1753071380,42da3e49
1895739240252674304,本来就是这个议程,275.175,1753075611,9cc5a9be
1895739294963175680,让我们说中文,230.803,1753077391,7d0b1ed6
1895741767471711744,好漂亮我的吗,123.454,1753081229,35861f7e
1895878472815905536,我就说会长怎么突然那样哈哈哈哈哈哈,285.477,1753097525,e1f0140c
1895902343950621952,小姐姐有点用哈利波特的露娜,260.69,1753100371,7bf5ae5
1895913944380697088,全世界都在说中国话。,240.019,1753101754,83719079
1895923691389856000,这封面有点像火仔和托子啊,7.553,1753102916,f48e83fe
1895925654231755520,俄罗斯娜娜什么时候来,123.096,1753103150,9a5f75b6
1896126772140527360,soul说是,314.381,1753127125,757770bd
1896432713985696000,厉害了,157.364,1753163596,d844b0d7
1896548500188124672,头发好美,170.792,1753177399,7be9809b
1896549652783060480,杨迪火是有道理的 尊重人,272.254,1753177536,7be9809b
1896671118996624640,哈哈哈哈确实幸好解释了,273.442,1753192016,9cb4590f
1896702989247416832,超超很适合这个衣服的颜色哦,102.804,1753195815,3c4a8341
1896834873642632704,有俄罗斯美女啊…,35.454,1753211537,88971e98
1896836266168177664,让我们说中文,232.165,1753211703,88971e98
1897134881856050432,漂亮小姐姐～,64.387,1753247301,c76fd2
1897334937960030976,濑濑这个妆真好看,301.592,1753271149,bbeae81b
1897409888377011200,冒犯,196.202,1753280084,4dd44e23
1897435333340270848,约基奇,348.778,1753283118,182ab5fd
1897520115852190208,完蛋，没有提示我怎么看？,116.489,1753293224,28dcc9f6
1897545623813818880,这就冒犯了？弹幕真是敏感肌,201.287,1753296265,d14d0ec
1898012492027085824,赖赖的妆好可爱,336.596,1753351920,4fcac017
1898069933423117568,杨迪预判了弹幕哈哈哈哈哈,271.58,1753358768,ba542c3c
1898129671619960832,这个问题就跟 这是博士，你谈恋爱没？结婚没？一个意思,190.406,1753365889,c4640bae
1898480150421808896,来了,16.649,1753407669,6a79158e
1898575317955005440,超超好好看！,109.88,1753419014,69896d2c
1898577690152768512,花仙子从动画里跑出来了,128.022,1753419297,ae954710
1898649691060092160,西伯利亚可老大了,219.328,1753427880,2391701c
1898711585640666112,陈超这次妆发好可爱啊,102.634,1753435259,6bc89832
1898754234095442176,羌族小煞,92.976,1753440343,2c9219d7
1898798214510129920,你是菠萝的颜色,82.099,1753445586,3665527f
1898849081846541312,萨沙爸爸本身就是中国人，只是他自己从来不提,250.247,1753451650,b47738e
1898894497392836608,哈哈哈哈哈哈,177.674,1753457063,b7a9b2eb
1898943849687043840,一直是这样就得改呀，与时俱进哦,224.299,1753462947,b698ce63
1899364840469068288,这个发量绝了,134.718,1753513133,2a7b6daf
1899448788037526016,超超每期都好美呀,99.793,1753523140,d00654d8
1899516166050156032,不是第一次看 而是第一次意识到 以前太麻木了,216.063,1753531172,118b96e
1899527485797073152,笑死 中文是母语 俄语是二外,237.713,1753532522,568a8045
1899528308618886912,敏感是好事,303.526,1753532620,568a8045
1900192036414916352,一之濑这妆怎么回事,293.915,1753611742,29c7c55b
1900289648556262400,直接看加长版,0.154,1753623378,e67086c2
1900919121772592640,好漂亮,127.615,1753698417,c1f2fe77
1901083258352320512,好厉害的姐姐,153.737,1753717984,80000882
1901138676046841344,好想念松鼠啊,100.073,1753724590,be45fcd2
1901541018550427904,学霸,158.824,1753772553,92f8c01f
1901541640448327936,哈哈哈哈哈哈哈哈哈,233.0,1753772627,92f8c01f
1901557020667466240,口音重成这样吗hhhhhh,247.784,1753774461,28c7b5ab
1902390692148829184,杨迪，综艺没了你可怎么办啊,266.775,1753873842,d89f1503
1902390841935725312,这个家不能没有杨迪,269.141,1753873860,d89f1503
1903658867167214336,萨沙俄语有东北口音,222.721,1754025021,19790be1
1903884035399163392,弹幕确实很敏感（摊手）但本来每个人的敏感度确实都不太一样,210.495,1754051863,c29ddf0d
1904491649607379968,哈哈哈哈说不出来,179.099,1754124296,3e5e834
1904491705198666240,太真实了,185.705,1754124303,3e5e834
1904530408591864832,别说的是人均美女，俄罗斯人一到中年，你看什么样子,267.292,1754128916,45953387
1905824218038253568,一之濑脸咋了？？？,293.709,1754283151,7becfa2e
1906658172484245248,斯拉夫出美女,75.635,1754382566,1327ee61
1906659219936198400,俄罗斯男女比例失衡 现在男人可能更加少了,182.722,1754382691,1327ee61
1909373597710577920,杨迪真懂弹幕啊,277.498,1754706270,8dd2ba4e
1910460639663627264,陈老师在模仿一之濑,45.076,1754835855,922f6f0b
1913105683772238336,希尔顿借了这么久啊,64.327,1755151169,7c712eec
1918431810531300864,这集时长好评,75.498,1755786093,15362246
1918442564634446336,最好看的,148.186,1755787375,15362246
1933845929732174848,什么文化？能不能翻译成中文,304.009,1757623599,d7c947c1
1937313621231702528,丽莎非常漂亮又可爱，前几天在三亚看到本人，很惊艳,124.308,1758036980,ba02a15
1937929668699405312,卡尔波利,48.444,1758110419,32e2455b
1937963074376466688,好漂亮,134.143,1758114401,945a6cd2
1944416070370790912,？？？？？？,169.166,1758883658,ee18cbf2
1946034063152715520,漂亮,127.189,1759076538,eb269b47
1948170065589943552,这就是敏锐，情商和敏锐并不相关,311.502,1759331169,ffdfce2e
1953129821739839744,为啥一之濑是asuka明日香,324.492,1759922418,83b4cbbf
1954420562860454400,好喜欢她,134.846,1760076286,915cc525
1956594679777072128,别太敏感肌,205.333,1760335461,d35c8a9
1960344697746654976,萨沙爸爸是混血,212.087,1760782498,f8089327
1961200116493380096,？？？,189.014,1760884472,a187841b
1963248930037173504,故意的，节目就这样，多少年了还不懂这个套路吗,196.252,1761128710,65b78c7
1968970682843311616,哇俄罗斯美女姐姐,34.602,1761810796,269700bc
1977838097261843200,来了来了,8.955,1762867874,aedabb3d
1977839385668188416,好有才华！好漂亮！,162.561,1762868028,aedabb3d
1992655007401061120,让我们说中文,231.845,1764634187,b087944c
2002223379507534848,超今天的发型好看,289.421,1765774826,8d79c5f3
2004575798560393984,怀念以前长头发的四姐,174.74,1766055256,ffa3828d
2021928450646454528,确实不太好。。。这是啥敏感，之前男代表啥的也没问（从非正第三季开始追的）这本来就不尊重人，敏感也不是什么坏事,202.128,1768123854,6d4f31dd
,,0.0,1775683732.8000336,
lb.c,,0.0,1775683732.8000336,
,,0.0,1775683732.8000336,
1895737342925705472,严谨的德国人,476.148,1752986028,fe4eee91
1895737483040624896,大气,487.444,1752989145,193ffd61
1895737545401536768,怼脸拍，真的好看doge,689.139,1752990986,591a47e1
1895737746736517376,两位的瞳色都好好看,397.339,1752993592,2f3ca03c
1895737759118102784,梅丽莎小姐姐头发太美了，像洋娃娃,677.759,1752995462,13ee2db9
1895737805708431616,呆楞是真的  成熟了！！成熟的帅！！,611.617,1752994452,fbf64f60
1895737827443314944,那真的我们很难这样,466.779,1752995951,1091612d
1895737952785895680,花期短但是开得艳,585.749,1752998353,4eba2802
1895737970108371200,可以一个人买单，然后有空了拿小票算,428.926,1753005751,90af0186
1895737994720547072,split the bill是吗,414.975,1753003281,ea88348b
1895738146084589824,梅丽莎真的太好看了,642.72,1753009208,d93d12d4
1895738169790796032,哈哈哈哈,434.814,1753004847,2f987c3c
1895738187113271552,这个妹子好养眼啊！！,500.242,1753010552,85e3c44a
1895738250027831552,真的，我追过不少外国演员，白人很少有保养好的,603.652,1753012927,302e2cd4
1895738309293347072,男生应该说平权吧,410.11,1753014904,26cd4125
1895738312942391552,这蓝色眼睛真漂亮,701.403,1753012513,68efaa5c
1895738379505996032,小姐姐！10分好看！,681.33,1753013023,302e2cd4
1895738488926998784,听着还挺浪漫的,529.594,1753015004,26cd4125
1895738489832968448,哈哈哈哈哈,621.823,1753019961,ef8f951e
1895738508984160512,五官太美了,684.493,1753017972,8d117f15
1895738562780303616,四姐稳定发挥,422.981,1753022338,fbd7fd41
1895738589221196032,太好看了她,677.254,1753017957,8d117f15
1895738746054611200,陈铭看了一眼梅丽莎哈哈哈哈哈,590.106,1753024833,8d665d98
1895738822642602240,白人皮肤薄，再加上骨相起伏明显，没有胶原蛋白很快就垮了，黄种人只要保养得当一般四十多岁还是没问题的,615.648,1753034058,7a1afabc
1895738826291646720,严谨的德国人哈哈哈哈,462.399,1753024355,bde1c345
1895738886471520512,而且他们生很多孩子 生的女儿也多 我俄罗斯同学她有三个姐妹,706.277,1753041605,7021661
1895739008659984640,这种情况的话一般就是那个吃的多的全付了，关系好的话分别人一口吃的很正常,469.305,1753033834,7a1afabc
1895739055158038784,好问题,629.722,1753070638,bdcbba7
1895739211068707072,萨沙有几分像吉洪诺夫老爷子年轻的时候,649.648,1753071778,9e41d483
1895746442224785664,让我想到了鹊桥仙,527.913,1753081786,35861f7e
1895778905819131904,超超有点星期三的味道好喜欢,385.96,1753085656,73e93c18
1895840500003377408,哈哈哈哈哈哈哈哈哈哈哈,519.208,1753092999,ac1ed4e7
1895840530647078656,紫禁城风水养人,590.76,1753093002,c0d2264f
1895945062736117760,aa就是每个人付自己的，传到中国才变成均分,412.606,1753105463,84633020
1896015890890314496,新代表好可爱,639.956,1753113907,e871e898
1896039919974262784,哈哈哈哈,427.498,1753116771,415655f0
1896457049043406080,活泼可爱美丽，常驻！刷起来,688.508,1753166497,8cb4abb9
1896471204483626240,萨沙确实帅啊 是我喜欢的长相,657.64,1753168184,4ca66879
1896710320119313920,魂断蓝桥,514.263,1753196689,491addc9
1896934522319112192,哈哈哈，是我了,375.813,1753223416,a075ec79
1897173951436752640,一之濑这个妆造没之前的好显得臃肿突出,369.849,1753251958,6f99a845
1897176064527120128,这才是真正的AA AONE 各付各的,417.466,1753252210,6f99a845
1897249138144757248,哎呀超超好美呀这套,372.158,1753260921,d67a388
1897255003031584000,太可爱了,643.527,1753261621,290bcf14
1897330516752267008,四姐没变化，从以前就成熟,627.007,1753270622,7ea9d3d5
1897377323800974592,主要是德国比较严谨,427.117,1753276202,c76fd2
1897409726736857856,原来都是搜来的,571.539,1753280065,be125094
1897789980114699776,哈哈哈 不记得,540.606,1753325395,4227b274
1898072148510532864,高配版星悦,691.839,1753359032,2738fae5
1898073640089037312,我的男生同学也是，大学4年过去之后都不同程度发福了哈哈哈,603.928,1753359210,ba542c3c
1898583508701119488,最漂亮的不是五官吗，尤其眉眼,683.896,1753419991,ae954710
1898652758169973248,deepseek打钱,575.04,1753428246,2391701c
1898755732108109824,因为他们爱晒太阳 高油高甜 亚洲普遍相反,616.917,1753440521,636af638
1899233687024352256,法币还帅好可爱,403.744,1753497498,ad67615a
1899377441013676544,哈？,702.185,1753514635,2a7b6daf
1899524857746892032,我喜欢这种方式，不过最好点一些价位差不多或者好算的,476.688,1753532208,fbcf58ae
1899526800288205568,参考小李子,615.613,1753532440,fbcf58ae
1899527783693058816,好像俄罗斯婚礼和登记是同一天,703.421,1753532557,fbcf58ae
1899611392370790912,4,635.097,1753542524,82c776d
1899956477675331840,是晒伤妆啦,360.467,1753583661,9e6467db
1899975255272139008,这个好,400.959,1753585900,2c9403ee
1899976001933586944,那是因为西方吃饭（夹菜）的模式不一样 每个人分的很清楚,422.475,1753585989,2c9403ee
1899977800535069184,风大,542.187,1753586203,2c9403ee
1899980015152740352,测的好，就是真的好，测的不好，要相信科学,375.102,1753586467,3ad68769
1900241357915115264,怪浪漫,530.228,1753617622,5eebbb86
1900924116316678144,他也是混血吧,597.346,1753699013,c1f2fe77
1900991742497444096,老王好认真,506.845,1753707075,f6eb3d24
1900996645152891136,这个好！我喜欢这样,418.409,1753707659,59b380d7
1901491110711870976,引火烧身,657.108,1753766604,3465c430
1901544698834279680,哈哈哈哈哈哈哈,597.382,1753772992,92f8c01f
1901692904028990720,都一起吃饭的关系了感觉不用太计较吧，这是date诶,487.282,1753790660,71f360aa
1902424479079549184,是帅的啊，五官比例很好,657.34,1753877870,24d07282
1902473228065647616,我喜欢这样，感觉婚礼是给外人看的，不是给自己办的,717.867,1753883681,59b380d7
1903182158839680512,我和一位少年，漫步树林外,487.925,1753968193,a6894687
1903203390071653888,饮食问题,600.437,1753970723,5e85aa98
1903650610780700160,白人虽然不注重保养但没有容貌焦虑可以做自己就很好啊,633.202,1754024036,98decb5
1904495513727200768,这个小姐姐真的好漂亮啊 白白的,603.059,1754124757,3e5e834
1904532634147952640,堵桥来,511.379,1754129182,5bd65cde
1905080521651165952,喝酒喝的吧,597.515,1754194495,39d99fac
1905349996455302912,好喜欢去这样的，有人能懂吗,434.037,1754226619,6d90be6a
1906661267888835072,法币和一日代表眼睛一个色系,393.932,1754382935,1327ee61
1906662046133447168,这次总算到德国人震惊意大利人了,469.062,1754383027,1327ee61
1910284368769920256,因为花期短,698.558,1754814842,664d29dc
1912279399659960064,风在哪不都是一直在吹的么,542.249,1755052668,a8fe5ea9
1913210705083992832,萨沙确实帅，而且帅得很客观，这但没法否认,650.002,1755163688,d88d4d24
1913223966307712512,同事之间可以这样，朋友之间就没必要了,449.744,1755165269,96a9a0bf
1913292098959548672,萨沙确实是特别帅！,660.617,1755173391,7b914c00
1913346863013150208,这个真好,405.051,1755179920,fcf22efb
1916178758985921792,德国人哈哈哈哈,470.385,1755517508,41d23346
1921042340266008320,国外是各点各的套餐，适合aa，中国是一起吃同一盘菜，胃口不同，不适合粗暴的aa,412.351,1756097292,eea468e3
1921042881901795072,中国更难算，所以流行请客而不是aa,441.898,1756097357,eea468e3
1941566684721332736,这两个俄罗斯代表应该就是中国审美里最好看的那一类了,667.832,1758543985,e2e301a6
1944428565982548992,Dylan在写什么,388.052,1758885147,73aed9f3
1953188451575386624,确实帅,649.868,1759929407,194d9898
1960064942610599168,我29岁，孩子10岁。,709.896,1760749149,6a7c628d
1961074382902701824,啊啊啊这个音效好可爱,639.808,1760869483,c8711e27
1965454987081423872,我就这样，各算各的。跟朋友其实我也想这样，不然我感觉不太舒服,456.746,1761391692,d0b3063b
1969275411209221120,hhhhhh,585.68,1761847122,1e751c6e
1977842088578297088,严谨的德国人,480.692,1762868350,aedabb3d
1988648613126933248,妈呀，漂亮姐姐好可爱,643.948,1764156588,c847ffba
1996421042478379264,比aa更aa哈哈哈,415.493,1765083134,7177deef
2025581688474307072,亲兄弟明算账,428.978,1768559354,e5ebf93c
2066188182139764224,你也是 和前几季对比明显,589.72,1773400025,a16be46f
2068219040748953344,我喜欢这样,442.196,1773642122,f2fcfff8
,,0.0,1775683732.8000336,
lb.c,,0.0,1775683732.8000336,
,,0.0,1775683732.8000336,
1895737309572600064,哈哈比利时淡淡吐槽好搞笑啊,864.838,1752985668,47bbec08
1895737494264582400,2333333,743.492,1752989946,c76f245a
1895737546508833024,只能说世界之大无奇不有了233,828.615,1752990204,4944442d
1895737690583175424,？,788.371,1752992554,dbe23620
1895737828349284608,哈哈哈哈哈 就非要有证吗这,788.883,1752994668,fbf64f60
1895737890777305344,这么闭塞吗？,805.983,1752997401,ba65b856
1895738004753322240,比较严重的程度哈哈哈哈哈,1016.022,1753004556,94d50217
1895738144264261888,男：天王盖地虎 女：宝塔镇河妖,875.819,1753006816,47376c28
1895738162501095680,伊拉克也是什叶派国家,830.79,1753007084,43686648
1895738377685668096,对对对,886.688,1753016087,bc9fd41c
1895738640282652928,哈哈哈哈突然想起来戴卢可是不是对dating文化很懂,952.295,1753025347,fe4eee91
1895738693172826368,哈哈哈哈哈《这个华波波不一样》,729.19,1753024957,8d665d98
1895739065182425344,越压抑越开放,844.47,1753052006,65ec0af4
1895739149982863616,哈哈哈哈哈哈哈,907.322,1753065403,f7934ca3
1895769540794055680,前面俄罗斯遍地帅哥美女是真的,769.796,1753084540,4422ff62
1895824043836972544,弹幕突然收声了红红火火恍恍惚惚,734.198,1753091037,cc93cef3
1895828587920556800,这真的不是菠萝卖不出去的营销吗？,871.762,1753091579,1da0b061
1895947042497947392,第三次见面还是第三次嗯嗯？,1049.141,1753105699,c750ae38
1895949991009590528,宗教警察吗？,776.638,1753106051,9e41d483
1895971024152074240,中国人的经商天赋哈哈哈哈哈,917.26,1753108558,5a31e3ac
1896425506115668224,村？哈哈哈哈,953.332,1753162737,42570b8b
1896427127877063168,招展笑死我了,743.277,1753162930,9ec95bfa
1896494509345332736,开放啊,1029.735,1753170963,6a042d86
1896637560244685568,充话费式的结婚,813.804,1753188016,89807551
1896692754986387712,哈哈哈哈哈哈,983.273,1753194595,eac1fc5d
1896706299065560320,老王的眼神在冒星星,838.313,1753196210,d8e5f363
1896713955582526208,天逊尼派和什叶派，想到追风筝的人了,829.491,1753197123,491addc9
1896841388705377280,这跟我们这的警察查房有点像…哈哈,805.028,1753212314,88971e98
1896937991939779840,？？？？,786.906,1753223830,a075ec79
1897123754787030016,哈哈哈哈哈哈哈哈哈哈哈哈哈哈,1020.411,1753245974,45654410
1897176574395630080,来了，直接加长版,974.739,1753252271,d9749c34
1897380653918993152,哈哈哈哈～lady first～,753.071,1753276599,c76fd2
1897380942050808832,短期啦～长期啦～,765.871,1753276634,c76fd2
1897383124666121728,哈哈哈～A到Z～,976.347,1753276894,c76fd2
1897383569446710784,比较严重的程度～红红火火恍恍惚惚～,1015.942,1753276947,c76fd2
1897383907826628352,姐妹们～,1052.127,1753276987,c76fd2
1897551369599046400,可以鼓掌了,1016.475,1753296950,d14d0ec
1897727145607336704,搞对象笑死我了,941.281,1753317904,68db616f
1897898291362938112,YOYO,769.419,1753338306,3dc677eb
1898076736198329856,哈哈哈哈哈哈四姐,967.648,1753359579,ba542c3c
1898220515982619136,哈哈哈哈什么时候看到这个lady first才不会笑啊哈哈,749.918,1753376719,e8cc9494
1898515580160908800,真就体验卡,785.517,1753411893,a18ccce
1898531542490707712,太好笑了hhhhhh,995.742,1753413796,8020f1b7
1898584831534084096,感觉和苏格兰那种男女校联谊会挺像啊,958.956,1753420148,ae954710
1899333614798306816,哈哈哈哈哈哈哈哈,890.75,1753509410,48caf715
1899493708169050112,这是真的 ,810.963,1753528495,49612456
1899558765339352320,哈哈哈哈哈哈哈哈哈哈，有点太诚实了哈,1041.266,1753536250,37dfb466
1899559089802601216,雷妹妹～,1054.905,1753536289,37dfb466
1899632198056381952,华波波很可爱,860.822,1753545004,ddcb952e
1899690611263457024,这个是真的，我伊朗朋友们都证实了,809.166,1753551968,881ef171
1899980184409419520,我还记得诶,767.393,1753586487,2c9403ee
1899980554649404160,救命,801.518,1753586532,2c9403ee
1900176913918403840,老王。我喜欢的,836.184,1753609939,d7c68202
1900207702098475264,什叶派和逊尼派能坐到一起聊天也只有非正式会谈。,831.444,1753613610,253cfa97
1900855482026004736,挖坑了开始，准备回家跪搓衣板了卢可,963.641,1753690831,18259142
1900982139454146048,以前就说过啦,795.933,1753705930,1606bf27
1901030304811390976,真敢问啊大左,1041.459,1753711672,bba3e7b3
1901030501683674368,特殊类的hhhh,1063.512,1753711695,bba3e7b3
1902475393005930752,认真，不是严肃,1021.238,1753883939,59b380d7
1903582328761517312,讽刺的不是波波是国情,851.615,1754015897,1ddd0afb
1904394075097533952,哈尼克孜,728.514,1754112664,712639ae
1904496876288851456,哈哈哈,729.753,1754124919,3e5e834
1904516940261635328,哈哈 被说中p图了,897.961,1754127311,357dee8e
1905292868248203776,哈哈哈哈哈温州人也是站起来了,922.793,1754219809,94dc5d7b
1907465783345827584,大左池州人，差一个字,930.583,1754478840,e06a0bba
1909633575939544320,哈哈哈哈扬扬补刀,729.343,1754737261,d7fb52ee
1909637115907104000,哦～,1068.756,1754737683,d7fb52ee
1910217713125871872,不愧是北欧,991.337,1754806896,7419d9b6
1910285333971808000,开放式保守,800.19,1754814957,664d29dc
1916182003120834304,好神。。。,800.571,1755517895,41d23346
1918092995408932352,买菠萝是吧哈哈哈哈哈,841.599,1755745703,cae536f2
1919839034780907008,哈哈哈哈哈哈哈哈哈哈,1016.446,1755953847,b9f358ce
1920303224746295040,BGM怎么这么燃？,900.242,1756009183,99536495
1929266071559254528,比较严重哈哈哈哈哈哈哈哈,1020.019,1757077637,467053b4
1932278720392444672,严重哈哈哈哈哈哈哈哈,1008.878,1757436773,52ac390e
1933442446847667968,华波波像非正的逗号，哈哈哈,734.125,1757575500,df58247e
1939900940560154624,搞对象哈哈哈哈哈哈,944.041,1758345412,add21500
1941083294070661888,熟悉的音效又回来咯,760.233,1758486360,50b86bf5
1961012560908661760,肯定有,975.077,1760862114,bfa2ee3f
1969395654430585856,大家都知道的话还叫暗示嘛哈哈哈哈哈哈哈,861.564,1761861456,7ed3ebc
1969396057905913344,华波波每次发言都特别有梗 综艺里缺不了这样的角色,868.073,1761861504,7ed3ebc
1977846831144786688,哈哈哈哈哈哈哈哈哈哈,1044.084,1762868915,aedabb3d
2024171551549188864,！！！,787.638,1768391252,6151813e
2026922242222668544,米兰的男模大部分超级无敌穷,1070.323,1768719160,aef87158
2059722213967966208,啊？,1009.869,1772629221,75a3ab51
2059722648640373248,stop 哈哈哈,1044.827,1772629273,75a3ab51
2068224214867537408,感觉这样离婚率好高,1056.652,1773642739,f2fcfff8
,,0.0,1775683732.8000336,
lb.c,,0.0,1775683732.8000336,
,,0.0,1775683732.8000336,
1895737366690631936,被杨迪笑死，哈哈哈哈哈,1112.633,1752986394,eb069b0d
1895737511729664256,婆婆选好了，双方家长见面一次就订婚了？？这么快，和父母之命有啥区别,1166.095,1752990929,5866b398
1895737822007496960,保持神秘感么,1177.151,1752996054,13ee2db9
1895737846460289280,想起唐大哥开车尾随着送老婆哈哈哈哈哈,1216.937,1752995154,fbf64f60
1895737857038323968,陈老师还是会  doge,1334.87,1752995706,fbf64f60
1895737911757213952,哈哈哈哈他吓死我了,1277.525,1752996969,1091612d
1895737960989954304,哈哈哈哈哈哈,1249.715,1753005457,81e32263
1895738084084388096,那怪不得有些时候会吃西餐，因为这样不能玩手机，就会被迫了解对方哈哈哈哈哈哈哈哈哈哈哈,1364.499,1753010046,4e76690
1895738115080294656,说得我都心动了,1313.062,1753001868,755ab053
1895738130582442240,阿雷是真的在为姐妹们考虑啊！,1091.08,1753006285,2394c70f
1895738138786500864,打羽毛球！双打！,1265.968,1753011691,3820b86
1895738178909212928,四姐好喜欢陈老师感觉哈哈哈,1293.779,1753005068,34ea35bf
1895738260974964992,好像伦和四姐都没说？,1306.348,1753009512,e9983320
1895738350330417408,那岂不是完全不了解彼此,1188.238,1753015487,7e01a787
1895738449718644992,还是不一样，父母之命很多面都没见过,1191.878,1753016191,eabe6363
1895738783434248448,知道的不少,1094.625,1753026745,1952548b
1895738787083292928,《再见XX》那段时间的经历给陈老师整工伤了,1245.564,1753025428,8d665d98
1895739087068303616,难怪爱密室剧本杀呢,1281.948,1753071847,a05ec9c0
1895739136301043968,我喜欢看电影，因为不想交流,1267.296,1753063459,3e15afd5
1895739137215402240,赶鸭子上架,1347.576,1753073156,2b09e628
1895739334171529472,有点难评,1318.96,1753077674,6d52a3e9
1895842592684773632,老王好搞笑,1207.55,1753093248,a384683a
1895888808210444032,跟古代似的,1200.836,1753098757,80d76961
1895902850890865152,…男方视角吧，感觉作为女生并不喜欢,1329.906,1753100431,e1f0140c
1895907698449826816,唐小强好像也是这样认识老婆,1154.003,1753101009,7bf5ae5
1895953890084972544,得有个电灯泡,1201.966,1753106516,9e41d483
1895962814724877312,那大家性格都还没合得来咋办,1185.106,1753107580,70be7902
1895975507275771648,杨迪这个上热搜了哈哈哈,1108.05,1753109093,ab62fb5b
1895988325479763456,去逛宜家,1339.945,1753110621,24b0ce4c
1896001397800507136,真的，太套路了,1348.596,1753112179,b7453a45
1896033498947616256,我服了华波波了哈哈哈哈哈哈哈太搞了,1272.126,1753116006,11d561a5
1896422520862296576,陈老师说的前提是两人暧昧期只是临门一脚而已,1358.888,1753162381,2aa70d44
1896426994623953152,好古老的相亲模式hhh,1133.837,1753162914,42570b8b
1896548231191151360,爱情保安,1196.722,1753177367,445a39f6
1897115090000851712,经典来了,1111.63,1753244942,e0632c99
1897117071960705280,人家举例，只是解释吊桥效应,1318.362,1753245178,e0632c99
1897186435279557632,吃完再喝一点 酒壮怂人胆,1334.617,1753253447,6f99a845
1897384505070132992,红红火火恍恍惚惚,1112.117,1753277058,c76fd2
1897392014317188864,陈超好美好美！！！,1426.702,1753277954,dc39d7d8
1897729822839930624,世界的参差，有趣,1233.017,1753318223,68db616f
1897855084101036544,来自游牧的习俗,1150.008,1753333156,5e6db3f9
1898585785360270080,母单：别碰我的拼图！！,1322.878,1753420262,d5851018
1898586013228955136,非诚勿扰哈哈哈,1245.808,1753420289,ae954710
1898765709031333376,哈哈哈哈哈哈哈哈哈哈哈哈哈哈哈哈哈,1275.348,1753441711,da4a6923
1898851449120022784,真的好合适啊,1430.582,1753451932,85cd1b5c
1899312175110448384,伦儿呢,1370.097,1753506855,7b9475a0
1899329727408561920,\,1359.942,1753508947,4a475a07
1899340591771536128,对对对,1347.304,1753510242,48caf715
1899531646009486080,哈哈哈哈哈哈哈哈,1119.064,1753533017,fbcf58ae
1899651269212594688,做ai算不算呀,1266.478,1753547278,395ce43e
1899780832588526592,想到阿拉丁,1168.616,1753562723,fdcf0543
1899876594664020224,二十年前，唉，可怜的伊拉克人,1125.95,1753574139,51a708fa
1900212638299047936,在说什么？？？。？,1322.045,1753614198,75f02d2b
1900722697047418624,毫无违和感,1415.779,1753675002,29c7c55b
1901576106294143488,短期太奇葩了,1240.402,1753776736,92f8c01f
1902428555867433472,哈哈哈哈哈哈哈哈哈哈哈,1118.455,1753878356,24d07282
1902447002861027584,哇哦,1434.024,1753880555,623dd44
1906668414924016896,中东保守很多了,1144.039,1754383787,1327ee61
1907251422123737856,又到了羞耻小游戏环节哈哈哈哈哈,1398.192,1754453287,654346f5
1907263650541381888,小手段其实是感情蛮好的调剂，但不能没有真心，完全带着戏耍的心态去对待这段感情,1349.382,1754454744,952047f4
1910146676505643008,我要随时看华波波表现,1317.301,1754798428,738a73b
1910248152247194112,波波好可爱啊,1281.79,1754810525,edd6e64f
1911636225866354432,大左嘴替,1348.514,1754975996,954b058c
1911638478308513280,会长太懂女孩儿了哈哈哈,1347.81,1754976264,67c7bc24
1915402208338718720,卢可感觉又风流又老实,1084.624,1755424936,ef46f1d4
1916203344989683968,哈哈哈哈哈哈哈哈哈哈,1329.324,1755520439,d775399
1916742088792471552,牛蛙,1362.372,1755584662,613512da
1925311132990941184,逛宜家 看着那些温馨的家具 很容易构想两个人的未来,1337.444,1756606172,df324538
1929268457724077056,哈哈哈哈哈哈哈哈哈哈,1275.517,1757077922,467053b4
1937975455273985792,哈哈哈哈哈哈哈哈,1106.973,1758115877,945a6cd2
1943658342291830528,希尔顿环境真好,1399.929,1758793330,67fd89f
1953022555216956416,华波波哈哈哈哈哈哈哈哈哈哈哈哈哈哈哈哈,1282.728,1759909631,6e0df0f6
1958150579830921472,太功利性了,1332.809,1760520939,b2d06e53
1969280974567563776,梅丽莎真的好漂亮天哪,1208.194,1761847785,1e751c6e
1988656174098097408,小强也说过类似的，不敢多跟未婚妻见面，都是开车去接她然后远远停在家门口,1175.521,1764157489,c847ffba
1990319103688432128,妈妈结婚的时候？,1147.433,1764355726,d584df77
1995218600776512512,这眼罩好，能不能打包给酷滕送去,1420.12,1764939791,1dcdda72
2003692298001184000,我想要逛海洋公园的时候，他悄悄塞给我一个戒指,1341.086,1765949935,989ff3be
,,0.0,1775683732.8000336,
lb.c,,0.0,1775683732.8000336,
,,0.0,1775683732.8000336,
1895737232665841920,说了什么,1594.545,1752985968,8d60efce
1895737282477396224,哈哈哈哈哈哈哈老王搂住,1716.563,1752986236,f69ff094
1895737326240764160,老王：和我有什么关系,1743.272,1752986542,f69ff094
1895737564225573120,哈哈哈哈哈哈哈哈哈哈哈哈哈哈哈,1663.052,1752991877,a4557f7c
1895737579727720704,哈哈哈哈哈哈哈哈哈哈哈哈哈,1636.993,1752990432,534bf33e
1895737602217578752,吊桥效应,1656.035,1752993518,e967e3fc
1895737608274153728,这里为啥不放正片很好笑啊,1789.469,1752990046,1549437e
1895737615337361664,安全,1603.757,1752991580,6cf1571
1895737656718364928,哈哈哈哈哈哈哈哈这个眼罩哈哈哈哈哈哈,1749.409,1752991974,a4557f7c
1895737658731630848,哈哈哈哈哈哈哈哈哈哈,1497.584,1752991702,a4557f7c
1895737668823126272,哈哈哈哈哈哈哈哈哈哈,1545.58,1752991754,a4557f7c
1895737706764800256,看热闹不嫌事大哈哈哈哈,1701.323,1752994786,e868d6e6
1895737718181695744,笑不活了哈哈哈,1671.507,1752992796,4ae1ebd8
1895737814768128256,哈哈哈哈,1782.453,1752994589,b594b266
1895737824725405952,老王：我尽力了啊,1754.151,1752997563,1091612d
1895737939104076032,哈哈哈哈哈,1709.189,1752997498,1091612d
1895738000198308096,哈哈哈哈哈哈哈哈哈哈,1628.753,1753004360,71c28bd0
1895738021169828096,哈哈哈哈卧槽杨迪哈哈哈,1492.948,1753000323,6cdd056d
1895738075871940864,贴贴好可爱,1567.309,1753002223,2f1c4333
1895738098672177408,原来加长版加在这里,1699.212,1753003076,5465c709
1895738121464025344,哈哈哈哈哈哈哈哈哈哈,1656.539,1753006018,81e32263
1895738373122265344,波波刚刚说话好像老王的口音哈哈哈,1796.676,1753015888,5404f33
1895738395922501888,米可！！！！,1494.288,1753016707,d89d8cbd
1895738397742829824,米可，危，速回！,1492.03,1753013682,6ee65ea5
1895738456102375680,四姐说了啥！,1582.96,1753017881,f81c7508
1895738627515191552,牛,1558.58,1753021306,7d9f8a33
1895738699556557056,讲什么！哈哈哈哈哈哈,1774.953,1753027907,516113ea
1895738810789499136,非直男会谈,1748.073,1753027865,516113ea
1895738985868136704,怪不得没放到正片,1789.951,1753031556,b92fb27d
1895739133566357760,哈哈哈哈哈哈哈哈哈哈,1762.617,1753066553,f7934ca3
1895739144513491200,拦精灵,1581.015,1753073028,f48d5c83
1895739149068505344,拦精灵,1582.704,1753073049,f48d5c83
1895739154537877760,哇,1560.601,1753066056,f7934ca3
1895739172774711552,华波波哈哈哈哈哈哈哈哈哈哈或或或或或或或,1799.497,1753066590,f7934ca3
1895739264873238784,中东组合,1693.461,1753073158,f48d5c83
1895739308636606720,华波波啥都说啊哈哈哈哈哈哈,1775.347,1753078501,5b74304e
1895739310456934656,海带也不是植物,1531.538,1753076872,9cc5a9be
1895739313200009472,？！,1776.766,1753076889,3f6b3267
1895739330522484992,果然是加长版才能看的,1781.375,1753076921,3f6b3267
1895906831025530112,口水哈哈哈哈哈哈哈哈哈哈哈哈哈,1739.304,1753100906,e1f0140c
1895940225822895104,发币好可爱,1554.87,1753104887,9a5f75b6
1895974871134098176,梅丽莎真的好可爱好漂亮,1474.056,1753109017,5a31e3ac
1895977277180010240,这一期简直好笑到爆炸,1743.416,1753109304,5a31e3ac
1896089730320659968,好萌的两个人。。,1564.681,1753122709,7388c77a
1896307287158110464,俄罗斯小姐姐好有节目效果哈哈哈,1702.016,1753148644,13ab9171
1896334982533370624,给我笑岔气了,1755.375,1753151946,708e4a48
1896396461777172992,啊啊啊啊啊啊啊啊啊啊啊啊在干嘛,1496.598,1753159274,fe4eee91
1896555342020727040,直接笑喷哈哈哈哈,1562.963,1753178214,ff3287e5
1896610434808184320,伦想说毛肚吧 因为他那面是有颗粒的,1620.755,1753184782,c89ae7d7
1896662305044209920,每次会长都害怕的掉了,1527.119,1753190965,273d9554
1897190863994496256,这个太好猜了,1574.051,1753253975,6f99a845
1897283620088294144,美国内战,1568.439,1753265032,9c211b2d
1897402826846586880,这能播吗华波波,1775.465,1753279242,3c4a8341
1897475776413565696,我不行了哈哈哈哈哈哈,1768.852,1753287939,9cdf46e6
1897754977691536640,杨迪真的鬼点子一箩筐,1641.181,1753321222,ecd0b892
1897864109346135552,小姐姐气氛组的～,1695.088,1753334232,c76fd2
1898059525744480512,哈哈哈哈哈哈哈哈哈,1472.659,1753357527,60ea1822
1898060394963528192,为啥不让佛罗伦萨上啊,1576.261,1753357631,60ea1822
1898130261355317248,哈哈老王想说暴雨,1538.209,1753365959,a725bfc4
1898587923558453760,杨迪直接尝出来了哈哈哈哈,1542.474,1753420517,ae954710
1898588979633806848,哈哈哈哈哈这段Dylan小女生的感觉太好玩了,1656.928,1753420643,ae954710
1898633274117548032,西八 笑不活了 哈哈哈哈哈哈哈哈哈哈,1782.398,1753425923,60e24333
1898657403714124288,发币好厉害,1536.51,1753428800,470dd9de
1898864820091084288,涛涛,1594.511,1753453526,e3470321
1900014385343060224,弹幕呢，怎么没有弹幕？,1474.018,1753590565,3ad68769
1900014950055944192,我都没有看清是什么东西,1520.297,1753590632,3ad68769
1900015779680882944,猜得太大胆了,1611.896,1753590731,3ad68769
1900016341843597568,看起来好想笑,1648.607,1753590798,3ad68769
1900078932972598272,哈哈哈哈哈哈哈,1776.629,1753598259,ecc35430
1900293250909070848,老王稳如泰山,1723.35,1753623808,968d7bd9
1900353048833126144,味道应该有的,1618.131,1753630936,10c54e37
1901001124350363392,发币好可爱啊,1578.257,1753708193,2c9403ee
1901002382926510592,太可爱了,1672.273,1753708343,2c9403ee
1901764467755164416,哈哈哈哈哈哈哈哈哈哈哈哈,1750.736,1753799191,ddafd2e4
1902238942640826880,这个眼罩好适合老王,1731.008,1753855752,65067beb
1902284649590899712,华波波这么钢铁直男吗没想到哈哈哈,1769.312,1753861201,f5de49c4
1902909050661155072,弹幕呢 四姐说的啥,1582.34,1753935636,2e93938c
1902910756887219968,Dylan的破碎感哈哈哈,1644.472,1753935839,2e93938c
1904506363838182400,哈哈哈哈哈,1741.394,1754126050,3e5e834
1904506528892481536,好奇怪的画面,1761.072,1754126070,3e5e834
1905000656431964672,这个眼罩我不行了,1754.1,1754184974,f5f7f31f
1905339129458194176,再靠近一点点,1456.9,1754225323,ba077aef
1905766002156188416,我嘞个豆,1448.318,1754276211,cdc7bc83
1906135497672774400,哈哈哈哈 加长版果然不一样 我再敷面膜啊  哈哈哈哈 ,1748.007,1754320258,8a4bf8c9
1906673310826237952,中东族,1687.411,1754384370,1327ee61
1906748234274702336,哈哈哈哈哈哈哈哈哈哈哈哈哈哈哈哈,1762.638,1754393302,b145d3d2
1910390807304161024,我要笑疯了哈哈哈哈哈哈哈哈,1627.006,1754827530,8815c960
1915932755691390976,这也太。。。,1487.198,1755488182,51f2909e
1915934066629406464,哈哈哈哈哈哈哈哈哈哈哈哈哈,1643.477,1755488338,51f2909e
1915934230198990336,哈哈哈哈哈哈哈哈哈哈哈哈哈,1663.022,1755488358,51f2909e
1915934679484266240,哈哈哈哈哈哈哈哈哈哈,1716.53,1755488411,51f2909e
1915934832542999808,哈哈哈哈哈哈哈哈哈哈哈哈哈哈哈哈哈,1734.857,1755488430,51f2909e
1920310407324203776,两伊贴贴,1684.752,1756010039,99536495
1921056005467708160,可爱的发币,1554.389,1756098921,912b4cef
1921058110144466944,哈哈哈哈笑得肚子疼,1664.435,1756099172,912b4cef
1930616796109848576,哎呀,1498.221,1757238656,8f57e35c
1938813363061097472,一个奖励杨迪的游戏,1634.819,1758215763,c1c7a66
1942229667884861184,笑得我肚子疼,1783.88,1758623018,b85033c1
1952519966591265280,每次都没接住哈哈哈,1520.245,1759849718,3d553d69
1962432760279010816,我真不行了了太搞笑了哈哈哈哈,1734.276,1761031415,54f7b9d0
1967644616455633664,哈哈哈哈，这个女孩子好可爱，又害怕又好奇哈哈哈,1476.902,1761652716,eb09f285
1968988588058839552,hhhh小姐姐演员的诞生,1698.466,1761812930,269700bc
1970989897527898112,对吗？,1782.473,1762051505,9d717ee2
1981226523604447232,哈哈哈哈哈哈哈哈哈哈哈哈,1648.361,1763271806,1a09d87c
1988660542331797248,四姐说了“安全T”吗,1582.049,1764158010,c847ffba
2000956881128648192,笑得我肚子疼,1562.666,1765623848,e8b22811
2072032170285543936,大左这里为什么吓得抖了一下哈哈哈哈哈哈,1649.79,1774096682,f82fb2da
,,0.0,1775683732.8000336,
lb.c,,0.0,1775683732.8000336,
,,0.0,1775683732.8000336,
1895737421099143424,是隔壁陈鸣飞写的吧？,1945.554,1752987539,25b5c0fd
1895737422600704256,笑死哈哈哈哈哈哈哈,1861.726,1752987442,eb069b0d
1895737448110461184,不容易,1967.315,1752987565,25b5c0fd
1895737537650462976,笑死哈哈哈哈哈哈玩呢,1864.313,1752989866,adb42c8
1895737540972351744,玩儿呢,1860.902,1752989950,aaf3f032
1895737543203721472,哈哈哈,1815.18,1752989891,aaf3f032
1895737661759918336,哈哈哈哈哈哈,1802.631,1752992030,a4557f7c
1895737678914621696,但是体力劳动可以被机器替代，和ai有微妙区别,1970.153,1752991856,5866b398
1895737721998512384,哈哈哈哈哈,1864.31,1752993989,f3d0b903
1895737806614401280,AI能归纳总结现有信息，但无法创新,1995.774,1752997135,13ee2db9
1895737953691865344,工业创作可以，纯艺术不好说,1978.137,1753000003,8e57c960
1895738031194214656,20元手续费省下来了(ಡωಡ)hiahiahia,1903.052,1753004359,39499903
1895738391359099136,我家也有这个碗,1838.498,1753016417,c2e21b9d
1895738396828471552,妈呀陈超好厉害,1945.204,1753016803,cd8ee3cd
1895738416894021888,100块，哈哈哈,1895.824,1753017896,a9208369
1895738540927979776,超超好甜,1939.237,1753019045,8d117f15
1895738575547764992,有胡子应该感受不到吧,1808.657,1753017627,af72eec3
1895738673107276032,不是地铁卡了么,1892.499,1753022773,9c94b6bb
1895738779793592576,ai是用三推一，人脑是举一反三，本质区别,2024.616,1753029280,f9656259
1895738857295941888,玩儿呢，我一个广东人说不出的儿化音,1868.306,1753032504,9ef562ec
1895738900144951552,我觉得体现人情感的东西最不应该被取代，我是看小说的，如果我看的小说都是ai跑的我会死,1994.923,1753053765,5dbe0dac
1895738918381785344,不一样，至少现在的ai没有人脑会抽风（bushi）,2030.729,1753060518,d1e240cc
1895738950300438784,哈哈哈哈哈感情是在玩儿我们呢,1867.398,1753065521,91850ea9
1895738973092286720,聪明的人才看得到（,1851.057,1753066879,532bb614
1895739025076490496,上次还在说地铁卡扣费不好，立马就改转账了，真的听劝,1909.288,1753064244,3e15afd5
1895739121713254656,陈鸣飞的那个刚看完节目吧哈哈,1956.389,1753072388,df6e1fa7
1895739304081592576,哈哈哈哈太像了,1944.846,1753074038,f48d5c83
1895797243433331456,我去,1891.668,1753087842,35861f7e
1895797705813389056,当然不是,1970.665,1753087897,35861f7e
1895872207323318272,ai的数据库全是人给的,2052.858,1753096778,9f5269ce
1895957325815673088,口条真好,2151.186,1753106925,42cad9e5
1895973581704601344,老王好可爱,1844.968,1753108863,692c8ed6
1895992999780010752,华波波也算猜对了,1803.433,1753111178,24b0ce4c
1896092358488199936,我服了怎么这么好笑，老王真的穿了个香蕉牛奶。。,1821.385,1753123022,7388c77a
1896403149620117248,首彩回来打钱！！！,1815.544,1753160072,fe4eee91
1896658760060214528,老金主啊哈哈哈哈哈哈哈哈,1821.352,1753190543,abb3bea8
1896690759756227584,那是服务器和算力限制而已,2125.293,1753194357,b927edf8
1897017590325956608,刘慈欣的诗云,2043.276,1753233319,78c4204e
1897149153428556800,并不会被取代，就那ai原理来说，他是学习的技术，要是没有真人的作品投喂他，而是ai直接互相学习，最后肯定会失去人类所能体会的美感,2017.769,1753249002,af7c4445
1897160788939608064,AI取代不了大师，但能取代普通人，但我们大部分都是普通人,2028.594,1753250389,b0fb79b9
1897196044832664832,不会的 AI没有灵感只是个参考文献的价值,1999.815,1753254592,6f99a845
1897230944923557632,AI确实，一眼看得出AI,2056.543,1753258753,c05066cc
1897282352929849856,您,1876.848,1753264881,290bcf14
1897313971196141824,68+6+,2070.556,1753268650,676c84ca
1897315932888971776,只能模仿，不能取代,2003.459,1753268884,90b41f69
1897321705291076352,我觉得同意的人说的不是高端审美的艺术，他们说的是快时代创作,2090.686,1753269572,55d83f10
1897326315100134656,太厉害了哈哈哈哈哈,1950.759,1753270122,45654410
1897355364035362560,顶级的取代不了，中间底层会被取代,2092.654,1753273584,7ea9d3d5
1897404209155208704,自从知道地铁卡退费事件之后就换成转账了吗,1896.51,1753279407,3c4a8341
1897472786134957568,陈鸣飞投的吧,1948.859,1753287582,20c78ca8
1897763556578141440,这AI卡壳,1962.905,1753322245,28dcc9f6
1897865698693655296,《精彩葡萄酒》,1811.436,1753334421,c76fd2
1897865887454275072,能用的,1823.216,1753334444,c76fd2
1897975346582936832,画家的画有人买，AI的画呢？我觉得人类不会给AI的画赋予价值,2087.338,1753347492,ace2f97d
1898153206907890944,他俩节目效果已经出来了，拿到奖品不过分,1887.829,1753368695,44f44cf9
1898155156404016128,现在ai训练出的图基本都是侵权的，还不知吃了多少有商业版权的图,1990.896,1753368927,c4640bae
1898227304531014400,陈超超陈超超陈超超～,1935.987,1753377528,e8cc9494
1898497181946647040,华波波太搞笑了hhhhhh,1828.307,1753409700,6a79158e
1898589823536064768,那个脱口秀的哥们吗,1965.639,1753420744,ae954710
1898617694602120704,100元哈哈哈哈哈哈哈哈,1897.022,1753424066,25a98a6b
1898762572212570112,哇厉害了,1941.185,1753441337,eeae67ec
1898770444551886848,哈哈哈哈哈哈哈哈哈,1812.799,1753442275,da4a6923
1899295846349428736,深度学习型会成长,2061.503,1753504908,2233a413
1899311810357134336,陈超超超超哈哈哈哈,1937.372,1753506811,8020f1b7
1899619007338927616,可以的,2140.384,1753543432,f6a66d6c
1899619192483758592,辛苦阿雷了 这么一大段  我都要背半天,2145.64,1753543454,f6a66d6c
1900289831134223104,好丝滑,2143.5,1753623400,6908d584
1900727826387780608,直接转账了，不是地铁卡了,1890.432,1753675613,29c7c55b
1900864257726569216,奇马蓝,2054.335,1753691877,75f02d2b
1900992991485978112,好的画家并不会,1994.973,1753707223,1606bf27
1903906590856424448,对，所以对资本来说是好工具,2119.356,1754054552,c29ddf0d
1905365491481060352,首彩葡萄酒～味道不一样～,1814.065,1754228466,ba4142a8
1905383944120050688,ai i不会创造需求，只会解决人类的需求。,2031.372,1754230666,2ad516b
1906676777745390080,阿雷服装好潮哈,2100.595,1754384784,1327ee61
1907503470140018176,作家，和画家不会。但从事写作行业和设计行业的可能会受到影响，纯商业的会受影响,2014.591,1754483333,f5dd2f0d
1907711567622271232,一个画家的画上千或者上万我都觉得值得，但ai产的图最多一块钱,2110.855,1754508140,b59d3043
1909643331546811648,哈哈哈哈哈哈哈,1802.537,1754738424,d7fb52ee
1913366840508620800,有一只萨摩耶就叫陈超超哈哈哈哈哈,1930.9,1755182301,b30a9c4b
1915224874843617536,前面的萨摩耶的别走,1937.599,1755403796,32f67cc0
1915935882930912000,哈哈哈哈哈哈哈哈哈哈哈哈哈哈哈哈哈哈,1859.99,1755488555,51f2909e
1922480732891760896,陈鸣飞投稿,1994.089,1756268762,8dd2ba4e
1928560476044906752,ai会替代那些水平不高的人，真正的艺术家和作家是无法替代的,2055.3,1756993524,cfd3a899
1930620440054015744,现在AI技术还不成熟，以后就不知道了,2042.591,1757239091,8f57e35c
1950374312087470592,可以娱乐，但没有深度的东西,2005.631,1759593936,5ff286de
1953028710341331200,当然不会,1991.043,1759910365,6e0df0f6
1966172314316318464,好可爱啊这两个人，萌萌的,2019.752,1761477204,1ee5697
1970992051982448640,其实AI给创作圈子带来了很多好处，痛苦的是那些想不劳而获的人，AI反而将这些人筛选掉了。,1971.291,1762051762,9d717ee2
1970992805346750208,想要不被取代就得进步，人类是一直在进步的,2037.466,1762051852,9d717ee2
1980015234983286272,画手可能会，画家不会。写手可能会，作家不会。,2003.369,1763127409,916232ae
2004595551308142848,笔触这个东西AI永远做不到,2129.602,1766057611,ffa3828d
2027798215826511616,有道理哦,2053.34,1768823584,8f58d927
,,0.0,1775683732.8000336,
lb.c,,0.0,1775683732.8000336,
,,0.0,1775683732.8000336,
1895737322071625984,哇，倒过来的角度，不错,2320.614,1752985858,bc12bdcf
1895737389348262144,1000个人欸,2404.742,1752986739,1262b263
1895737464325640448,伦的观点每次都好深度,2429.52,1752988798,dd38837b
1895737568671535360,萨沙确实越来越厉害了,2188.029,1752990345,4bb6c894
1895737635520352512,AI学习能力强能模仿但是创新上暂时还做不到，给他看某个画家的画，他能模仿但是要他有自己的特殊风格还做不到,2307.016,1752992123,da8612fa
1895737675886334208,对对对,2518.778,1752992832,a4557f7c
1895737868891427072,来自四姐的认可哈哈哈哈,2383.869,1752995522,e868d6e6
1895738095023132928,其实就是说ai没有创新能力,2449.334,1753007080,fbf9b322
1895738186207301888,黄子宝宝！,2478.478,1753010860,d93d12d4
1895738219937894656,普通话越来越纯正了,2340.564,1753006552,2f987c3c
1895738308387377408,简单且周而复始的工作不会被AI取代，他们只会被机械化和自动化取代,2177.8,1753012446,da6fca28
1895738539074097408,可是这样的画家真的很少啊,2355.484,1753016161,cb47e4db
1895738633898922240,肯定是指定啊,2166.696,1753023213,691ef385
1895738659433844992,厉害,2461.836,1753022215,7d9f8a33
1895738860030628096,ai只能生产“产品”,2438.121,1753027530,9cc53f64
1895739034186518784,伦儿说的好有深度,2417.125,1753066030,91850ea9
1895739151803191552,老王说的对,2249.4,1753067040,f7934ca3
1895739188276859136,罗师杰在做捧哏,2338.921,1753070661,5268d633
1895779537472677120,很喜欢伦二这个比喻,2442.524,1753085731,3a31dcb7
1895880915561975552,说的确实好,2456.856,1753097817,db27ad6e
1895903241901117696,哈哈哈哈哈哈哈哈哈哈哈哈哈哈哈哈哈哈哈,2382.245,1753100478,4365b2b7
1895978595307183360,黄子！,2470.27,1753109461,692c8ed6
1896020644002007808,我真的我好多次都和萨沙一种选择，高度重合,2355.219,1753114473,683bd9b9
1896387667051097344,创作过程本身也很迷人的！,2197.312,1753158226,1195ac4c
1896391286534280448,我觉得最多AI的作品和人类的作品放到平等位置去欣赏，不会谁取代谁，就像人类不会只需要一个艺术家。,2329.047,1753158657,1195ac4c
1896433511490107392,伦真的每次都说的很好,2449.736,1753163691,dd1dd59f
1896446842347168256,对的。还很无厘头,2510.941,1753165280,9ec95bfa
1896478238348470528,AI没有人所具备的“灵性”，这个是根本区别。,2484.776,1753169023,130b1ee9
1896481816450316288,但那么多著名的画家，活着的时候都没见到自己画出名啊，现在这个行业，艺术还是单纯的艺术吗,2362.688,1753169449,21030a05
1896495205256114944,英专生落泪,2257.924,1753171046,272cb156
1896500684711484672,说白了AI都是把现成的 现有的知识告诉你 它无法创新 没有创造力 也不灵活,2475.575,1753171699,fc8a9b09
1897059227684406272,现在门铃还是用的那个，后面的杨紫琼没必要，前面的那个欢迎来到毛雪汪还行,2509.318,1753238282,35645b71
1897154550214244864,现在小说好多都是ai写的,2317.184,1753249646,d7cb2127
1897198418581828096,更像是Freestyle的,2163.42,1753254875,6f99a845
1897285342076082688,中东人好爱用具体的比喻 好玩,2241.494,1753265237,290bcf14
1897353535075926016,哇伦儿讲得很好,2457.048,1753273366,bbeae81b
1897433976919450368,AI可以帮你炒作 帮你买热搜 买水军 坏的也会变好,2340.159,1753282956,d844b0d7
1897838265261261568,ai创造现在最大的问题是版权，它的数据哪来的？,2329.257,1753331151,9cdf46e6
1898170337209376256,伦是有文化的,2407.645,1753370737,c4640bae
1898593071588396800,不指定的话会长和杨迪肯定会控场的，不然非正式会谈就变成非正式广告了,2170.649,1753421131,ae954710
1898594159171501824,这个点很对啊，其实观众也是作品的一部分,2314.377,1753421260,ae954710
1898594721166096128,是的，没法取代艺术先驱者，但是人类多久才会诞生一个艺术先驱者呢,2398.763,1753421327,ae954710
1898858478203265536,AI是能画出来的，但是目前AI还没有真正创新的能力,2354.986,1753452770,85cd1b5c
1899282247644146688,伦说的超好,2450.24,1753503287,c89ae7d7
1899389604638008064,这样就意味着只有大画家才能生存,2315.347,1753516085,422009b7
1899968866063992832,钟逸伦的观点好到我想记下来,2407.551,1753585138,85e961e3
1899971539840366080,是的，有时候ai出来的东西是不实际的，属于给你描述的天花乱坠但其实并不实用,2516.355,1753585457,85e961e3
1900045394068096512,萨沙是不是deepseek了,2365.82,1753594261,37dfb466
1900699314750768896,AI不抽象,2514.068,1753672214,10555ed6
1900775830246937344,完全同意伦儿的观点,2435.304,1753681336,a9930091
1900996813578880512,"很简单，好的创作,有灵感的创作不会被取代",2425.093,1753707679,1606bf27
1901031552633139456,这不兴叫哈哈哈哈,2498.047,1753711820,c35a3236
1901722114823131392,是抽象,2352.846,1753794142,5adbede8
1903867788553414144,这个议题可以看当下社会在机器大生产的时代我们总是追求手工工艺但是再看我们在什么东西上追求什么手工,2232.109,1754049926,8d3fe83f
1904376810779811584,翻译作品是再创造，当然属于文艺作品了,2280.086,1754110606,21f73640
1905336105902178560,1111,2456.232,1754224963,94dc5d7b
1905386536745115904,数据量都是过去的，像ai创造的一些画作都是基于历史风格，没有未来的风格。,2288.044,1754230975,2ad516b
1906081274615969024,制造业，，,2184.094,1754313794,6748a4fa
1907510299724980992,没错,2175.769,1754484147,f5dd2f0d
1909633496364914688,感觉好多代表还有别人不了解ai画画的原理。那真的就是裁缝大集合,2203.365,1754737252,142fcb13
1916012736815445248,有几个确实在搞艺术的，大部分只是在所谓的艺术行业里混口饭吃而已,2297.01,1755497717,272ec1ba
1919515972591515392,ai又不能原创，出来的东西都是人家已经有过的,2324.575,1755915335,d61f036d
1919765655767985408,确实,2390.9,1755945099,39b1306c
1920593694097511424,但是那么多人之中又有多少个大师呢？千里挑一。只能说大师难以被AI替代，但大多数普通人是很容易被AI替代的,2364.264,1756043809,288a6e7
1921471313504249600,哈哈哈哈哈哈哈哈哈哈哈哈哈哈哈哈哈哈哈哈哈哈哈哈哈哈哈哈,2384.908,1756148430,d0352b3
1924730497872245504,但是很多人其实也只是围着光圈内打转，只有少部分是能发出光的哇。ai无法完全取代，但是ai取代大部分工作应该是必然的,2449.995,1756536955,90bb401c
1937410966522432000,不愧是高材生,2428.936,1758048584,664fbc21
1944395634396738304,可是艺术的标准是很难说清的，尤其是超越时代审美的艺术,2372.895,1758881222,952047f4
1946596116557161472,同传不可能，比如自古以来，中国有句老话，你怎么翻译,2271.392,1759143540,24bc755
1953032408702466560,哈哈哈哈哈哈哈哈哈哈哈哈,2390.919,1759910805,6e0df0f6
1964145062028178176,哈哈哈哈哈哈哈哈，怎么我在非正还能听到黄子,2469.118,1761235537,f260f6db
1965470285503505664,但是现实中其实有一些需要创作的。工作他确实是会被AI取代，因为作为商业用途，AI的那个程度是完全够用的。这是我们一个从国内大厂离职的老师跟我们讲的。因为他们当时在做东西就已经套模板用AI。,2380.266,1761393516,d0b3063b
1965962475476472064,梅丽莎好好看,2271.709,1761452189,5c1cccf8
1968996492291897088,好啦ai取代不了伦儿,2435.324,1761813872,269700bc
1969411312866597120,如果人类不再进步 那AI还会是AI嘛,2414.221,1761863323,7ed3ebc
1985133228776545024,翻译读空气什么的感觉能训练,2278.757,1763737521,55203a50
1985134760192303360,可以训练,2518.973,1763737704,55203a50
1996728559007878656,ai应该是从1到60，而人是负责从0到1和从60到100的,2430.868,1765119792,74ba3500
2056102682372178688,ai模仿的只是形式,2363.539,1772197739,fa9ad547
2082958314446724096,AI只是提高效率的工具,2221.713,1775399180,a4d2be15
,,0.0,1775683732.8000336,
lb.c,,0.0,1775683732.8000336,
,,0.0,1775683732.8000336,
1895737410512720128,感觉这个有趣1,2795.193,1752988764,39108e46
1895738094108774656,意识,2662.0,1753003029,6653a374
1895738218117566720,我更喜欢作品独立于作者存在,2704.182,1753012025,729cd479
1895738283766812928,除非ai哪天学会了思考和不按常规，但是人类会允许这样的它们存在吗,2540.067,1753010137,10294f3d
1895738567352094976,主要是用得少了吧,2862.128,1753022489,61f1cb93
1895738632992952576,超超太美啦,2555.795,1753022069,1f0a24fa
1895738636633608448,真的很爱Dylan，每期必cue，哈哈哈,2649.068,1753021557,6e443ff5
1895738730552463616,deepseek是这样的！,2522.65,1753021395,6e443ff5
1895738777964876032,大左又困了,2711.853,1753025162,d6bfe3aa
1895738899238981888,阿雷一定很有语言天赋,2864.374,1753026188,3b5559de
1895738997712851200,加字游戏,2829.421,1753054603,5dbe0dac
1895739267607924992,西语里的人称变位和阴阳性很有意思，我，你，她，他，您，你们，我们，他们，她们，您们,2804.071,1753072834,293203a
1895850139940747008,工作报告AI的确是好帮手！,2543.657,1753094148,416bbb9a
1895921119618453248,作品和作者根本无法分割啊,2714.73,1753102609,e1f0140c
1896012893708357120,ai没有人生，但是ai有你们呐,2743.137,1753113550,698bab0d
1896065447497910528,语言环境很正常手能生巧,2876.525,1753119814,cc2734ec
1896479661995797760,Blade Runner,2645.459,1753169193,130b1ee9
1896654942690213632,中文是积木并且是榫卯结构,2830.122,1753190088,89807551
1896772345109555968,词根词缀 哈哈哈哈哈哈,2818.729,1753204083,1f9c8d2e
1897102321968798464,不知道为啥这个话题老是让我想起崩铁里的博士尊，我们强大的智识星神,2549.068,1753243419,f5a06ba5
1897196758887995392,AI代替不了艺术家，但AI能代替打工人，作为普通人的我是焦虑的,2757.811,1753254677,b0fb79b9
1897363087586601216,是的 英文是树形语言,2824.014,1753274505,84203b4
1897872503666875648,超超说得好～,2569.221,1753335232,c76fd2
1897944087584629760,来了看预告最感兴趣的话题,2788.137,1753343766,9cdf46e6
1898191646873602816,我靠，这个观点让我耳目一新,2536.947,1753373277,f0071fca
1898587064925435904,这个话题好！,2795.805,1753420415,a18ccce
1898596254410661632,ai如果把微醺状态也建模了之后可能就能复刻了，并且能随意还原,2581.86,1753421510,ae954710
1898596665712523776,确实，一个平庸的内核很精准,2640.395,1753421559,ae954710
1898861636539289344,而且目前可能觉得觉得AI的有些图或文字有灵性实际是观众自己的赋予这些东西的主观体验是观众自己的灵性不是AI的,2668.317,1753453146,85cd1b5c
1898899350840110848,是不是ai的记忆能力有上限的原因？,2636.01,1753457642,2ddb40c0
1898913616263543296,ganghood这个真的不是广东华侨带去的词吗江湖的粤语发音啊哈哈,2769.624,1753459343,e8831434
1899395980466646272,大左那个表情，哈哈哈哈哈哈,2727.784,1753516845,2a7b6daf
1899451219231916544,因为没有坚持每天都用ai跟它进行大量互动给它数据样本支撑，所以我认为每个人用的ai都不一样，我觉得我的ai还是挺像我的,2647.849,1753523430,cb8fc6d6
1899934260052788480,中华文化的包容性哈哈哈,2849.24,1753581013,ae954710
1900015569328667392,好喜欢这个话题,2795.283,1753590706,85e961e3
1900048826854286080,那人的灵魂是电子信号吗，如果是，那人有没有可能是超级精细的碳基“机器人”,2655.645,1753594670,37dfb466
1900281300003517184,西部世界的核心就类似这样的,2602.68,1753622383,cd73212b
1900285629850936576,确实起码目前的ai画作没有人画的灵气,2557.858,1753622899,21100105
1901048146860625152,这棵树的动画是ai生成的吧,2803.727,1753713798,bba3e7b3
1901659990159627264,对，写文也是太高大上了，不接地气,2520.306,1753786736,105f52db
1901679859307668992,前面的，你把ai想得太厉害了,2738.443,1753789104,8c5fa1a1
1901694474971820544,知人论世是解析作品的一个重要观点,2714.601,1753790847,bb1af361
1901807782567905536,小熊说法语的表情好可爱,2871.945,1753804354,6b233d5a
1902175987245469952,灵韵,2668.184,1753848248,3fc3c7dc
1903102126856042240,人的反应和情绪千变万化 ai需要基于data来学习复刻 但人心和思想复刻不了 因为你自己都不知道你到底会如何啊,2743.891,1753958652,95e70b5d
1903911544119548672,机械劳动（报告、PPT、标准化文案等等）确实适合AI,2552.306,1754055142,c29ddf0d
1905283396587498240,我也有这样的担心，毕竟大的发现是要在小的累积基础上的。如果这些小的方面都被ai包圆了，人类还会有大发现的灵感吗,2568.797,1754218680,1739167a
1905322044405448448,心理学本来就有灵魂,2690.41,1754223287,f73e1df3
1906144811317396224,我以前学英语的时候，也会想外国人学中文的体验是怎么样的,2818.823,1754321368,de5d2566
1906664836822229760,所以说语文考试里的阅读理解靠标准答案就很扯,2687.504,1754383360,16673124
1906696462252080384,感觉伦儿是语言限制了发言,2529.891,1754387130,64b0d079
1906886153408858112,好适合我英专生来听 ,2814.7,1754409743,937fdd57
1908206015506796288,ai不可能成为艺术家 这句话有问题吗？,2749.178,1754567083,d8a8f583
1910400646260643072,喜欢这个论题,2802.046,1754828703,8815c960
1912295074109538048,前面的也可能没有理解什么叫创作，ai可以实现艺术产出，但跟创作还是差远了的,2744.468,1755054537,a8fe5ea9
1912306335295954944,怪不得我学英语困难,2848.344,1755055879,cdc7bc83
1914618808048601600,说的好好,2678.049,1755331547,39959bed
1914619278565804800,大左看手机哈哈哈,2728.618,1755331603,39959bed
1915193156341953792,现在ai就是一个全领域博士只是专家。他只是没有真实世界的更多样样本数据,2569.108,1755400015,23dde82b
1915445346528739072,电脑病毒：我来看看怎么个事儿？,2576.487,1755430078,aa8cb2c6
1915986185612797696,“就没电了”哈哈哈哈哈哈哈哈,2591.443,1755494551,cd971f7f
1916852564402818816,江湖不是打打杀杀，江湖是人情世故wu～～～～～～,2764.246,1755597832,ebcfcea3
1919268751279502848,这只能证明如今的AI还不聪明，还不智能，难道AI技术不会变得更厉害吗？,2612.277,1755885864,8ff620f
1921321382714216960,信息熵大,2841.927,1756130557,c8faf44f
1922681235663422464,如果AI真达到这个高度，那AI就不是AI了，人类也危险了,2697.724,1756292664,bc17ebe1
1926387262783289344,人类作为个体，生命体验是有限的，而ai作为更高级的文明，或许会不会被我们想的太简单了。,2771.566,1756734456,d0244f28
1928566961126791424,他说的太绝对了，ai技术刚刚起步，未来的发展是不可预知的,2749.14,1756994297,cfd3a899
1928568074974780160,英文是孤立的好吧，中文是组合式的,2834.7,1756994430,cfd3a899
1952531056876225024,如果AI能够有自我意识和思想，AI就是人，人退为动物,2715.729,1759851040,3d553d69
1996732419327971328,中文很简单很适合其他民族学习 所以中国才会是一个多民族国家 并且从不排斥其他文化海纳百川,2835.006,1765120253,74ba3500
1999292041175421696,Ai man姐吗哈哈哈,2602.201,1765425383,e4630f95
2027802308762818304,这个观点好,2541.215,1768824072,8f58d927
2045095330529259520,这个想听很久了！,2795.731,1770885561,e6d149b0
2069023283827016448,AI可以创作，但是每个人有独属的成长经历，他创作的东西是独一无二的，所以替代不了个人,2739.673,1773737995,6b2b33d2
,,0.0,1775683732.8000336,
lb.c,,0.0,1775683732.8000336,
,,0.0,1775683732.8000336,
1895737617359016192,哈哈哈哈,3218.723,1752993544,a4557f7c
1895737713425355008,但是中文商务场合也会这样，中文也有客气和礼貌,2976.263,1752992710,5866b398
1895737727702765824,但是中文之前也这样，白话文运动时就有胡适“干不了，谢谢”“才学疏浅，恐难胜任，恕不从命”的案例,2975.656,1752993017,5866b398
1895737820195557632,哈哈哈 我第一遍也在疑问 你不是医生吗  结果发现卡在了中文上哈哈哈哈哈哈,3227.366,1752997558,fbf64f60
1895737998369591552,好喜欢伦儿讲故事,3143.561,1752999620,7b5f275c
1895738106876236032,伦的冷知识好多哈哈哈哈,3121.118,1753010691,450eca7a
1895738131496800512,英语四级准备,3180.027,1753009480,8fd891b1
1895738136966172928,德语出来说话,2889.523,1753008855,47376c28
1895738139700859136,日本文化有些过于客气了，反而成负担,2979.348,1753006769,13ee2db9
1895738374950981888,日文的语法结构太麻烦了,2947.238,1753012693,58c62de
1895738385889726720,语言环境真的非常重要,2880.638,1753014675,c0184399
1895738605637701888,哈哈哈，西语信息密度太低了,2887.48,1753021179,913778e0
1895738888291848448,和语言背后的语境文化有关的,3004.846,1753030941,5404f33
1895738956675780864,日语真的，可能是因为日本人很容易不安所以很喜欢叠甲,2968.764,1753036550,7a1afabc
1895739047859949824,伦儿个学霸知道的可真多啊,3138.994,1753066617,91850ea9
1895739281281356032,这解释也是费劲，中文六个字解决：有根源无系统。,3165.086,1753078062,1ea53aa5
1895813671943725312,说英文是因为没学过其他语言hhh,3058.228,1753089800,18de2fc4
1895885303986710784,七月八月是纪念凯撒和屋大维硬加进去的我记得,3103.283,1753098340,db27ad6e
1895963615233216000,月天~~~~,3088.264,1753107675,bb240a6
1895984463582683136,伦儿好棒！,3141.672,1753110160,692c8ed6
1896199650127027712,Medium well steak,3202.601,1753135813,74e59e26
1896307962851638528,Mayday！Mayday！,3084.608,1753148725,b748a01c
1896408715746876416,原来如此，怪不得烷烃的英文名是这样命的,3130.385,1753160735,30eb9777
1896433111504550144,月份的英文在西方文化中也算是历史文化的体现,3081.902,1753163643,a076c47d
1896450535448673792,杨迪太有意思了,2936.319,1753165720,9ec95bfa
1896482053151608320,文化语境不同,2926.889,1753169478,130b1ee9
1896482757568255488,看过日语邮件的结构 那是真含蓄啊 好像说“不”是天大的错,2948.052,1753169562,130b1ee9
1896753204394875904,店家不想给别人用，为什么还要设置自己的店名为WiFi名啊，这样每次都解释多麻烦,3049.958,1753201801,2677cf4c
1896946225677535744,是凯撒和奥古斯都加的7月和8月打乱的吧,3129.064,1753224811,a5fb62e5
1897250225970898176,而且13月 和 星期八这种说法 他们只能重新创造一个词,3115.972,1753261051,c5e94360
1897407157516052224,就像知道奶奶的礼物用俄语怎么说，真的那么长吗,2896.574,1753279759,d849b843
1898582067882162432,日本人说一个句子 一半都在委婉,2941.965,1753419819,76036370
1898588868694397440,敬语地狱,2954.96,1753420630,a18ccce
1898590585045603584,这个是历史上的语言融合因素吧,3060.517,1753420834,a18ccce
1898665512134126080,说普通话久了会忘记方言,2905.249,1753429766,b0850c04
1898850951616771840,为什么要留下殖民的痕迹,3157.268,1753451872,ef8bd67d
1898937681158312448,还有星期,3074.909,1753462211,b465622b
1899312426064304384,中文好比压缩包,2881.612,1753506884,714d1f13
1899359596045350144,哈哈哈哈京都人,2942.526,1753512508,48caf715
1899668818784674048,这是人为的，任何国家要是愿意这样，也能在表达一个简单含义时去延申自己的句子,2968.119,1753549370,395ce43e
1899936646569887488,还有星期。日语也要再背一次,3072.627,1753581297,ae954710
1900498638082942464,懂日语的可能会懂吧 真的巨长一段,2997.345,1753648292,8205cc06
1901004936989475584,其实赖赖的发言都挺有信息量挺好的,2962.898,1753708647,2c9403ee
1901005262887011072,好温柔啊,2994.395,1753708686,2c9403ee
1901007210696225280,日耳曼人,3145.006,1753708919,2c9403ee
1901007274919789824,棒棒,3148.423,1753708926,2c9403ee
1901007503156656384,原来如此,3165.412,1753708953,2c9403ee
1901007627769515776,很详尽诶 原来不知道,3169.51,1753708968,2c9403ee
1901036066467942912,唉确实会有些容易导致内耗,3036.179,1753712358,c35a3236
1901601973363943680,中文是象形文字发展来的,3076.554,1753779820,92f8c01f
1902328538762730496,反了,3049.595,1753866433,89ed58e
1902903884662556160,一个Wi-Fi都这么抠啊,3030.227,1753935020,96f86921
1903773304859711744,非常容易不安的日本人,2947.431,1754038663,5eebbb86
1904212771181454848,主谓宾主系表的顺序是一样的,3210.693,1754091051,4213efaf
1904516264131825920,正常吧,2882.476,1754127230,3e5e834
1904516761693761280,哈哈哈,2941.821,1754127290,3e5e834
1904516806791007488,晒伤妆,2947.196,1754127295,3e5e834
1904519028052442624,混了是吗,3179.667,1754127560,3e5e834
1904710780163548160,你习惯了，完全没问题,3083.008,1754150418,1606bf27
1906026731576451328,这个确实有点直接了，中式中也确实可能存在这样的,3018.666,1754307292,c8137052
1906684917807754240,英文比法文容易,3070.951,1754385754,1327ee61
1907637741270252032,呜呜呜英文里器官名词和病的名词和相应科室名词真的大部分完全不一样，太痛苦了真的完全不一样,3237.084,1754499339,ff8d4f0a
1907900244344148736,？我们大学老师都说英文天生自带逻辑……,3046.075,1754530632,21c98764
1907939231465567232,哈哈哈哈哈哈集合,3078.613,1754535280,27e7f95a
1908208058292258560,日本好累,3042.943,1754567326,d8a8f583
1908238397278553600,想委婉也可以委婉呀。只是大家觉得太装不那么说了,2986.636,1754570943,a4b37ddf
1910303699142508800,所以我总觉得他们说话烫嘴？,2905.236,1754817146,664d29dc
1910306040881807360,忍。哈哈哈哈哈哈哈哈哈哈哈,3034.062,1754817425,375127a9
1910306198109537280,濑濑刚来时候的梗,3034.062,1754817444,375127a9
1915449847520377088,动物名+肉表示某种动物的肉。这是几千年沉淀下来的智慧,3051.605,1755430615,aa8cb2c6
1915991236444326656,萨沙好搞笑哈哈哈哈哈哈哈,3217.489,1755495154,cd971f7f
1916226599335198464,donde donde,2931.706,1755523211,41d23346
1916228677268589568,wow,3173.682,1755523459,41d23346
1916315156007532032,前面的，除了没有小贝拉逻辑,3181.139,1755533768,299590f4
1916619295518292480,哈哈哈哈哈哈哈,2919.677,1755570024,51f2909e
1919962561386910208,不安,3011.16,1755968572,3bd57624
1920500537993289984,这个就是我想吐槽的，英语的日期真的好难记,3060.432,1756032704,7b3cb016
1923466522425711872,伦儿才是真正的博学学霸,3150.234,1756386277,a82a2ebb
1929348917360019200,其实中文更没有逻辑，就是你想怎么说都可以，主要就是看积累量了,3057.608,1757087513,467053b4
1932308120081196032,我第一次在国外吃牛排 说五分熟 five，服务员大问号,3201.353,1757440278,52ac390e
1938326182697830400,对对对，这个很麻烦,3032.573,1758157687,69dfa122
1944620545828698368,10个月 那年都要过错,3124.155,1758908033,1875fd96
1960152989767726848,词源太多，还要混着不统一,3101.673,1760759645,7bf5ae5
1960315171222860288,商务对话,2985.653,1760778978,99cb8cc6
1970391830956991744,英语学渣产生了一些不好的回忆……中文换个字就能表达清楚的事儿，在英语里面要挨个背单词,3201.922,1761980210,f517d2b4
1971032280625968128,这不叫逻辑，这叫历史渊源，如果英语本身有逻辑，他就该根据自己的语法规则来解释这些东西，而不是照搬别人的,3173.232,1762056557,9574db04
1986522542408234752,著名“星期八”哈哈哈哈,3064.179,1763903140,2a9d92f9
1988680519910594304,好可爱的语气啊,3211.732,1764160391,c847ffba
2015997122545654016,凯撒大帝修改了历法，十个月变成12个月,3118.741,1767416784,ae954710
2029776380103077120,都去店里吃饭了还不让用WiFi确实不厚道,3021.134,1769059400,361d239
,,0.0,1775683732.8000336,
lb.c,,0.0,1775683732.8000336,
,,0.0,1775683732.8000336,
1895737449360363776,哈哈哈这个音效,3434.307,1752989690,dd38837b
1895737554259906816,汉语自带超链接,3502.689,1752990382,7e894dc7
1895737698191642880,英文不是也有一些语气词吗,3463.7,1752993765,534bf33e
1895737702964760832,现在小孩学典故也是这样的,3515.271,1752993777,5866b398
1895737848280617216,所以他们上大学贵的要死,3301.863,1752995548,136254b6
1895737891691663616,如果目标是跟人勉强交流的话，很简单,3388.746,1752996103,7864b331
1895737902630408448,哈哈哈哈哈哈,3542.495,1752996835,e868d6e6
1895737928165331200,对啊对啊，本来就是啊，所以那些鼓吹国外如何教育平等的，本来就是扯别的，首先连语言就是不平等的门槛很高的,3270.78,1752996508,e868d6e6
1895738086819074304,感觉我和听英语一样,3398.682,1753007529,2f987c3c
1895738104141549824,我听英语听力也这样,3398.818,1753008039,fbf9b322
1895738124207100160,这里应该是well,3591.94,1753002948,90a344d5
1895738260068995328,语言浓缩ww,3415.286,1753013167,58c62de
1895738461571748096,亚洲语言普遍是这样的，主要还是大中华地区辐射,3581.0,1753014800,b345a1e6
1895738525392277760,我也发现了这个问题,3257.235,1753015917,6ee65ea5
1895738653964472576,此处BGM已经日本风格,3569.688,1753025562,226099f9
1895738823556960512,太where了哈哈哈哈哈哈,3558.444,1753026489,8ad6ba0b
1895738935712649472,我感觉老王就这几期非正下来汉语都有进步了,3428.469,1753027972,8d665d98
1895738962153541888,其实我现在在英国生活，无论是跟哪个国家的人说话，我经常回答嗯，他们都可以听懂，真的很方便很中文的表达,3471.945,1753054895,973da82
1895738991337509120,前面啊？的点在哪里？？,3505.733,1753067454,43cb6c93
1895739004096581888,我也才知道,3285.669,1753033782,d5c5e535
1895739009565954304,哈哈哈哈哈哈哈哈哈哈,3317.609,1753068397,f7934ca3
1895739326890217728,成语是超链接，所有熟语俚语和歇后语才是压缩包,3537.481,1753078668,1ea53aa5
1895809281815646464,最惨的是日本人，在这些基础上还要翻译成片假名背,3285.983,1753089277,d2fc1204
1895891365066548224,汉字自带压缩包超链接,3506.18,1753099062,1eeaccb8
1895906708459891456,哈哈哈哈哈哈哈哈哈哈哈哈,3542.014,1753100891,8223018c
1895917280982994176,弹幕呢？,3380.471,1753102152,4365b2b7
1895937886776867584,戴卢可是佛拉芒人,3461.641,1753104608,be52f108
1895945065151751424,1,3469.14,1753105464,83719079
1895974459136292096,老王这个手指的动物太萌了哈哈哈哈哈,3368.702,1753108968,c5fcbd94
1896736230398801920,迪伦想介绍哈哈哈哈哈哈,3285.135,1753199778,b9816bbd
1896738375130942976,哈哈哈哈哈哈哈哈哈哈杨迪太有梗,3552.143,1753200034,b9816bbd
1896773498131941888,不想听，不想了解医学法学这类太专业性的东西,3330.832,1753204221,b176604b
1897146857139167488,吧 吗 哦 ,3449.353,1753248729,35645b71
1897148948762767360,中文常用字2千～三千字，医学法律都能看懂（每个字）英文你得重学,3300.605,1753248978,729e3ab7
1897240958723524864,他是整形医生,3245.183,1753259946,c05066cc
1897344309032788992,HHHHH,3548.929,1753272267,e724095e
1897353674855129344,老王的汉语是靠“百家饭”成长的啊,3413.629,1753273383,d403eb94
1897959016110826496,我感觉日语表达比中文更模糊，但欧语系应该比中文清晰,3481.107,1753345545,9cdf46e6
1898037661450136320,没有语言是难的，融入当地都很容易学会,3360.179,1753354921,6ba6f998
1898147251440773632,学医的英文巨长一个单词,3249.832,1753367985,33c2f0de
1898595100549340416,yeahhh和“え？”的洗脑率也很高,3442.216,1753421373,a18ccce
1898595474438069760,好的，收到,3466.201,1753421417,a18ccce
1899889882369721088,然,3577.428,1753575723,3e3ca627
1899940569846165248,英文里的humm不就是这种意思吗,3483.17,1753581765,ae954710
1900248293867858176,看吧~,3476.886,1753618449,1bd801ae
1900268259098969856,大学学心理学法学，专外学的人想死，开卷我都累死，必须背一些，不然翻都翻不到,3309.209,1753620829,68efaa5c
1900386229888349440,害,3588.413,1753634892,33977ab
1900504034642194432,而且现在还在一直造新词 网络迭代也很快,3536.387,1753648935,8205cc06
1901038009001065984,确实，会有专业壁垒,3267.74,1753712590,c35a3236
1901043281199645696,整形医生不背专业医学词汇吧,3248.477,1753713218,ae954710
1901055028312566528,嗯 用英语的yeah 不行吗,3513.992,1753714619,bba3e7b3
1901699298253806080,哈哈哈哈哈哈哈哈哈,3555.241,1753791422,bb1af361
1902215296740708608,中文一个哦～～～能表达很多意思,3489.451,1753852934,167a1194
1902491000623422720,生物学全是拉丁语,3260.405,1753885800,59b380d7
1903115360002498048,汉文人点了,3530.814,1753960229,95e70b5d
1904402415873511680,哈哈哈哈哈哈,3438.59,1754113659,6327891d
1904520475078927360,我也想听伦儿讲历史,3336.829,1754127732,3e5e834
1904713978178131968,你会不会说重要的是环境问题，像我现在的应试教育，会看和阅读英文，写和说就很差,3417.528,1754150800,1606bf27
1904714897275852288,很多更复杂的，很多中国人也不知道,3523.445,1754150909,1606bf27
1904715420767052544,不就是看语气的吗,3577.83,1754150972,1606bf27
1906688697462662912,小姐姐英文很好好听 不是脖子右柠哈哈哈,3466.311,1754386205,1327ee61
1907359113126774016,粤语无障碍～喺！,3563.437,1754466124,d9a3acb1
1908669758451742720,还有古希腊语,3297.211,1754622365,f41917e3
1910307226334185216,让伦讲下历史,3294.697,1754817567,664d29dc
1915992112592547840,我想听伦说,3296.419,1755495258,cd971f7f
1915994372726802176,四姐reaction好棒,3542.21,1755495527,cd971f7f
1916230844314519808,语言还是要在环境中学,3421.751,1755523717,41d23346
1919282737379220480,匈牙利语也非常难,3351.111,1755887531,8ff620f
1920520378267664128,意群,3403.007,1756035069,99536495
1921097014738263808,陈铭老师说的吧,3438.683,1756103810,bc1232f7
1921950390136930304,就跟中国的好字一样，有时只是表示听到你话里的信息而已,3576.112,1756205540,91f228fb
1926835259497439744,经常看着看着觉得他们几个老外把中文说这么溜好厉害,3412.989,1756787862,b97e7a27
1938829039104673792,笑死我了，这句话谁说的？,3434.256,1758217632,c1c7a66
1996737031745336320,并非,3352.126,1765120802,74ba3500
2011293092187681536,哈哈哈和我对日语的感觉一样，，，呆了10年多 后面觉得是没有尽头的,3529.002,1766856020,1bdc989c
2012585087044033536,这个确实 日本的法律和医学基本是学习德国 舶来词也是基本用德文音译,3321.095,1767010038,83537bde
2018529617530469888,秦嗨汉诺,3562.248,1767718681,a29de8f8
2021310047682553600,是的,3262.826,1768050134,9ae24a60
2035768047671333888,法律也是一样的。中国法律也一样,3275.017,1769773662,f466f7d8
2038743529190839040,先学字，以字正音，阿拉伯人有这个意识，所以他才能学这么快，欧美人完全没有文字的概念，所以觉得中文最难,3384.196,1770128367,7966ad44
2038746329182394624,表情语言，本来也不用翻译,3590.184,1770128701,7966ad44
,,0.0,1775683732.8000336,
lb.c,,0.0,1775683732.8000336,
,,0.0,1775683732.8000336,
1895737386328363264,哈哈哈哈哈哈,3617.105,1752987469,882cd619
1895737509229859072,哈哈哈哈哈哈哈哈哈哈,3676.144,1752989498,59dfb4d2
1895737583057998080,天啊，67个字母组成,3637.073,1752989336,eb069b0d
1895737632492065024,来个短的,3853.378,1752993748,6cf1571
1895737693435302144,哈哈哈不许总结,3609.164,1752993497,6cf1571
1895737816580067584,这里字幕错了，表音文字,3890.122,1752995204,5579ad8f
1895737979226788096,这一季字幕太多错误了，怎么回事啊，中文外文都错,3896.211,1753006124,aab7b18b
1895738066770301184,日语和韩语是不是也是？只要会拼都会读，但是意思得再记,3906.105,1753001542,545954c8
1895738087733432576,哈哈哈哈哈哈哈哈哈,3845.99,1753000556,7b5f275c
1895738152468320512,哈哈哈哈哈哈哈好可爱,3651.946,1753012041,d93d12d4
1895738180737929472,巴别塔,3742.261,1753008044,a62ceb35
1895738275562754304,英文就有刚刚说的英法问题导致逻辑混乱,3943.0,1753015298,b345a1e6
1895738327530180864,日语是半拼音，保留部分中文,3886.0,1753015152,b345a1e6
1895738332093583616,象形文字就是比拼音文字要方便的,3886.0,1753015173,b345a1e6
1895738336648597760,所以传播效率很高，且没有文化断层问题，所以逻辑一直能保持,3943.0,1753015269,b345a1e6
1895738357620117760,想起之前看的用各国语言唱知否。到俄语就跟念咒一样,3849.285,1753016974,910793e9
1895738458845450496,啊啊啊最喜欢听大家聊各语言的特点！这是我当年看非正的初心,3614.056,1753016407,a354f0d2
1895738658519486720,愚者无畏也是一个压缩包呀，它不是常规的意思，俄语也可以生成一个压缩包,3826.746,1753025972,fe92a296
1895738785262964992,哈哈哈哈哈哈,3817.962,1753023551,ef8f951e
1895738933883932928,头晕了,3644.316,1753035085,13a0d4c4
1895738979476017408,确实，看小Q联合国的时候同传俄语的信息密度好低,3838.236,1753041245,cdfc31da
1895739066096783616,哈哈哈哈哈有意思,3612.271,1753067134,91850ea9
1895739104407556352,突然想起之前埃及代表穆小龙的名字也很长,3658.216,1753041498,4e76690
1895739162750324992,尼采：事情没有对错 只有视角不同,3726.186,1753073245,cb0b74b0
1895739177338114304,哈哈哈哈哈大家注意有位烫嘴的德国人要来啦,3629.774,1753067187,91850ea9
1895792428078861312,还真是,3941.511,1753087268,3a31dcb7
1895853082563739136,好漂亮啊,3705.421,1753094499,dc02669c
1895873710125642496,湖南话“搞”也有好多意思。,3601.591,1753096958,29a218df
1895907346799683328,翻译是代表自己翻译的,3697.145,1753100967,d0a706e0
1895978079743661568,decode（语言学人惊坐起,3717.032,1753109399,c5fcbd94
1896108421095192320,姐姐的专业和今天的话题好适配，语言差异,3706.185,1753124937,7388c77a
1896515341271146240,我喜欢这个话题，有意思,3616.444,1753173446,b99d4a1f
1896518162234223872,信息熵,3876.963,1753173782,b99d4a1f
1896543132645330432,这颜值，太好看啦！！！！,3695.311,1753176759,832cc876
1896780626377012736,不动产超级抵押,3636.607,1753205070,1f9c8d2e
1897154366721285632,我又要骄傲了，联合国文件里，就属中文那本最薄（叉会腰）,3813.058,1753249624,729e3ab7
1897941956827989760,都在酒里了,3865.043,1753343512,8b93c9d9
1898002374233537280,好像现在学校初学英语不给学音标了？,3917.24,1753350714,2a453a04
1898102017021935872,满分5,3789.416,1753362592,b29ebb7b
1898156268347363072,我记得我初中那会有学音标 但是不会重点去考,3923.454,1753369060,33c2f0de
1898512243499875328,大左表情笑死我了哈哈哈哈,3865.395,1753411495,4b7d9bf5
1899331643441710592,哈哈哈哈哈哈好可爱,3679.808,1753509175,1091612d
1900180799328848384,确实像吕一,3719.965,1753610403,115a0075
1900386773294106880,不对不对,3653.208,1753634957,33977ab
1901012436203785984,强行闭麦,3615.255,1753709541,2c9403ee
1901013060701833216,字幕乱回了,3657.418,1753709616,2c9403ee
1901170929900720384,还确认下对不对哈哈哈哈,3831.848,1753728435,aa15251e
1901171333829032960,给陈铭总结累了,3859.411,1753728484,aa15251e
1902159930518213632,六书,3947.484,1753846333,705b52ba
1902331185083402240,大学选修语言学讲过这个区别,3951.181,1753866749,92f8c01f
1902335700813538048,分析语,3890.528,1753867287,89ed58e
1903671238854313216,大学老师也一直强调要用外语的语境去理解外语不要纠结于对应中文是什么,3741.737,1754026495,b7a9b2eb
1904763067708153600,萨沙真一点口音没有啊,3759.038,1754156652,ddee2dcd
1905858903875679232,梅丽莎中文好好,3688.86,1754287285,7becfa2e
1906691517007991808,德语也是,3801.725,1754386541,1327ee61
1908906630024663808,俄语∶入门即入土，但不得不说俄语听起来是真的好听,3783.319,1754650603,43d421ca
1913917196015940096,法语也是,3808.423,1755247909,62e4d313
1915995900275556352,好喜欢梅丽莎,3713.265,1755495710,cd971f7f
1916030022574273280,语言的背后是思维逻辑,3695.995,1755499777,272ec1ba
1916079700078810368,忙啊，忙点好啊（doge）,3835.762,1755505699,746f4806
1916625392777953536,很有意思这趴,3621.459,1755570751,51f2909e
1920356151963837440,韩语就是,3912.685,1756015492,954b058c
1920523017751516672,专业的来了,3686.052,1756035384,99536495
1920524371614198784,对!!!!!!,3843.108,1756035545,99536495
1921484775709746688,又美又有学识，太厉害了姐姐,3711.137,1756150034,d0352b3
1921487725823974144,标注拉踩还是没必要哈哈,3945.676,1756150386,d0352b3
1924956553183220992,俄语语法确实难,3781.888,1756563903,e498a6f4
1928311481842799872,我怎么看到了autumn,3673.982,1756963841,272b951b
1929831823954261248,终于说到重点了，一维语言与二维语言,3932.368,1757145080,df7cc456
1937964820096246784,及格了,3795.295,1758114609,ea665755
1940204146955817728,这段话题讨论味道对了！！,3623.895,1758381557,add21500
1947129987367245056,萨沙有口音的，东北口音哈哈哈哈哈哈,3767.265,1759207182,ecb24fe1
1954999544181936896,我们是造字，其他语言是造词，我们是组词,3892.371,1760145306,fb6e727e
1960973806940170496,还有俄语的字感觉都一模一样233,3802.199,1760857494,8b1c7d51
1965271622538264320,字和词不一样啊，汉语的词能数清吗,3769.495,1761369833,b509e6de
1966180469729066752,对的，中国还有很多种方言呢，都是文化,3734.607,1761478176,33978299
1983664562083361280,老王的哇太可爱了,3664.275,1763562443,c53f17b0
1985149511878330880,陈铭没有总结的终究还是要来的,3681.241,1763739462,55203a50
2004619822436624640,上文言文,3868.638,1766060504,ffa3828d
2038747074585654784,这更像造了个固定搭配短语，而不是单词,3646.077,1770128790,7966ad44
2057933376119917312,好漂亮,3689.333,1772415975,dc69dd68
2072056217312398080,母语是汉语好骄傲啊,3882.558,1774099549,f82fb2da
,,0.0,1775683732.8000336,
lb.c,,0.0,1775683732.8000336,
,,0.0,1775683732.8000336,
1895737662774939904,再次安利陈老师的有聊，想了解陈老师对一些话题或者事物的看法的一定要看,4023.906,1752994396,534bf33e
1895737685701005568,俄罗斯女排功勋教练卡尔波利,4271.389,1752994558,7b2fe900
1895737697243730176,俄罗斯队那几年发挥起伏很大，拦防水平下滑了很多，换谁谁都得生气，卡尔波利老爷子不生气才怪了,4283.614,1752994661,7b2fe900
1895737894426349824,还真想听下去,4177.285,1752997978,c7bc6e63
1895737925430644992,不想听,4197.99,1752997336,ca646aae
1895737966459326720,哈哈哈哈哈 我开始逐字学习  doge,4196.912,1752998636,fbf64f60
1895738073137254656,中文是超链接语种,3984.747,1753006704,39499903
1895738140615217408,哈哈哈哈哈哈哈哈哈哈哈哈哈哈哈哈哈哈,4310.057,1753009910,259fe52
1895738233619714304,陈铭老师还想听！,4182.484,1753007774,53b79af0
1895738266444337408,的确，中文很感性,4124.538,1753015157,ef682fb2
1895738305652691200,这个好有意思哈哈哈,4208.39,1753014222,b1b00e21
1895738500780101888,man,3975.847,1753018973,f4eb18b5
1895738511718846720,音译在中文里很少见的，因为我们几乎啥都有对应的,4145.0,1753015534,b345a1e6
1895738631164236032,所以中文真的很美,4112.951,1753025099,a7349199
1895738649401069824,喜欢听陈铭老师说,4192.35,1753025462,105f8ab8
1895738683140051200,粤韵风华请你来学,4228.784,1753024098,99272c49
1895738787997651200,语言这个可以多出几期,4134.263,1753026762,d6bfe3aa
1895738869149044992,偏误,4027.411,1753027772,838e3436
1895738996798492928,哈哈哈哈哈,4203.489,1753035239,187c324
1895739035092488448,还想听,4147.312,1753067760,91850ea9
1895739036006846720,喜欢陈铭老师这期的总结,4148.159,1753035184,187c324
1895739102570451200,哈哈哈哈哈哈哈哈哈哈画,4154.529,1753069234,f7934ca3
1895739191011545344,Hahahaha ,4072.191,1753068882,8c10ef2b
1895793939530218240,嗷～都是……   太地道了萨沙哈哈哈哈哈,4258.574,1753087448,d8c0c6fa
1895917244123625472,希望陈老师说完，简直是精华部分哇,4200.455,1753102147,7d881d54
1895984355831034368,白帝圣剑，御剑跟着我,4280.148,1753110148,25b891ad
1896017901253990656,优先使用枝丫哦,3982.02,1753114146,487f1d6
1896022503672487424,这里也有佛（,4070.515,1753114695,698bab0d
1896322597734351360,中国诗真的作为一个中国人很骄傲，太美了，意境美，有的读起来也美,4105.965,1753150469,996c2fe2
1896460121219883008,好像是这样,3981.646,1753166863,9ec95bfa
1896520846001502976,但是这个总结我喜欢，涨知识,4086.27,1753174102,b99d4a1f
1896521961702968320,还想听，再说个五块钱的吧,4156.119,1753174235,b99d4a1f
1896676574695453952,普希金,4263.726,1753192666,54d3f224
1896725566901062400,哈哈哈哈哈哈哈哈哈哈哈哈哈哈哈,4310.07,1753198507,22445c1f
1896730106723395328,哈哈哈哈哈哈哈这期太有意思了,4209.816,1753199048,9cb4590f
1897010015916183808,对对对跟机关枪似的整个赛场都能听到,4272.545,1753232416,d539e6d1
1897077275255051776,哈哈哈哈哈哈哈哈哈,4190.698,1753240434,3c157400
1897174036765635072,陈老师的总结太棒了,4168.585,1753251969,edbe14cb
1897392318966345984,或许是“道”，但也确实不完全一样,4138.271,1753277990,bbeae81b
1897423909876315136,语言都基于一定逻辑啊，像一个公式往上套，怎么没逻辑了，汉子的构成组词都有逻辑思维啊,4200.979,1753281756,d849b843
1897862636431858688,没听够哈哈哈,4177.458,1753334056,c7d94c30
1897882039651485952,鸟语花香,4319.548,1753336369,5e6db3f9
1897898935013042688,可恶啊这次刚好是我感兴趣的话题,4161.582,1753338383,47a0e8bd
1898160146023362048,这点我作为留子真的深有体会 写英文论文的时候真的是一连二 二连三的感觉 不然会扣分的 但中文很少直接表达这么明确的,4143.613,1753369522,33c2f0de
1898164993313185792,其实古人造字也走过这条路，比如光马就有一百多种，骢骊骓骏骥骁，后来发现这样下去不是个事儿，太麻烦了,3975.043,1753370100,a725bfc4
1898638624019697408,我还没听够,4148.66,1753426561,71afd37d
1898787820446409728,反而英语会听就能拼写出来,3998.591,1753444347,636af638
1899369447870135552,涡轮苏卡！,4306.429,1753513682,3873c0bd
1899754244643268352,我也特喜欢听,4184.346,1753559553,a03bc12f
1899892586974535168,萨沙,4214.495,1753576045,3e3ca627
1900097116832440064,可恶，真的回味无穷啊，陈老师你再讲会儿吧,4169.039,1753600427,664e896
1900296271730859520,哈哈哈哈哈哈哈,4317.511,1753624168,cd73212b
1900392088978706688,笑鼠了,4276.249,1753635590,33977ab
1900392259451958016,太好笑了哈哈哈哈,4296.513,1753635611,33977ab
1901016738342964736,中文是体验,4037.216,1753710054,2c9403ee
1901019576444265728,过分了过分了,4306.717,1753710393,2c9403ee
1901803584791174912,一点也不短，(◐‿◑)﻿,4062.857,1753803854,f40bc1cc
1902041048625348864,不是道，更像理,4143.516,1753832162,18259142
1902331840049217792,感觉中文好美啊，艺术,3990.092,1753866827,92f8c01f
1902332906249409792,中文是瑰宝,4117.378,1753866954,92f8c01f
1902468908746143744,下次是什么时候,4190.613,1753883166,23568bd4
1902949917157764864,言有尽而意无穷,4173.006,1753940507,ca017a5
1903624783280088832,喜欢这个总结！,4097.385,1754020957,f0de91b3
1903829280824533504,我也喜欢看总结,4089.384,1754045335,5f529759
1904583630937199616,赞同，中文逻辑不严谨，甚至会出现颠倒黑白的情况,4118.207,1754135261,b6ee8bbd
1904685207156790528,西班牙拿铁,3995.688,1754147370,7bcfa025
1904719537870318848,中文里面的山有很多很多种,4043.343,1754151462,1606bf27
1904720340727399936,是的，我们中文文字逻辑不强,4117.347,1754151558,1606bf27
1905164537058565632,主持人就是控场的，时长要他负责控制的，没办法的,4223.159,1754204510,630e768b
1905314751845161728,元素周期表,3987.742,1754222417,2eb47862
1905861314233136128,陈铭懂得好多,3967.821,1754287573,7becfa2e
1905869100798891776,你们要聊这个我可就精神了,4216.222,1754288501,acf5d39a
1906539827319374592,哈哈哈哈,4241.001,1754368458,58d57e1c
1906540589273325824,哈哈哈哈哈,4310.782,1754368549,58d57e1c
1906688755184680448,桶装水瓶装水.v,4007.948,1754386211,819e3004
1907523442576883968,绝了,4169.636,1754485714,f5dd2f0d
1907644947604512512,等红灯是在等绿灯,4082.438,1754500198,ff8d4f0a
1907980387771732224,苏卡起手23333,4316.445,1754540186,e06c8437
1910170930404237824,圈粉le,4176.937,1754801319,738a73b
1910230441924162816,陈老师唱了一段跳一跳,3992.914,1754808413,f1feee36
1914555673774369536,山峦峰,4041.505,1755324021,c8be969c
1914633198378391552,白帝圣剑哈哈哈哈哈哈哈,4283.877,1755333263,39959bed
1914709549752189952,太好玩了哈哈哈哈,4297.298,1755342365,7dd1e666
1915999561113992960,哈哈哈哈哈哈哈哈哈,4246.601,1755496146,cd971f7f
1916629292717141760,不会这集都是滴滴滴滴滴吧,4207.55,1755571216,51f2909e
1916847819730828288,老王对中文的运用很通感,4059.05,1755597266,b575b51f
1919200580753647360,喜欢的话题总是听不够，不喜欢的好长，譬如什么信息信息，看到就头晕,4182.566,1755877737,ab909100
1920259340867743488,哈哈哈哈哈,4082.777,1756003951,6fe7767c
1920526322502341120,如如不动,4063.914,1756035778,99536495
1921992866163510272,哈哈哈哈哈,4082.943,1756210604,82b54504
1928582631055161600,我不同意，山我可以解释为突出地面很多的土或者石头,4048.353,1756996165,cfd3a899
1929016966887768832,喜欢语言期,4125.882,1757047942,bd775eca
1929832194772670464,这就叫降维打击,3960.908,1757145124,df7cc456
1932317703025618944,哈哈哈哈哈哈哈哈哈哈,4305.693,1757441420,52ac390e
1937429935681908224,好喜欢陈铭老师的总结 学到很多,4147.093,1758050846,664fbc21
1937697910745701120,其实还是有点口音,4237.83,1758082791,aeeff0bc
1938017766129012736,你不是外国朋友吗？,4224.433,1758120921,bd77f5f3
1943402323418697728,我认为中文是活字印刷术,4043.986,1758762810,fe599c6c
1952092445781283584,苏子开头列字结尾,4254.784,1759798753,b1e41dca
1960114288949624320,我也看了那个视频！！！！俄罗斯教练太凶残了！！！你们可以去网上搜,4271.027,1760755031,6a7c628d
1970983019397520896,听不懂俄语，主要看表情和神态啊哈哈哈,4293.443,1762050685,f517d2b4
1987896814821010944,记笔记。,4214.037,1764066966,a87e4250
1992810780202441728,哈哈哈哈哈哈哈哈哈,4311.986,1764652757,b087944c
1998380675866813952,四姐咋回事，怎么剪这个发型了，还是长发好看,4266.798,1765316740,ffa3828d
2005918499490857216,还得是秦始皇,4012.384,1766215319,11aba778
2027816003223746816,logic,4125.294,1768825705,8f58d927
2035829821229662976,不垢不净，不增不减,4079.032,1769781026,f9735bbb
,,0.0,1775683732.8000336,
lb.c,,0.0,1775683732.8000336,
,,0.0,1775683732.8000336,
1895737401436246272,怎么可能放出来,4342.782,1752987653,5aaa7626
1895737677907988736,啊？不是爷爷辈吗？,4418.736,1752994538,591a47e1
1895737751501246720,哈哈哈哈哈哈哈哈哈哈哈哈哈,4437.159,1752993639,c76f245a
1895737760066015488,爸爸的哥哥不是大伯吗？大爷不是爷爷的兄弟吗,4416.924,1752994737,5866b398
1895737777631760640,那应该听不了泰勒斯威夫特的这首歌吧哈哈哈哈哈哈,4668.85,1752994975,534bf33e
1895737803896492288,老王大好人啊,4585.286,1752995672,ce21b857
1895737832879132928,哈哈哈哈哈哈哈哈哈哈哈哈哈哈哈哈哈,4627.772,1752994815,534bf33e
1895738113259966720,不愧美食博主，这都能跟吃的联系上,4448.927,1753008271,13ee2db9
1895738151553962240,哈哈哈哈哈哈哈陈老师,4623.234,1753004086,e967e3fc
1895738287424246016,哈哈哈哈哈哈哈,4660.359,1753013919,fbf64f60
1895738324795494656,不像演的,4542.675,1753011315,47aef417
1895738367652892928,哈哈哈哈哈哈哈萨沙,4524.058,1753014007,5041b929
1895738494396371200,哈哈哈哈哈哈哈哈,4648.252,1753020067,eabe6363
1895738752438341888,大爷就是伯伯的方言啊,4420.588,1753027986,302e2cd4
1895738870055014656,哈哈哈哈哈哈哈哈哈哈哈哈哈哈,4627.886,1753030164,ea25d4d6
1895738921124860160,鸟语花香,4334.495,1753038594,23ddeab7
1895738943002349824,我笑的不行了,4567.735,1753035604,187c324
1895739028708757760,那确实不好，癌症很痛苦的,4375.493,1753037991,7a1afabc
1895739033272160512,北方大爷就是爸爸的哥哥，还有些地方会叫大爹,4422.924,1753038056,7a1afabc
1895739051508994304,比利时，荷兰，不由自主地dudududu,4370.072,1753045018,cdfc31da
1895739054243680512,这期太好看了哈哈哈哈,4582.978,1753035619,187c324
1895739071566156032,全世界的趋势哈哈哈哈哈哈哈,4405.411,1753069485,f7934ca3
1895739076129558784,看来还是妈妈重要哈哈哈哈哈,4448.138,1753069527,f7934ca3
1895739088888631552,靠北不算？,4416.782,1753068705,d4e31129
1895739092537676032,笑得我肚子疼,4397.34,1753062755,928dfa68
1895739105305137408,是红大爷,4418.911,1753072489,63882395
1895739118072598784,哈哈哈哈 老王太可爱了,4587.157,1753061525,67cfac19
1895739125362299136,哈哈哈,4564.19,1753070523,86ed341b
1895739337812185344,哈哈哈哈哈不愧是学霸,4661.75,1753080270,928ebf4c
1895833647970618624,哎 闽南话林北就是 可惜唐大哥不在了,4408.122,1753092182,717a589b
1895902750144143360,这个还……,4321.524,1753100419,738625c6
1895907869804003328,本来就听不懂，那听不听得到又有什么关系呢，在公共场合说脏话本身就是不文明的行为,4360.674,1753101030,b41d23bf
1895908179586673152,哈哈哈哈哈不行了笑哭了,4388.324,1753101067,8e85fd5f
1895927466716137216,哈哈哈哈哈哈哈哈哈哈哈哈哈哈哈哈哈哈哈,4394.076,1753103366,4365b2b7
1895928548712294912,哈哈哈哈哈哈哈哈哈哈哈哈哈哈哈哈哈哈哈,4520.928,1753103495,4365b2b7
1895982829658685952,我也是,4675.5,1753109966,42cad9e5
1896001296768195840,哈哈哈哈哈哈哈哈哈哈哈哈,4677.235,1753112167,ee1f6f9b
1896400773932488448,哈哈哈哈哈哈哈哈哈哈哈,4598.659,1753159788,e1f0140c
1896512698288793600,跟我们见外了不是,4365.396,1753173131,6a042d86
1896514385674094080,老王又拿吃饭举例哈哈哈哈哈哈哈,4454.776,1753173332,272cb156
1896608734999507456,满意满意特别满意,4371.008,1753184579,6958d185
1896642155020717056,苦肉计哈哈,4590.242,1753188563,445a39f6
1896642936713124608,对对对,4676.515,1753188657,445a39f6
1896696260124513024,自爆型劝架,4561.628,1753195013,fc5c5aac
1896763454762194688,他们不会哈哈哈哈哈哈哈哈,4569.196,1753203023,b9816bbd
1896765768927379200,哈哈哈哈哈哈哈哈哈哈哈哈公费报仇,4542.799,1753203299,e8be185e
1897011300463673856,有带大爷的,4411.438,1753232569,d539e6d1
1897013120430860032,老王好吃的没白吃还挺有劲,4613.994,1753232786,d539e6d1
1897218638458098176,讲的好可爱呀哈哈哈哈哈哈哈,4468.158,1753257286,d9749c34
1897324740884846080,我也是,4678.681,1753269934,8693b549
1897363774932184320,想了解的可以自己找找一些俄的生活vlog之类的,4361.289,1753274587,d403eb94
1897426030323611648,哈哈哈哈哈哈,4387.518,1753282009,d849b843
1897430303178371840,陈老师梦开始的地方,4635.859,1753282518,d849b843
1898107734009310976,有的，闽南话里面的靠北就是,4409.048,1753363274,b29ebb7b
1898140754749313024,拉开了已经,4552.403,1753367210,9a457285
1898604176352239360,风和日丽，鸟语花香,4320.185,1753422454,a18ccce
1898604469584211456,这么长一段吗救命怎么还没完啊哈哈哈哈哈哈哈哈哈,4334.886,1753422489,a18ccce
1898827115965592320,大爷，不是大爷爷啊,4423.334,1753449031,1ffa9383
1899264598080031232,果然是美食博主,4449.549,1753501183,d04c374a
1899496872319092736,凉菜哈哈哈哈这个比喻,4441.171,1753528872,3820b86
1900043563572775680,到底是啥？好想知道,4348.134,1753594043,3ad68769
1900320971148192768,被带歪了，哈哈哈,4644.234,1753627112,968d7bd9
1900998015238881792,0帧起手,4521.96,1753707822,478a57e2
1901003546199856128,北方不说大伯，都是说大爷,4429.826,1753708482,2216f793
1901074396593528576,坑爹只是调侃 上升不到骂人,4438.056,1753716928,bba3e7b3
1901091973570498560,放出来吧，反正听不懂,4334.352,1753719023,18259142
1902337660274969600,哈哈哈哈哈哈哈哈,4604.007,1753867520,92f8c01f
1903081973443330560,哈哈哈哈哈哈,4535.647,1753956250,623dd44
1903082273570880768,哈哈哈哈哈哈哈哈,4568.091,1753956285,623dd44
1903781401921761536,其实有用,4589.383,1754039628,1ddd0afb
1903806233291993600,老王那么有力吗,4603.096,1754042588,29c7c55b
1903952397949739520,这个情节 解放西 看过一样的，哈哈哈哈哈哈,4560.019,1754060012,e1245ea0
1904516717376838400,因为妈妈是孩子的第一位老师啊！,4403.275,1754127284,9e41d483
1904530899417644288,哈哈哈哈哈哈哈哈哈哈哈哈哈你个感冒,4385.563,1754128975,3e5e834
1904530978748724992,和哈哈哈哈哈哈哈哈哈哈哈哈哈哈哈哈哈哈哈哈哈哈哈哈哈哈哈哈哈哈哈哈哈哈哈哈哈哈哈哈哈,4384.499,1754128984,3e5e834
1904532923857065216,没有妹妹呢,4492.766,1754129216,3e5e834
1904538811812607744,哈哈哈哈哈哈哈哈哈哈哈哈哈哈哈哈哈哈哈哈哈,4645.546,1754129918,3e5e834
1904722568506592768,不是，这有什么可防的呢,4341.418,1754151824,1606bf27
1905449384062253056,新疆好像也是,4496.703,1754238467,a48719d1
1905497931360905728,伊朗和俄罗斯打起来啦,4529.621,1754244254,c0863c00
1906542784094295808,哈哈哈哈哈,4559.017,1754368810,58d57e1c
1907526196715882496,哈哈哈哈哈哈哈哈,4523.519,1754486042,f5dd2f0d
1908679452259804928,xx日记,4362.117,1754623521,f41917e3
1908744384842053120,你们听不懂，别人听得懂啊，我就是学俄语的，很多人学俄语日语,4357.8,1754631262,6ba6f998
1909668420170398720,四个层次,4433.428,1754741415,d7fb52ee
1911359300216006400,哈哈哈哈哈哈,4447.784,1754942984,984e8387
1911359604252789760,太逗了,4455.784,1754943020,984e8387
1913398067118770176,马月！受到严格保护,4495.758,1755186024,e540d7cc
1914634620675197952,爸爸好惨,4409.305,1755333432,39959bed
1914635448362681088,老王好有意思啊,4468.254,1755333531,39959bed
1914637087353891840,陈老师好帅好可爱,4628.134,1755333726,39959bed
1916001994548683520,萨沙现在好有效果啊,4525.363,1755496436,cd971f7f
1916630927698902784,哈哈哈哈哈哈哈哈哈哈哈哈哈哈,4395.624,1755571411,51f2909e
1916852277454065152,骄傲的小表情,4513.962,1755597798,b575b51f
1918109775393509888,加长版都听不到,4327.512,1755747703,e10ac76a
1919292270814105600,三句话不离老本行。老王就是老王,4441.278,1755888668,8ff620f
1920360764641292800,大爷（轻声）和大爷（二声）是不一样的辈分,4424.525,1756016042,954b058c
1920530535504589824,苦肉计,4559.312,1756036280,99536495
1924962263669318912,确实,4378.913,1756564583,e498a6f4
1928317987325752320,爸爸不重要和哈哈哈,4437.715,1756964617,272b951b
1928473381473163008,陈铭老师哈哈哈哈哈哈哈哈哈哈哈什么叫你个感冒啊哈哈哈哈哈,4387.472,1756983141,27acc97c
1930119365563671296,关键有个俄罗斯妹子全能听懂，哈哈哈,4350.281,1757179358,5f57ee63
1932318721125803008,哈哈哈哈哈哈哈哈哈哈哈,4386.414,1757441541,52ac390e
1937685851845080064,肺结核我们叫痨病,4387.045,1758081353,748c3342
1937711880739083008,现在有了,4411.543,1758084456,e8f1e80f
1937713293271636224,以身入局,4575.73,1758084625,e8f1e80f
1946610506567641600,哈哈哈哈哈哈哈什么鬼，好搞笑,4396.361,1759145255,3a0f6945
1946616695774839040,毕竟母亲是生你养你的人，是个人都不希望。除非你原生家庭环境不好,4477.17,1759145993,eb269b47
1954247216982614016,就好像放出来我们能听懂一样,4348.708,1760055622,99c7f039
1967670342588077312,阿阿阿啊啊，我要听,4342.408,1761655783,eb09f285
1977879332269668864,哈哈哈哈哈哈哈哈哈,4648.638,1762872790,aedabb3d
1986532170919592192,想听啊,4334.675,1763904288,2a9d92f9
1993856239851235072,哈哈哈哈哈多少是有点私人恩怨了哈哈哈哈哈哈哈哈哈哈哈萨沙,4520.851,1764777385,ed5612f4
1996746304319704576,有的 中西部地区很多,4410.686,1765121908,74ba3500
1999494019419440896,盲猜第四个祖先,4482.623,1765449461,29cd0eb
2004628390627918080,老王男友力爆棚啊，华波波都有150 6了,4609.39,1766061526,ffa3828d
,,0.0,1775683732.8000336,
lb.c,,0.0,1775683732.8000336,
,,0.0,1775683732.8000336,
1895737548723425536,哈哈哈哈哈什么是我们不能听的,4749.619,1752990264,1549437e
1895737557581795584,来啦来啦,5024.737,1752990286,a1639211
1895737558689091840,哈哈哈哈哈哈哈哈哈哈哈哈,4902.274,1752991699,eb069b0d
1895737576405831936,哈哈哈哈哈哈哈哈哈哈笑飞了,4980.356,1752990608,39108e46
1895737633507086592,免礼免礼,5039.074,1752990708,59dfb4d2
1895737685701005571,哈哈哈哈哈哈,5002.412,1752993137,98f16374
1895737800272613632,哈哈哈哈哈哈哈哈哈哈哈哈哈哈哈哈哈哈哈哈哈哈哈哈哈哈哈哈哈哈,4982.027,1752995330,a4557f7c
1895737802998911232,万一听不懂怎么办,4874.018,1752994933,81bc2129
1895737948222492928,什么梗？,4748.329,1752998164,d6922fe2
1895738125113069824,就这个湖北味正宗,4711.305,1753011041,7a763aee
1895738285595529472,双板确实可以倒着滑,5008.25,1753011373,43686648
1895738620225491200,哈哈哈哈哈哈哈哈哈,4984.609,1753022510,65fd9e50
1895738757907714304,太损了,4985.149,1753022518,65fd9e50
1895738832675377408,来来来来,5036.598,1753027077,8a513c81
1895738966708556032,太可爱了超超,4747.358,1753060176,4f7b0147
1895738992243478784,就是歇后语,4867.877,1753034556,c7bc6e63
1895739080684572928,哈哈哈哈哈哈哈哈哈哈,4918.722,1753069998,f7934ca3
1895739131746029824,哈哈哈哈哈哈哈哈哈哈哈哈哈哈哈哈,4994.089,1753062512,3bd1c757
1895739196480917760,这段发出杠铃般的笑声,5030.092,1753075104,28ad2a59
1895739201044320512,斑马斑马，你回到了你的家,4704.204,1753075169,c2cf2fbe
1895739208334020864,突然好凶的超超,4710.536,1753075185,c2cf2fbe
1895739269428252928,哈哈哈哈,4730.776,1753075210,df6e1fa7
1895739282195714304,个斑马 武汉读书学会的第一句武汉话,4704.434,1753073116,76b350d2
1895771221057041664,歇后语骂人是吧hhh,4865.028,1753084740,ea88348b
1895892382798022400,真的很像用歇后语骂人,4858.534,1753099184,1da0b061
1895904636515565824,四姐镜头太少了，感觉他的观点还没开始就没了,4765.842,1753100644,58b836f8
1896404829505373952,哈哈哈哈哈哈哈哈活学活用,4949.724,1753160272,f1957628
1896405288303884800,哈哈哈哈哈哈哈哈哈哈哈哈哈哈笑死我了,5003.653,1753160327,f1957628
1896468623779084032,哈哈哈哈哈哈,4981.223,1753167877,9ec95bfa
1896588932171657472,Dylan好帅,4935.291,1753182219,bd4e22b9
1896649488324662272,非正“倒着哥”,4978.032,1753189438,280fcb51
1896737496214828800,哈哈哈哈哈哈哈哈哈哈哈哈哈哈,4982.203,1753199929,9cb4590f
1897014030158811904,你瞅啥的意思吗,4715.633,1753232894,d539e6d1
1897014233171284992,想咋的,4732.518,1753232919,d539e6d1
1897019864125305344,胖跟秃顶？华波波？哈哈,4804.17,1753233590,88971e98
1897165318887847424,哈哈哈哈哈哈每次都要拿出来反复“鞭尸”,4994.106,1753250929,729e3ab7
1897254941232950272,哈哈哈 杨杨很合适,4903.28,1753261613,2a986023
1897344532589414144,又狠又能播哈哈哈哈，好绝,4852.883,1753272293,55d83f10
1897762938228495616,哈哈哈哈哈哈超超你咋这么可爱呀,4748.926,1753322171,3c4a8341
1898076422447444224,这个味太对了，喵莫斯喵,4713.793,1753359541,49e5e8b6
1898116838467539200,哈哈哈哈哈哈哈,4959.312,1753364359,8d117f15
1898162780163908608,笑晕了这个梗,4843.97,1753369836,b71cfd89
1898407579726848000,我也是！本来已经冷静下来了听到这句话又会死灰复燃,4680.153,1753399018,28dcc9f6
1898620921531941120,哈哈哈哈哈哈哈哈哈哈哈哈哈哈哈哈,4990.806,1753424451,a18ccce
1898621235324599808,萨沙：我这一生如履薄冰,4998.994,1753424488,a18ccce
1898621702788319488,这里就很适合配个bgm：长江黄河还有黑龙江~~~,5007.924,1753424544,a18ccce
1898674081130886656,auv真地儿道～,4950.016,1753430788,2738fae5
1898686192863140864,伦儿,5032.685,1753432232,b0850c04
1898718675599884544,喵喵喵  喵莫比,4716.685,1753436104,f83ddc9a
1898842469316472832,这是歇后语啊,4860.486,1753450861,17e2fe2c
1899339586950643712,喵帕斯,4719.067,1753510122,7ef1f30f
1899599321197446144,谎言不会伤人，真相才是快刀,4805.355,1753541085,bc31ead9
1900380122948168960,是LULU!,4784.341,1753634164,81aeaa1b
1900503618960948736,梅林的胡子,4886.484,1753648886,fcdaa08a
1901024484039726336,哈哈哈哈哈哈哈,4942.838,1753710978,2c9403ee
1901079414683921152,给你俩窝窝是“傻瓜你看什么，你走开”的意思,4779.862,1753717526,e67086c2
1901079829685023488,老王可以啊,4824.392,1753717575,e67086c2
1901079976536206080,盆景的伐木工赢了,4830.592,1753717593,e67086c2
1902231732707858432,啥意思没懂,4835.101,1753854893,c1f2fe77
1902338815436637184,动物吵架哈哈哈,4741.721,1753867658,92f8c01f
1902339230270251776,好可爱,4791.413,1753867708,92f8c01f
1902465103329566464,哈哈哈哈哈哈哈,4900.32,1753882713,24d07282
1902505877391889664,我懂！不仅是吵架，平时明明一件事已经在做了，非补一句你去做一下，我也会生气,4683.771,1753887574,29c4c024
1902512598906821376,翻旧账了,4925.858,1753888375,d89f1503
1902594920603297792,这一段巨好笑,4932.927,1753898188,26f5d348
1903085253296941312,哈哈哈哈哈哈哈哈哈,4913.221,1753956640,623dd44
1903422713532604160,完全沉浸在自己的艺术创作里了,4892.961,1753996869,bb961bc8
1903895399203318784,沉浸在自己的艺术,4885.319,1754053217,c51a6472
1905868802760226304,好有趣,4725.221,1754288465,7becfa2e
1905869663649455104,哈哈哈,4823.731,1754288568,7becfa2e
1906076866142587904,超超好美～～～～～～,5033.296,1754313269,ba077aef
1906843327282730752,不知道两个buff梗被萨沙听到了会怎么样哈哈哈哈,5018.175,1754404638,4ad5b7c7
1906853502798462464,笑飞了这期哈哈哈,4973.051,1754405851,de5d2566
1907283657380028416,个斑马是吧哈哈哈哈,4741.914,1754457129,654346f5
1907369347933021696,咩啊～,4736.208,1754467344,d9a3acb1
1907528459920721920,中文也是哈哈哈哈哈哈,4843.019,1754486312,f5dd2f0d
1907988977269993984,就跟吵架的时候对方说你冷静一点,4687.296,1754541210,952047f4
1909012552659049984,你看看！,4887.06,1754663230,a30a61d9
1914639175487860992,好艺术,4868.566,1755333975,39959bed
1914699145797749760,免礼免礼,5038.536,1755341124,6a35cdb9
1916331482058605056,去五常,4934.547,1755535714,299590f4
1920572473301738496,你别急哈哈哈哈,4680.084,1756041280,bc587f4c
1921150194511518720,无效消音,4767.931,1756110149,cc860fab
1921999990281070336,膝盖脑袋哈哈哈哈哈,4820.756,1756211453,82b54504
1922699810163473408,哈哈哈哈哈哈这个好玩膝盖脑袋哈哈哈哈哈哈哈,4821.902,1756294878,bc17ebe1
1922718678232065536,buludo在大力水手里面就是大块头,4769.819,1756297127,990a1ffc
1924745898970591232,吼吼吼吼吼吼吼吼吼吼吼吼吼吼吼吼,5002.511,1756538791,90bb401c
1924967089098646016,哈哈哈哈哈哈哈哈我懂了,4839.73,1756565159,e498a6f4
1928431833856027648,四川话 哈哈哈,4802.515,1756978188,272b951b
1930122968890291968,一般是表和马,4760.893,1757179787,5f57ee63
1932207309505761536,真不用客气，哈哈哈哈哈哈哈哈哈,5037.71,1757428260,5b4783e3
1932323510836293120,歇后语骂人 在中国能把我骂笑，没有杀伤力,4856.499,1757442112,52ac390e
1938651722562595840,这个环节好想看英国代表,4803.651,1758196494,7514575b
1941575577676902144,中国好像也是,4880.714,1758545045,7a001e02
1956604467680680960,哈哈哈哈哈哈哈哈哈哈哈哈哈哈哈哈哈哈哈哈哈哈哈哈哈哈倒哥,4987.29,1760336628,d35c8a9
1957521618251751424,有备而来,4898.296,1760445961,ae02b522
1963046567418170368,完全get不到哈哈哈，太艺术了,4878.238,1761104586,54f7b9d0
1963047484477570560,卧槽哈哈哈哈哈哈太搞笑了,4987.548,1761104695,54f7b9d0
1963047606246712832,太有梗了我的天啊,5002.101,1761104710,54f7b9d0
1988704206604970240,萨沙现在好大方,4966.483,1764163215,c847ffba
2005156528713694464,形成内部梗了 哈哈哈,5015.259,1766124485,32b92588
2018407658939996416,武汉话好好玩,4761.811,1767704143,964a8dca
2027838086511379968,哈哈哈哈哈哈哈哈哈哈哈哈哈哈,4860.422,1768828337,8f58d927
,,0.0,1775683732.8000336,
lb.c,,0.0,1775683732.8000336,
,,0.0,1775683732.8000336,
1895737252798501120,一个轴打起来了,5382.658,1752985054,7e19df34
1895737399926296832,老王居然赢了哈哈哈哈哈,5194.259,1752987261,f69ff094
1895737549830721792,众爱卿平身,5040.701,1752988640,1f930d45
1895737559796388096,买不完了,5324.051,1752990445,3f8c2705
1895737585272590592,这个除了买卖还能组什么？,5347.699,1752990663,1549437e
1895737629463777536,买了锅巴,5269.404,1752992283,7e894dc7
1895737792127275264,这也太难了除了脏话我一个也想不到,5250.819,1752994250,4374cf64
1895737809332310272,伤疤,5096.912,1752995497,a4557f7c
1895737812956188928,艾丽莎还比了个功夫出招动作，好可爱,5228.918,1752995826,5866b398
1895737818392006912,这下真的势均力敌王不见王了，战力很均衡,5221.14,1752995797,5866b398
1895737822913466624,怎么不把小贝喊回来哈哈哈哈哈 全国总冠军,5232.53,1752995811,ca18aa72
1895737839220920576,随便,5103.405,1752995510,a4557f7c
1895737861601726720,哈哈哈哈哈,5280.223,1752995737,a4557f7c
1895737870728532224,哈哈哈哈哈,5357.137,1752995819,a4557f7c
1895737878009843968,这个难度好高我一下没想出来,5250.43,1752995861,5866b398
1895737975577743616,太搞笑了这段，会长帮得也真是不明显哈哈哈,5309.076,1752998714,d5478533
1895738014786097408,我都想不出这么多orz,5177.407,1752998128,cda41c26
1895738146998948096,富贵使我们相遇,5054.133,1753003938,94179e93
1895738222680969472,上边其实可以的...至少广东话里可以这么讲哈哈哈哈哈,5132.578,1753012151,f11a2bc3
1895738259154637056,那我必须得发个弹幕,5045.758,1753013226,4c2d7347
1895738280117768448,哎哟喂排面是自己给的,5053.218,1753015344,2394c70f
1895738286535053568,我都想不出来,5361.944,1753014671,635d7cfe
1895738288321827072,大左感觉好疲惫呀,5089.831,1753010259,2275038b
1895738300183318784,买了个包,5277.18,1753014758,73e9b877
1895738319326122240,哈哈哈哈哈哈哈哈哈哈哈,5333.776,1753014745,fbf64f60
1895738331187613952,水表,5101.409,1753013084,8f071823
1895738358542864640,哈哈哈哈,5289.412,1753013835,fc1db046
1895738420534677760,厉害,5362.198,1753013915,fc1db046
1895738453367689472,手臂,5083.725,1753019015,c2db3739
1895738483457626368,散步,5110.21,1753018989,c2db3739
1895738492567654656,私奔,5156.474,1753019088,c2db3739
1895738497131057408,散步,5178.373,1753019110,c2db3739
1895738523571949824,伤悲,5147.874,1753019080,c2db3739
1895738528126963968,帅爆,5171.778,1753019103,c2db3739
1895738537287323904,松柏,5115.542,1753019154,c2db3739
1895738560959975680,那么棒,5397.279,1753020515,c2db3739
1895738573719048448,迷恋改编,5350.312,1753020373,c2db3739
1895738581931495680,美丽古堡,5344.655,1753020257,c2db3739
1895738616576446720,雷妃：嬗变的女人,5152.275,1753018117,6ee65ea5
1895738643931697408,上榜,5139.362,1753019071,c2db3739
1895738657605128448,塞北,5125.34,1753019163,c2db3739
1895738663988859136,三百,5114.292,1753022376,fd2dafbb
1895738781613920512,买了个包,5269.515,1753030952,ea25d4d6
1895738925679874304,会长喜欢俄罗斯人哈哈哈哈哈哈,5280.092,1753038953,7a1afabc
1895738932969574656,笑死我了,5378.09,1753029813,bde1c345
1895738939353305344,哈哈哈哈救命笑死我了,5309.07,1753045893,23ddeab7
1895739014146134272,散步,5114.314,1753068800,91850ea9
1895739130831671552,想不出来,5264.519,1753072461,9f25c571
1895739175509397760,会长明目张胆啊哈哈哈哈哈,5276.576,1753072003,9f04a8dc
1895739183721844992,？,5103.33,1753070183,f7934ca3
1895739216546468096,麻辣锅巴？,5317.463,1753073025,39c07fe7
1895739235689271552,思辨,5100.653,1753075567,bf28894c
1895739250285449472,这是真的强……,5354.932,1753072572,9f25c571
1895739315020337408,老王的食物词汇库太丰富了,5202.207,1753075106,cb0b74b0
1895806227742127872,不愧是全球总冠军哈哈哈,5355.453,1753088913,20dfe047
1895865772513874176,呵呵哈哈哈,5295.841,1753096011,f81c7508
1895865835151917056,笑死我了,5302.521,1753096019,f81c7508
1895905592497846784,波波超级不想输给老王啊哈哈,5168.56,1753100758,e1c79dc9
1895913210587020800,厉害也,5356.678,1753101666,738625c6
1895940028228628736,哈哈哈哈杨迪笑死我了,5331.187,1753104863,9a7995d3
1896001709957121536,这个游戏确定不是在考验旁边的观众吗哈哈哈哈哈哈哈,5169.79,1753112216,692c8ed6
1896005638208190720,哈哈哈哈哈哈哈哈哈哈哈哈哈哈哈哈哈哈,5309.536,1753112685,ee1f6f9b
1896037717519832320,我不行了,5303.486,1753116509,35861f7e
1896103813057326080,众爱卿平身,5055.166,1753124388,272d704
1896266853488527360,买了个包,5255.593,1753143824,136938f4
1896397577185262080,买了个表,5252.363,1753159407,8c816764
1896398972085054976,买了个布,5322.799,1753159574,8c816764
1896487745384687360,是全世界冠军强啊  这个怎么可能平衡？,5225.606,1753170156,3f43cf38
1896518030927038976,哈哈哈哈,5287.335,1753173767,6a042d86
1896647238626065664,散步,5186.384,1753189169,445a39f6
1896700332483297024,买了个表,5262.862,1753195499,fc5c5aac
1897110671595089408,买了个饼,5303.296,1753244415,42da3e49
1897164510704274176,会长，真的一点都不偏心,5318.682,1753250833,35645b71
1897465344239936512,这里为啥正片没有啊很好玩,5316.955,1753286695,9c3b5844
1897907599363012096,加长版不是没人吗？,5061.923,1753339416,47a0e8bd
1897994325766477824,应该的应该的哈哈,5048.248,1753349755,4abc64a0
1897996747196894720,哈哈哈哈哈哈哈哈逛超市,5307.543,1753350043,4abc64a0
1898119123121513216,波波太搞笑了,5193.237,1753364632,8d117f15
1898135047518137856,免礼免礼,5075.625,1753366530,eedeee86
1898384560598181888,平身,5075.322,1753396274,b2d05ef3
1898624478083756544,超市逛的差不多了哈哈哈哈哈哈哈,5326.782,1753424875,a18ccce
1898641201796753152,密林古堡,5368.404,1753426868,8d9a3176
1898884709665421312,哈哈哈,5068.504,1753455897,ef9aebaa
1898897792614057216,S 和sh不算一个声母吧,5137.151,1753457456,90af0186
1898916617254438656,平身吧,5045.044,1753459700,22a3160b
1899502490740164608,比芒果台的明星们厉害,5090.131,1753529542,3820b86
1899503928598076672,好难！,5256.872,1753529713,3820b86
1899529220980670720,美丽告别,5329.076,1753532728,3860f01a
1899556139150926336,买了个包,5262.774,1753535937,c8a83ae1
1899575159195537664,我就说梅丽莎眼熟哈哈哈哈，我看过她,5237.393,1753538205,fbcf58ae
1899948884919695104,字幕靠点谱啊,5152.318,1753582756,ae954710
1900027691504725760,随笔,5111.845,1753592151,2b2c365c
1901026696434365696,哈哈哈哈哈哈哈哈笑死我了,5177.66,1753711241,2c9403ee
1901048621018345216,来了,5068.436,1753713855,53f028f4
1902279610704792320,哈哈哈哈哈哈哈哈哈哈哈哈华波波提高笑了 这个节目不能没有他,5287.656,1753860600,c78fc6cd
1902280109591719680,哈哈哈哈哈哈哈哈哈哈杨迪太有梗了,5336.723,1753860660,c78fc6cd
1902422537695188480,哈哈哈哈哈哈哈快乐了,5041.893,1753877639,ddafd2e4
1902693614774649856,这就是冠军局吗,5308.838,1753909954,13f56837
1903910791510760448,果然是冠军,5323.393,1754055052,117508bc
1903911183124587264,冠军！！！,5370.074,1754055099,117508bc
1904583799472911360,那这样没完没了了 卖了个包也可以啊,5323.205,1754135281,3e5e834
1904731512910551296,买了钢笔,5296.383,1754152890,1606bf27
1905066977614457088,瀚笙给的,5216.827,1754192880,f13424e0
1905263256428680192,哈哈哈哈哈会长假装淡定,5280.272,1754216279,aa36fe3a
1907445196561016064,生病,5096.403,1754476386,aff6fc4
1907655909418110976,描了个边，密林古堡,5369.951,1754501505,ff8d4f0a
1907988948337628160,买了个饼,5269.577,1754541206,e06c8437
1907994271211606272,买了广告,5264.943,1754541841,952047f4
1908432339672427264,这都是我应得的,5050.366,1754594063,9342b3c4
1910180167972956160,买了个表,5278.063,1754802420,738a73b
1910181115902401024,这个好玩,5385.844,1754802533,738a73b
1913125294877852928,爱卿平身,5060.819,1755153507,54a9596e
1914074693993248256,华伯伯笑死我,5210.801,1755266684,9d8aa9dd
1919614221571346432,哈哈哈哈哈哈哈哈哈，买买买，都买,5296.307,1755927047,3ae4c2e2
1921022768267938048,我都想不到,5361.449,1756094959,bc587f4c
1924779962440228352,设备,5089.709,1756542851,e8f6d141
1925468671896090112,看似法国vs中东，实则两伊战争,5183.768,1756624952,24f302e9
1928594371599874304,不愧是世界冠军,5361.448,1756997564,cfd3a899
1932625767037357824,太有牌面了,5107.729,1757478144,f487febd
1932832749916950784,波波笑死我了,5190.952,1757502818,75a35b32
1932833280899017472,想念小贝和田田,5232.806,1757502882,75a35b32
1948196474001477888,哈哈哈哈哈哈哈,5316.907,1759334317,2edb9fb1
1949690376261184256,没了个饼 哈哈哈,5334.374,1759512404,c9c423cb
1952273205201067264,上边其实是，他们搅混了,5164.153,1759820301,5ff286de
1956607870947309056,哈哈哈哈哈哈哈哈哈哈哈笑飞了,5336.797,1760337034,d35c8a9
1957526017011285504,发币，顺发nb,5390.776,1760446485,ae02b522
1999460690884832000,哈哈哈哈哈哈哈哈好搞笑哈哈哈哈哈,5054.438,1765445488,14f3cf30
2002097945549358592,前面外国小学生一人一句汉语那个真的哈哈哈笑死我了,5392.207,1765759873,1bae6291
2031437688779518208,满意,5047.429,1769257443,ec44781a
2036248800440067584,手办,5123.573,1769830972,f9735bbb
2036249860122444544,似是故人来,5248.255,1769831099,f9735bbb
,,0.0,1775683732.8000336,
lb.c,,0.0,1775683732.8000336,
,,0.0,1775683732.8000336,
1895737395396448512,jhhhhhhhhhhh,5592.303,1752988526,a7ab481d
1895737412022669568,我都想不起来这么多,5460.772,1752987439,a1639211
1895737441869336832,因为想不起来哈哈哈哈,5481.576,1752987556,f69ff094
1895737443119239424,波波好可爱,5457.3,1752989533,e9b5076c
1895737485532041472,不够看哈哈哈哈哈哈想看轮番制回合,5670.743,1752987808,fcfebb41
1895737626443878656,]',5625.691,1752991166,967ceef9
1895737643598582016,为啥我的弹幕带框框,5614.122,1752990985,3f8c2705
1895737666809860352,文创书包,5664.861,1752992253,88230e29
1895737685701005569,笑死，好像那个两组外国人比中文的视频,5594.036,1752991870,6c6d890c
1895737696287428864,想看陈铭和陈超的,5515.841,1752993725,b594b266
1895737720085909760,我吃柿饼,5633.349,1752993925,4f3c338d
1895737730554892544,我才十八,5654.687,1752994895,f3d0b903
1895737779443699968,哈哈哈哈哈哈哈哈哈,5736.412,1752996216,a4557f7c
1895737794836795648,还好，我来看了加长版,5683.765,1752995605,6cf1571
1895737843750768896,无偿上班,5638.111,1752995528,8eb43737
1895737876189516032,他不会是在拿你重温日语吧233,5757.212,1752997386,4944442d
1895737884393574656,？哈哈哈哈哈,5656.724,1752996132,a4557f7c
1895737888042619136,拿眉笔,5442.43,1753001707,d7f8343a
1895737898075394304,用一之濑当外教是吧哈哈哈哈,5759.226,1752996601,5866b398
1895737912679960832,发币厉害哦,5491.201,1752998959,e868d6e6
1895737956426551552,哈哈哈哈哈哈哈哈哈哈哈哈哈哈哈哈,5736.542,1753005397,e549f4d8
1895738018435141888,我才上班,5615.672,1753004949,4c54570f
1895738042141348096,发币好厉害！,5451.412,1752998910,d5478533
1895738055814779136,游戏能多玩一点吗？来个车轮战了。,5682.602,1752999172,e868d6e6
1895738163407065344,朕心甚慰,5668.633,1753010633,ca2efdba
1895738188941988096,留学生可以打工，就是时间限制很严格,5745.238,1753013337,450eca7a
1895738207178821888,我吃烧饼,5569.522,1753014025,97afe170
1895738304738332928,笑疯了,5717.724,1753014888,c5fcca58
1895738349416059136,我查设备,5603.283,1753013524,20dffd1e
1895738529041322240,我吃柿饼,5549.573,1753019787,c2db3739
1895738564600631552,我曾上榜,5583.306,1753019726,c2db3739
1895738572829856000,五彩书包,5578.215,1753019676,c2db3739
1895738618405163264,哇小熊好棒,5453.439,1753021183,6474f847
1895738628454715648,满意满意,5683.919,1753021786,d3e0ea9e
1895738771581145344,在燃什么啊,5467.292,1753022738,56239c78
1895738808969171200,无偿上班,5557.94,1753033292,8be21198
1895738855467225344,满意满意啊,5669.129,1753027481,8a513c81
1895738904708354304,无偿上班,5550.733,1753055909,a05c4e50
1895738919296143616,厉害,5458.113,1753029509,d0eeaf61
1895739073386483968,外出上班,5662.292,1753071341,86ed341b
1895739233868943616,跟武昌过不去了哈哈哈哈哈哈,5559.595,1753072312,9f04a8dc
1895739271248580864,前面那个五厂上班太痛苦了。,5650.181,1753072906,9f25c571
1895739280375386368,我吃烧饼,5528.493,1753076329,c2cf2fbe
1895739287665086720,哈哈哈哈,5585.042,1753076389,c2cf2fbe
1895739297697861888,666,5456.592,1753076238,c2cf2fbe
1895835379563980800,围城士兵,5651.483,1753092388,182693f5
1895851890223828736,我吃烧饼,5601.387,1753094356,cc93cef3
1895867141996042240,法币好可爱哈哈哈哈,5442.503,1753096175,f81c7508
1895941503516821504,想看华波波,5502.962,1753105039,3c5a3395
1895954531570156032,玩游戏没人能赢得了杨迪吧,5516.139,1753106592,be52f108
1895962419218839040,好可爱啊小熊,5481.88,1753107533,83719079
1896048714238634240,文创商标,5603.24,1753117820,24b0ce4c
1896048828952522752,发币比我厉害,5489.092,1753117833,e871e898
1896387736265527552,好可爱小熊,5433.348,1753158234,f608a6a7
1896401899398836992,我创商标,5627.201,1753159923,8c816764
1896523232526567168,四姐笑死我了,5461.734,1753174387,272cb156
1896696361970702080,真的好喜欢法币啊啊,5497.907,1753195025,ec077e8b
1896969714811750144,哈哈哈哈哈哈哈哈特别满意,5683.167,1753227611,cef95630
1897110417386297344,你。,5404.486,1753244385,2bf6365a
1897182469959562240,农民办（农业民生办公室）,5439.96,1753252974,af7c4445
1897184104504922112,无此设备,5617.079,1753253169,af7c4445
1897351985011783168,他发音不但好，调也对,5725.673,1753273182,55d83f10
1897377089222017024,How much?,5715.06,1753276174,7566605b
1897422756426506496,我常上班,5558.897,1753281618,fc5c5aac
1897422918418934784,我出书吧,5568.62,1753281638,fc5c5aac
1897458025171003136,满意满意,5677.512,1753285823,b5323672
1897465090669115648,武昌社保,5582.953,1753286665,d844b0d7
1897769479799142144,法币：let's 骄傲,5481.513,1753322951,3c4a8341
1897938668409864704,哈哈哈哈哈哈,5572.82,1753343120,87627e63
1898060457676681728,这反应怎么那么像外国小孩中文对决哈哈哈哈哈哈,5462.655,1753357638,9cdf46e6
1898138011901385472,怎么没有伦儿,5665.598,1753366883,a0901713
1898178762122903296,我超帅吧！,5632.839,1753371741,a725bfc4
1898423743408421376,这Part这么精彩居然没在正片,5650.83,1753400945,28dcc9f6
1898625744000134400,到底在燃什么哈哈哈哈哈哈哈哈,5464.166,1753425026,a18ccce
1898626550623448832,我测试吧,5559.064,1753425122,a18ccce
1898652728138751488,一之濑刚才输了可能情绪不稳定,5549.571,1753428242,915050e3
1898689587413796352,拿面包,5423.287,1753432636,b0850c04
1899319571606164480,全德国总冠军,5480.43,1753507736,f21b3ea5
1899535640992131840,晚餐随便,5520.474,1753533494,3860f01a
1899602976826559232,会长忍不了了,5665.041,1753541521,89699852
1899607193679394816,很满意，但是不够看啊哈哈哈哈哈,5681.754,1753542023,bc31ead9
1899951105459742976,我查书包啊,5602.221,1753583021,ae954710
1899999679023416320,无偿上班,5655.703,1753588811,87413e4e
1900766299857394432,我出师表,5622.888,1753680200,33977ab
1901031541963149056,无偿上班太有才了,5661.33,1753711819,2c9403ee
1901464422439217664,乃木坂,5411.02,1753763422,80000882
1901466327198751744,五彩水笔,5622.899,1753763649,80000882
1901505084160859136,卧床上班,5635.369,1753768270,a9930091
1901667443429404672,赖赖笑死我了哈哈哈哈哈,5462.246,1753787624,c475edd4
1901688907461504000,绝,5594.196,1753790183,6bdd20d4
1902191443406318080,我才十八,5536.747,1753850090,23b7cf3c
1902282980836447232,想看所有代表玩哈哈哈哈,5692.99,1753861002,c78fc6cd
1902972836168174592,好喜欢发币啊啊啊啊可爱小熊,5497.535,1753943239,94613f3a
1903814713050594560,我吃烧饼,5527.927,1754043599,29c7c55b
1904240408750914304,我吃烧饼,5520.633,1754094346,4213efaf
1904400734091486464,哈哈哈哈哈哈哈哈哈哈哈,5444.369,1754113458,21f73640
1904733937142578688,……,5572.108,1754153179,1606bf27
1907275934575481856,那么棒,5475.248,1754456209,818eee32
1907503311805048832,哈哈哈哈哈哈,5433.297,1754483314,6816ab2b
1907504852112736768,好搞笑,5670.051,1754483498,6816ab2b
1907628097827065088,华波波好搞笑,5413.673,1754498190,ea7aa49a
1907629029776458752,这个游戏好玩！！以后经常,5503.358,1754498301,ea7aa49a
1909211300433862656,文创手办,5641.868,1754686922,2ad516b
1910183692849001728,每期都来这个游戏,5693.155,1754802840,738a73b
1911661393863138816,我才十八,5635.78,1754978996,67c7bc24
1911940037441274368,我常说不,5577.471,1755012213,319d79a8
1916862547517593344,无偿上班这个太狠了哈哈哈哈哈哈,5640.532,1755599022,b575b51f
1916886203115027456,不满意太短了！,5691.918,1755601842,41d23346
1919615919593383936,法币好厉害,5491.366,1755927249,3ae4c2e2
1919874236307270400,太搞笑了,5709.81,1755958043,c4469e21
1924973871791438336,五彩水笔，无偿上班,5634.207,1756565967,e498a6f4
1928489303462333440,武昌酥饼啊,5649.501,1756985039,27acc97c
1931182947986193664,前面说文创的好厉害,5633.131,1757306147,d9c08631
1932631454336961792,满意满意,5684.543,1757478822,f487febd
1936645971006506240,你忙吧,5443.395,1757957390,cc3af606
1938432632782593280,完成设备,5697.579,1758170376,a3545458
1945259887495943936,龙颜大悦,5676.325,1758984249,deea00f
1957526892588923392,他俩这么强的吗？直接加时赛了,5475.556,1760446590,ae02b522
1977901549582004224,关税哈哈哈哈哈哈,5436.202,1762875438,aedabb3d
1977901725834636800,小熊好棒！,5457.17,1762875459,aedabb3d
1988742475853880320,哈哈哈哈这个是Dylan在后面说的,5609.534,1764167777,c847ffba
2002100048816625408,外国小孩中文对决真的，太形象了，这俩都笑死,5467.471,1765760124,1bae6291
2015436799140933120,高级词汇,5450.301,1767349988,a9603673
2018415095944305664,无偿上班(,5616.425,1767705029,964a8dca
2035137440129502976,弄明白,5418.548,1769698488,ca126b
2035137714621479936,你明白,5451.275,1769698521,ca126b
2068517489595502592,那么棒,5472.838,1773677700,471d6181
2077821577877208320,朕很满意,5679.263,1774786834,585cded5
,,0.0,1775683732.8000336,
lb.c,,0.0,1775683732.8000336,
,,0.0,1775683732.8000336,
1895737858867040512,哈哈哈哈哈哈哈哈哈哈哈,6096.333,1752996585,a4557f7c
1895737880752918784,沆瀣一气这词还是能用得到的233,5937.428,1752997598,4944442d
1895737919046914304,哈哈哈哈哈哈哈哈哈哈哈哈哈哈哈哈哈哈哈哈哈哈哈哈哈哈哈,5870.631,1752996356,a4557f7c
1895737949136851200,德国人太好笑了,5863.154,1752999715,8b34e573
1895737969194012928,阿雷真的动漫影视资深中毒哈哈哈哈哈哈,5838.142,1752997069,5866b398
1895738141521187072,犄角旮旯很少用吗？上海话里经常用到啊,6049.474,1753008868,39499903
1895738273742426368,除了呶字都认识,6060.585,1753013759,20dffd1e
1895738364003848448,踽踽独行这种基础词大左一个主持人不认识不应该吧,6002.5,1753015847,e69ebdef
1895738431481811200,圭臬感觉也很常见,6014.236,1753015872,e69ebdef
1895738444249272576,好厉害 卢可！,5923.251,1753018736,1c68567a
1895738555482214656,我觉得奉为圭臬还挺常用的,6019.476,1753019682,79d441b5
1895738669466620160,新梗出现了,5963.161,1753023686,65fd9e50
1895738727817777408,哈哈哈哈还拆啊哈,5877.108,1753023916,5ec74794
1895738740585238784,还得是总冠军！,5923.556,1753029089,d6bfe3aa
1895738798936396032,这期好搞笑,5880.071,1753023927,5ec74794
1895738800765112576,魔法小樱,5811.727,1753025778,ef8f951e
1895738804405768448,Latino American也是American哈哈哈,6088.033,1753033291,5404f33
1895738847263166720,哇好久不见的歌，我现在还全知道且会写呢,5922.622,1753029406,302e2cd4
1895738994978164992,戴卢可好会串场,5918.405,1753033135,5404f33
1895739036921204992,口语里很常见 但书面很少写 才叫生僻字,6084.412,1753069602,221a9f5
1895739067917111552,犄角旮旯哪个地区都用啊,6076.904,1753036132,37b64554
1895739303167234304,超超可能只是重影看成垚了哈哈哈,6025.872,1753080031,3f6b3267
1895803686740271360,德国人神奇的笑点出现了,5860.314,1753088610,677e1eff
1895940938636112896,哈哈哈哈哈哈哈哈哈哈哈哈哈哈哈哈哈哈哈,5956.417,1753104972,4365b2b7
1896006384517540608,哈哈哈哈哈哈哈 太好笑了,5877.08,1753112774,e10bb37e
1896394704246373888,往里玹,5888.848,1753159065,45f0e9c9
1896525961894243328,还记得穆小龙的也特别长,5863.237,1753174712,9c5bc011
1896526792475403776,突然感觉和一个母语者说对方的母语好刺激。,5849.288,1753174811,272cb156
1896528996767018496,伦反应好可爱,6093.046,1753175074,272cb156
1896694142336784640,我为什么这么黑,5850.046,1753194761,16f0b446
1896746298607480576,哈哈哈哈哈哈小魔女dorimi我的童年,5817.55,1753200978,9cb4590f
1896782108769874944,哈哈哈哈阿雷好棒,5823.344,1753205247,5856c37c
1896837444775896832,沆瀣一气，绵绵瓜瓞什么的其实也蛮常用的，都是会读，不一定会写,5963.667,1753211844,9450640
1897302336104199424,原来阿雷也是个二次元啊，圈粉,5807.807,1753267263,729e3ab7
1897408696875986688,bgm是星矢。。。,5826.178,1753279942,7ea9d3d5
1897539050743992576,是真的 喜欢看番剧随便都有N3了 日语听懂会说不算难,5774.395,1753295482,6f99a845
1897540654679205376,碗里选,5906.056,1753295673,6f99a845
1897941885038393856,哈哈哈哈哈德国人,5869.457,1753343503,4227b274
1898063552024567040,善逸！,5827.305,1753358007,9cdf46e6
1898064079399573504,xs我的笑点是发币笑,5864.169,1753358070,9cdf46e6
1898097346118832640,生僻字那个歌词的选择标准太不统一了所以体感好不好也是一阵儿一阵儿的hhh,5931.174,1753362036,45af011b
1898114145447495424,紧跟时事哈哈哈哈,5827.651,1753364038,ba542c3c
1898161274299396864,考试会用到吧，或者语文老师,6051.412,1753369656,9a457285
1898467852772804608,哪里常见？你平时都会说这些吗？我只能读一些，意思知道的就更少了,6031.791,1753406203,a725bfc4
1898468393661528832,确实是American,6081.24,1753406268,a725bfc4
1898544657131158528,会长日常开始挖坑了,5973.106,1753415359,e68aeabe
1898792509870598400,魔法少女小圆，魔法少女奈叶，魔卡少女樱，憧憬成为魔法少女,5789.357,1753444906,c1c112d8
1898950122260736256,我的天啊,5932.388,1753463694,eeae67ec
1899611716883880704,哈哈哈哈杨迪这个变声,5986.176,1753542563,5ebece69
1899953432166147328,怎么难的都会，简单的反而错了超超,6015.364,1753583298,ae954710
1900078198046300160,哈哈哈少女雷,5809.075,1753598172,1091612d
1901032821930525952,哈哈哈哈哈哈哈哈哈,5810.507,1753711972,2c9403ee
1901035550375286784,格局,6102.475,1753712297,2c9403ee
1901038084020175104,笑死,6081.102,1753712599,2c9403ee
1902445816619673088,可爱的四姐,6110.63,1753880414,c085033b
1902473656388011520,哈哈哈哈哈哈哈哈哈哈,5884.153,1753883732,24d07282
1902507918574530560,鬼灭！！,5827.326,1753887817,ecae7fb8
1903092981570356992,哈哈哈哈哈哈哈哈哈,5817.734,1753957562,623dd44
1904588337600721664,中二哈哈哈,5768.847,1754135822,3e5e834
1904588540294738176,和红红火火恍恍惚惚哈哈哈哈哈哈哈哈,5787.755,1754135846,3e5e834
1904607506802715648,xswl,5877.161,1754138107,2f77163b
1904738394345604608,不考生僻字没意思呀,6059.583,1754153710,1606bf27
1905360955819970304,先笑了,5858.11,1754227925,95e70b5d
1906556910518333184,哈哈哈哈哈,5871.662,1754370494,58d57e1c
1907415837069982464,不会是飞天小女警z吧,5820.521,1754472886,43d8243f
1908251049396513536,哈哈哈哈哈,5828.769,1754572451,d8a8f583
1913315501447857152,奉为圭臬不是很常见吗，，,6018.38,1755176181,9b40c598
1916341011081184256,这里阿雷莫名的像唐大哥,5760.723,1755536850,299590f4
1916656189127610112,哪里常见了，只有几个是常见的,6036.563,1755574422,51f2909e
1922655339275858176,犄角旮旯也会，只是不太会写,5941.477,1756289577,99536495
1923491622692854784,歌里的都会比较熟啊,6044.668,1756389269,a82a2ebb
1924750576206771968,哈哈哈哈哈哈哈哈哈哈哈哈哈哈哈哈哈,5819.439,1756539348,90bb401c
1924751062737679616,吼吼吼吼吼吼吼吼吼吼吼吼吼吼吼,5873.51,1756539406,90bb401c
1929398244665353728,初中的时候我们也学这个表演过,5947.352,1757093394,bd775eca
1954296916465043200,戴卢可的承上启下可太中国了哈哈哈哈,5910.649,1760061546,99c7f039
1957531727765723136,哈哈哈哈，陈超其他生僻的都知道奉为圭臬这么日常的居然不会,6007.196,1760447166,ae02b522
1963056219074066944,我的天啊，怎么会有这些这么多语言超能力者,5857.992,1761105737,54f7b9d0
1967686962006220544,笑死，反正我认不全哈哈哈,5978.628,1761657764,eb09f285
1977904572307833856,魔法少女哈哈哈哈哈,5795.978,1762875798,aedabb3d
1977905919635666176,哈哈哈哈哈哈哈哈哈,5956.683,1762875959,aedabb3d
1994610009833088768,超超好厉害,6041.25,1764867242,51701351
2010424270157225984,奉为圭臬这个，我感觉应该都知道啊，看古装剧什么的,6007.049,1766752448,a0b99804
2016016522979979008,超超怎么不认识圭臬，这是固定组合啊，垚涅是啥意思,6007.162,1767419097,ae954710
2026860148143955200,穆小龙？？？,5856.924,1768711758,c0ad9fc7
2036277408915183872,我只会醍醐灌顶和犄角旮旯,5991.627,1769834383,f9735bbb
2038025793061976064,德国人莫名其妙的笑点笑死我了,5864.035,1770042806,b8b5200d
2057973005103436544,高中语文考了你还能记得？反正我是感觉上大一就修为散尽了,6045.684,1772420699,dc69dd68
2058963017848770048,我可能知道他咋学的语言了,5843.198,1772538718,60c31dff
,,0.0,1775683732.8000336,
lb.c,,0.0,1775683732.8000336,
,,0.0,1775683732.8000336,
1895737596345553152,哈哈哈哈哈哈哈,6195.466,1752991046,a1639211
1895737605254254848,笑到捶床,6248.056,1752991132,a1639211
1895737756257587456,哈哈哈哈哈哈哈哈,6247.548,1752993724,46e1d41a
1895737873454829824,这表情包加的哈哈哈哈哈,6247.145,1752995808,591a47e1
1895737955520581888,哈哈哈哈晚上睡觉起来扇自己一巴掌。,6242.077,1752996766,a4557f7c
1895738234534072576,美国的刻板印象又增加了哈哈哈哈哈哈,6262.432,1753014661,d93d12d4
1895738291970871552,地大物博吗哈哈哈,6424.625,1753014057,450eca7a
1895738441514586368,美式英语跟英式的相比是真挺村儿的,6304.472,1753017646,6ed7a38b
1895738527220994304,这句话感觉很深刻,6342.095,1753018411,9cfc41f8
1895738529955680512,好惨,6240.329,1753015944,e967e3fc
1895738545457828096,洋脸在身我心依旧是中国心,6343.404,1753019165,b3e76332
1895738814438543616,伦儿好漂亮,6121.658,1753026098,ef8f951e
1895738827214393600,还好我们中文故意说别的口音腔调不会被说,6221.909,1753034289,9ef562ec
1895738931149246720,哈哈哈哈哈，绝,6261.929,1753027770,105f8ab8
1895738994063806720,以前好像聊过,6323.611,1753065947,c76f245a
1895739099835764992,感觉四姐马上就要入党了,6358.412,1753041164,f2cbd317
1895739164570652928,北京啊，都鼓楼钟楼和胡同了,6466.915,1753074268,cce57685
1895739223836168448,哈哈哈哈,6185.472,1753075358,b465a5f8
1895876772915284736,好红,6342.445,1753097323,f81c7508
1895891145075744000,完啦！漂亮国居然是我自己,6332.931,1753099036,720bb977
1895911263230715648,这一期可太好看了哈哈哈哈哈哈哈,6293.681,1753101434,cc998cf0
1895977013316171008,真的 我现在在英国 班上有美国同学老师都问为什么来英国哈哈哈因为感觉美国人很少来,6233.393,1753109272,7021661
1895996712578404608,哈哈哈哈,6191.243,1753111621,42cad9e5
1896011026604849152,哈哈哈哈哈哈哈哈哈哈,6248.296,1753113327,692c8ed6
1896053738805025792,笑死我了,6338.26,1753118419,35861f7e
1896348810541099264,盆栽伐木工,6185.449,1753153594,b7453a45
1896660913071964928,入党！马上入党！,6335.06,1753190799,280fcb51
1896752974823802112,萨沙真的长大了哈哈哈哈哈还劝架了,6286.28,1753201774,9cb4590f
1897031264495085056,英魂不散,6129.09,1753234949,88971e98
1897172399880213760,缘分,6350.275,1753251773,fe4eee91
1897191079833737984,伦儿好好看,6141.739,1753254000,edbe14cb
1897329347598687232,四年英伦行 一生英国情,6138.756,1753270483,cdc452f4
1897379646639815168,英美日常共轭嫌弃,6150.158,1753276479,d403eb94
1897470722797396480,就像有些人说着说着说英文感觉自己很能似的,6155.088,1753287336,9c3b5844
1897881482706794240,反复播放，笑发财了这段,6120.382,1753336303,a5babba0
1897980178177896192,哈哈哈哈哈哈哈哈,6134.889,1753348068,290bcf14
1897990451865073152,主要是大部分的美国人会对英音有滤镜,6302.454,1753349293,c5e94360
1898037108598766848,我觉得英音比美音好太多了，主要是美式英语有种不好好说话的感觉,6151.32,1753354855,e3a9f12d
1898068025727885056,也没有r音好像,6268.82,1753358540,9cdf46e6
1898469431701780736,四姐吐槽笑死我了,6195.492,1753406392,a725bfc4
1898638472119025920,B+可以了，我的二外只有及格，但我还是往简历上写我会,6389.578,1753426543,a18ccce
1899515964723618304,很多去台湾上大学的人也会有台湾腔,6237.288,1753531148,3820b86
1899583646470362112,哈哈哈哈哈哈哈哈,6195.813,1753539216,fbcf58ae
1899589769240256768,政审吗,6331.689,1753539946,80311199
1899903850559699712,英音好听啊,6271.685,1753577388,3e3ca627
1900743884129465600,东北腔,6156.205,1753677528,fc5824e9
1900962778974280704,“再给我上颚共鸣试试看呢”,6139.283,1753703622,7c263e9f
1901039338478048256,缘分,6410.357,1753712748,2c9403ee
1901092486005857536,这一趴杨迪和大左配合好默契好好玩,6240.882,1753719084,bba3e7b3
1901111475482086656,东北菜好吃不辣,6470.381,1753721348,18259142
1903696970439590656,我以为这个词是 可以,6419.591,1754029563,b7a9b2eb
1903909804733164032,哈哈哈哈哈哈哈哈哈这么严重吗,6142.532,1754054935,c51a6472
1903912608323439360,这个讲过，老师说他没天赋他吃激将法非要学哈哈哈哈,6350.203,1754055269,c51a6472
1904470534801020416,温文尔雅温润如玉钟逸伦,6222.688,1754121779,cc2734ec
1904581796449178880,没事萨沙会倒着说,6144.19,1754135042,5bd65cde
1904592053267419392,伦儿比较像英国的,6176.889,1754136265,3e5e834
1904592758221061888,哈哈哈哈哈哈哈哈哈,6240.501,1754136349,3e5e834
1904741835662920192,中国其它不说，论美食绝对世界第一,6444.448,1754154121,1606bf27
1907997071420911104,很明显是要伐木哈哈哈哈哈,6187.912,1754542175,e06c8437
1910189102486362880,大漂亮,6338.048,1754803485,738a73b
1910189214340135424,漂亮过,6351.282,1754803499,738a73b
1914652145542984448,这期好好看,6310.42,1755335521,39959bed
1916890106191840512,来了来了 入坑点,6131.6,1755602307,41d23346
1938459317036858368,4,6137.704,1758173558,7ce065f9
1942844325235513600,我真该死啊哈哈,6254.36,1758696291,1448c64
1967689487748992512,口音会混也正常，在外地待久了回家就会被说口音变了,6211.908,1761658065,eb09f285
1971860351436493056,真好,6405.79,1762155271,83beff44
1975472819102343680,我喜欢这期的所有！！,6331.166,1762585911,75855fc6
1988749246333072384,可怜的伦儿,6254.717,1764168584,c847ffba
1988750225619440640,支持Dylan，英音好听,6272.114,1764168701,c847ffba
2011318177330127616,好家伙哈哈哈,6456.191,1766859010,1bdc989c
2024979683494084864,这话题能客观的聊吗,6321.496,1768487589,4756a90
2069095069641645568,有没有可能美国人不说纯正的英语才是违背了自己的故乡,6150.449,1773746553,6b2b33d2
,,0.0,1775683732.8000336,
lb.c,,0.0,1775683732.8000336,
,,0.0,1775683732.8000336,
1895737660753285376,这一期真的很好看,6541.435,1752992583,a8f5ef7c
1895737685818446080,享受2025，好戳人的表达,6794.065,1752992554,dd38837b
1895737804802461952,哇哦，好想听一听,6713.441,1752995454,98f16374
1895737829255254272,老王算最有发言权了，毕竟经历过生死后来的,6760.292,1752998269,4944442d
1895737865259159808,但是这种速度也会有很多后遗症,6628.733,1753000515,8b34e573
1895737968288043264,那还是不一样的，中国贫富差距大，但基础建设都很好，欧美可不是,6678.52,1753002110,5e592343
1895738173439840512,应该是说医疗不便利，拖着拖着很多病人就错过最佳治疗时间,6709.748,1753010160,20af4969
1895738642102980864,哇，好会说,6794.595,1753022472,755ab053
1895738734201508096,和平,6749.651,1753027321,d89d8cbd
1895738795295740160,兼容并包,6823.86,1753032301,177de300
1895738872798089472,对自己深爱的国家有反思是很好的一件事,6721.795,1753038055,187c324
1895738902879637760,喜欢这样的真诚分享,6543.19,1753037588,187c324
1895738912006443264,希望都能变得更好,6721.795,1753038063,187c324
1895738932063604992,哈哈哈哈哈在一个伊朗人的房间里两个美国人吵起来了怎么这么好笑,6711.525,1753063546,f032f0af
1895739024153743616,其实这种对速度的适应能力也是一种温水煮青蛙。,6620.268,1753037869,187c324
1895739090717348096,不知苦所以不能言苦。,6622.315,1753037904,187c324
1895739095272362240,来郑州吧，郑州地铁是真的很有人文关怀,6736.904,1753040485,7a1afabc
1895739168219697408,五千年,6837.086,1753066340,e94d0ef6
1895739195574948096,都一样啊，大部分资源掌握在少数人手里，底层挣扎求生,6685.378,1753069042,3e15afd5
1895739298603831552,贫富差距...真的很难缩小,6671.593,1753077459,f04b19be
1895739300432548096,战乱国家的人要考虑的是生存，和平的国家才配谈生活,6772.315,1753073897,f8b0e6b0
1895739333257171200,唉...,6667.752,1753077438,f04b19be
1895916809107255552,来成都坐地铁吧,6741.512,1753102095,cc998cf0
1895922409224457984,幸存者偏差罢了。跟不上的会被毫不留情抛弃消失,6635.987,1753102763,9cc53f64
1895927999803579392,看了饼叔和老王的视频，很感慨,6763.186,1753103429,2f51f428
1895937469820941824,喜欢陈老师每次认真的聆听大家的发言,6547.615,1753104558,7d881d54
1895945543797188096,哈哈哈哈哈哈哈哈哈哈哈哈哈哈哈哈哈哈哈,6503.187,1753105521,4365b2b7
1895971705936303104,中国自己外宣也是重点在传统文化，对内也强化传统文化在中国文化中的代表性，青年文化一定程度上缺失，也有舆论环境的因素，外国人误解也很正常,6589.994,1753108640,108016b
1896042506861772032,这个我居然有点不信,6824.197,1753117080,698bab0d
1896055550030980352,中国也一样只是程度问题罢了,6658.388,1753118635,35861f7e
1896115798288929536,只缘生在此山中我没觉得变化很快但是回头看好像也变了蛮多,6649.705,1753125817,cc2734ec
1896346407598641152,说一样的去认真了解一下中美差异吧，本质是不同的，中国在努力缩小贫富，美国不是,6687.136,1753153307,996c2fe2
1896389793135554816,哎也不是每个中国人都过得很幸福，我就很累,6804.345,1753158479,671e7525
1896445143561997056,每个国家都需要伦这样的理性主义,6735.808,1753165078,2babe5d1
1896692445161556736,未知全貌 不予置评,6500.385,1753194558,d10e6859
1896713597632456448,前面那个为什么不信啊？就用大类来说，南北方的很多人了呀，更别说这么多省，每个省，每个城市，甚至每个村的文化都不一样。,6830.016,1753197080,c93b4313
1896713718285980672,很多元了,6834.261,1753197094,c93b4313
1896732865308570624,AUV,6591.584,1753199377,54d3f224
1896762050744070656,哈哈哈哈哈哈哈在一个伊朗人的房间里,6709.359,1753202856,9cb4590f
1897033430391823872,每个人都累换个地方你会连觉得累的功夫都没有还要担心能不能活到明天,6812.842,1753235207,d539e6d1
1897036751005286656,投共一念起，顿觉天地宽,6735.699,1753235603,c50570d0
1897124829325385984,国外一些媒体的刻意描绘,6600.162,1753246103,42da3e49
1897224976302927360,这俩私下可一定要还是好朋友啊,6713.528,1753258041,e6299164
1897398342565690112,真的，我们被保护得很好了^ω^,6774.265,1753278708,ca23a4
1897434692518111488,苏丹的游戏你是不是原型哈哈哈哈,6776.575,1753283041,b7b7e82b
1897549057816156160,鼓楼钟楼是西安,6483.967,1753296675,6f99a845
1897599146278760704,中国内部当然也有问题，但和国外的程度还是不一样的，多去了解一点再发言吧,6682.239,1753302646,68f3b35d
1897599835788886016,一个江苏各个市县方言文化都不一样,6838.453,1753302728,a12485dc
1898072217221687552,想起luigi,6699.647,1753359040,9cdf46e6
1898085967332604160,这后面的话题多来几期，说不完啊,6609.427,1753360679,d849b843
1898126853265714176,没办法拒绝变化/dog,6625.936,1753365553,ba542c3c
1898641050416426752,人民的愿望都相似。。,6675.15,1753426850,a18ccce
1898785992081696768,英国：勿cue，谢谢,6689.673,1753444129,cc3adea9
1899394054693909504,不接受也很好办，慢慢被淘汰咯,6624.492,1753516615,3873c0bd
1899524978576745984,可能是荒诞吧，比较合适,6523.504,1753532223,7cf865be
1899569833494887168,梦幻不好吗？,6573.202,1753537570,3860f01a
1899644931426164480,中国也不能避免,6661.822,1753546522,d5bc7b78
1899645448348985344,当然我们现在正在努力让中国不一样而且也有了成效,6689.47,1753546584,d5bc7b78
1900034195536137984,Dylan是一个真诚的好人 支持,6720.402,1753592926,2c9403ee
1900231076526713344,美国很多人相当爱国的，其实恰恰是我们。。。。。。,6649.902,1753616396,395ce43e
1900245252292511232,这里的荒谬应该是指外国宣传的中国和实际的中国不一样的意思吧,6582.739,1753618086,fc0b135a
1901033036209402880,“神奇”,6522.2,1753711997,1b6940fa
1901478076861790976,中国禁枪是最明智的选择，而且摄像头多也是为了保护好人，监视坏人,6802.453,1753765050,80000882
1901700931155311616,变差,6642.612,1753791616,105f52db
1901734966363358208,他是个理想主义者，社会需要理想主义者的存在,6719.916,1753795674,71f360aa
1901862417940697600,感谢国家，每有一个新技术出现都是先向全民普及的,6630.792,1753810867,4a4e6679
1902365496134297344,我们不要身在福中不知福了,6793.653,1753870839,92f8c01f
1903699234281745920,很多国家都这样,6658.438,1754029833,b7a9b2eb
1903827465546625536,每次波波玩这种政治梗我都好想笑,6715.322,1754045119,29c7c55b
1904592752574914304,中国不一样,6686.195,1754136348,357dee8e
1904596883444749312,。。。。。。。。。,6636.436,1754136841,3e5e834
1904597355127841024,哪里不都这样,6661.546,1754136897,3e5e834
1904599138847969024,没有说过的多幸福 要求就是没有战争就很幸福了,6809.822,1754137110,3e5e834
1904743391271399168,中国可使用短短30年走完了西方国家的很多路,6615.568,1754154306,1606bf27
1904746212788497664,确实多元化，不同地区不同民族,6820.44,1754154642,1606bf27
1905466819909765888,要哭了 老王,6796.692,1754240545,a48719d1
1905516364379104512,中国和美国还是很不一样的，美国可以说整个政府和社会就是一个企业,6688.725,1754246452,c0863c00
1905590443236882944,华波波接的好哈哈哈哈,6728.909,1754255282,55f41f2d
1905708190906021888,是的，明明有新兴的社群文化，小说影视在海外也有不少受众，但只拿传统文化宣传,6558.317,1754269319,92638f93
1905733248072848128,伦好可爱啊,6721.098,1754272306,f5b9996
1905886098668937984,伦儿很有国家情怀,6698.429,1754290527,7becfa2e
1905887294179910912,阿雷文艺人,6824.672,1754290670,7becfa2e
1906070010057587456,基建狂魔可不是贬义(而是汗颜),6743.759,1754312451,c8137052
1906621653182534144,国内也一样，只是国家投入民生的更多,6672.825,1754378212,da947e05
1909689848987148544,他想表达国家或者政府没有投入更多到基础设施建设或者卫生安全上面,6674.879,1754743970,d7fb52ee
1911377903472814592,真好,6720.915,1754945201,984e8387
1911378403299548928,伦的发言太棒了,6767.166,1754945261,984e8387
1913571332298825216,不予置评  但我家过得很好,6816.41,1755206679,a406af70
1915971349722081024,但是在武汉记得出门的时候手不要插在兜里,6731.172,1755492783,aa8cb2c6
1918412477759778560,对老王来说这里很有烟火气,6809.441,1755783788,dcc7e0e1
1921056285831728384,不接受就会被淘汰,6630.638,1756098955,954b058c
1921056623968288000,中国也差不多,6657.996,1756098995,954b058c
1929404679826503424,我们也是啊 程度没那么离谱就是了,6668.628,1757094161,bd775eca
1945264582373671936,每次听这个方面都想哭,6771.747,1758984808,e84d2ff
1967694729680788480,卢可的共情能力很强,6785.668,1761658690,eb09f285
1967694847532478464,老王好真诚,6789.668,1761658704,eb09f285
1975476124088230656,好棒老王,6795.251,1762586305,75855fc6
1977911950214243328,其实中国也是,6675.488,1762876678,aedabb3d
1986558931577298944,确实，只有一部分人在享受当代,6804.09,1763907478,2a9d92f9
1988754506963415040,Dylan反应好快,6661.622,1764169211,c847ffba
2011320470867702016,世界因你而美好 ,6720.212,1766859284,1bdc989c
2016952177930965504,广州都一直在开新的地铁线路！,6708.314,1767530636,8947ce87
2022025891484004352,什么叫老是说这个？经历过的最深感悟说不是很正常吗？,6786.513,1768135469,6d4f31dd
2027056310750973952,这是一个制度问题 美国的资本主义体制下永远不可能达到钟逸伦想要的这些平等和普惠,6727.425,1768735142,aef87158
2027056891695612928,老王一说话卢可就哭,6782.978,1768735211,aef87158
2029865597738983936,外宣确实做得不好,6562.312,1769070035,361d239
2056133097778429440,荒诞是离谱且可笑，也不好,6531.028,1772201365,fa9ad547
2066239338295500544,中国没美国那么夸张,6675.024,1773406123,a16be46f
2085131327899985664,荒诞,6523.597,1775658224,91e1ddec
,,0.0,1775683732.8000336,
lb.c,,0.0,1775683732.8000336,
,,0.0,1775683732.8000336,
1895737518549602560,中俄那说不清道不明的羁绊呐,6875.785,1752989565,9e8cd452
1895737942753120512,虽然但是这些基建应该都不是白给，还是要考虑利益的。,7087.97,1753004822,545954c8
1895737954606223616,萨沙已经不是老外啦，他是老内,6917.492,1753001311,e4ff31ac
1895737962810282240,给陈老师投币,7148.543,1753000815,e868d6e6
1895738337562956032,萨沙的面相都很中国了,6921.078,1753014984,73e9b877
1895738415065305344,非正不就是这样吗hhh正经起来很正经,6951.491,1753017172,638576ba
1895738442420556032,这已经是精中了自豪了,6856.334,1753017521,47376c28
1895738515367891200,现在的节目越做越大，主题也越来越大了,7111.306,1753019293,193ffd61
1895738546372186368,萨沙越来越老干部了,6860.051,1753019535,1c68567a
1895738560079171840,完全变成中国人了呀萨沙,6854.884,1753019690,b3e76332
1895738708666585344,但中国的利益都是双赢的，大多是经济上的，不能说有利益就是不好的,7102.081,1753028422,a7349199
1895738749695267072,基础在民间，未来在青年,6909.082,1753029610,b77da815
1895738798022037760,东北人来了,6857.033,1753029957,d0eeaf61
1895738808063201536,唐朝那会真挺多的，服饰饮食娱乐活动都交流的特别深，互相影响很大的,7030.588,1753023996,11c5072
1895738836324421888,偶尔有一些宏大深入的话题也挺好的呀,7125.054,1753034905,9ef562ec
1895738864585642240,灵笼,7118.112,1753027731,7bf03337
1895738874618417408,肯定是有利益的，但是我们追求共赢，而不是强取豪夺,7091.369,1753030554,516113ea
1895738916561457408,宏大叙事会让人感动，但也会让人迷失的，感觉没必要一直升华,6997.048,1753038389,187c324
1895738967622914304,这一年真的是舆论反转,6903.166,1753030294,516113ea
1895738974912614656,近代中国的版图就是清朝定下来的，相当部分依赖于乾隆的十全武功，感兴趣可以搜一搜乾隆朝名将,6979.544,1753040743,7a1afabc
1895739005916909824,没有宏大的背景下个人还会存在吗？,7125.643,1753036925,c7bc6e63
1895739146333819136,咋样了。。。挺好的啊人家,6949.86,1753073352,892b4073
1895854446332840192,相信老王说的是话是发自内心的，毕竟亲身经历过战火,7170.238,1753094661,3a31dcb7
1895859660172023808,据说他的老爸是中俄混血？,6880.681,1753095283,1df8460d
1895878303215493376,迷失是因为你自己内核不稳，如果你连听到一点赞美的话都觉得心虚、不适，那是因为你配得感太低了,7007.214,1753097505,68ab50d8
1895886991573313536,萨沙已经入党了，自豪感都有了哈哈哈哈哈哈哈哈哈哈,6853.737,1753098541,ac1ed4e7
1895914456186862592,确实，有过大唐的鼎盛，也有侵华的耻辱，太复杂了这几千年和近两百年,7072.87,1753101815,4f7b0147
1895939496005433088,我发现很多人很抗拒对个人的赞美哈，宏大就是由个人构成的,7124.197,1753104800,d0a706e0
1895962862170590464,是的,7064.0,1753107585,3c890e32
1896057229271011584,从先秦开始的华夏认同,6997.054,1753118835,35861f7e
1896057475954741760,让我想到了威斯特伐利亚和约,7027.006,1753118864,35861f7e
1896138358434982144,一点都不过，中国就是很好。,7190.899,1753128506,7388c77a
1896282581490515456,导播直接不敢切其他人的画面了 大左也管管 心里知道就行了,7189.779,1753145699,c585eb07
1896371636178174208,为什么过了 前面的是配得感太低了吗 陈述事实而已 为什么会觉得过呢,7195.88,1753156315,c0abd974
1896444073528258560,才注意到这个地图中国好大,6967.583,1753164950,a7969c95
1896444504300081408,超棒啊这期话题 很有意义和深度,7003.209,1753165002,a7969c95
1896487634579302400,这个地图也让我印象很深刻,6965.677,1753170143,9ec95bfa
1896489246634756864,说得好,7151.185,1753170335,9ec95bfa
1896515622197177856,他是真的入党了吧，发言太官方，哈哈哈,6917.303,1753173479,8a80d98c
1896527134873361920,萨沙太中国了,6883.176,1753174852,6a042d86
1896527607890110720,真的很震惊,6985.76,1753174908,6a042d86
1896528590154207232,不愧是在世界中心呼唤爱,7171.882,1753175025,6a042d86
1896549573058051072,求同存异,7081.105,1753177527,b99d4a1f
1896678634124171776,说的太好了,7089.925,1753192912,ef5b873
1896689226226035968,为什么要说过了，如果作为国人的我们都不够有自信，都不够乐观自豪的话，这个世界上还有谁愿意更相信我们可以做到这些呢？,7191.378,1753194175,4de79949
1896700212652189440,中国最牛逼的一点，就是同化,6948.592,1753195484,c3929b2
1896846755031494400,天下大同，世界人民大团结，万岁！,6951.603,1753212954,9450640
1897038302151448064,让我想到了高佑思…哈哈,6842.739,1753235788,88971e98
1897132711857199616,因为我们原本就是一个多民族的国家，每个民族存在各自的文化差异，每种文化相互包容,6938.97,1753247042,42da3e49
1897313694656990464,北京欢迎你，为你开天辟地（开放怀抱）你会爱上这里,6908.793,1753268617,729e3ab7
1897402914356966144,love ,7173.813,1753279253,ca23a4
1897552673700808704,执着 信任,6868.324,1753297106,6f99a845
1897601588529782528,现在人真是戾气重了，以前从来不会有人莫名其妙的打问,6997.266,1753302937,a12485dc
1897859954988690432,家国情怀大部分人有，有一部分人确实因为从小的狭隘，自然也看不惯这些,7191.085,1753333736,e0632c99
1897866933580394240,非正这一季带着任务了,7011.467,1753334568,8562c6e6
1897897775447236608,那外国人和自己国家对比就是觉得中国更好啊，看见中国更好的一面讲出来啊，代表们都说的那么真挚真诚,7021.288,1753338245,2aa70d44
1898088222609748480,可以倒着说中文,6878.916,1753360948,8f9aba91
1898092720329620224,带啥任务真好笑,7021.416,1753361484,d849b843
1898132201112459520,宏大背景就是我们每一个中国人的骨血，为啥不能谈,7130.926,1753366191,ba542c3c
1898580836409316096,守正创新 不忘初心,6939.247,1753419672,6126b659
1898666323538942976,用今人的生命还古人的债，这个真是精辟,7155.601,1753429863,915050e3
1898788297942440448,他不是混血儿，是老爸在他很小的时候就“巨星标配”了，但是很小就开始接触中国文化,6894.038,1753444403,cc3adea9
1898791671513404160,宏大和个人不是对立的，而是互相成就，这就是精致利己主义为什么要摒弃,7136.041,1753444806,cc3adea9
1898822681655529728,这太好了！,6843.84,1753448502,636af638
1898910387244854272,莎莎接近中国人了，完全中国化了,6921.603,1753458958,e3470321
1898911684559693568,陈老师真的满腹经纶啊,7076.15,1753459112,e3470321
1898957673719325184,有些弹幕是觉得说坏的才是真吗？坏的好的都是,6994.673,1753464595,6b40ebca
1899330667008161024,已经是东北人的模样了,6896.769,1753509059,8ed82815
1899443844664460800,中俄CP,6903.562,1753522551,e4d84d7d
1899524549423779584,太深了！,7053.949,1753532172,3820b86
1899609802536100352,萨沙太像中国人了,6868.96,1753542334,64c6b79c
1899623826770786560,一点都不过好吗，现在的时代背景下世界是否能和平确实要看中国,7192.147,1753544006,bc31ead9
1899647684927755520,前面的想说啥啊，陈超咋样了？不要引战可以吗,6952.723,1753546850,d5bc7b78
1900087323199353344,哪里过了？自己去了解一下我们在国际事务上做出的贡献，不要这么自卑,7189.371,1753599259,422009b7
1900214028308531712,古代也有疆域图吧 也是有地理分界线的,7038.06,1753614364,b927edf8
1900303293918964224,老王又动感情了,7179.652,1753625005,68efaa5c
1900974547218661632,中国真的格局太大了,7161.167,1753705025,62699b20
1901012750474195456,萨沙就是中国小伙啦 ,6871.084,1753709579,9265523d
1901040459380750080,天下大同！！！世界和平！！！,7183.616,1753712882,1b6940fa
1901066877699254528,近代史 是一个伤痛,7072.148,1753716031,539dfda8
1901118523019670016,互利互惠嘛，有何不可,7108.686,1753722188,18259142
1901639283426035968,我的弹幕呢,7003.772,1753784267,4d2041c5
1902755038712239872,萨沙说的已经得到了国人大会演讲的精华,7009.141,1753917276,3f3063c2
1903662376340233216,陈老师讲得太好了 ,7199.012,1754025439,2e93938c
1903701780291417856,夸得我都绷不住了,6921.694,1754030136,b7a9b2eb
1903776104272515072,中国自古并没有国境线的概念都是以势力范围划定大概的区域，真正接触到把国境化为一条线的应该是清朝的尼布楚条约,7040.655,1754038996,b9df69aa
1903804183300627712,中国是文明型国家,7009.325,1754042344,1ddd0afb
1904413756096572672,会长眼眶红了,7182.497,1754115010,21f73640
1904600175142915328,萨沙这段话 好,6931.724,1754137233,3e5e834
1904602111367773184,哈哈哈,7116.424,1754137464,3e5e834
1905340308922234368,speed不是来了吗？,6912.659,1754225464,2eb47862
1905890199146212096,天下大同！,7147.37,1754291016,7becfa2e
1906120801997426176,倒着说中文笑鼠我了,6883.518,1754318506,712b33d4
1906866720434670336,他爸爸混血,6884.042,1754407427,4ad5b7c7
1907440916215114752,必须得是陈铭,7057.295,1754475876,9adcf5e9
1907441055340190464,没有陈铭可咋整！！！,7062.323,1754475893,9adcf5e9
1907927474462215424,萨沙爸爸好像是中国人,6888.991,1754533878,edceba01
1908264231959804928,不然呢 你想听到什么？,6956.994,1754574023,d8a8f583
1909738694962297344,因为我们的认同不是建立在血缘，种族之上的，是文明,6947.309,1754749793,e06a0bba
1910516879710106368,天下大同,7156.667,1754842559,4cd26c1a
1911108155258463488,愿祖国永远繁荣昌盛，愿人民安居乐业，希望真的能有老吾老以及人之老，幼吾幼以及人之幼的天下大同,7199.845,1754913045,34be5d10
1911383357871574272,说得太好了,7156.072,1754945852,984e8387
1912644363784642048,这个bgm有点宏伟啊哈哈哈哈,6896.867,1755096175,aca1d8af
1912646653195192576,说得太好了！！！,7161.315,1755096448,aca1d8af
1913030470246605824,只有经历过才知道的,7176.765,1755142203,cdc7bc83
1913350480247959552,李白是吉尔吉斯斯坦那边的人,7021.62,1755180351,3302ae89
1914864527842332928,国破家亡，固定搭配，望周知。也不妨看看今天的加沙人民，里面也不乏战争前家境优渥的。,7145.64,1755360839,dfe2ddbf
1916898949210434048,萨沙太老干部。。。,6868.229,1755603361,41d23346
1916900671467390976,读人类简史就知道 国家是人类构造的概念罢了,7052.699,1755603567,41d23346
1921250021379576576,说硬夸的历史及格了吗,7002.11,1756122050,bc587f4c
1923930412557231360,但是听说意大利街上小偷特别多,6841.225,1756441577,99536495
1924986993839221504,陈铭老师口才好，说话才快，没有语言屏障,7130.674,1756567531,e498a6f4
1926357441114275328,投币了,7154.131,1756730901,9eb4a117
1939601543464800000,说的好好,6936.456,1758309722,19031c9a
1971050491086146048,感觉萨沙真的是完全融入中国了,6891.029,1762058728,9574db04
1977023081524779264,都是地球上的人类，没有哪个国家比其他高级,7161.416,1762770716,da85f3fd
1977913530325766400,萨沙已经入党了吗哈哈哈哈哈,6863.869,1762876866,aedabb3d
1985165235720048640,太纯了还是,6863.268,1763741337,55203a50
1992880039746138112,东北代表这一块,6856.653,1764661013,b087944c
2011869610512769024,看哭了,7140.057,1766924746,cc26b091
2011870073975098624,说的太好了,7150.2,1766924802,cc26b091
2026026976464848128,这一期太棒了,7064.553,1768612436,1ca31636
2027856872027209728,非常漂亮的总结,7094.328,1768830577,8f58d927
2035149943106573568,他真的说得好标准,6879.309,1769699978,ca126b
2036292303651953664,我突然意识到中国的中立也是一种和平,7197.221,1769836158,f9735bbb
2082391271548932096,包容  但是有一条你只可意会不可言传的高压红线    触碰即死亡,6946.344,1775331584,6d6f1ac6
2082391448967843072,包容  但是有一条你只可意会不可言传的高压红线  触碰即死无葬身之地,6950.611,1775331605,6d6f1ac6
,,0.0,1775683732.8000336,
lb.c,,0.0,1775683732.8000336,
,,0.0,1775683732.8000336,
1895737650661789952,下周见,7295.403,1752992285,a1639211
1895738054900420864,陈老师说的真好,7214.561,1753006171,255b01e
1895738988594434304,那挺羡慕那个厅结婚的新人了~,7250.967,1753048041,23ddeab7
1895990467888831488,哈哈哈哈哈哈,7243.15,1753110876,99272c49
1896502871931897088,精彩的节目,7207.788,1753171959,bda137c9
1896528826075226624,好看,7223.428,1753175053,6a042d86
1897388807511572224,很客观啊，这就是事实,7202.296,1753277571,d403eb94
1897967201404250624,好看好看,7214.407,1753346521,bdfa401c
1898090557780690176,哈哈哈哈哈哈哈,7364.777,1753361226,9cdf46e6
1898096271319938304,伦儿记词能力这么强啊,7425.896,1753361907,d849b843
1898122321471151616,战歌起泪目了,7222.706,1753365013,66a85677
1903097630284788992,真棒！,7232.354,1753958116,1e5860b0
1910196463095640064,可真正的世界还是弱肉强食,7214.027,1754804363,738a73b
1962554409448054016,旷野的规则是永不回头,7256.422,1761045916,9caedba
1977916378484578816,精彩！,7203.354,1762877206,aedabb3d
,,0.0,1775683732.8000336,
lb.c,,0.0,1775683732.8000336,
,,0.0,1775683732.8000336,
1895737229310398720,一日代表好漂亮！像玛丽莲梦露,36.018,1752985309,59dfb4d2
1895737236021285120,来了！,197.636,1752984891,781e03c0
1895737280388632832,来哔哩哔哩只为了非正,23.323,1752985268,882cd619
1895737340836942080,竟然没有弹幕,102.734,1752986130,7c88818c
1895737356095820032,太美了啊啊啊啊啊啊啊啊啊啊啊,129.037,1752986855,63882395
1895737381790126336,哈哈哈哈我也喜欢测试,330.419,1752986736,4f7b0147
1895737392368161024,再看一遍加长版,74.113,1752987164,6261fc3d
1895737440627822848,就等加长版了,15.67,1752988220,a8fd71fe
1895737488023458048,沉默是最好的回答,188.466,1752989859,5cde034e
1895737757213888768,濑濑晒伤妆？,296.894,1752994571,13ee2db9
1895737813862158592,天呐，杨迪好好，还帮会长解释一下,262.251,1752995588,ef576978
1895737852827242753,濑濑可爱,315.191,1752995616,1091612d
1895737914483511552,我怎么第一反应就知道他要说学历,139.779,1752996339,2775914b
1895737947308134656,果然还是斯拉夫人长在我们的审美上！,73.86,1753005031,2394c70f
1895738002018636032,哈哈哈哈哈哈哈哈哈,195.646,1753006609,bc56a2e1
1895738089553760512,加长版！终于 走起～,118.271,1753002959,ea88348b
1895738128770502912,哈哈哈 让我们说中文,233.897,1753003085,ea88348b
1895738201701060864,哈哈哈哈哈哈,178.352,1753005984,61f1cb93
1895738215382880512,来了,60.699,1753006389,bc56a2e1
1895738423277752576,怪不得,264.523,1753017327,ef8f951e
1895738450633003264,弹幕呢,94.954,1753017693,6474f847
1895738460665778432,来了,9.0,1753017972,d2eb3f6c
1895738543637500160,超超看起来很聪明的美女,286.398,1753016280,a9208369
1895738587400868096,我说会长怎么有种被夺舍的感觉呢,275.37,1753020529,fc5c5aac
1895738736936194304,罗世杰也是博士吧,170.656,1753024489,8d665d98
1895738941182021888,再听一遍哈哈哈哈哈,211.547,1753064144,91850ea9
1895739043304935680,大左你堕落了 居然问出这种问题,183.625,1753066311,c585eb07
1895739119892926720,直接看加长了,50.901,1753065450,532bb614
1895739159101280512,直奔完整版！,2.008,1753066177,df6e1fa7
1895739170954383616,高情商：还在研究中...低情商：懂得都懂,196.746,1753071998,2b09e628
1895739227485212928,想起大不溜，小不溜，哈哈哈,313.856,1753071380,42da3e49
1895739240252674304,本来就是这个议程,275.175,1753075611,9cc5a9be
1895739294963175680,让我们说中文,230.803,1753077391,7d0b1ed6
1895741767471711744,好漂亮我的吗,123.454,1753081229,35861f7e
1895878472815905536,我就说会长怎么突然那样哈哈哈哈哈哈,285.477,1753097525,e1f0140c
1895902343950621952,小姐姐有点用哈利波特的露娜,260.69,1753100371,7bf5ae5
1895913944380697088,全世界都在说中国话。,240.019,1753101754,83719079
1895923691389856000,这封面有点像火仔和托子啊,7.553,1753102916,f48e83fe
1895925654231755520,俄罗斯娜娜什么时候来,123.096,1753103150,9a5f75b6
1896126772140527360,soul说是,314.381,1753127125,757770bd
1896432713985696000,厉害了,157.364,1753163596,d844b0d7
1896548500188124672,头发好美,170.792,1753177399,7be9809b
1896549652783060480,杨迪火是有道理的 尊重人,272.254,1753177536,7be9809b
1896671118996624640,哈哈哈哈确实幸好解释了,273.442,1753192016,9cb4590f
1896702989247416832,超超很适合这个衣服的颜色哦,102.804,1753195815,3c4a8341
1896834873642632704,有俄罗斯美女啊…,35.454,1753211537,88971e98
1896836266168177664,让我们说中文,232.165,1753211703,88971e98
1897134881856050432,漂亮小姐姐～,64.387,1753247301,c76fd2
1897334937960030976,濑濑这个妆真好看,301.592,1753271149,bbeae81b
1897409888377011200,冒犯,196.202,1753280084,4dd44e23
1897435333340270848,约基奇,348.778,1753283118,182ab5fd
1897520115852190208,完蛋，没有提示我怎么看？,116.489,1753293224,28dcc9f6
1897545623813818880,这就冒犯了？弹幕真是敏感肌,201.287,1753296265,d14d0ec
1898012492027085824,赖赖的妆好可爱,336.596,1753351920,4fcac017
1898069933423117568,杨迪预判了弹幕哈哈哈哈哈,271.58,1753358768,ba542c3c
1898129671619960832,这个问题就跟 这是博士，你谈恋爱没？结婚没？一个意思,190.406,1753365889,c4640bae
1898480150421808896,来了,16.649,1753407669,6a79158e
1898575317955005440,超超好好看！,109.88,1753419014,69896d2c
1898577690152768512,花仙子从动画里跑出来了,128.022,1753419297,ae954710
1898649691060092160,西伯利亚可老大了,219.328,1753427880,2391701c
1898711585640666112,陈超这次妆发好可爱啊,102.634,1753435259,6bc89832
1898754234095442176,羌族小煞,92.976,1753440343,2c9219d7
1898798214510129920,你是菠萝的颜色,82.099,1753445586,3665527f
1898849081846541312,萨沙爸爸本身就是中国人，只是他自己从来不提,250.247,1753451650,b47738e
1898894497392836608,哈哈哈哈哈哈,177.674,1753457063,b7a9b2eb
1898943849687043840,一直是这样就得改呀，与时俱进哦,224.299,1753462947,b698ce63
1899364840469068288,这个发量绝了,134.718,1753513133,2a7b6daf
1899448788037526016,超超每期都好美呀,99.793,1753523140,d00654d8
1899516166050156032,不是第一次看 而是第一次意识到 以前太麻木了,216.063,1753531172,118b96e
1899527485797073152,笑死 中文是母语 俄语是二外,237.713,1753532522,568a8045
1899528308618886912,敏感是好事,303.526,1753532620,568a8045
1900192036414916352,一之濑这妆怎么回事,293.915,1753611742,29c7c55b
1900289648556262400,直接看加长版,0.154,1753623378,e67086c2
1900919121772592640,好漂亮,127.615,1753698417,c1f2fe77
1901083258352320512,好厉害的姐姐,153.737,1753717984,80000882
1901138676046841344,好想念松鼠啊,100.073,1753724590,be45fcd2
1901541018550427904,学霸,158.824,1753772553,92f8c01f
1901541640448327936,哈哈哈哈哈哈哈哈哈,233.0,1753772627,92f8c01f
1901557020667466240,口音重成这样吗hhhhhh,247.784,1753774461,28c7b5ab
1902390692148829184,杨迪，综艺没了你可怎么办啊,266.775,1753873842,d89f1503
1902390841935725312,这个家不能没有杨迪,269.141,1753873860,d89f1503
1903658867167214336,萨沙俄语有东北口音,222.721,1754025021,19790be1
1903884035399163392,弹幕确实很敏感（摊手）但本来每个人的敏感度确实都不太一样,210.495,1754051863,c29ddf0d
1904491649607379968,哈哈哈哈说不出来,179.099,1754124296,3e5e834
1904491705198666240,太真实了,185.705,1754124303,3e5e834
1904530408591864832,别说的是人均美女，俄罗斯人一到中年，你看什么样子,267.292,1754128916,45953387
1905824218038253568,一之濑脸咋了？？？,293.709,1754283151,7becfa2e
1906658172484245248,斯拉夫出美女,75.635,1754382566,1327ee61
1906659219936198400,俄罗斯男女比例失衡 现在男人可能更加少了,182.722,1754382691,1327ee61
1909373597710577920,杨迪真懂弹幕啊,277.498,1754706270,8dd2ba4e
1910460639663627264,陈老师在模仿一之濑,45.076,1754835855,922f6f0b
1913105683772238336,希尔顿借了这么久啊,64.327,1755151169,7c712eec
1918431810531300864,这集时长好评,75.498,1755786093,15362246
1918442564634446336,最好看的,148.186,1755787375,15362246
1933845929732174848,什么文化？能不能翻译成中文,304.009,1757623599,d7c947c1
1937313621231702528,丽莎非常漂亮又可爱，前几天在三亚看到本人，很惊艳,124.308,1758036980,ba02a15
1937929668699405312,卡尔波利,48.444,1758110419,32e2455b
1937963074376466688,好漂亮,134.143,1758114401,945a6cd2
1944416070370790912,？？？？？？,169.166,1758883658,ee18cbf2
1946034063152715520,漂亮,127.189,1759076538,eb269b47
1948170065589943552,这就是敏锐，情商和敏锐并不相关,311.502,1759331169,ffdfce2e
1953129821739839744,为啥一之濑是asuka明日香,324.492,1759922418,83b4cbbf
1954420562860454400,好喜欢她,134.846,1760076286,915cc525
1956594679777072128,别太敏感肌,205.333,1760335461,d35c8a9
1960344697746654976,萨沙爸爸是混血,212.087,1760782498,f8089327
1961200116493380096,？？？,189.014,1760884472,a187841b
1963248930037173504,故意的，节目就这样，多少年了还不懂这个套路吗,196.252,1761128710,65b78c7
1968970682843311616,哇俄罗斯美女姐姐,34.602,1761810796,269700bc
1977838097261843200,来了来了,8.955,1762867874,aedabb3d
1977839385668188416,好有才华！好漂亮！,162.561,1762868028,aedabb3d
1992655007401061120,让我们说中文,231.845,1764634187,b087944c
2002223379507534848,超今天的发型好看,289.421,1765774826,8d79c5f3
2004575798560393984,怀念以前长头发的四姐,174.74,1766055256,ffa3828d
2021928450646454528,确实不太好。。。这是啥敏感，之前男代表啥的也没问（从非正第三季开始追的）这本来就不尊重人，敏感也不是什么坏事,202.128,1768123854,6d4f31dd
,,0.0,1775683732.8000336,
lb.c,,0.0,1775683732.8000336,
,,0.0,1775683732.8000336,
1895737342925705472,严谨的德国人,476.148,1752986028,fe4eee91
1895737483040624896,大气,487.444,1752989145,193ffd61
1895737545401536768,怼脸拍，真的好看doge,689.139,1752990986,591a47e1
1895737746736517376,两位的瞳色都好好看,397.339,1752993592,2f3ca03c
1895737759118102784,梅丽莎小姐姐头发太美了，像洋娃娃,677.759,1752995462,13ee2db9
1895737805708431616,呆楞是真的  成熟了！！成熟的帅！！,611.617,1752994452,fbf64f60
1895737827443314944,那真的我们很难这样,466.779,1752995951,1091612d
1895737952785895680,花期短但是开得艳,585.749,1752998353,4eba2802
1895737970108371200,可以一个人买单，然后有空了拿小票算,428.926,1753005751,90af0186
1895737994720547072,split the bill是吗,414.975,1753003281,ea88348b
1895738146084589824,梅丽莎真的太好看了,642.72,1753009208,d93d12d4
1895738169790796032,哈哈哈哈,434.814,1753004847,2f987c3c
1895738187113271552,这个妹子好养眼啊！！,500.242,1753010552,85e3c44a
1895738250027831552,真的，我追过不少外国演员，白人很少有保养好的,603.652,1753012927,302e2cd4
1895738309293347072,男生应该说平权吧,410.11,1753014904,26cd4125
1895738312942391552,这蓝色眼睛真漂亮,701.403,1753012513,68efaa5c
1895738379505996032,小姐姐！10分好看！,681.33,1753013023,302e2cd4
1895738488926998784,听着还挺浪漫的,529.594,1753015004,26cd4125
1895738489832968448,哈哈哈哈哈,621.823,1753019961,ef8f951e
1895738508984160512,五官太美了,684.493,1753017972,8d117f15
1895738562780303616,四姐稳定发挥,422.981,1753022338,fbd7fd41
1895738589221196032,太好看了她,677.254,1753017957,8d117f15
1895738746054611200,陈铭看了一眼梅丽莎哈哈哈哈哈,590.106,1753024833,8d665d98
1895738822642602240,白人皮肤薄，再加上骨相起伏明显，没有胶原蛋白很快就垮了，黄种人只要保养得当一般四十多岁还是没问题的,615.648,1753034058,7a1afabc
1895738826291646720,严谨的德国人哈哈哈哈,462.399,1753024355,bde1c345
1895738886471520512,而且他们生很多孩子 生的女儿也多 我俄罗斯同学她有三个姐妹,706.277,1753041605,7021661
1895739008659984640,这种情况的话一般就是那个吃的多的全付了，关系好的话分别人一口吃的很正常,469.305,1753033834,7a1afabc
1895739055158038784,好问题,629.722,1753070638,bdcbba7
1895739211068707072,萨沙有几分像吉洪诺夫老爷子年轻的时候,649.648,1753071778,9e41d483
1895746442224785664,让我想到了鹊桥仙,527.913,1753081786,35861f7e
1895778905819131904,超超有点星期三的味道好喜欢,385.96,1753085656,73e93c18
1895840500003377408,哈哈哈哈哈哈哈哈哈哈哈,519.208,1753092999,ac1ed4e7
1895840530647078656,紫禁城风水养人,590.76,1753093002,c0d2264f
1895945062736117760,aa就是每个人付自己的，传到中国才变成均分,412.606,1753105463,84633020
1896015890890314496,新代表好可爱,639.956,1753113907,e871e898
1896039919974262784,哈哈哈哈,427.498,1753116771,415655f0
1896457049043406080,活泼可爱美丽，常驻！刷起来,688.508,1753166497,8cb4abb9
1896471204483626240,萨沙确实帅啊 是我喜欢的长相,657.64,1753168184,4ca66879
1896710320119313920,魂断蓝桥,514.263,1753196689,491addc9
1896934522319112192,哈哈哈，是我了,375.813,1753223416,a075ec79
1897173951436752640,一之濑这个妆造没之前的好显得臃肿突出,369.849,1753251958,6f99a845
1897176064527120128,这才是真正的AA AONE 各付各的,417.466,1753252210,6f99a845
1897249138144757248,哎呀超超好美呀这套,372.158,1753260921,d67a388
1897255003031584000,太可爱了,643.527,1753261621,290bcf14
1897330516752267008,四姐没变化，从以前就成熟,627.007,1753270622,7ea9d3d5
1897377323800974592,主要是德国比较严谨,427.117,1753276202,c76fd2
1897409726736857856,原来都是搜来的,571.539,1753280065,be125094
1897789980114699776,哈哈哈 不记得,540.606,1753325395,4227b274
1898072148510532864,高配版星悦,691.839,1753359032,2738fae5
1898073640089037312,我的男生同学也是，大学4年过去之后都不同程度发福了哈哈哈,603.928,1753359210,ba542c3c
1898583508701119488,最漂亮的不是五官吗，尤其眉眼,683.896,1753419991,ae954710
1898652758169973248,deepseek打钱,575.04,1753428246,2391701c
1898755732108109824,因为他们爱晒太阳 高油高甜 亚洲普遍相反,616.917,1753440521,636af638
1899233687024352256,法币还帅好可爱,403.744,1753497498,ad67615a
1899377441013676544,哈？,702.185,1753514635,2a7b6daf
1899524857746892032,我喜欢这种方式，不过最好点一些价位差不多或者好算的,476.688,1753532208,fbcf58ae
1899526800288205568,参考小李子,615.613,1753532440,fbcf58ae
1899527783693058816,好像俄罗斯婚礼和登记是同一天,703.421,1753532557,fbcf58ae
1899611392370790912,4,635.097,1753542524,82c776d
1899956477675331840,是晒伤妆啦,360.467,1753583661,9e6467db
1899975255272139008,这个好,400.959,1753585900,2c9403ee
1899976001933586944,那是因为西方吃饭（夹菜）的模式不一样 每个人分的很清楚,422.475,1753585989,2c9403ee
1899977800535069184,风大,542.187,1753586203,2c9403ee
1899980015152740352,测的好，就是真的好，测的不好，要相信科学,375.102,1753586467,3ad68769
1900241357915115264,怪浪漫,530.228,1753617622,5eebbb86
1900924116316678144,他也是混血吧,597.346,1753699013,c1f2fe77
1900991742497444096,老王好认真,506.845,1753707075,f6eb3d24
1900996645152891136,这个好！我喜欢这样,418.409,1753707659,59b380d7
1901491110711870976,引火烧身,657.108,1753766604,3465c430
1901544698834279680,哈哈哈哈哈哈哈,597.382,1753772992,92f8c01f
1901692904028990720,都一起吃饭的关系了感觉不用太计较吧，这是date诶,487.282,1753790660,71f360aa
1902424479079549184,是帅的啊，五官比例很好,657.34,1753877870,24d07282
1902473228065647616,我喜欢这样，感觉婚礼是给外人看的，不是给自己办的,717.867,1753883681,59b380d7
1903182158839680512,我和一位少年，漫步树林外,487.925,1753968193,a6894687
1903203390071653888,饮食问题,600.437,1753970723,5e85aa98
1903650610780700160,白人虽然不注重保养但没有容貌焦虑可以做自己就很好啊,633.202,1754024036,98decb5
1904495513727200768,这个小姐姐真的好漂亮啊 白白的,603.059,1754124757,3e5e834
1904532634147952640,堵桥来,511.379,1754129182,5bd65cde
1905080521651165952,喝酒喝的吧,597.515,1754194495,39d99fac
1905349996455302912,好喜欢去这样的，有人能懂吗,434.037,1754226619,6d90be6a
1906661267888835072,法币和一日代表眼睛一个色系,393.932,1754382935,1327ee61
1906662046133447168,这次总算到德国人震惊意大利人了,469.062,1754383027,1327ee61
1910284368769920256,因为花期短,698.558,1754814842,664d29dc
1912279399659960064,风在哪不都是一直在吹的么,542.249,1755052668,a8fe5ea9
1913210705083992832,萨沙确实帅，而且帅得很客观，这但没法否认,650.002,1755163688,d88d4d24
1913223966307712512,同事之间可以这样，朋友之间就没必要了,449.744,1755165269,96a9a0bf
1913292098959548672,萨沙确实是特别帅！,660.617,1755173391,7b914c00
1913346863013150208,这个真好,405.051,1755179920,fcf22efb
1916178758985921792,德国人哈哈哈哈,470.385,1755517508,41d23346
1921042340266008320,国外是各点各的套餐，适合aa，中国是一起吃同一盘菜，胃口不同，不适合粗暴的aa,412.351,1756097292,eea468e3
1921042881901795072,中国更难算，所以流行请客而不是aa,441.898,1756097357,eea468e3
1941566684721332736,这两个俄罗斯代表应该就是中国审美里最好看的那一类了,667.832,1758543985,e2e301a6
1944428565982548992,Dylan在写什么,388.052,1758885147,73aed9f3
1953188451575386624,确实帅,649.868,1759929407,194d9898
1960064942610599168,我29岁，孩子10岁。,709.896,1760749149,6a7c628d
1961074382902701824,啊啊啊这个音效好可爱,639.808,1760869483,c8711e27
1965454987081423872,我就这样，各算各的。跟朋友其实我也想这样，不然我感觉不太舒服,456.746,1761391692,d0b3063b
1969275411209221120,hhhhhh,585.68,1761847122,1e751c6e
1977842088578297088,严谨的德国人,480.692,1762868350,aedabb3d
1988648613126933248,妈呀，漂亮姐姐好可爱,643.948,1764156588,c847ffba
1996421042478379264,比aa更aa哈哈哈,415.493,1765083134,7177deef
2025581688474307072,亲兄弟明算账,428.978,1768559354,e5ebf93c
2066188182139764224,你也是 和前几季对比明显,589.72,1773400025,a16be46f
2068219040748953344,我喜欢这样,442.196,1773642122,f2fcfff8
,,0.0,1775683732.8000336,
lb.c,,0.0,1775683732.8000336,
,,0.0,1775683732.8000336,
1895737309572600064,哈哈比利时淡淡吐槽好搞笑啊,864.838,1752985668,47bbec08
1895737494264582400,2333333,743.492,1752989946,c76f245a
1895737546508833024,只能说世界之大无奇不有了233,828.615,1752990204,4944442d
1895737690583175424,？,788.371,1752992554,dbe23620
1895737828349284608,哈哈哈哈哈 就非要有证吗这,788.883,1752994668,fbf64f60
1895737890777305344,这么闭塞吗？,805.983,1752997401,ba65b856
1895738004753322240,比较严重的程度哈哈哈哈哈,1016.022,1753004556,94d50217
1895738144264261888,男：天王盖地虎 女：宝塔镇河妖,875.819,1753006816,47376c28
1895738162501095680,伊拉克也是什叶派国家,830.79,1753007084,43686648
1895738377685668096,对对对,886.688,1753016087,bc9fd41c
1895738640282652928,哈哈哈哈突然想起来戴卢可是不是对dating文化很懂,952.295,1753025347,fe4eee91
1895738693172826368,哈哈哈哈哈《这个华波波不一样》,729.19,1753024957,8d665d98
1895739065182425344,越压抑越开放,844.47,1753052006,65ec0af4
1895739149982863616,哈哈哈哈哈哈哈,907.322,1753065403,f7934ca3
1895769540794055680,前面俄罗斯遍地帅哥美女是真的,769.796,1753084540,4422ff62
1895824043836972544,弹幕突然收声了红红火火恍恍惚惚,734.198,1753091037,cc93cef3
1895828587920556800,这真的不是菠萝卖不出去的营销吗？,871.762,1753091579,1da0b061
1895947042497947392,第三次见面还是第三次嗯嗯？,1049.141,1753105699,c750ae38
1895949991009590528,宗教警察吗？,776.638,1753106051,9e41d483
1895971024152074240,中国人的经商天赋哈哈哈哈哈,917.26,1753108558,5a31e3ac
1896425506115668224,村？哈哈哈哈,953.332,1753162737,42570b8b
1896427127877063168,招展笑死我了,743.277,1753162930,9ec95bfa
1896494509345332736,开放啊,1029.735,1753170963,6a042d86
1896637560244685568,充话费式的结婚,813.804,1753188016,89807551
1896692754986387712,哈哈哈哈哈哈,983.273,1753194595,eac1fc5d
1896706299065560320,老王的眼神在冒星星,838.313,1753196210,d8e5f363
1896713955582526208,天逊尼派和什叶派，想到追风筝的人了,829.491,1753197123,491addc9
1896841388705377280,这跟我们这的警察查房有点像…哈哈,805.028,1753212314,88971e98
1896937991939779840,？？？？,786.906,1753223830,a075ec79
1897123754787030016,哈哈哈哈哈哈哈哈哈哈哈哈哈哈,1020.411,1753245974,45654410
1897176574395630080,来了，直接加长版,974.739,1753252271,d9749c34
1897380653918993152,哈哈哈哈～lady first～,753.071,1753276599,c76fd2
1897380942050808832,短期啦～长期啦～,765.871,1753276634,c76fd2
1897383124666121728,哈哈哈～A到Z～,976.347,1753276894,c76fd2
1897383569446710784,比较严重的程度～红红火火恍恍惚惚～,1015.942,1753276947,c76fd2
1897383907826628352,姐妹们～,1052.127,1753276987,c76fd2
1897551369599046400,可以鼓掌了,1016.475,1753296950,d14d0ec
1897727145607336704,搞对象笑死我了,941.281,1753317904,68db616f
1897898291362938112,YOYO,769.419,1753338306,3dc677eb
1898076736198329856,哈哈哈哈哈哈四姐,967.648,1753359579,ba542c3c
1898220515982619136,哈哈哈哈什么时候看到这个lady first才不会笑啊哈哈,749.918,1753376719,e8cc9494
1898515580160908800,真就体验卡,785.517,1753411893,a18ccce
1898531542490707712,太好笑了hhhhhh,995.742,1753413796,8020f1b7
1898584831534084096,感觉和苏格兰那种男女校联谊会挺像啊,958.956,1753420148,ae954710
1899333614798306816,哈哈哈哈哈哈哈哈,890.75,1753509410,48caf715
1899493708169050112,这是真的 ,810.963,1753528495,49612456
1899558765339352320,哈哈哈哈哈哈哈哈哈哈，有点太诚实了哈,1041.266,1753536250,37dfb466
1899559089802601216,雷妹妹～,1054.905,1753536289,37dfb466
1899632198056381952,华波波很可爱,860.822,1753545004,ddcb952e
1899690611263457024,这个是真的，我伊朗朋友们都证实了,809.166,1753551968,881ef171
1899980184409419520,我还记得诶,767.393,1753586487,2c9403ee
1899980554649404160,救命,801.518,1753586532,2c9403ee
1900176913918403840,老王。我喜欢的,836.184,1753609939,d7c68202
1900207702098475264,什叶派和逊尼派能坐到一起聊天也只有非正式会谈。,831.444,1753613610,253cfa97
1900855482026004736,挖坑了开始，准备回家跪搓衣板了卢可,963.641,1753690831,18259142
1900982139454146048,以前就说过啦,795.933,1753705930,1606bf27
1901030304811390976,真敢问啊大左,1041.459,1753711672,bba3e7b3
1901030501683674368,特殊类的hhhh,1063.512,1753711695,bba3e7b3
1902475393005930752,认真，不是严肃,1021.238,1753883939,59b380d7
1903582328761517312,讽刺的不是波波是国情,851.615,1754015897,1ddd0afb
1904394075097533952,哈尼克孜,728.514,1754112664,712639ae
1904496876288851456,哈哈哈,729.753,1754124919,3e5e834
1904516940261635328,哈哈 被说中p图了,897.961,1754127311,357dee8e
1905292868248203776,哈哈哈哈哈温州人也是站起来了,922.793,1754219809,94dc5d7b
1907465783345827584,大左池州人，差一个字,930.583,1754478840,e06a0bba
1909633575939544320,哈哈哈哈扬扬补刀,729.343,1754737261,d7fb52ee
1909637115907104000,哦～,1068.756,1754737683,d7fb52ee
1910217713125871872,不愧是北欧,991.337,1754806896,7419d9b6
1910285333971808000,开放式保守,800.19,1754814957,664d29dc
1916182003120834304,好神。。。,800.571,1755517895,41d23346
1918092995408932352,买菠萝是吧哈哈哈哈哈,841.599,1755745703,cae536f2
1919839034780907008,哈哈哈哈哈哈哈哈哈哈,1016.446,1755953847,b9f358ce
1920303224746295040,BGM怎么这么燃？,900.242,1756009183,99536495
1929266071559254528,比较严重哈哈哈哈哈哈哈哈,1020.019,1757077637,467053b4
1932278720392444672,严重哈哈哈哈哈哈哈哈,1008.878,1757436773,52ac390e
1933442446847667968,华波波像非正的逗号，哈哈哈,734.125,1757575500,df58247e
1939900940560154624,搞对象哈哈哈哈哈哈,944.041,1758345412,add21500
1941083294070661888,熟悉的音效又回来咯,760.233,1758486360,50b86bf5
1961012560908661760,肯定有,975.077,1760862114,bfa2ee3f
1969395654430585856,大家都知道的话还叫暗示嘛哈哈哈哈哈哈哈,861.564,1761861456,7ed3ebc
1969396057905913344,华波波每次发言都特别有梗 综艺里缺不了这样的角色,868.073,1761861504,7ed3ebc
1977846831144786688,哈哈哈哈哈哈哈哈哈哈,1044.084,1762868915,aedabb3d
2024171551549188864,！！！,787.638,1768391252,6151813e
2026922242222668544,米兰的男模大部分超级无敌穷,1070.323,1768719160,aef87158
2059722213967966208,啊？,1009.869,1772629221,75a3ab51
2059722648640373248,stop 哈哈哈,1044.827,1772629273,75a3ab51
2068224214867537408,感觉这样离婚率好高,1056.652,1773642739,f2fcfff8
,,0.0,1775683732.8000336,
lb.c,,0.0,1775683732.8000336,
,,0.0,1775683732.8000336,
1895737366690631936,被杨迪笑死，哈哈哈哈哈,1112.633,1752986394,eb069b0d
1895737511729664256,婆婆选好了，双方家长见面一次就订婚了？？这么快，和父母之命有啥区别,1166.095,1752990929,5866b398
1895737822007496960,保持神秘感么,1177.151,1752996054,13ee2db9
1895737846460289280,想起唐大哥开车尾随着送老婆哈哈哈哈哈,1216.937,1752995154,fbf64f60
1895737857038323968,陈老师还是会  doge,1334.87,1752995706,fbf64f60
1895737911757213952,哈哈哈哈他吓死我了,1277.525,1752996969,1091612d
1895737960989954304,哈哈哈哈哈哈,1249.715,1753005457,81e32263
1895738084084388096,那怪不得有些时候会吃西餐，因为这样不能玩手机，就会被迫了解对方哈哈哈哈哈哈哈哈哈哈哈,1364.499,1753010046,4e76690
1895738115080294656,说得我都心动了,1313.062,1753001868,755ab053
1895738130582442240,阿雷是真的在为姐妹们考虑啊！,1091.08,1753006285,2394c70f
1895738138786500864,打羽毛球！双打！,1265.968,1753011691,3820b86
1895738178909212928,四姐好喜欢陈老师感觉哈哈哈,1293.779,1753005068,34ea35bf
1895738260974964992,好像伦和四姐都没说？,1306.348,1753009512,e9983320
1895738350330417408,那岂不是完全不了解彼此,1188.238,1753015487,7e01a787
1895738449718644992,还是不一样，父母之命很多面都没见过,1191.878,1753016191,eabe6363
1895738783434248448,知道的不少,1094.625,1753026745,1952548b
1895738787083292928,《再见XX》那段时间的经历给陈老师整工伤了,1245.564,1753025428,8d665d98
1895739087068303616,难怪爱密室剧本杀呢,1281.948,1753071847,a05ec9c0
1895739136301043968,我喜欢看电影，因为不想交流,1267.296,1753063459,3e15afd5
1895739137215402240,赶鸭子上架,1347.576,1753073156,2b09e628
1895739334171529472,有点难评,1318.96,1753077674,6d52a3e9
1895842592684773632,老王好搞笑,1207.55,1753093248,a384683a
1895888808210444032,跟古代似的,1200.836,1753098757,80d76961
1895902850890865152,…男方视角吧，感觉作为女生并不喜欢,1329.906,1753100431,e1f0140c
1895907698449826816,唐小强好像也是这样认识老婆,1154.003,1753101009,7bf5ae5
1895953890084972544,得有个电灯泡,1201.966,1753106516,9e41d483
1895962814724877312,那大家性格都还没合得来咋办,1185.106,1753107580,70be7902
1895975507275771648,杨迪这个上热搜了哈哈哈,1108.05,1753109093,ab62fb5b
1895988325479763456,去逛宜家,1339.945,1753110621,24b0ce4c
1896001397800507136,真的，太套路了,1348.596,1753112179,b7453a45
1896033498947616256,我服了华波波了哈哈哈哈哈哈哈太搞了,1272.126,1753116006,11d561a5
1896422520862296576,陈老师说的前提是两人暧昧期只是临门一脚而已,1358.888,1753162381,2aa70d44
1896426994623953152,好古老的相亲模式hhh,1133.837,1753162914,42570b8b
1896548231191151360,爱情保安,1196.722,1753177367,445a39f6
1897115090000851712,经典来了,1111.63,1753244942,e0632c99
1897117071960705280,人家举例，只是解释吊桥效应,1318.362,1753245178,e0632c99
1897186435279557632,吃完再喝一点 酒壮怂人胆,1334.617,1753253447,6f99a845
1897384505070132992,红红火火恍恍惚惚,1112.117,1753277058,c76fd2
1897392014317188864,陈超好美好美！！！,1426.702,1753277954,dc39d7d8
1897729822839930624,世界的参差，有趣,1233.017,1753318223,68db616f
1897855084101036544,来自游牧的习俗,1150.008,1753333156,5e6db3f9
1898585785360270080,母单：别碰我的拼图！！,1322.878,1753420262,d5851018
1898586013228955136,非诚勿扰哈哈哈,1245.808,1753420289,ae954710
1898765709031333376,哈哈哈哈哈哈哈哈哈哈哈哈哈哈哈哈哈,1275.348,1753441711,da4a6923
1898851449120022784,真的好合适啊,1430.582,1753451932,85cd1b5c
1899312175110448384,伦儿呢,1370.097,1753506855,7b9475a0
1899329727408561920,\,1359.942,1753508947,4a475a07
1899340591771536128,对对对,1347.304,1753510242,48caf715
1899531646009486080,哈哈哈哈哈哈哈哈,1119.064,1753533017,fbcf58ae
1899651269212594688,做ai算不算呀,1266.478,1753547278,395ce43e
1899780832588526592,想到阿拉丁,1168.616,1753562723,fdcf0543
1899876594664020224,二十年前，唉，可怜的伊拉克人,1125.95,1753574139,51a708fa
1900212638299047936,在说什么？？？。？,1322.045,1753614198,75f02d2b
1900722697047418624,毫无违和感,1415.779,1753675002,29c7c55b
1901576106294143488,短期太奇葩了,1240.402,1753776736,92f8c01f
1902428555867433472,哈哈哈哈哈哈哈哈哈哈哈,1118.455,1753878356,24d07282
1902447002861027584,哇哦,1434.024,1753880555,623dd44
1906668414924016896,中东保守很多了,1144.039,1754383787,1327ee61
1907251422123737856,又到了羞耻小游戏环节哈哈哈哈哈,1398.192,1754453287,654346f5
1907263650541381888,小手段其实是感情蛮好的调剂，但不能没有真心，完全带着戏耍的心态去对待这段感情,1349.382,1754454744,952047f4
1910146676505643008,我要随时看华波波表现,1317.301,1754798428,738a73b
1910248152247194112,波波好可爱啊,1281.79,1754810525,edd6e64f
1911636225866354432,大左嘴替,1348.514,1754975996,954b058c
1911638478308513280,会长太懂女孩儿了哈哈哈,1347.81,1754976264,67c7bc24
1915402208338718720,卢可感觉又风流又老实,1084.624,1755424936,ef46f1d4
1916203344989683968,哈哈哈哈哈哈哈哈哈哈,1329.324,1755520439,d775399
1916742088792471552,牛蛙,1362.372,1755584662,613512da
1925311132990941184,逛宜家 看着那些温馨的家具 很容易构想两个人的未来,1337.444,1756606172,df324538
1929268457724077056,哈哈哈哈哈哈哈哈哈哈,1275.517,1757077922,467053b4
1937975455273985792,哈哈哈哈哈哈哈哈,1106.973,1758115877,945a6cd2
1943658342291830528,希尔顿环境真好,1399.929,1758793330,67fd89f
1953022555216956416,华波波哈哈哈哈哈哈哈哈哈哈哈哈哈哈哈哈,1282.728,1759909631,6e0df0f6
1958150579830921472,太功利性了,1332.809,1760520939,b2d06e53
1969280974567563776,梅丽莎真的好漂亮天哪,1208.194,1761847785,1e751c6e
1988656174098097408,小强也说过类似的，不敢多跟未婚妻见面，都是开车去接她然后远远停在家门口,1175.521,1764157489,c847ffba
1990319103688432128,妈妈结婚的时候？,1147.433,1764355726,d584df77
1995218600776512512,这眼罩好，能不能打包给酷滕送去,1420.12,1764939791,1dcdda72
2003692298001184000,我想要逛海洋公园的时候，他悄悄塞给我一个戒指,1341.086,1765949935,989ff3be
,,0.0,1775683732.8000336,
lb.c,,0.0,1775683732.8000336,
,,0.0,1775683732.8000336,
1895737232665841920,说了什么,1594.545,1752985968,8d60efce
1895737282477396224,哈哈哈哈哈哈哈老王搂住,1716.563,1752986236,f69ff094
1895737326240764160,老王：和我有什么关系,1743.272,1752986542,f69ff094
1895737564225573120,哈哈哈哈哈哈哈哈哈哈哈哈哈哈哈,1663.052,1752991877,a4557f7c
1895737579727720704,哈哈哈哈哈哈哈哈哈哈哈哈哈,1636.993,1752990432,534bf33e
1895737602217578752,吊桥效应,1656.035,1752993518,e967e3fc
1895737608274153728,这里为啥不放正片很好笑啊,1789.469,1752990046,1549437e
1895737615337361664,安全,1603.757,1752991580,6cf1571
1895737656718364928,哈哈哈哈哈哈哈哈这个眼罩哈哈哈哈哈哈,1749.409,1752991974,a4557f7c
1895737658731630848,哈哈哈哈哈哈哈哈哈哈,1497.584,1752991702,a4557f7c
1895737668823126272,哈哈哈哈哈哈哈哈哈哈,1545.58,1752991754,a4557f7c
1895737706764800256,看热闹不嫌事大哈哈哈哈,1701.323,1752994786,e868d6e6
1895737718181695744,笑不活了哈哈哈,1671.507,1752992796,4ae1ebd8
1895737814768128256,哈哈哈哈,1782.453,1752994589,b594b266
1895737824725405952,老王：我尽力了啊,1754.151,1752997563,1091612d
1895737939104076032,哈哈哈哈哈,1709.189,1752997498,1091612d
1895738000198308096,哈哈哈哈哈哈哈哈哈哈,1628.753,1753004360,71c28bd0
1895738021169828096,哈哈哈哈卧槽杨迪哈哈哈,1492.948,1753000323,6cdd056d
1895738075871940864,贴贴好可爱,1567.309,1753002223,2f1c4333
1895738098672177408,原来加长版加在这里,1699.212,1753003076,5465c709
1895738121464025344,哈哈哈哈哈哈哈哈哈哈,1656.539,1753006018,81e32263
1895738373122265344,波波刚刚说话好像老王的口音哈哈哈,1796.676,1753015888,5404f33
1895738395922501888,米可！！！！,1494.288,1753016707,d89d8cbd
1895738397742829824,米可，危，速回！,1492.03,1753013682,6ee65ea5
1895738456102375680,四姐说了啥！,1582.96,1753017881,f81c7508
1895738627515191552,牛,1558.58,1753021306,7d9f8a33
1895738699556557056,讲什么！哈哈哈哈哈哈,1774.953,1753027907,516113ea
1895738810789499136,非直男会谈,1748.073,1753027865,516113ea
1895738985868136704,怪不得没放到正片,1789.951,1753031556,b92fb27d
1895739133566357760,哈哈哈哈哈哈哈哈哈哈,1762.617,1753066553,f7934ca3
1895739144513491200,拦精灵,1581.015,1753073028,f48d5c83
1895739149068505344,拦精灵,1582.704,1753073049,f48d5c83
1895739154537877760,哇,1560.601,1753066056,f7934ca3
1895739172774711552,华波波哈哈哈哈哈哈哈哈哈哈或或或或或或或,1799.497,1753066590,f7934ca3
1895739264873238784,中东组合,1693.461,1753073158,f48d5c83
1895739308636606720,华波波啥都说啊哈哈哈哈哈哈,1775.347,1753078501,5b74304e
1895739310456934656,海带也不是植物,1531.538,1753076872,9cc5a9be
1895739313200009472,？！,1776.766,1753076889,3f6b3267
1895739330522484992,果然是加长版才能看的,1781.375,1753076921,3f6b3267
1895906831025530112,口水哈哈哈哈哈哈哈哈哈哈哈哈哈,1739.304,1753100906,e1f0140c
1895940225822895104,发币好可爱,1554.87,1753104887,9a5f75b6
1895974871134098176,梅丽莎真的好可爱好漂亮,1474.056,1753109017,5a31e3ac
1895977277180010240,这一期简直好笑到爆炸,1743.416,1753109304,5a31e3ac
1896089730320659968,好萌的两个人。。,1564.681,1753122709,7388c77a
1896307287158110464,俄罗斯小姐姐好有节目效果哈哈哈,1702.016,1753148644,13ab9171
1896334982533370624,给我笑岔气了,1755.375,1753151946,708e4a48
1896396461777172992,啊啊啊啊啊啊啊啊啊啊啊啊在干嘛,1496.598,1753159274,fe4eee91
1896555342020727040,直接笑喷哈哈哈哈,1562.963,1753178214,ff3287e5
1896610434808184320,伦想说毛肚吧 因为他那面是有颗粒的,1620.755,1753184782,c89ae7d7
1896662305044209920,每次会长都害怕的掉了,1527.119,1753190965,273d9554
1897190863994496256,这个太好猜了,1574.051,1753253975,6f99a845
1897283620088294144,美国内战,1568.439,1753265032,9c211b2d
1897402826846586880,这能播吗华波波,1775.465,1753279242,3c4a8341
1897475776413565696,我不行了哈哈哈哈哈哈,1768.852,1753287939,9cdf46e6
1897754977691536640,杨迪真的鬼点子一箩筐,1641.181,1753321222,ecd0b892
1897864109346135552,小姐姐气氛组的～,1695.088,1753334232,c76fd2
1898059525744480512,哈哈哈哈哈哈哈哈哈,1472.659,1753357527,60ea1822
1898060394963528192,为啥不让佛罗伦萨上啊,1576.261,1753357631,60ea1822
1898130261355317248,哈哈老王想说暴雨,1538.209,1753365959,a725bfc4
1898587923558453760,杨迪直接尝出来了哈哈哈哈,1542.474,1753420517,ae954710
1898588979633806848,哈哈哈哈哈这段Dylan小女生的感觉太好玩了,1656.928,1753420643,ae954710
1898633274117548032,西八 笑不活了 哈哈哈哈哈哈哈哈哈哈,1782.398,1753425923,60e24333
1898657403714124288,发币好厉害,1536.51,1753428800,470dd9de
1898864820091084288,涛涛,1594.511,1753453526,e3470321
1900014385343060224,弹幕呢，怎么没有弹幕？,1474.018,1753590565,3ad68769
1900014950055944192,我都没有看清是什么东西,1520.297,1753590632,3ad68769
1900015779680882944,猜得太大胆了,1611.896,1753590731,3ad68769
1900016341843597568,看起来好想笑,1648.607,1753590798,3ad68769
1900078932972598272,哈哈哈哈哈哈哈,1776.629,1753598259,ecc35430
1900293250909070848,老王稳如泰山,1723.35,1753623808,968d7bd9
1900353048833126144,味道应该有的,1618.131,1753630936,10c54e37
1901001124350363392,发币好可爱啊,1578.257,1753708193,2c9403ee
1901002382926510592,太可爱了,1672.273,1753708343,2c9403ee
1901764467755164416,哈哈哈哈哈哈哈哈哈哈哈哈,1750.736,1753799191,ddafd2e4
1902238942640826880,这个眼罩好适合老王,1731.008,1753855752,65067beb
1902284649590899712,华波波这么钢铁直男吗没想到哈哈哈,1769.312,1753861201,f5de49c4
1902909050661155072,弹幕呢 四姐说的啥,1582.34,1753935636,2e93938c
1902910756887219968,Dylan的破碎感哈哈哈,1644.472,1753935839,2e93938c
1904506363838182400,哈哈哈哈哈,1741.394,1754126050,3e5e834
1904506528892481536,好奇怪的画面,1761.072,1754126070,3e5e834
1905000656431964672,这个眼罩我不行了,1754.1,1754184974,f5f7f31f
1905339129458194176,再靠近一点点,1456.9,1754225323,ba077aef
1905766002156188416,我嘞个豆,1448.318,1754276211,cdc7bc83
1906135497672774400,哈哈哈哈 加长版果然不一样 我再敷面膜啊  哈哈哈哈 ,1748.007,1754320258,8a4bf8c9
1906673310826237952,中东族,1687.411,1754384370,1327ee61
1906748234274702336,哈哈哈哈哈哈哈哈哈哈哈哈哈哈哈哈,1762.638,1754393302,b145d3d2
1910390807304161024,我要笑疯了哈哈哈哈哈哈哈哈,1627.006,1754827530,8815c960
1915932755691390976,这也太。。。,1487.198,1755488182,51f2909e
1915934066629406464,哈哈哈哈哈哈哈哈哈哈哈哈哈,1643.477,1755488338,51f2909e
1915934230198990336,哈哈哈哈哈哈哈哈哈哈哈哈哈,1663.022,1755488358,51f2909e
1915934679484266240,哈哈哈哈哈哈哈哈哈哈,1716.53,1755488411,51f2909e
1915934832542999808,哈哈哈哈哈哈哈哈哈哈哈哈哈哈哈哈哈,1734.857,1755488430,51f2909e
1920310407324203776,两伊贴贴,1684.752,1756010039,99536495
1921056005467708160,可爱的发币,1554.389,1756098921,912b4cef
1921058110144466944,哈哈哈哈笑得肚子疼,1664.435,1756099172,912b4cef
1930616796109848576,哎呀,1498.221,1757238656,8f57e35c
1938813363061097472,一个奖励杨迪的游戏,1634.819,1758215763,c1c7a66
1942229667884861184,笑得我肚子疼,1783.88,1758623018,b85033c1
1952519966591265280,每次都没接住哈哈哈,1520.245,1759849718,3d553d69
1962432760279010816,我真不行了了太搞笑了哈哈哈哈,1734.276,1761031415,54f7b9d0
1967644616455633664,哈哈哈哈，这个女孩子好可爱，又害怕又好奇哈哈哈,1476.902,1761652716,eb09f285
1968988588058839552,hhhh小姐姐演员的诞生,1698.466,1761812930,269700bc
1970989897527898112,对吗？,1782.473,1762051505,9d717ee2
1981226523604447232,哈哈哈哈哈哈哈哈哈哈哈哈,1648.361,1763271806,1a09d87c
1988660542331797248,四姐说了“安全T”吗,1582.049,1764158010,c847ffba
2000956881128648192,笑得我肚子疼,1562.666,1765623848,e8b22811
2072032170285543936,大左这里为什么吓得抖了一下哈哈哈哈哈哈,1649.79,1774096682,f82fb2da
,,0.0,1775683732.8000336,
lb.c,,0.0,1775683732.8000336,
,,0.0,1775683732.8000336,
1895737421099143424,是隔壁陈鸣飞写的吧？,1945.554,1752987539,25b5c0fd
1895737422600704256,笑死哈哈哈哈哈哈哈,1861.726,1752987442,eb069b0d
1895737448110461184,不容易,1967.315,1752987565,25b5c0fd
1895737537650462976,笑死哈哈哈哈哈哈玩呢,1864.313,1752989866,adb42c8
1895737540972351744,玩儿呢,1860.902,1752989950,aaf3f032
1895737543203721472,哈哈哈,1815.18,1752989891,aaf3f032
1895737661759918336,哈哈哈哈哈哈,1802.631,1752992030,a4557f7c
1895737678914621696,但是体力劳动可以被机器替代，和ai有微妙区别,1970.153,1752991856,5866b398
1895737721998512384,哈哈哈哈哈,1864.31,1752993989,f3d0b903
1895737806614401280,AI能归纳总结现有信息，但无法创新,1995.774,1752997135,13ee2db9
1895737953691865344,工业创作可以，纯艺术不好说,1978.137,1753000003,8e57c960
1895738031194214656,20元手续费省下来了(ಡωಡ)hiahiahia,1903.052,1753004359,39499903
1895738391359099136,我家也有这个碗,1838.498,1753016417,c2e21b9d
1895738396828471552,妈呀陈超好厉害,1945.204,1753016803,cd8ee3cd
1895738416894021888,100块，哈哈哈,1895.824,1753017896,a9208369
1895738540927979776,超超好甜,1939.237,1753019045,8d117f15
1895738575547764992,有胡子应该感受不到吧,1808.657,1753017627,af72eec3
1895738673107276032,不是地铁卡了么,1892.499,1753022773,9c94b6bb
1895738779793592576,ai是用三推一，人脑是举一反三，本质区别,2024.616,1753029280,f9656259
1895738857295941888,玩儿呢，我一个广东人说不出的儿化音,1868.306,1753032504,9ef562ec
1895738900144951552,我觉得体现人情感的东西最不应该被取代，我是看小说的，如果我看的小说都是ai跑的我会死,1994.923,1753053765,5dbe0dac
1895738918381785344,不一样，至少现在的ai没有人脑会抽风（bushi）,2030.729,1753060518,d1e240cc
1895738950300438784,哈哈哈哈哈感情是在玩儿我们呢,1867.398,1753065521,91850ea9
1895738973092286720,聪明的人才看得到（,1851.057,1753066879,532bb614
1895739025076490496,上次还在说地铁卡扣费不好，立马就改转账了，真的听劝,1909.288,1753064244,3e15afd5
1895739121713254656,陈鸣飞的那个刚看完节目吧哈哈,1956.389,1753072388,df6e1fa7
1895739304081592576,哈哈哈哈太像了,1944.846,1753074038,f48d5c83
1895797243433331456,我去,1891.668,1753087842,35861f7e
1895797705813389056,当然不是,1970.665,1753087897,35861f7e
1895872207323318272,ai的数据库全是人给的,2052.858,1753096778,9f5269ce
1895957325815673088,口条真好,2151.186,1753106925,42cad9e5
1895973581704601344,老王好可爱,1844.968,1753108863,692c8ed6
1895992999780010752,华波波也算猜对了,1803.433,1753111178,24b0ce4c
1896092358488199936,我服了怎么这么好笑，老王真的穿了个香蕉牛奶。。,1821.385,1753123022,7388c77a
1896403149620117248,首彩回来打钱！！！,1815.544,1753160072,fe4eee91
1896658760060214528,老金主啊哈哈哈哈哈哈哈哈,1821.352,1753190543,abb3bea8
1896690759756227584,那是服务器和算力限制而已,2125.293,1753194357,b927edf8
1897017590325956608,刘慈欣的诗云,2043.276,1753233319,78c4204e
1897149153428556800,并不会被取代，就那ai原理来说，他是学习的技术，要是没有真人的作品投喂他，而是ai直接互相学习，最后肯定会失去人类所能体会的美感,2017.769,1753249002,af7c4445
1897160788939608064,AI取代不了大师，但能取代普通人，但我们大部分都是普通人,2028.594,1753250389,b0fb79b9
1897196044832664832,不会的 AI没有灵感只是个参考文献的价值,1999.815,1753254592,6f99a845
1897230944923557632,AI确实，一眼看得出AI,2056.543,1753258753,c05066cc
1897282352929849856,您,1876.848,1753264881,290bcf14
1897313971196141824,68+6+,2070.556,1753268650,676c84ca
1897315932888971776,只能模仿，不能取代,2003.459,1753268884,90b41f69
1897321705291076352,我觉得同意的人说的不是高端审美的艺术，他们说的是快时代创作,2090.686,1753269572,55d83f10
1897326315100134656,太厉害了哈哈哈哈哈,1950.759,1753270122,45654410
1897355364035362560,顶级的取代不了，中间底层会被取代,2092.654,1753273584,7ea9d3d5
1897404209155208704,自从知道地铁卡退费事件之后就换成转账了吗,1896.51,1753279407,3c4a8341
1897472786134957568,陈鸣飞投的吧,1948.859,1753287582,20c78ca8
1897763556578141440,这AI卡壳,1962.905,1753322245,28dcc9f6
1897865698693655296,《精彩葡萄酒》,1811.436,1753334421,c76fd2
1897865887454275072,能用的,1823.216,1753334444,c76fd2
1897975346582936832,画家的画有人买，AI的画呢？我觉得人类不会给AI的画赋予价值,2087.338,1753347492,ace2f97d
1898153206907890944,他俩节目效果已经出来了，拿到奖品不过分,1887.829,1753368695,44f44cf9
1898155156404016128,现在ai训练出的图基本都是侵权的，还不知吃了多少有商业版权的图,1990.896,1753368927,c4640bae
1898227304531014400,陈超超陈超超陈超超～,1935.987,1753377528,e8cc9494
1898497181946647040,华波波太搞笑了hhhhhh,1828.307,1753409700,6a79158e
1898589823536064768,那个脱口秀的哥们吗,1965.639,1753420744,ae954710
1898617694602120704,100元哈哈哈哈哈哈哈哈,1897.022,1753424066,25a98a6b
1898762572212570112,哇厉害了,1941.185,1753441337,eeae67ec
1898770444551886848,哈哈哈哈哈哈哈哈哈,1812.799,1753442275,da4a6923
1899295846349428736,深度学习型会成长,2061.503,1753504908,2233a413
1899311810357134336,陈超超超超哈哈哈哈,1937.372,1753506811,8020f1b7
1899619007338927616,可以的,2140.384,1753543432,f6a66d6c
1899619192483758592,辛苦阿雷了 这么一大段  我都要背半天,2145.64,1753543454,f6a66d6c
1900289831134223104,好丝滑,2143.5,1753623400,6908d584
1900727826387780608,直接转账了，不是地铁卡了,1890.432,1753675613,29c7c55b
1900864257726569216,奇马蓝,2054.335,1753691877,75f02d2b
1900992991485978112,好的画家并不会,1994.973,1753707223,1606bf27
1903906590856424448,对，所以对资本来说是好工具,2119.356,1754054552,c29ddf0d
1905365491481060352,首彩葡萄酒～味道不一样～,1814.065,1754228466,ba4142a8
1905383944120050688,ai i不会创造需求，只会解决人类的需求。,2031.372,1754230666,2ad516b
1906676777745390080,阿雷服装好潮哈,2100.595,1754384784,1327ee61
1907503470140018176,作家，和画家不会。但从事写作行业和设计行业的可能会受到影响，纯商业的会受影响,2014.591,1754483333,f5dd2f0d
1907711567622271232,一个画家的画上千或者上万我都觉得值得，但ai产的图最多一块钱,2110.855,1754508140,b59d3043
1909643331546811648,哈哈哈哈哈哈哈,1802.537,1754738424,d7fb52ee
1913366840508620800,有一只萨摩耶就叫陈超超哈哈哈哈哈,1930.9,1755182301,b30a9c4b
1915224874843617536,前面的萨摩耶的别走,1937.599,1755403796,32f67cc0
1915935882930912000,哈哈哈哈哈哈哈哈哈哈哈哈哈哈哈哈哈哈,1859.99,1755488555,51f2909e
1922480732891760896,陈鸣飞投稿,1994.089,1756268762,8dd2ba4e
1928560476044906752,ai会替代那些水平不高的人，真正的艺术家和作家是无法替代的,2055.3,1756993524,cfd3a899
1930620440054015744,现在AI技术还不成熟，以后就不知道了,2042.591,1757239091,8f57e35c
1950374312087470592,可以娱乐，但没有深度的东西,2005.631,1759593936,5ff286de
1953028710341331200,当然不会,1991.043,1759910365,6e0df0f6
1966172314316318464,好可爱啊这两个人，萌萌的,2019.752,1761477204,1ee5697
1970992051982448640,其实AI给创作圈子带来了很多好处，痛苦的是那些想不劳而获的人，AI反而将这些人筛选掉了。,1971.291,1762051762,9d717ee2
1970992805346750208,想要不被取代就得进步，人类是一直在进步的,2037.466,1762051852,9d717ee2
1980015234983286272,画手可能会，画家不会。写手可能会，作家不会。,2003.369,1763127409,916232ae
2004595551308142848,笔触这个东西AI永远做不到,2129.602,1766057611,ffa3828d
2027798215826511616,有道理哦,2053.34,1768823584,8f58d927
,,0.0,1775683732.8000336,
lb.c,,0.0,1775683732.8000336,
,,0.0,1775683732.8000336,
1895737322071625984,哇，倒过来的角度，不错,2320.614,1752985858,bc12bdcf
1895737389348262144,1000个人欸,2404.742,1752986739,1262b263
1895737464325640448,伦的观点每次都好深度,2429.52,1752988798,dd38837b
1895737568671535360,萨沙确实越来越厉害了,2188.029,1752990345,4bb6c894
1895737635520352512,AI学习能力强能模仿但是创新上暂时还做不到，给他看某个画家的画，他能模仿但是要他有自己的特殊风格还做不到,2307.016,1752992123,da8612fa
1895737675886334208,对对对,2518.778,1752992832,a4557f7c
1895737868891427072,来自四姐的认可哈哈哈哈,2383.869,1752995522,e868d6e6
1895738095023132928,其实就是说ai没有创新能力,2449.334,1753007080,fbf9b322
1895738186207301888,黄子宝宝！,2478.478,1753010860,d93d12d4
1895738219937894656,普通话越来越纯正了,2340.564,1753006552,2f987c3c
1895738308387377408,简单且周而复始的工作不会被AI取代，他们只会被机械化和自动化取代,2177.8,1753012446,da6fca28
1895738539074097408,可是这样的画家真的很少啊,2355.484,1753016161,cb47e4db
1895738633898922240,肯定是指定啊,2166.696,1753023213,691ef385
1895738659433844992,厉害,2461.836,1753022215,7d9f8a33
1895738860030628096,ai只能生产“产品”,2438.121,1753027530,9cc53f64
1895739034186518784,伦儿说的好有深度,2417.125,1753066030,91850ea9
1895739151803191552,老王说的对,2249.4,1753067040,f7934ca3
1895739188276859136,罗师杰在做捧哏,2338.921,1753070661,5268d633
1895779537472677120,很喜欢伦二这个比喻,2442.524,1753085731,3a31dcb7
1895880915561975552,说的确实好,2456.856,1753097817,db27ad6e
1895903241901117696,哈哈哈哈哈哈哈哈哈哈哈哈哈哈哈哈哈哈哈,2382.245,1753100478,4365b2b7
1895978595307183360,黄子！,2470.27,1753109461,692c8ed6
1896020644002007808,我真的我好多次都和萨沙一种选择，高度重合,2355.219,1753114473,683bd9b9
1896387667051097344,创作过程本身也很迷人的！,2197.312,1753158226,1195ac4c
1896391286534280448,我觉得最多AI的作品和人类的作品放到平等位置去欣赏，不会谁取代谁，就像人类不会只需要一个艺术家。,2329.047,1753158657,1195ac4c
1896433511490107392,伦真的每次都说的很好,2449.736,1753163691,dd1dd59f
1896446842347168256,对的。还很无厘头,2510.941,1753165280,9ec95bfa
1896478238348470528,AI没有人所具备的“灵性”，这个是根本区别。,2484.776,1753169023,130b1ee9
1896481816450316288,但那么多著名的画家，活着的时候都没见到自己画出名啊，现在这个行业，艺术还是单纯的艺术吗,2362.688,1753169449,21030a05
1896495205256114944,英专生落泪,2257.924,1753171046,272cb156
1896500684711484672,说白了AI都是把现成的 现有的知识告诉你 它无法创新 没有创造力 也不灵活,2475.575,1753171699,fc8a9b09
1897059227684406272,现在门铃还是用的那个，后面的杨紫琼没必要，前面的那个欢迎来到毛雪汪还行,2509.318,1753238282,35645b71
1897154550214244864,现在小说好多都是ai写的,2317.184,1753249646,d7cb2127
1897198418581828096,更像是Freestyle的,2163.42,1753254875,6f99a845
1897285342076082688,中东人好爱用具体的比喻 好玩,2241.494,1753265237,290bcf14
1897353535075926016,哇伦儿讲得很好,2457.048,1753273366,bbeae81b
1897433976919450368,AI可以帮你炒作 帮你买热搜 买水军 坏的也会变好,2340.159,1753282956,d844b0d7
1897838265261261568,ai创造现在最大的问题是版权，它的数据哪来的？,2329.257,1753331151,9cdf46e6
1898170337209376256,伦是有文化的,2407.645,1753370737,c4640bae
1898593071588396800,不指定的话会长和杨迪肯定会控场的，不然非正式会谈就变成非正式广告了,2170.649,1753421131,ae954710
1898594159171501824,这个点很对啊，其实观众也是作品的一部分,2314.377,1753421260,ae954710
1898594721166096128,是的，没法取代艺术先驱者，但是人类多久才会诞生一个艺术先驱者呢,2398.763,1753421327,ae954710
1898858478203265536,AI是能画出来的，但是目前AI还没有真正创新的能力,2354.986,1753452770,85cd1b5c
1899282247644146688,伦说的超好,2450.24,1753503287,c89ae7d7
1899389604638008064,这样就意味着只有大画家才能生存,2315.347,1753516085,422009b7
1899968866063992832,钟逸伦的观点好到我想记下来,2407.551,1753585138,85e961e3
1899971539840366080,是的，有时候ai出来的东西是不实际的，属于给你描述的天花乱坠但其实并不实用,2516.355,1753585457,85e961e3
1900045394068096512,萨沙是不是deepseek了,2365.82,1753594261,37dfb466
1900699314750768896,AI不抽象,2514.068,1753672214,10555ed6
1900775830246937344,完全同意伦儿的观点,2435.304,1753681336,a9930091
1900996813578880512,"很简单，好的创作,有灵感的创作不会被取代",2425.093,1753707679,1606bf27
1901031552633139456,这不兴叫哈哈哈哈,2498.047,1753711820,c35a3236
1901722114823131392,是抽象,2352.846,1753794142,5adbede8
1903867788553414144,这个议题可以看当下社会在机器大生产的时代我们总是追求手工工艺但是再看我们在什么东西上追求什么手工,2232.109,1754049926,8d3fe83f
1904376810779811584,翻译作品是再创造，当然属于文艺作品了,2280.086,1754110606,21f73640
1905336105902178560,1111,2456.232,1754224963,94dc5d7b
1905386536745115904,数据量都是过去的，像ai创造的一些画作都是基于历史风格，没有未来的风格。,2288.044,1754230975,2ad516b
1906081274615969024,制造业，，,2184.094,1754313794,6748a4fa
1907510299724980992,没错,2175.769,1754484147,f5dd2f0d
1909633496364914688,感觉好多代表还有别人不了解ai画画的原理。那真的就是裁缝大集合,2203.365,1754737252,142fcb13
1916012736815445248,有几个确实在搞艺术的，大部分只是在所谓的艺术行业里混口饭吃而已,2297.01,1755497717,272ec1ba
1919515972591515392,ai又不能原创，出来的东西都是人家已经有过的,2324.575,1755915335,d61f036d
1919765655767985408,确实,2390.9,1755945099,39b1306c
1920593694097511424,但是那么多人之中又有多少个大师呢？千里挑一。只能说大师难以被AI替代，但大多数普通人是很容易被AI替代的,2364.264,1756043809,288a6e7
1921471313504249600,哈哈哈哈哈哈哈哈哈哈哈哈哈哈哈哈哈哈哈哈哈哈哈哈哈哈哈哈,2384.908,1756148430,d0352b3
1924730497872245504,但是很多人其实也只是围着光圈内打转，只有少部分是能发出光的哇。ai无法完全取代，但是ai取代大部分工作应该是必然的,2449.995,1756536955,90bb401c
1937410966522432000,不愧是高材生,2428.936,1758048584,664fbc21
1944395634396738304,可是艺术的标准是很难说清的，尤其是超越时代审美的艺术,2372.895,1758881222,952047f4
1946596116557161472,同传不可能，比如自古以来，中国有句老话，你怎么翻译,2271.392,1759143540,24bc755
1953032408702466560,哈哈哈哈哈哈哈哈哈哈哈哈,2390.919,1759910805,6e0df0f6
1964145062028178176,哈哈哈哈哈哈哈哈，怎么我在非正还能听到黄子,2469.118,1761235537,f260f6db
1965470285503505664,但是现实中其实有一些需要创作的。工作他确实是会被AI取代，因为作为商业用途，AI的那个程度是完全够用的。这是我们一个从国内大厂离职的老师跟我们讲的。因为他们当时在做东西就已经套模板用AI。,2380.266,1761393516,d0b3063b
1965962475476472064,梅丽莎好好看,2271.709,1761452189,5c1cccf8
1968996492291897088,好啦ai取代不了伦儿,2435.324,1761813872,269700bc
1969411312866597120,如果人类不再进步 那AI还会是AI嘛,2414.221,1761863323,7ed3ebc
1985133228776545024,翻译读空气什么的感觉能训练,2278.757,1763737521,55203a50
1985134760192303360,可以训练,2518.973,1763737704,55203a50
1996728559007878656,ai应该是从1到60，而人是负责从0到1和从60到100的,2430.868,1765119792,74ba3500
2056102682372178688,ai模仿的只是形式,2363.539,1772197739,fa9ad547
2082958314446724096,AI只是提高效率的工具,2221.713,1775399180,a4d2be15
,,0.0,1775683732.8000336,
lb.c,,0.0,1775683732.8000336,
,,0.0,1775683732.8000336,
1895737410512720128,感觉这个有趣1,2795.193,1752988764,39108e46
1895738094108774656,意识,2662.0,1753003029,6653a374
1895738218117566720,我更喜欢作品独立于作者存在,2704.182,1753012025,729cd479
1895738283766812928,除非ai哪天学会了思考和不按常规，但是人类会允许这样的它们存在吗,2540.067,1753010137,10294f3d
1895738567352094976,主要是用得少了吧,2862.128,1753022489,61f1cb93
1895738632992952576,超超太美啦,2555.795,1753022069,1f0a24fa
1895738636633608448,真的很爱Dylan，每期必cue，哈哈哈,2649.068,1753021557,6e443ff5
1895738730552463616,deepseek是这样的！,2522.65,1753021395,6e443ff5
1895738777964876032,大左又困了,2711.853,1753025162,d6bfe3aa
1895738899238981888,阿雷一定很有语言天赋,2864.374,1753026188,3b5559de
1895738997712851200,加字游戏,2829.421,1753054603,5dbe0dac
1895739267607924992,西语里的人称变位和阴阳性很有意思，我，你，她，他，您，你们，我们，他们，她们，您们,2804.071,1753072834,293203a
1895850139940747008,工作报告AI的确是好帮手！,2543.657,1753094148,416bbb9a
1895921119618453248,作品和作者根本无法分割啊,2714.73,1753102609,e1f0140c
1896012893708357120,ai没有人生，但是ai有你们呐,2743.137,1753113550,698bab0d
1896065447497910528,语言环境很正常手能生巧,2876.525,1753119814,cc2734ec
1896479661995797760,Blade Runner,2645.459,1753169193,130b1ee9
1896654942690213632,中文是积木并且是榫卯结构,2830.122,1753190088,89807551
1896772345109555968,词根词缀 哈哈哈哈哈哈,2818.729,1753204083,1f9c8d2e
1897102321968798464,不知道为啥这个话题老是让我想起崩铁里的博士尊，我们强大的智识星神,2549.068,1753243419,f5a06ba5
1897196758887995392,AI代替不了艺术家，但AI能代替打工人，作为普通人的我是焦虑的,2757.811,1753254677,b0fb79b9
1897363087586601216,是的 英文是树形语言,2824.014,1753274505,84203b4
1897872503666875648,超超说得好～,2569.221,1753335232,c76fd2
1897944087584629760,来了看预告最感兴趣的话题,2788.137,1753343766,9cdf46e6
1898191646873602816,我靠，这个观点让我耳目一新,2536.947,1753373277,f0071fca
1898587064925435904,这个话题好！,2795.805,1753420415,a18ccce
1898596254410661632,ai如果把微醺状态也建模了之后可能就能复刻了，并且能随意还原,2581.86,1753421510,ae954710
1898596665712523776,确实，一个平庸的内核很精准,2640.395,1753421559,ae954710
1898861636539289344,而且目前可能觉得觉得AI的有些图或文字有灵性实际是观众自己的赋予这些东西的主观体验是观众自己的灵性不是AI的,2668.317,1753453146,85cd1b5c
1898899350840110848,是不是ai的记忆能力有上限的原因？,2636.01,1753457642,2ddb40c0
1898913616263543296,ganghood这个真的不是广东华侨带去的词吗江湖的粤语发音啊哈哈,2769.624,1753459343,e8831434
1899395980466646272,大左那个表情，哈哈哈哈哈哈,2727.784,1753516845,2a7b6daf
1899451219231916544,因为没有坚持每天都用ai跟它进行大量互动给它数据样本支撑，所以我认为每个人用的ai都不一样，我觉得我的ai还是挺像我的,2647.849,1753523430,cb8fc6d6
1899934260052788480,中华文化的包容性哈哈哈,2849.24,1753581013,ae954710
1900015569328667392,好喜欢这个话题,2795.283,1753590706,85e961e3
1900048826854286080,那人的灵魂是电子信号吗，如果是，那人有没有可能是超级精细的碳基“机器人”,2655.645,1753594670,37dfb466
1900281300003517184,西部世界的核心就类似这样的,2602.68,1753622383,cd73212b
1900285629850936576,确实起码目前的ai画作没有人画的灵气,2557.858,1753622899,21100105
1901048146860625152,这棵树的动画是ai生成的吧,2803.727,1753713798,bba3e7b3
1901659990159627264,对，写文也是太高大上了，不接地气,2520.306,1753786736,105f52db
1901679859307668992,前面的，你把ai想得太厉害了,2738.443,1753789104,8c5fa1a1
1901694474971820544,知人论世是解析作品的一个重要观点,2714.601,1753790847,bb1af361
1901807782567905536,小熊说法语的表情好可爱,2871.945,1753804354,6b233d5a
1902175987245469952,灵韵,2668.184,1753848248,3fc3c7dc
1903102126856042240,人的反应和情绪千变万化 ai需要基于data来学习复刻 但人心和思想复刻不了 因为你自己都不知道你到底会如何啊,2743.891,1753958652,95e70b5d
1903911544119548672,机械劳动（报告、PPT、标准化文案等等）确实适合AI,2552.306,1754055142,c29ddf0d
1905283396587498240,我也有这样的担心，毕竟大的发现是要在小的累积基础上的。如果这些小的方面都被ai包圆了，人类还会有大发现的灵感吗,2568.797,1754218680,1739167a
1905322044405448448,心理学本来就有灵魂,2690.41,1754223287,f73e1df3
1906144811317396224,我以前学英语的时候，也会想外国人学中文的体验是怎么样的,2818.823,1754321368,de5d2566
1906664836822229760,所以说语文考试里的阅读理解靠标准答案就很扯,2687.504,1754383360,16673124
1906696462252080384,感觉伦儿是语言限制了发言,2529.891,1754387130,64b0d079
1906886153408858112,好适合我英专生来听 ,2814.7,1754409743,937fdd57
1908206015506796288,ai不可能成为艺术家 这句话有问题吗？,2749.178,1754567083,d8a8f583
1910400646260643072,喜欢这个论题,2802.046,1754828703,8815c960
1912295074109538048,前面的也可能没有理解什么叫创作，ai可以实现艺术产出，但跟创作还是差远了的,2744.468,1755054537,a8fe5ea9
1912306335295954944,怪不得我学英语困难,2848.344,1755055879,cdc7bc83
1914618808048601600,说的好好,2678.049,1755331547,39959bed
1914619278565804800,大左看手机哈哈哈,2728.618,1755331603,39959bed
1915193156341953792,现在ai就是一个全领域博士只是专家。他只是没有真实世界的更多样样本数据,2569.108,1755400015,23dde82b
1915445346528739072,电脑病毒：我来看看怎么个事儿？,2576.487,1755430078,aa8cb2c6
1915986185612797696,“就没电了”哈哈哈哈哈哈哈哈,2591.443,1755494551,cd971f7f
1916852564402818816,江湖不是打打杀杀，江湖是人情世故wu～～～～～～,2764.246,1755597832,ebcfcea3
1919268751279502848,这只能证明如今的AI还不聪明，还不智能，难道AI技术不会变得更厉害吗？,2612.277,1755885864,8ff620f
1921321382714216960,信息熵大,2841.927,1756130557,c8faf44f
1922681235663422464,如果AI真达到这个高度，那AI就不是AI了，人类也危险了,2697.724,1756292664,bc17ebe1
1926387262783289344,人类作为个体，生命体验是有限的，而ai作为更高级的文明，或许会不会被我们想的太简单了。,2771.566,1756734456,d0244f28
1928566961126791424,他说的太绝对了，ai技术刚刚起步，未来的发展是不可预知的,2749.14,1756994297,cfd3a899
1928568074974780160,英文是孤立的好吧，中文是组合式的,2834.7,1756994430,cfd3a899
1952531056876225024,如果AI能够有自我意识和思想，AI就是人，人退为动物,2715.729,1759851040,3d553d69
1996732419327971328,中文很简单很适合其他民族学习 所以中国才会是一个多民族国家 并且从不排斥其他文化海纳百川,2835.006,1765120253,74ba3500
1999292041175421696,Ai man姐吗哈哈哈,2602.201,1765425383,e4630f95
2027802308762818304,这个观点好,2541.215,1768824072,8f58d927
2045095330529259520,这个想听很久了！,2795.731,1770885561,e6d149b0
2069023283827016448,AI可以创作，但是每个人有独属的成长经历，他创作的东西是独一无二的，所以替代不了个人,2739.673,1773737995,6b2b33d2
,,0.0,1775683732.8000336,
lb.c,,0.0,1775683732.8000336,
,,0.0,1775683732.8000336,
1895737617359016192,哈哈哈哈,3218.723,1752993544,a4557f7c
1895737713425355008,但是中文商务场合也会这样，中文也有客气和礼貌,2976.263,1752992710,5866b398
1895737727702765824,但是中文之前也这样，白话文运动时就有胡适“干不了，谢谢”“才学疏浅，恐难胜任，恕不从命”的案例,2975.656,1752993017,5866b398
1895737820195557632,哈哈哈 我第一遍也在疑问 你不是医生吗  结果发现卡在了中文上哈哈哈哈哈哈,3227.366,1752997558,fbf64f60
1895737998369591552,好喜欢伦儿讲故事,3143.561,1752999620,7b5f275c
1895738106876236032,伦的冷知识好多哈哈哈哈,3121.118,1753010691,450eca7a
1895738131496800512,英语四级准备,3180.027,1753009480,8fd891b1
1895738136966172928,德语出来说话,2889.523,1753008855,47376c28
1895738139700859136,日本文化有些过于客气了，反而成负担,2979.348,1753006769,13ee2db9
1895738374950981888,日文的语法结构太麻烦了,2947.238,1753012693,58c62de
1895738385889726720,语言环境真的非常重要,2880.638,1753014675,c0184399
1895738605637701888,哈哈哈，西语信息密度太低了,2887.48,1753021179,913778e0
1895738888291848448,和语言背后的语境文化有关的,3004.846,1753030941,5404f33
1895738956675780864,日语真的，可能是因为日本人很容易不安所以很喜欢叠甲,2968.764,1753036550,7a1afabc
1895739047859949824,伦儿个学霸知道的可真多啊,3138.994,1753066617,91850ea9
1895739281281356032,这解释也是费劲，中文六个字解决：有根源无系统。,3165.086,1753078062,1ea53aa5
1895813671943725312,说英文是因为没学过其他语言hhh,3058.228,1753089800,18de2fc4
1895885303986710784,七月八月是纪念凯撒和屋大维硬加进去的我记得,3103.283,1753098340,db27ad6e
1895963615233216000,月天~~~~,3088.264,1753107675,bb240a6
1895984463582683136,伦儿好棒！,3141.672,1753110160,692c8ed6
1896199650127027712,Medium well steak,3202.601,1753135813,74e59e26
1896307962851638528,Mayday！Mayday！,3084.608,1753148725,b748a01c
1896408715746876416,原来如此，怪不得烷烃的英文名是这样命的,3130.385,1753160735,30eb9777
1896433111504550144,月份的英文在西方文化中也算是历史文化的体现,3081.902,1753163643,a076c47d
1896450535448673792,杨迪太有意思了,2936.319,1753165720,9ec95bfa
1896482053151608320,文化语境不同,2926.889,1753169478,130b1ee9
1896482757568255488,看过日语邮件的结构 那是真含蓄啊 好像说“不”是天大的错,2948.052,1753169562,130b1ee9
1896753204394875904,店家不想给别人用，为什么还要设置自己的店名为WiFi名啊，这样每次都解释多麻烦,3049.958,1753201801,2677cf4c
1896946225677535744,是凯撒和奥古斯都加的7月和8月打乱的吧,3129.064,1753224811,a5fb62e5
1897250225970898176,而且13月 和 星期八这种说法 他们只能重新创造一个词,3115.972,1753261051,c5e94360
1897407157516052224,就像知道奶奶的礼物用俄语怎么说，真的那么长吗,2896.574,1753279759,d849b843
1898582067882162432,日本人说一个句子 一半都在委婉,2941.965,1753419819,76036370
1898588868694397440,敬语地狱,2954.96,1753420630,a18ccce
1898590585045603584,这个是历史上的语言融合因素吧,3060.517,1753420834,a18ccce
1898665512134126080,说普通话久了会忘记方言,2905.249,1753429766,b0850c04
1898850951616771840,为什么要留下殖民的痕迹,3157.268,1753451872,ef8bd67d
1898937681158312448,还有星期,3074.909,1753462211,b465622b
1899312426064304384,中文好比压缩包,2881.612,1753506884,714d1f13
1899359596045350144,哈哈哈哈京都人,2942.526,1753512508,48caf715
1899668818784674048,这是人为的，任何国家要是愿意这样，也能在表达一个简单含义时去延申自己的句子,2968.119,1753549370,395ce43e
1899936646569887488,还有星期。日语也要再背一次,3072.627,1753581297,ae954710
1900498638082942464,懂日语的可能会懂吧 真的巨长一段,2997.345,1753648292,8205cc06
1901004936989475584,其实赖赖的发言都挺有信息量挺好的,2962.898,1753708647,2c9403ee
1901005262887011072,好温柔啊,2994.395,1753708686,2c9403ee
1901007210696225280,日耳曼人,3145.006,1753708919,2c9403ee
1901007274919789824,棒棒,3148.423,1753708926,2c9403ee
1901007503156656384,原来如此,3165.412,1753708953,2c9403ee
1901007627769515776,很详尽诶 原来不知道,3169.51,1753708968,2c9403ee
1901036066467942912,唉确实会有些容易导致内耗,3036.179,1753712358,c35a3236
1901601973363943680,中文是象形文字发展来的,3076.554,1753779820,92f8c01f
1902328538762730496,反了,3049.595,1753866433,89ed58e
1902903884662556160,一个Wi-Fi都这么抠啊,3030.227,1753935020,96f86921
1903773304859711744,非常容易不安的日本人,2947.431,1754038663,5eebbb86
1904212771181454848,主谓宾主系表的顺序是一样的,3210.693,1754091051,4213efaf
1904516264131825920,正常吧,2882.476,1754127230,3e5e834
1904516761693761280,哈哈哈,2941.821,1754127290,3e5e834
1904516806791007488,晒伤妆,2947.196,1754127295,3e5e834
1904519028052442624,混了是吗,3179.667,1754127560,3e5e834
1904710780163548160,你习惯了，完全没问题,3083.008,1754150418,1606bf27
1906026731576451328,这个确实有点直接了，中式中也确实可能存在这样的,3018.666,1754307292,c8137052
1906684917807754240,英文比法文容易,3070.951,1754385754,1327ee61
1907637741270252032,呜呜呜英文里器官名词和病的名词和相应科室名词真的大部分完全不一样，太痛苦了真的完全不一样,3237.084,1754499339,ff8d4f0a
1907900244344148736,？我们大学老师都说英文天生自带逻辑……,3046.075,1754530632,21c98764
1907939231465567232,哈哈哈哈哈哈集合,3078.613,1754535280,27e7f95a
1908208058292258560,日本好累,3042.943,1754567326,d8a8f583
1908238397278553600,想委婉也可以委婉呀。只是大家觉得太装不那么说了,2986.636,1754570943,a4b37ddf
1910303699142508800,所以我总觉得他们说话烫嘴？,2905.236,1754817146,664d29dc
1910306040881807360,忍。哈哈哈哈哈哈哈哈哈哈哈,3034.062,1754817425,375127a9
1910306198109537280,濑濑刚来时候的梗,3034.062,1754817444,375127a9
1915449847520377088,动物名+肉表示某种动物的肉。这是几千年沉淀下来的智慧,3051.605,1755430615,aa8cb2c6
1915991236444326656,萨沙好搞笑哈哈哈哈哈哈哈,3217.489,1755495154,cd971f7f
1916226599335198464,donde donde,2931.706,1755523211,41d23346
1916228677268589568,wow,3173.682,1755523459,41d23346
1916315156007532032,前面的，除了没有小贝拉逻辑,3181.139,1755533768,299590f4
1916619295518292480,哈哈哈哈哈哈哈,2919.677,1755570024,51f2909e
1919962561386910208,不安,3011.16,1755968572,3bd57624
1920500537993289984,这个就是我想吐槽的，英语的日期真的好难记,3060.432,1756032704,7b3cb016
1923466522425711872,伦儿才是真正的博学学霸,3150.234,1756386277,a82a2ebb
1929348917360019200,其实中文更没有逻辑，就是你想怎么说都可以，主要就是看积累量了,3057.608,1757087513,467053b4
1932308120081196032,我第一次在国外吃牛排 说五分熟 five，服务员大问号,3201.353,1757440278,52ac390e
1938326182697830400,对对对，这个很麻烦,3032.573,1758157687,69dfa122
1944620545828698368,10个月 那年都要过错,3124.155,1758908033,1875fd96
1960152989767726848,词源太多，还要混着不统一,3101.673,1760759645,7bf5ae5
1960315171222860288,商务对话,2985.653,1760778978,99cb8cc6
1970391830956991744,英语学渣产生了一些不好的回忆……中文换个字就能表达清楚的事儿，在英语里面要挨个背单词,3201.922,1761980210,f517d2b4
1971032280625968128,这不叫逻辑，这叫历史渊源，如果英语本身有逻辑，他就该根据自己的语法规则来解释这些东西，而不是照搬别人的,3173.232,1762056557,9574db04
1986522542408234752,著名“星期八”哈哈哈哈,3064.179,1763903140,2a9d92f9
1988680519910594304,好可爱的语气啊,3211.732,1764160391,c847ffba
2015997122545654016,凯撒大帝修改了历法，十个月变成12个月,3118.741,1767416784,ae954710
2029776380103077120,都去店里吃饭了还不让用WiFi确实不厚道,3021.134,1769059400,361d239
,,0.0,1775683732.8000336,
lb.c,,0.0,1775683732.8000336,
,,0.0,1775683732.8000336,
1895737449360363776,哈哈哈这个音效,3434.307,1752989690,dd38837b
1895737554259906816,汉语自带超链接,3502.689,1752990382,7e894dc7
1895737698191642880,英文不是也有一些语气词吗,3463.7,1752993765,534bf33e
1895737702964760832,现在小孩学典故也是这样的,3515.271,1752993777,5866b398
1895737848280617216,所以他们上大学贵的要死,3301.863,1752995548,136254b6
1895737891691663616,如果目标是跟人勉强交流的话，很简单,3388.746,1752996103,7864b331
1895737902630408448,哈哈哈哈哈哈,3542.495,1752996835,e868d6e6
1895737928165331200,对啊对啊，本来就是啊，所以那些鼓吹国外如何教育平等的，本来就是扯别的，首先连语言就是不平等的门槛很高的,3270.78,1752996508,e868d6e6
1895738086819074304,感觉我和听英语一样,3398.682,1753007529,2f987c3c
1895738104141549824,我听英语听力也这样,3398.818,1753008039,fbf9b322
1895738124207100160,这里应该是well,3591.94,1753002948,90a344d5
1895738260068995328,语言浓缩ww,3415.286,1753013167,58c62de
1895738461571748096,亚洲语言普遍是这样的，主要还是大中华地区辐射,3581.0,1753014800,b345a1e6
1895738525392277760,我也发现了这个问题,3257.235,1753015917,6ee65ea5
1895738653964472576,此处BGM已经日本风格,3569.688,1753025562,226099f9
1895738823556960512,太where了哈哈哈哈哈哈,3558.444,1753026489,8ad6ba0b
1895738935712649472,我感觉老王就这几期非正下来汉语都有进步了,3428.469,1753027972,8d665d98
1895738962153541888,其实我现在在英国生活，无论是跟哪个国家的人说话，我经常回答嗯，他们都可以听懂，真的很方便很中文的表达,3471.945,1753054895,973da82
1895738991337509120,前面啊？的点在哪里？？,3505.733,1753067454,43cb6c93
1895739004096581888,我也才知道,3285.669,1753033782,d5c5e535
1895739009565954304,哈哈哈哈哈哈哈哈哈哈,3317.609,1753068397,f7934ca3
1895739326890217728,成语是超链接，所有熟语俚语和歇后语才是压缩包,3537.481,1753078668,1ea53aa5
1895809281815646464,最惨的是日本人，在这些基础上还要翻译成片假名背,3285.983,1753089277,d2fc1204
1895891365066548224,汉字自带压缩包超链接,3506.18,1753099062,1eeaccb8
1895906708459891456,哈哈哈哈哈哈哈哈哈哈哈哈,3542.014,1753100891,8223018c
1895917280982994176,弹幕呢？,3380.471,1753102152,4365b2b7
1895937886776867584,戴卢可是佛拉芒人,3461.641,1753104608,be52f108
1895945065151751424,1,3469.14,1753105464,83719079
1895974459136292096,老王这个手指的动物太萌了哈哈哈哈哈,3368.702,1753108968,c5fcbd94
1896736230398801920,迪伦想介绍哈哈哈哈哈哈,3285.135,1753199778,b9816bbd
1896738375130942976,哈哈哈哈哈哈哈哈哈哈杨迪太有梗,3552.143,1753200034,b9816bbd
1896773498131941888,不想听，不想了解医学法学这类太专业性的东西,3330.832,1753204221,b176604b
1897146857139167488,吧 吗 哦 ,3449.353,1753248729,35645b71
1897148948762767360,中文常用字2千～三千字，医学法律都能看懂（每个字）英文你得重学,3300.605,1753248978,729e3ab7
1897240958723524864,他是整形医生,3245.183,1753259946,c05066cc
1897344309032788992,HHHHH,3548.929,1753272267,e724095e
1897353674855129344,老王的汉语是靠“百家饭”成长的啊,3413.629,1753273383,d403eb94
1897959016110826496,我感觉日语表达比中文更模糊，但欧语系应该比中文清晰,3481.107,1753345545,9cdf46e6
1898037661450136320,没有语言是难的，融入当地都很容易学会,3360.179,1753354921,6ba6f998
1898147251440773632,学医的英文巨长一个单词,3249.832,1753367985,33c2f0de
1898595100549340416,yeahhh和“え？”的洗脑率也很高,3442.216,1753421373,a18ccce
1898595474438069760,好的，收到,3466.201,1753421417,a18ccce
1899889882369721088,然,3577.428,1753575723,3e3ca627
1899940569846165248,英文里的humm不就是这种意思吗,3483.17,1753581765,ae954710
1900248293867858176,看吧~,3476.886,1753618449,1bd801ae
1900268259098969856,大学学心理学法学，专外学的人想死，开卷我都累死，必须背一些，不然翻都翻不到,3309.209,1753620829,68efaa5c
1900386229888349440,害,3588.413,1753634892,33977ab
1900504034642194432,而且现在还在一直造新词 网络迭代也很快,3536.387,1753648935,8205cc06
1901038009001065984,确实，会有专业壁垒,3267.74,1753712590,c35a3236
1901043281199645696,整形医生不背专业医学词汇吧,3248.477,1753713218,ae954710
1901055028312566528,嗯 用英语的yeah 不行吗,3513.992,1753714619,bba3e7b3
1901699298253806080,哈哈哈哈哈哈哈哈哈,3555.241,1753791422,bb1af361
1902215296740708608,中文一个哦～～～能表达很多意思,3489.451,1753852934,167a1194
1902491000623422720,生物学全是拉丁语,3260.405,1753885800,59b380d7
1903115360002498048,汉文人点了,3530.814,1753960229,95e70b5d
1904402415873511680,哈哈哈哈哈哈,3438.59,1754113659,6327891d
1904520475078927360,我也想听伦儿讲历史,3336.829,1754127732,3e5e834
1904713978178131968,你会不会说重要的是环境问题，像我现在的应试教育，会看和阅读英文，写和说就很差,3417.528,1754150800,1606bf27
1904714897275852288,很多更复杂的，很多中国人也不知道,3523.445,1754150909,1606bf27
1904715420767052544,不就是看语气的吗,3577.83,1754150972,1606bf27
1906688697462662912,小姐姐英文很好好听 不是脖子右柠哈哈哈,3466.311,1754386205,1327ee61
1907359113126774016,粤语无障碍～喺！,3563.437,1754466124,d9a3acb1
1908669758451742720,还有古希腊语,3297.211,1754622365,f41917e3
1910307226334185216,让伦讲下历史,3294.697,1754817567,664d29dc
1915992112592547840,我想听伦说,3296.419,1755495258,cd971f7f
1915994372726802176,四姐reaction好棒,3542.21,1755495527,cd971f7f
1916230844314519808,语言还是要在环境中学,3421.751,1755523717,41d23346
1919282737379220480,匈牙利语也非常难,3351.111,1755887531,8ff620f
1920520378267664128,意群,3403.007,1756035069,99536495
1921097014738263808,陈铭老师说的吧,3438.683,1756103810,bc1232f7
1921950390136930304,就跟中国的好字一样，有时只是表示听到你话里的信息而已,3576.112,1756205540,91f228fb
1926835259497439744,经常看着看着觉得他们几个老外把中文说这么溜好厉害,3412.989,1756787862,b97e7a27
1938829039104673792,笑死我了，这句话谁说的？,3434.256,1758217632,c1c7a66
1996737031745336320,并非,3352.126,1765120802,74ba3500
2011293092187681536,哈哈哈和我对日语的感觉一样，，，呆了10年多 后面觉得是没有尽头的,3529.002,1766856020,1bdc989c
2012585087044033536,这个确实 日本的法律和医学基本是学习德国 舶来词也是基本用德文音译,3321.095,1767010038,83537bde
2018529617530469888,秦嗨汉诺,3562.248,1767718681,a29de8f8
2021310047682553600,是的,3262.826,1768050134,9ae24a60
2035768047671333888,法律也是一样的。中国法律也一样,3275.017,1769773662,f466f7d8
2038743529190839040,先学字，以字正音，阿拉伯人有这个意识，所以他才能学这么快，欧美人完全没有文字的概念，所以觉得中文最难,3384.196,1770128367,7966ad44
2038746329182394624,表情语言，本来也不用翻译,3590.184,1770128701,7966ad44
,,0.0,1775683732.8000336,
lb.c,,0.0,1775683732.8000336,
,,0.0,1775683732.8000336,
1895737386328363264,哈哈哈哈哈哈,3617.105,1752987469,882cd619
1895737509229859072,哈哈哈哈哈哈哈哈哈哈,3676.144,1752989498,59dfb4d2
1895737583057998080,天啊，67个字母组成,3637.073,1752989336,eb069b0d
1895737632492065024,来个短的,3853.378,1752993748,6cf1571
1895737693435302144,哈哈哈不许总结,3609.164,1752993497,6cf1571
1895737816580067584,这里字幕错了，表音文字,3890.122,1752995204,5579ad8f
1895737979226788096,这一季字幕太多错误了，怎么回事啊，中文外文都错,3896.211,1753006124,aab7b18b
1895738066770301184,日语和韩语是不是也是？只要会拼都会读，但是意思得再记,3906.105,1753001542,545954c8
1895738087733432576,哈哈哈哈哈哈哈哈哈,3845.99,1753000556,7b5f275c
1895738152468320512,哈哈哈哈哈哈哈好可爱,3651.946,1753012041,d93d12d4
1895738180737929472,巴别塔,3742.261,1753008044,a62ceb35
1895738275562754304,英文就有刚刚说的英法问题导致逻辑混乱,3943.0,1753015298,b345a1e6
1895738327530180864,日语是半拼音，保留部分中文,3886.0,1753015152,b345a1e6
1895738332093583616,象形文字就是比拼音文字要方便的,3886.0,1753015173,b345a1e6
1895738336648597760,所以传播效率很高，且没有文化断层问题，所以逻辑一直能保持,3943.0,1753015269,b345a1e6
1895738357620117760,想起之前看的用各国语言唱知否。到俄语就跟念咒一样,3849.285,1753016974,910793e9
1895738458845450496,啊啊啊最喜欢听大家聊各语言的特点！这是我当年看非正的初心,3614.056,1753016407,a354f0d2
1895738658519486720,愚者无畏也是一个压缩包呀，它不是常规的意思，俄语也可以生成一个压缩包,3826.746,1753025972,fe92a296
1895738785262964992,哈哈哈哈哈哈,3817.962,1753023551,ef8f951e
1895738933883932928,头晕了,3644.316,1753035085,13a0d4c4
1895738979476017408,确实，看小Q联合国的时候同传俄语的信息密度好低,3838.236,1753041245,cdfc31da
1895739066096783616,哈哈哈哈哈有意思,3612.271,1753067134,91850ea9
1895739104407556352,突然想起之前埃及代表穆小龙的名字也很长,3658.216,1753041498,4e76690
1895739162750324992,尼采：事情没有对错 只有视角不同,3726.186,1753073245,cb0b74b0
1895739177338114304,哈哈哈哈哈大家注意有位烫嘴的德国人要来啦,3629.774,1753067187,91850ea9
1895792428078861312,还真是,3941.511,1753087268,3a31dcb7
1895853082563739136,好漂亮啊,3705.421,1753094499,dc02669c
1895873710125642496,湖南话“搞”也有好多意思。,3601.591,1753096958,29a218df
1895907346799683328,翻译是代表自己翻译的,3697.145,1753100967,d0a706e0
1895978079743661568,decode（语言学人惊坐起,3717.032,1753109399,c5fcbd94
1896108421095192320,姐姐的专业和今天的话题好适配，语言差异,3706.185,1753124937,7388c77a
1896515341271146240,我喜欢这个话题，有意思,3616.444,1753173446,b99d4a1f
1896518162234223872,信息熵,3876.963,1753173782,b99d4a1f
1896543132645330432,这颜值，太好看啦！！！！,3695.311,1753176759,832cc876
1896780626377012736,不动产超级抵押,3636.607,1753205070,1f9c8d2e
1897154366721285632,我又要骄傲了，联合国文件里，就属中文那本最薄（叉会腰）,3813.058,1753249624,729e3ab7
1897941956827989760,都在酒里了,3865.043,1753343512,8b93c9d9
1898002374233537280,好像现在学校初学英语不给学音标了？,3917.24,1753350714,2a453a04
1898102017021935872,满分5,3789.416,1753362592,b29ebb7b
1898156268347363072,我记得我初中那会有学音标 但是不会重点去考,3923.454,1753369060,33c2f0de
1898512243499875328,大左表情笑死我了哈哈哈哈,3865.395,1753411495,4b7d9bf5
1899331643441710592,哈哈哈哈哈哈好可爱,3679.808,1753509175,1091612d
1900180799328848384,确实像吕一,3719.965,1753610403,115a0075
1900386773294106880,不对不对,3653.208,1753634957,33977ab
1901012436203785984,强行闭麦,3615.255,1753709541,2c9403ee
1901013060701833216,字幕乱回了,3657.418,1753709616,2c9403ee
1901170929900720384,还确认下对不对哈哈哈哈,3831.848,1753728435,aa15251e
1901171333829032960,给陈铭总结累了,3859.411,1753728484,aa15251e
1902159930518213632,六书,3947.484,1753846333,705b52ba
1902331185083402240,大学选修语言学讲过这个区别,3951.181,1753866749,92f8c01f
1902335700813538048,分析语,3890.528,1753867287,89ed58e
1903671238854313216,大学老师也一直强调要用外语的语境去理解外语不要纠结于对应中文是什么,3741.737,1754026495,b7a9b2eb
1904763067708153600,萨沙真一点口音没有啊,3759.038,1754156652,ddee2dcd
1905858903875679232,梅丽莎中文好好,3688.86,1754287285,7becfa2e
1906691517007991808,德语也是,3801.725,1754386541,1327ee61
1908906630024663808,俄语∶入门即入土，但不得不说俄语听起来是真的好听,3783.319,1754650603,43d421ca
1913917196015940096,法语也是,3808.423,1755247909,62e4d313
1915995900275556352,好喜欢梅丽莎,3713.265,1755495710,cd971f7f
1916030022574273280,语言的背后是思维逻辑,3695.995,1755499777,272ec1ba
1916079700078810368,忙啊，忙点好啊（doge）,3835.762,1755505699,746f4806
1916625392777953536,很有意思这趴,3621.459,1755570751,51f2909e
1920356151963837440,韩语就是,3912.685,1756015492,954b058c
1920523017751516672,专业的来了,3686.052,1756035384,99536495
1920524371614198784,对!!!!!!,3843.108,1756035545,99536495
1921484775709746688,又美又有学识，太厉害了姐姐,3711.137,1756150034,d0352b3
1921487725823974144,标注拉踩还是没必要哈哈,3945.676,1756150386,d0352b3
1924956553183220992,俄语语法确实难,3781.888,1756563903,e498a6f4
1928311481842799872,我怎么看到了autumn,3673.982,1756963841,272b951b
1929831823954261248,终于说到重点了，一维语言与二维语言,3932.368,1757145080,df7cc456
1937964820096246784,及格了,3795.295,1758114609,ea665755
1940204146955817728,这段话题讨论味道对了！！,3623.895,1758381557,add21500
1947129987367245056,萨沙有口音的，东北口音哈哈哈哈哈哈,3767.265,1759207182,ecb24fe1
1954999544181936896,我们是造字，其他语言是造词，我们是组词,3892.371,1760145306,fb6e727e
1960973806940170496,还有俄语的字感觉都一模一样233,3802.199,1760857494,8b1c7d51
1965271622538264320,字和词不一样啊，汉语的词能数清吗,3769.495,1761369833,b509e6de
1966180469729066752,对的，中国还有很多种方言呢，都是文化,3734.607,1761478176,33978299
1983664562083361280,老王的哇太可爱了,3664.275,1763562443,c53f17b0
1985149511878330880,陈铭没有总结的终究还是要来的,3681.241,1763739462,55203a50
2004619822436624640,上文言文,3868.638,1766060504,ffa3828d
2038747074585654784,这更像造了个固定搭配短语，而不是单词,3646.077,1770128790,7966ad44
2057933376119917312,好漂亮,3689.333,1772415975,dc69dd68
2072056217312398080,母语是汉语好骄傲啊,3882.558,1774099549,f82fb2da
,,0.0,1775683732.8000336,
lb.c,,0.0,1775683732.8000336,
,,0.0,1775683732.8000336,
1895737662774939904,再次安利陈老师的有聊，想了解陈老师对一些话题或者事物的看法的一定要看,4023.906,1752994396,534bf33e
1895737685701005568,俄罗斯女排功勋教练卡尔波利,4271.389,1752994558,7b2fe900
1895737697243730176,俄罗斯队那几年发挥起伏很大，拦防水平下滑了很多，换谁谁都得生气，卡尔波利老爷子不生气才怪了,4283.614,1752994661,7b2fe900
1895737894426349824,还真想听下去,4177.285,1752997978,c7bc6e63
1895737925430644992,不想听,4197.99,1752997336,ca646aae
1895737966459326720,哈哈哈哈哈 我开始逐字学习  doge,4196.912,1752998636,fbf64f60
1895738073137254656,中文是超链接语种,3984.747,1753006704,39499903
1895738140615217408,哈哈哈哈哈哈哈哈哈哈哈哈哈哈哈哈哈哈,4310.057,1753009910,259fe52
1895738233619714304,陈铭老师还想听！,4182.484,1753007774,53b79af0
1895738266444337408,的确，中文很感性,4124.538,1753015157,ef682fb2
1895738305652691200,这个好有意思哈哈哈,4208.39,1753014222,b1b00e21
1895738500780101888,man,3975.847,1753018973,f4eb18b5
1895738511718846720,音译在中文里很少见的，因为我们几乎啥都有对应的,4145.0,1753015534,b345a1e6
1895738631164236032,所以中文真的很美,4112.951,1753025099,a7349199
1895738649401069824,喜欢听陈铭老师说,4192.35,1753025462,105f8ab8
1895738683140051200,粤韵风华请你来学,4228.784,1753024098,99272c49
1895738787997651200,语言这个可以多出几期,4134.263,1753026762,d6bfe3aa
1895738869149044992,偏误,4027.411,1753027772,838e3436
1895738996798492928,哈哈哈哈哈,4203.489,1753035239,187c324
1895739035092488448,还想听,4147.312,1753067760,91850ea9
1895739036006846720,喜欢陈铭老师这期的总结,4148.159,1753035184,187c324
1895739102570451200,哈哈哈哈哈哈哈哈哈哈画,4154.529,1753069234,f7934ca3
1895739191011545344,Hahahaha ,4072.191,1753068882,8c10ef2b
1895793939530218240,嗷～都是……   太地道了萨沙哈哈哈哈哈,4258.574,1753087448,d8c0c6fa
1895917244123625472,希望陈老师说完，简直是精华部分哇,4200.455,1753102147,7d881d54
1895984355831034368,白帝圣剑，御剑跟着我,4280.148,1753110148,25b891ad
1896017901253990656,优先使用枝丫哦,3982.02,1753114146,487f1d6
1896022503672487424,这里也有佛（,4070.515,1753114695,698bab0d
1896322597734351360,中国诗真的作为一个中国人很骄傲，太美了，意境美，有的读起来也美,4105.965,1753150469,996c2fe2
1896460121219883008,好像是这样,3981.646,1753166863,9ec95bfa
1896520846001502976,但是这个总结我喜欢，涨知识,4086.27,1753174102,b99d4a1f
1896521961702968320,还想听，再说个五块钱的吧,4156.119,1753174235,b99d4a1f
1896676574695453952,普希金,4263.726,1753192666,54d3f224
1896725566901062400,哈哈哈哈哈哈哈哈哈哈哈哈哈哈哈,4310.07,1753198507,22445c1f
1896730106723395328,哈哈哈哈哈哈哈这期太有意思了,4209.816,1753199048,9cb4590f
1897010015916183808,对对对跟机关枪似的整个赛场都能听到,4272.545,1753232416,d539e6d1
1897077275255051776,哈哈哈哈哈哈哈哈哈,4190.698,1753240434,3c157400
1897174036765635072,陈老师的总结太棒了,4168.585,1753251969,edbe14cb
1897392318966345984,或许是“道”，但也确实不完全一样,4138.271,1753277990,bbeae81b
1897423909876315136,语言都基于一定逻辑啊，像一个公式往上套，怎么没逻辑了，汉子的构成组词都有逻辑思维啊,4200.979,1753281756,d849b843
1897862636431858688,没听够哈哈哈,4177.458,1753334056,c7d94c30
1897882039651485952,鸟语花香,4319.548,1753336369,5e6db3f9
1897898935013042688,可恶啊这次刚好是我感兴趣的话题,4161.582,1753338383,47a0e8bd
1898160146023362048,这点我作为留子真的深有体会 写英文论文的时候真的是一连二 二连三的感觉 不然会扣分的 但中文很少直接表达这么明确的,4143.613,1753369522,33c2f0de
1898164993313185792,其实古人造字也走过这条路，比如光马就有一百多种，骢骊骓骏骥骁，后来发现这样下去不是个事儿，太麻烦了,3975.043,1753370100,a725bfc4
1898638624019697408,我还没听够,4148.66,1753426561,71afd37d
1898787820446409728,反而英语会听就能拼写出来,3998.591,1753444347,636af638
1899369447870135552,涡轮苏卡！,4306.429,1753513682,3873c0bd
1899754244643268352,我也特喜欢听,4184.346,1753559553,a03bc12f
1899892586974535168,萨沙,4214.495,1753576045,3e3ca627
1900097116832440064,可恶，真的回味无穷啊，陈老师你再讲会儿吧,4169.039,1753600427,664e896
1900296271730859520,哈哈哈哈哈哈哈,4317.511,1753624168,cd73212b
1900392088978706688,笑鼠了,4276.249,1753635590,33977ab
1900392259451958016,太好笑了哈哈哈哈,4296.513,1753635611,33977ab
1901016738342964736,中文是体验,4037.216,1753710054,2c9403ee
1901019576444265728,过分了过分了,4306.717,1753710393,2c9403ee
1901803584791174912,一点也不短，(◐‿◑)﻿,4062.857,1753803854,f40bc1cc
1902041048625348864,不是道，更像理,4143.516,1753832162,18259142
1902331840049217792,感觉中文好美啊，艺术,3990.092,1753866827,92f8c01f
1902332906249409792,中文是瑰宝,4117.378,1753866954,92f8c01f
1902468908746143744,下次是什么时候,4190.613,1753883166,23568bd4
1902949917157764864,言有尽而意无穷,4173.006,1753940507,ca017a5
1903624783280088832,喜欢这个总结！,4097.385,1754020957,f0de91b3
1903829280824533504,我也喜欢看总结,4089.384,1754045335,5f529759
1904583630937199616,赞同，中文逻辑不严谨，甚至会出现颠倒黑白的情况,4118.207,1754135261,b6ee8bbd
1904685207156790528,西班牙拿铁,3995.688,1754147370,7bcfa025
1904719537870318848,中文里面的山有很多很多种,4043.343,1754151462,1606bf27
1904720340727399936,是的，我们中文文字逻辑不强,4117.347,1754151558,1606bf27
1905164537058565632,主持人就是控场的，时长要他负责控制的，没办法的,4223.159,1754204510,630e768b
1905314751845161728,元素周期表,3987.742,1754222417,2eb47862
1905861314233136128,陈铭懂得好多,3967.821,1754287573,7becfa2e
1905869100798891776,你们要聊这个我可就精神了,4216.222,1754288501,acf5d39a
1906539827319374592,哈哈哈哈,4241.001,1754368458,58d57e1c
1906540589273325824,哈哈哈哈哈,4310.782,1754368549,58d57e1c
1906688755184680448,桶装水瓶装水.v,4007.948,1754386211,819e3004
1907523442576883968,绝了,4169.636,1754485714,f5dd2f0d
1907644947604512512,等红灯是在等绿灯,4082.438,1754500198,ff8d4f0a
1907980387771732224,苏卡起手23333,4316.445,1754540186,e06c8437
1910170930404237824,圈粉le,4176.937,1754801319,738a73b
1910230441924162816,陈老师唱了一段跳一跳,3992.914,1754808413,f1feee36
1914555673774369536,山峦峰,4041.505,1755324021,c8be969c
1914633198378391552,白帝圣剑哈哈哈哈哈哈哈,4283.877,1755333263,39959bed
1914709549752189952,太好玩了哈哈哈哈,4297.298,1755342365,7dd1e666
1915999561113992960,哈哈哈哈哈哈哈哈哈,4246.601,1755496146,cd971f7f
1916629292717141760,不会这集都是滴滴滴滴滴吧,4207.55,1755571216,51f2909e
1916847819730828288,老王对中文的运用很通感,4059.05,1755597266,b575b51f
1919200580753647360,喜欢的话题总是听不够，不喜欢的好长，譬如什么信息信息，看到就头晕,4182.566,1755877737,ab909100
1920259340867743488,哈哈哈哈哈,4082.777,1756003951,6fe7767c
1920526322502341120,如如不动,4063.914,1756035778,99536495
1921992866163510272,哈哈哈哈哈,4082.943,1756210604,82b54504
1928582631055161600,我不同意，山我可以解释为突出地面很多的土或者石头,4048.353,1756996165,cfd3a899
1929016966887768832,喜欢语言期,4125.882,1757047942,bd775eca
1929832194772670464,这就叫降维打击,3960.908,1757145124,df7cc456
1932317703025618944,哈哈哈哈哈哈哈哈哈哈,4305.693,1757441420,52ac390e
1937429935681908224,好喜欢陈铭老师的总结 学到很多,4147.093,1758050846,664fbc21
1937697910745701120,其实还是有点口音,4237.83,1758082791,aeeff0bc
1938017766129012736,你不是外国朋友吗？,4224.433,1758120921,bd77f5f3
1943402323418697728,我认为中文是活字印刷术,4043.986,1758762810,fe599c6c
1952092445781283584,苏子开头列字结尾,4254.784,1759798753,b1e41dca
1960114288949624320,我也看了那个视频！！！！俄罗斯教练太凶残了！！！你们可以去网上搜,4271.027,1760755031,6a7c628d
1970983019397520896,听不懂俄语，主要看表情和神态啊哈哈哈,4293.443,1762050685,f517d2b4
1987896814821010944,记笔记。,4214.037,1764066966,a87e4250
1992810780202441728,哈哈哈哈哈哈哈哈哈,4311.986,1764652757,b087944c
1998380675866813952,四姐咋回事，怎么剪这个发型了，还是长发好看,4266.798,1765316740,ffa3828d
2005918499490857216,还得是秦始皇,4012.384,1766215319,11aba778
2027816003223746816,logic,4125.294,1768825705,8f58d927
2035829821229662976,不垢不净，不增不减,4079.032,1769781026,f9735bbb
,,0.0,1775683732.8000336,
lb.c,,0.0,1775683732.8000336,
,,0.0,1775683732.8000336,
1895737401436246272,怎么可能放出来,4342.782,1752987653,5aaa7626
1895737677907988736,啊？不是爷爷辈吗？,4418.736,1752994538,591a47e1
1895737751501246720,哈哈哈哈哈哈哈哈哈哈哈哈哈,4437.159,1752993639,c76f245a
1895737760066015488,爸爸的哥哥不是大伯吗？大爷不是爷爷的兄弟吗,4416.924,1752994737,5866b398
1895737777631760640,那应该听不了泰勒斯威夫特的这首歌吧哈哈哈哈哈哈,4668.85,1752994975,534bf33e
1895737803896492288,老王大好人啊,4585.286,1752995672,ce21b857
1895737832879132928,哈哈哈哈哈哈哈哈哈哈哈哈哈哈哈哈哈,4627.772,1752994815,534bf33e
1895738113259966720,不愧美食博主，这都能跟吃的联系上,4448.927,1753008271,13ee2db9
1895738151553962240,哈哈哈哈哈哈哈陈老师,4623.234,1753004086,e967e3fc
1895738287424246016,哈哈哈哈哈哈哈,4660.359,1753013919,fbf64f60
1895738324795494656,不像演的,4542.675,1753011315,47aef417
1895738367652892928,哈哈哈哈哈哈哈萨沙,4524.058,1753014007,5041b929
1895738494396371200,哈哈哈哈哈哈哈哈,4648.252,1753020067,eabe6363
1895738752438341888,大爷就是伯伯的方言啊,4420.588,1753027986,302e2cd4
1895738870055014656,哈哈哈哈哈哈哈哈哈哈哈哈哈哈,4627.886,1753030164,ea25d4d6
1895738921124860160,鸟语花香,4334.495,1753038594,23ddeab7
1895738943002349824,我笑的不行了,4567.735,1753035604,187c324
1895739028708757760,那确实不好，癌症很痛苦的,4375.493,1753037991,7a1afabc
1895739033272160512,北方大爷就是爸爸的哥哥，还有些地方会叫大爹,4422.924,1753038056,7a1afabc
1895739051508994304,比利时，荷兰，不由自主地dudududu,4370.072,1753045018,cdfc31da
1895739054243680512,这期太好看了哈哈哈哈,4582.978,1753035619,187c324
1895739071566156032,全世界的趋势哈哈哈哈哈哈哈,4405.411,1753069485,f7934ca3
1895739076129558784,看来还是妈妈重要哈哈哈哈哈,4448.138,1753069527,f7934ca3
1895739088888631552,靠北不算？,4416.782,1753068705,d4e31129
1895739092537676032,笑得我肚子疼,4397.34,1753062755,928dfa68
1895739105305137408,是红大爷,4418.911,1753072489,63882395
1895739118072598784,哈哈哈哈 老王太可爱了,4587.157,1753061525,67cfac19
1895739125362299136,哈哈哈,4564.19,1753070523,86ed341b
1895739337812185344,哈哈哈哈哈不愧是学霸,4661.75,1753080270,928ebf4c
1895833647970618624,哎 闽南话林北就是 可惜唐大哥不在了,4408.122,1753092182,717a589b
1895902750144143360,这个还……,4321.524,1753100419,738625c6
1895907869804003328,本来就听不懂，那听不听得到又有什么关系呢，在公共场合说脏话本身就是不文明的行为,4360.674,1753101030,b41d23bf
1895908179586673152,哈哈哈哈哈不行了笑哭了,4388.324,1753101067,8e85fd5f
1895927466716137216,哈哈哈哈哈哈哈哈哈哈哈哈哈哈哈哈哈哈哈,4394.076,1753103366,4365b2b7
1895928548712294912,哈哈哈哈哈哈哈哈哈哈哈哈哈哈哈哈哈哈哈,4520.928,1753103495,4365b2b7
1895982829658685952,我也是,4675.5,1753109966,42cad9e5
1896001296768195840,哈哈哈哈哈哈哈哈哈哈哈哈,4677.235,1753112167,ee1f6f9b
1896400773932488448,哈哈哈哈哈哈哈哈哈哈哈,4598.659,1753159788,e1f0140c
1896512698288793600,跟我们见外了不是,4365.396,1753173131,6a042d86
1896514385674094080,老王又拿吃饭举例哈哈哈哈哈哈哈,4454.776,1753173332,272cb156
1896608734999507456,满意满意特别满意,4371.008,1753184579,6958d185
1896642155020717056,苦肉计哈哈,4590.242,1753188563,445a39f6
1896642936713124608,对对对,4676.515,1753188657,445a39f6
1896696260124513024,自爆型劝架,4561.628,1753195013,fc5c5aac
1896763454762194688,他们不会哈哈哈哈哈哈哈哈,4569.196,1753203023,b9816bbd
1896765768927379200,哈哈哈哈哈哈哈哈哈哈哈哈公费报仇,4542.799,1753203299,e8be185e
1897011300463673856,有带大爷的,4411.438,1753232569,d539e6d1
1897013120430860032,老王好吃的没白吃还挺有劲,4613.994,1753232786,d539e6d1
1897218638458098176,讲的好可爱呀哈哈哈哈哈哈哈,4468.158,1753257286,d9749c34
1897324740884846080,我也是,4678.681,1753269934,8693b549
1897363774932184320,想了解的可以自己找找一些俄的生活vlog之类的,4361.289,1753274587,d403eb94
1897426030323611648,哈哈哈哈哈哈,4387.518,1753282009,d849b843
1897430303178371840,陈老师梦开始的地方,4635.859,1753282518,d849b843
1898107734009310976,有的，闽南话里面的靠北就是,4409.048,1753363274,b29ebb7b
1898140754749313024,拉开了已经,4552.403,1753367210,9a457285
1898604176352239360,风和日丽，鸟语花香,4320.185,1753422454,a18ccce
1898604469584211456,这么长一段吗救命怎么还没完啊哈哈哈哈哈哈哈哈哈,4334.886,1753422489,a18ccce
1898827115965592320,大爷，不是大爷爷啊,4423.334,1753449031,1ffa9383
1899264598080031232,果然是美食博主,4449.549,1753501183,d04c374a
1899496872319092736,凉菜哈哈哈哈这个比喻,4441.171,1753528872,3820b86
1900043563572775680,到底是啥？好想知道,4348.134,1753594043,3ad68769
1900320971148192768,被带歪了，哈哈哈,4644.234,1753627112,968d7bd9
1900998015238881792,0帧起手,4521.96,1753707822,478a57e2
1901003546199856128,北方不说大伯，都是说大爷,4429.826,1753708482,2216f793
1901074396593528576,坑爹只是调侃 上升不到骂人,4438.056,1753716928,bba3e7b3
1901091973570498560,放出来吧，反正听不懂,4334.352,1753719023,18259142
1902337660274969600,哈哈哈哈哈哈哈哈,4604.007,1753867520,92f8c01f
1903081973443330560,哈哈哈哈哈哈,4535.647,1753956250,623dd44
1903082273570880768,哈哈哈哈哈哈哈哈,4568.091,1753956285,623dd44
1903781401921761536,其实有用,4589.383,1754039628,1ddd0afb
1903806233291993600,老王那么有力吗,4603.096,1754042588,29c7c55b
1903952397949739520,这个情节 解放西 看过一样的，哈哈哈哈哈哈,4560.019,1754060012,e1245ea0
1904516717376838400,因为妈妈是孩子的第一位老师啊！,4403.275,1754127284,9e41d483
1904530899417644288,哈哈哈哈哈哈哈哈哈哈哈哈哈你个感冒,4385.563,1754128975,3e5e834
1904530978748724992,和哈哈哈哈哈哈哈哈哈哈哈哈哈哈哈哈哈哈哈哈哈哈哈哈哈哈哈哈哈哈哈哈哈哈哈哈哈哈哈哈哈,4384.499,1754128984,3e5e834
1904532923857065216,没有妹妹呢,4492.766,1754129216,3e5e834
1904538811812607744,哈哈哈哈哈哈哈哈哈哈哈哈哈哈哈哈哈哈哈哈哈,4645.546,1754129918,3e5e834
1904722568506592768,不是，这有什么可防的呢,4341.418,1754151824,1606bf27
1905449384062253056,新疆好像也是,4496.703,1754238467,a48719d1
1905497931360905728,伊朗和俄罗斯打起来啦,4529.621,1754244254,c0863c00
1906542784094295808,哈哈哈哈哈,4559.017,1754368810,58d57e1c
1907526196715882496,哈哈哈哈哈哈哈哈,4523.519,1754486042,f5dd2f0d
1908679452259804928,xx日记,4362.117,1754623521,f41917e3
1908744384842053120,你们听不懂，别人听得懂啊，我就是学俄语的，很多人学俄语日语,4357.8,1754631262,6ba6f998
1909668420170398720,四个层次,4433.428,1754741415,d7fb52ee
1911359300216006400,哈哈哈哈哈哈,4447.784,1754942984,984e8387
1911359604252789760,太逗了,4455.784,1754943020,984e8387
1913398067118770176,马月！受到严格保护,4495.758,1755186024,e540d7cc
1914634620675197952,爸爸好惨,4409.305,1755333432,39959bed
1914635448362681088,老王好有意思啊,4468.254,1755333531,39959bed
1914637087353891840,陈老师好帅好可爱,4628.134,1755333726,39959bed
1916001994548683520,萨沙现在好有效果啊,4525.363,1755496436,cd971f7f
1916630927698902784,哈哈哈哈哈哈哈哈哈哈哈哈哈哈,4395.624,1755571411,51f2909e
1916852277454065152,骄傲的小表情,4513.962,1755597798,b575b51f
1918109775393509888,加长版都听不到,4327.512,1755747703,e10ac76a
1919292270814105600,三句话不离老本行。老王就是老王,4441.278,1755888668,8ff620f
1920360764641292800,大爷（轻声）和大爷（二声）是不一样的辈分,4424.525,1756016042,954b058c
1920530535504589824,苦肉计,4559.312,1756036280,99536495
1924962263669318912,确实,4378.913,1756564583,e498a6f4
1928317987325752320,爸爸不重要和哈哈哈,4437.715,1756964617,272b951b
1928473381473163008,陈铭老师哈哈哈哈哈哈哈哈哈哈哈什么叫你个感冒啊哈哈哈哈哈,4387.472,1756983141,27acc97c
1930119365563671296,关键有个俄罗斯妹子全能听懂，哈哈哈,4350.281,1757179358,5f57ee63
1932318721125803008,哈哈哈哈哈哈哈哈哈哈哈,4386.414,1757441541,52ac390e
1937685851845080064,肺结核我们叫痨病,4387.045,1758081353,748c3342
1937711880739083008,现在有了,4411.543,1758084456,e8f1e80f
1937713293271636224,以身入局,4575.73,1758084625,e8f1e80f
1946610506567641600,哈哈哈哈哈哈哈什么鬼，好搞笑,4396.361,1759145255,3a0f6945
1946616695774839040,毕竟母亲是生你养你的人，是个人都不希望。除非你原生家庭环境不好,4477.17,1759145993,eb269b47
1954247216982614016,就好像放出来我们能听懂一样,4348.708,1760055622,99c7f039
1967670342588077312,阿阿阿啊啊，我要听,4342.408,1761655783,eb09f285
1977879332269668864,哈哈哈哈哈哈哈哈哈,4648.638,1762872790,aedabb3d
1986532170919592192,想听啊,4334.675,1763904288,2a9d92f9
1993856239851235072,哈哈哈哈哈多少是有点私人恩怨了哈哈哈哈哈哈哈哈哈哈哈萨沙,4520.851,1764777385,ed5612f4
1996746304319704576,有的 中西部地区很多,4410.686,1765121908,74ba3500
1999494019419440896,盲猜第四个祖先,4482.623,1765449461,29cd0eb
2004628390627918080,老王男友力爆棚啊，华波波都有150 6了,4609.39,1766061526,ffa3828d
,,0.0,1775683732.8000336,
lb.c,,0.0,1775683732.8000336,
,,0.0,1775683732.8000336,
1895737548723425536,哈哈哈哈哈什么是我们不能听的,4749.619,1752990264,1549437e
1895737557581795584,来啦来啦,5024.737,1752990286,a1639211
1895737558689091840,哈哈哈哈哈哈哈哈哈哈哈哈,4902.274,1752991699,eb069b0d
1895737576405831936,哈哈哈哈哈哈哈哈哈哈笑飞了,4980.356,1752990608,39108e46
1895737633507086592,免礼免礼,5039.074,1752990708,59dfb4d2
1895737685701005571,哈哈哈哈哈哈,5002.412,1752993137,98f16374
1895737800272613632,哈哈哈哈哈哈哈哈哈哈哈哈哈哈哈哈哈哈哈哈哈哈哈哈哈哈哈哈哈哈,4982.027,1752995330,a4557f7c
1895737802998911232,万一听不懂怎么办,4874.018,1752994933,81bc2129
1895737948222492928,什么梗？,4748.329,1752998164,d6922fe2
1895738125113069824,就这个湖北味正宗,4711.305,1753011041,7a763aee
1895738285595529472,双板确实可以倒着滑,5008.25,1753011373,43686648
1895738620225491200,哈哈哈哈哈哈哈哈哈,4984.609,1753022510,65fd9e50
1895738757907714304,太损了,4985.149,1753022518,65fd9e50
1895738832675377408,来来来来,5036.598,1753027077,8a513c81
1895738966708556032,太可爱了超超,4747.358,1753060176,4f7b0147
1895738992243478784,就是歇后语,4867.877,1753034556,c7bc6e63
1895739080684572928,哈哈哈哈哈哈哈哈哈哈,4918.722,1753069998,f7934ca3
1895739131746029824,哈哈哈哈哈哈哈哈哈哈哈哈哈哈哈哈,4994.089,1753062512,3bd1c757
1895739196480917760,这段发出杠铃般的笑声,5030.092,1753075104,28ad2a59
1895739201044320512,斑马斑马，你回到了你的家,4704.204,1753075169,c2cf2fbe
1895739208334020864,突然好凶的超超,4710.536,1753075185,c2cf2fbe
1895739269428252928,哈哈哈哈,4730.776,1753075210,df6e1fa7
1895739282195714304,个斑马 武汉读书学会的第一句武汉话,4704.434,1753073116,76b350d2
1895771221057041664,歇后语骂人是吧hhh,4865.028,1753084740,ea88348b
1895892382798022400,真的很像用歇后语骂人,4858.534,1753099184,1da0b061
1895904636515565824,四姐镜头太少了，感觉他的观点还没开始就没了,4765.842,1753100644,58b836f8
1896404829505373952,哈哈哈哈哈哈哈哈活学活用,4949.724,1753160272,f1957628
1896405288303884800,哈哈哈哈哈哈哈哈哈哈哈哈哈哈笑死我了,5003.653,1753160327,f1957628
1896468623779084032,哈哈哈哈哈哈,4981.223,1753167877,9ec95bfa
1896588932171657472,Dylan好帅,4935.291,1753182219,bd4e22b9
1896649488324662272,非正“倒着哥”,4978.032,1753189438,280fcb51
1896737496214828800,哈哈哈哈哈哈哈哈哈哈哈哈哈哈,4982.203,1753199929,9cb4590f
1897014030158811904,你瞅啥的意思吗,4715.633,1753232894,d539e6d1
1897014233171284992,想咋的,4732.518,1753232919,d539e6d1
1897019864125305344,胖跟秃顶？华波波？哈哈,4804.17,1753233590,88971e98
1897165318887847424,哈哈哈哈哈哈每次都要拿出来反复“鞭尸”,4994.106,1753250929,729e3ab7
1897254941232950272,哈哈哈 杨杨很合适,4903.28,1753261613,2a986023
1897344532589414144,又狠又能播哈哈哈哈，好绝,4852.883,1753272293,55d83f10
1897762938228495616,哈哈哈哈哈哈超超你咋这么可爱呀,4748.926,1753322171,3c4a8341
1898076422447444224,这个味太对了，喵莫斯喵,4713.793,1753359541,49e5e8b6
1898116838467539200,哈哈哈哈哈哈哈,4959.312,1753364359,8d117f15
1898162780163908608,笑晕了这个梗,4843.97,1753369836,b71cfd89
1898407579726848000,我也是！本来已经冷静下来了听到这句话又会死灰复燃,4680.153,1753399018,28dcc9f6
1898620921531941120,哈哈哈哈哈哈哈哈哈哈哈哈哈哈哈哈,4990.806,1753424451,a18ccce
1898621235324599808,萨沙：我这一生如履薄冰,4998.994,1753424488,a18ccce
1898621702788319488,这里就很适合配个bgm：长江黄河还有黑龙江~~~,5007.924,1753424544,a18ccce
1898674081130886656,auv真地儿道～,4950.016,1753430788,2738fae5
1898686192863140864,伦儿,5032.685,1753432232,b0850c04
1898718675599884544,喵喵喵  喵莫比,4716.685,1753436104,f83ddc9a
1898842469316472832,这是歇后语啊,4860.486,1753450861,17e2fe2c
1899339586950643712,喵帕斯,4719.067,1753510122,7ef1f30f
1899599321197446144,谎言不会伤人，真相才是快刀,4805.355,1753541085,bc31ead9
1900380122948168960,是LULU!,4784.341,1753634164,81aeaa1b
1900503618960948736,梅林的胡子,4886.484,1753648886,fcdaa08a
1901024484039726336,哈哈哈哈哈哈哈,4942.838,1753710978,2c9403ee
1901079414683921152,给你俩窝窝是“傻瓜你看什么，你走开”的意思,4779.862,1753717526,e67086c2
1901079829685023488,老王可以啊,4824.392,1753717575,e67086c2
1901079976536206080,盆景的伐木工赢了,4830.592,1753717593,e67086c2
1902231732707858432,啥意思没懂,4835.101,1753854893,c1f2fe77
1902338815436637184,动物吵架哈哈哈,4741.721,1753867658,92f8c01f
1902339230270251776,好可爱,4791.413,1753867708,92f8c01f
1902465103329566464,哈哈哈哈哈哈哈,4900.32,1753882713,24d07282
1902505877391889664,我懂！不仅是吵架，平时明明一件事已经在做了，非补一句你去做一下，我也会生气,4683.771,1753887574,29c4c024
1902512598906821376,翻旧账了,4925.858,1753888375,d89f1503
1902594920603297792,这一段巨好笑,4932.927,1753898188,26f5d348
1903085253296941312,哈哈哈哈哈哈哈哈哈,4913.221,1753956640,623dd44
1903422713532604160,完全沉浸在自己的艺术创作里了,4892.961,1753996869,bb961bc8
1903895399203318784,沉浸在自己的艺术,4885.319,1754053217,c51a6472
1905868802760226304,好有趣,4725.221,1754288465,7becfa2e
1905869663649455104,哈哈哈,4823.731,1754288568,7becfa2e
1906076866142587904,超超好美～～～～～～,5033.296,1754313269,ba077aef
1906843327282730752,不知道两个buff梗被萨沙听到了会怎么样哈哈哈哈,5018.175,1754404638,4ad5b7c7
1906853502798462464,笑飞了这期哈哈哈,4973.051,1754405851,de5d2566
1907283657380028416,个斑马是吧哈哈哈哈,4741.914,1754457129,654346f5
1907369347933021696,咩啊～,4736.208,1754467344,d9a3acb1
1907528459920721920,中文也是哈哈哈哈哈哈,4843.019,1754486312,f5dd2f0d
1907988977269993984,就跟吵架的时候对方说你冷静一点,4687.296,1754541210,952047f4
1909012552659049984,你看看！,4887.06,1754663230,a30a61d9
1914639175487860992,好艺术,4868.566,1755333975,39959bed
1914699145797749760,免礼免礼,5038.536,1755341124,6a35cdb9
1916331482058605056,去五常,4934.547,1755535714,299590f4
1920572473301738496,你别急哈哈哈哈,4680.084,1756041280,bc587f4c
1921150194511518720,无效消音,4767.931,1756110149,cc860fab
1921999990281070336,膝盖脑袋哈哈哈哈哈,4820.756,1756211453,82b54504
1922699810163473408,哈哈哈哈哈哈这个好玩膝盖脑袋哈哈哈哈哈哈哈,4821.902,1756294878,bc17ebe1
1922718678232065536,buludo在大力水手里面就是大块头,4769.819,1756297127,990a1ffc
1924745898970591232,吼吼吼吼吼吼吼吼吼吼吼吼吼吼吼吼,5002.511,1756538791,90bb401c
1924967089098646016,哈哈哈哈哈哈哈哈我懂了,4839.73,1756565159,e498a6f4
1928431833856027648,四川话 哈哈哈,4802.515,1756978188,272b951b
1930122968890291968,一般是表和马,4760.893,1757179787,5f57ee63
1932207309505761536,真不用客气，哈哈哈哈哈哈哈哈哈,5037.71,1757428260,5b4783e3
1932323510836293120,歇后语骂人 在中国能把我骂笑，没有杀伤力,4856.499,1757442112,52ac390e
1938651722562595840,这个环节好想看英国代表,4803.651,1758196494,7514575b
1941575577676902144,中国好像也是,4880.714,1758545045,7a001e02
1956604467680680960,哈哈哈哈哈哈哈哈哈哈哈哈哈哈哈哈哈哈哈哈哈哈哈哈哈哈倒哥,4987.29,1760336628,d35c8a9
1957521618251751424,有备而来,4898.296,1760445961,ae02b522
1963046567418170368,完全get不到哈哈哈，太艺术了,4878.238,1761104586,54f7b9d0
1963047484477570560,卧槽哈哈哈哈哈哈太搞笑了,4987.548,1761104695,54f7b9d0
1963047606246712832,太有梗了我的天啊,5002.101,1761104710,54f7b9d0
1988704206604970240,萨沙现在好大方,4966.483,1764163215,c847ffba
2005156528713694464,形成内部梗了 哈哈哈,5015.259,1766124485,32b92588
2018407658939996416,武汉话好好玩,4761.811,1767704143,964a8dca
2027838086511379968,哈哈哈哈哈哈哈哈哈哈哈哈哈哈,4860.422,1768828337,8f58d927
,,0.0,1775683732.8000336,
lb.c,,0.0,1775683732.8000336,
,,0.0,1775683732.8000336,
1895737252798501120,一个轴打起来了,5382.658,1752985054,7e19df34
1895737399926296832,老王居然赢了哈哈哈哈哈,5194.259,1752987261,f69ff094
1895737549830721792,众爱卿平身,5040.701,1752988640,1f930d45
1895737559796388096,买不完了,5324.051,1752990445,3f8c2705
1895737585272590592,这个除了买卖还能组什么？,5347.699,1752990663,1549437e
1895737629463777536,买了锅巴,5269.404,1752992283,7e894dc7
1895737792127275264,这也太难了除了脏话我一个也想不到,5250.819,1752994250,4374cf64
1895737809332310272,伤疤,5096.912,1752995497,a4557f7c
1895737812956188928,艾丽莎还比了个功夫出招动作，好可爱,5228.918,1752995826,5866b398
1895737818392006912,这下真的势均力敌王不见王了，战力很均衡,5221.14,1752995797,5866b398
1895737822913466624,怎么不把小贝喊回来哈哈哈哈哈 全国总冠军,5232.53,1752995811,ca18aa72
1895737839220920576,随便,5103.405,1752995510,a4557f7c
1895737861601726720,哈哈哈哈哈,5280.223,1752995737,a4557f7c
1895737870728532224,哈哈哈哈哈,5357.137,1752995819,a4557f7c
1895737878009843968,这个难度好高我一下没想出来,5250.43,1752995861,5866b398
1895737975577743616,太搞笑了这段，会长帮得也真是不明显哈哈哈,5309.076,1752998714,d5478533
1895738014786097408,我都想不出这么多orz,5177.407,1752998128,cda41c26
1895738146998948096,富贵使我们相遇,5054.133,1753003938,94179e93
1895738222680969472,上边其实可以的...至少广东话里可以这么讲哈哈哈哈哈,5132.578,1753012151,f11a2bc3
1895738259154637056,那我必须得发个弹幕,5045.758,1753013226,4c2d7347
1895738280117768448,哎哟喂排面是自己给的,5053.218,1753015344,2394c70f
1895738286535053568,我都想不出来,5361.944,1753014671,635d7cfe
1895738288321827072,大左感觉好疲惫呀,5089.831,1753010259,2275038b
1895738300183318784,买了个包,5277.18,1753014758,73e9b877
1895738319326122240,哈哈哈哈哈哈哈哈哈哈哈,5333.776,1753014745,fbf64f60
1895738331187613952,水表,5101.409,1753013084,8f071823
1895738358542864640,哈哈哈哈,5289.412,1753013835,fc1db046
1895738420534677760,厉害,5362.198,1753013915,fc1db046
1895738453367689472,手臂,5083.725,1753019015,c2db3739
1895738483457626368,散步,5110.21,1753018989,c2db3739
1895738492567654656,私奔,5156.474,1753019088,c2db3739
1895738497131057408,散步,5178.373,1753019110,c2db3739
1895738523571949824,伤悲,5147.874,1753019080,c2db3739
1895738528126963968,帅爆,5171.778,1753019103,c2db3739
1895738537287323904,松柏,5115.542,1753019154,c2db3739
1895738560959975680,那么棒,5397.279,1753020515,c2db3739
1895738573719048448,迷恋改编,5350.312,1753020373,c2db3739
1895738581931495680,美丽古堡,5344.655,1753020257,c2db3739
1895738616576446720,雷妃：嬗变的女人,5152.275,1753018117,6ee65ea5
1895738643931697408,上榜,5139.362,1753019071,c2db3739
1895738657605128448,塞北,5125.34,1753019163,c2db3739
1895738663988859136,三百,5114.292,1753022376,fd2dafbb
1895738781613920512,买了个包,5269.515,1753030952,ea25d4d6
1895738925679874304,会长喜欢俄罗斯人哈哈哈哈哈哈,5280.092,1753038953,7a1afabc
1895738932969574656,笑死我了,5378.09,1753029813,bde1c345
1895738939353305344,哈哈哈哈救命笑死我了,5309.07,1753045893,23ddeab7
1895739014146134272,散步,5114.314,1753068800,91850ea9
1895739130831671552,想不出来,5264.519,1753072461,9f25c571
1895739175509397760,会长明目张胆啊哈哈哈哈哈,5276.576,1753072003,9f04a8dc
1895739183721844992,？,5103.33,1753070183,f7934ca3
1895739216546468096,麻辣锅巴？,5317.463,1753073025,39c07fe7
1895739235689271552,思辨,5100.653,1753075567,bf28894c
1895739250285449472,这是真的强……,5354.932,1753072572,9f25c571
1895739315020337408,老王的食物词汇库太丰富了,5202.207,1753075106,cb0b74b0
1895806227742127872,不愧是全球总冠军哈哈哈,5355.453,1753088913,20dfe047
1895865772513874176,呵呵哈哈哈,5295.841,1753096011,f81c7508
1895865835151917056,笑死我了,5302.521,1753096019,f81c7508
1895905592497846784,波波超级不想输给老王啊哈哈,5168.56,1753100758,e1c79dc9
1895913210587020800,厉害也,5356.678,1753101666,738625c6
1895940028228628736,哈哈哈哈杨迪笑死我了,5331.187,1753104863,9a7995d3
1896001709957121536,这个游戏确定不是在考验旁边的观众吗哈哈哈哈哈哈哈,5169.79,1753112216,692c8ed6
1896005638208190720,哈哈哈哈哈哈哈哈哈哈哈哈哈哈哈哈哈哈,5309.536,1753112685,ee1f6f9b
1896037717519832320,我不行了,5303.486,1753116509,35861f7e
1896103813057326080,众爱卿平身,5055.166,1753124388,272d704
1896266853488527360,买了个包,5255.593,1753143824,136938f4
1896397577185262080,买了个表,5252.363,1753159407,8c816764
1896398972085054976,买了个布,5322.799,1753159574,8c816764
1896487745384687360,是全世界冠军强啊  这个怎么可能平衡？,5225.606,1753170156,3f43cf38
1896518030927038976,哈哈哈哈,5287.335,1753173767,6a042d86
1896647238626065664,散步,5186.384,1753189169,445a39f6
1896700332483297024,买了个表,5262.862,1753195499,fc5c5aac
1897110671595089408,买了个饼,5303.296,1753244415,42da3e49
1897164510704274176,会长，真的一点都不偏心,5318.682,1753250833,35645b71
1897465344239936512,这里为啥正片没有啊很好玩,5316.955,1753286695,9c3b5844
1897907599363012096,加长版不是没人吗？,5061.923,1753339416,47a0e8bd
1897994325766477824,应该的应该的哈哈,5048.248,1753349755,4abc64a0
1897996747196894720,哈哈哈哈哈哈哈哈逛超市,5307.543,1753350043,4abc64a0
1898119123121513216,波波太搞笑了,5193.237,1753364632,8d117f15
1898135047518137856,免礼免礼,5075.625,1753366530,eedeee86
1898384560598181888,平身,5075.322,1753396274,b2d05ef3
1898624478083756544,超市逛的差不多了哈哈哈哈哈哈哈,5326.782,1753424875,a18ccce
1898641201796753152,密林古堡,5368.404,1753426868,8d9a3176
1898884709665421312,哈哈哈,5068.504,1753455897,ef9aebaa
1898897792614057216,S 和sh不算一个声母吧,5137.151,1753457456,90af0186
1898916617254438656,平身吧,5045.044,1753459700,22a3160b
1899502490740164608,比芒果台的明星们厉害,5090.131,1753529542,3820b86
1899503928598076672,好难！,5256.872,1753529713,3820b86
1899529220980670720,美丽告别,5329.076,1753532728,3860f01a
1899556139150926336,买了个包,5262.774,1753535937,c8a83ae1
1899575159195537664,我就说梅丽莎眼熟哈哈哈哈，我看过她,5237.393,1753538205,fbcf58ae
1899948884919695104,字幕靠点谱啊,5152.318,1753582756,ae954710
1900027691504725760,随笔,5111.845,1753592151,2b2c365c
1901026696434365696,哈哈哈哈哈哈哈哈笑死我了,5177.66,1753711241,2c9403ee
1901048621018345216,来了,5068.436,1753713855,53f028f4
1902279610704792320,哈哈哈哈哈哈哈哈哈哈哈哈华波波提高笑了 这个节目不能没有他,5287.656,1753860600,c78fc6cd
1902280109591719680,哈哈哈哈哈哈哈哈哈哈杨迪太有梗了,5336.723,1753860660,c78fc6cd
1902422537695188480,哈哈哈哈哈哈哈快乐了,5041.893,1753877639,ddafd2e4
1902693614774649856,这就是冠军局吗,5308.838,1753909954,13f56837
1903910791510760448,果然是冠军,5323.393,1754055052,117508bc
1903911183124587264,冠军！！！,5370.074,1754055099,117508bc
1904583799472911360,那这样没完没了了 卖了个包也可以啊,5323.205,1754135281,3e5e834
1904731512910551296,买了钢笔,5296.383,1754152890,1606bf27
1905066977614457088,瀚笙给的,5216.827,1754192880,f13424e0
1905263256428680192,哈哈哈哈哈会长假装淡定,5280.272,1754216279,aa36fe3a
1907445196561016064,生病,5096.403,1754476386,aff6fc4
1907655909418110976,描了个边，密林古堡,5369.951,1754501505,ff8d4f0a
1907988948337628160,买了个饼,5269.577,1754541206,e06c8437
1907994271211606272,买了广告,5264.943,1754541841,952047f4
1908432339672427264,这都是我应得的,5050.366,1754594063,9342b3c4
1910180167972956160,买了个表,5278.063,1754802420,738a73b
1910181115902401024,这个好玩,5385.844,1754802533,738a73b
1913125294877852928,爱卿平身,5060.819,1755153507,54a9596e
1914074693993248256,华伯伯笑死我,5210.801,1755266684,9d8aa9dd
1919614221571346432,哈哈哈哈哈哈哈哈哈，买买买，都买,5296.307,1755927047,3ae4c2e2
1921022768267938048,我都想不到,5361.449,1756094959,bc587f4c
1924779962440228352,设备,5089.709,1756542851,e8f6d141
1925468671896090112,看似法国vs中东，实则两伊战争,5183.768,1756624952,24f302e9
1928594371599874304,不愧是世界冠军,5361.448,1756997564,cfd3a899
1932625767037357824,太有牌面了,5107.729,1757478144,f487febd
1932832749916950784,波波笑死我了,5190.952,1757502818,75a35b32
1932833280899017472,想念小贝和田田,5232.806,1757502882,75a35b32
1948196474001477888,哈哈哈哈哈哈哈,5316.907,1759334317,2edb9fb1
1949690376261184256,没了个饼 哈哈哈,5334.374,1759512404,c9c423cb
1952273205201067264,上边其实是，他们搅混了,5164.153,1759820301,5ff286de
1956607870947309056,哈哈哈哈哈哈哈哈哈哈哈笑飞了,5336.797,1760337034,d35c8a9
1957526017011285504,发币，顺发nb,5390.776,1760446485,ae02b522
1999460690884832000,哈哈哈哈哈哈哈哈好搞笑哈哈哈哈哈,5054.438,1765445488,14f3cf30
2002097945549358592,前面外国小学生一人一句汉语那个真的哈哈哈笑死我了,5392.207,1765759873,1bae6291
2031437688779518208,满意,5047.429,1769257443,ec44781a
2036248800440067584,手办,5123.573,1769830972,f9735bbb
2036249860122444544,似是故人来,5248.255,1769831099,f9735bbb
,,0.0,1775683732.8000336,
lb.c,,0.0,1775683732.8000336,
,,0.0,1775683732.8000336,
1895737395396448512,jhhhhhhhhhhh,5592.303,1752988526,a7ab481d
1895737412022669568,我都想不起来这么多,5460.772,1752987439,a1639211
1895737441869336832,因为想不起来哈哈哈哈,5481.576,1752987556,f69ff094
1895737443119239424,波波好可爱,5457.3,1752989533,e9b5076c
1895737485532041472,不够看哈哈哈哈哈哈想看轮番制回合,5670.743,1752987808,fcfebb41
1895737626443878656,]',5625.691,1752991166,967ceef9
1895737643598582016,为啥我的弹幕带框框,5614.122,1752990985,3f8c2705
1895737666809860352,文创书包,5664.861,1752992253,88230e29
1895737685701005569,笑死，好像那个两组外国人比中文的视频,5594.036,1752991870,6c6d890c
1895737696287428864,想看陈铭和陈超的,5515.841,1752993725,b594b266
1895737720085909760,我吃柿饼,5633.349,1752993925,4f3c338d
1895737730554892544,我才十八,5654.687,1752994895,f3d0b903
1895737779443699968,哈哈哈哈哈哈哈哈哈,5736.412,1752996216,a4557f7c
1895737794836795648,还好，我来看了加长版,5683.765,1752995605,6cf1571
1895737843750768896,无偿上班,5638.111,1752995528,8eb43737
1895737876189516032,他不会是在拿你重温日语吧233,5757.212,1752997386,4944442d
1895737884393574656,？哈哈哈哈哈,5656.724,1752996132,a4557f7c
1895737888042619136,拿眉笔,5442.43,1753001707,d7f8343a
1895737898075394304,用一之濑当外教是吧哈哈哈哈,5759.226,1752996601,5866b398
1895737912679960832,发币厉害哦,5491.201,1752998959,e868d6e6
1895737956426551552,哈哈哈哈哈哈哈哈哈哈哈哈哈哈哈哈,5736.542,1753005397,e549f4d8
1895738018435141888,我才上班,5615.672,1753004949,4c54570f
1895738042141348096,发币好厉害！,5451.412,1752998910,d5478533
1895738055814779136,游戏能多玩一点吗？来个车轮战了。,5682.602,1752999172,e868d6e6
1895738163407065344,朕心甚慰,5668.633,1753010633,ca2efdba
1895738188941988096,留学生可以打工，就是时间限制很严格,5745.238,1753013337,450eca7a
1895738207178821888,我吃烧饼,5569.522,1753014025,97afe170
1895738304738332928,笑疯了,5717.724,1753014888,c5fcca58
1895738349416059136,我查设备,5603.283,1753013524,20dffd1e
1895738529041322240,我吃柿饼,5549.573,1753019787,c2db3739
1895738564600631552,我曾上榜,5583.306,1753019726,c2db3739
1895738568249676032,我才上班,5578.215,1753019651,c2db3739
1895738618405163264,哇小熊好棒,5453.439,1753021183,6474f847
1895738628454715648,满意满意,5683.919,1753021786,d3e0ea9e
1895738771581145344,在燃什么啊,5467.292,1753022738,56239c78
1895738808969171200,无偿上班,5557.94,1753033292,8be21198
1895738855467225344,满意满意啊,5669.129,1753027481,8a513c81
1895738904708354304,无偿上班,5550.733,1753055909,a05c4e50
1895738919296143616,厉害,5458.113,1753029509,d0eeaf61
1895739073386483968,外出上班,5662.292,1753071341,86ed341b
1895739233868943616,跟武昌过不去了哈哈哈哈哈哈,5559.595,1753072312,9f04a8dc
1895739271248580864,前面那个五厂上班太痛苦了。,5650.181,1753072906,9f25c571
1895739280375386368,我吃烧饼,5528.493,1753076329,c2cf2fbe
1895739287665086720,哈哈哈哈,5585.042,1753076389,c2cf2fbe
1895739297697861888,666,5456.592,1753076238,c2cf2fbe
1895835379563980800,围城士兵,5651.483,1753092388,182693f5
1895851890223828736,我吃烧饼,5601.387,1753094356,cc93cef3
1895867141996042240,法币好可爱哈哈哈哈,5442.503,1753096175,f81c7508
1895941503516821504,想看华波波,5502.962,1753105039,3c5a3395
1895954531570156032,玩游戏没人能赢得了杨迪吧,5516.139,1753106592,be52f108
1895962419218839040,好可爱啊小熊,5481.88,1753107533,83719079
1896048714238634240,文创商标,5603.24,1753117820,24b0ce4c
1896048828952522752,发币比我厉害,5489.092,1753117833,e871e898
1896387736265527552,好可爱小熊,5433.348,1753158234,f608a6a7
1896401899398836992,我创商标,5627.201,1753159923,8c816764
1896523232526567168,四姐笑死我了,5461.734,1753174387,272cb156
1896696361970702080,真的好喜欢法币啊啊,5497.907,1753195025,ec077e8b
1896969714811750144,哈哈哈哈哈哈哈哈特别满意,5683.167,1753227611,cef95630
1897110417386297344,你。,5404.486,1753244385,2bf6365a
1897182469959562240,农民办（农业民生办公室）,5439.96,1753252974,af7c4445
1897184104504922112,无此设备,5617.079,1753253169,af7c4445
1897351985011783168,他发音不但好，调也对,5725.673,1753273182,55d83f10
1897377089222017024,How much?,5715.06,1753276174,7566605b
1897422756426506496,我常上班,5558.897,1753281618,fc5c5aac
1897422918418934784,我出书吧,5568.62,1753281638,fc5c5aac
1897458025171003136,满意满意,5677.512,1753285823,b5323672
1897465090669115648,武昌社保,5582.953,1753286665,d844b0d7
1897769479799142144,法币：let's 骄傲,5481.513,1753322951,3c4a8341
1897938668409864704,哈哈哈哈哈哈,5572.82,1753343120,87627e63
1898060457676681728,这反应怎么那么像外国小孩中文对决哈哈哈哈哈哈,5462.655,1753357638,9cdf46e6
1898138011901385472,怎么没有伦儿,5665.598,1753366883,a0901713
1898178762122903296,我超帅吧！,5632.839,1753371741,a725bfc4
1898423743408421376,这Part这么精彩居然没在正片,5650.83,1753400945,28dcc9f6
1898625744000134400,到底在燃什么哈哈哈哈哈哈哈哈,5464.166,1753425026,a18ccce
1898626550623448832,我测试吧,5559.064,1753425122,a18ccce
1898652728138751488,一之濑刚才输了可能情绪不稳定,5549.571,1753428242,915050e3
1898689587413796352,拿面包,5423.287,1753432636,b0850c04
1899319571606164480,全德国总冠军,5480.43,1753507736,f21b3ea5
1899535640992131840,晚餐随便,5520.474,1753533494,3860f01a
1899602976826559232,会长忍不了了,5665.041,1753541521,89699852
1899607193679394816,很满意，但是不够看啊哈哈哈哈哈,5681.754,1753542023,bc31ead9
1899951105459742976,我查书包啊,5602.221,1753583021,ae954710
1899999679023416320,无偿上班,5655.703,1753588811,87413e4e
1900766299857394432,我出师表,5622.888,1753680200,33977ab
1901031541963149056,无偿上班太有才了,5661.33,1753711819,2c9403ee
1901464422439217664,乃木坂,5411.02,1753763422,80000882
1901466327198751744,五彩水笔,5622.899,1753763649,80000882
1901505084160859136,卧床上班,5635.369,1753768270,a9930091
1901667443429404672,赖赖笑死我了哈哈哈哈哈,5462.246,1753787624,c475edd4
1901688907461504000,绝,5594.196,1753790183,6bdd20d4
1902191443406318080,我才十八,5536.747,1753850090,23b7cf3c
1902282980836447232,想看所有代表玩哈哈哈哈,5692.99,1753861002,c78fc6cd
1902972836168174592,好喜欢发币啊啊啊啊可爱小熊,5497.535,1753943239,94613f3a
1903814713050594560,我吃烧饼,5527.927,1754043599,29c7c55b
1904240408750914304,我吃烧饼,5520.633,1754094346,4213efaf
1904400734091486464,哈哈哈哈哈哈哈哈哈哈哈,5444.369,1754113458,21f73640
1904733937142578688,……,5572.108,1754153179,1606bf27
1907275934575481856,那么棒,5475.248,1754456209,818eee32
1907503311805048832,哈哈哈哈哈哈,5433.297,1754483314,6816ab2b
1907504852112736768,好搞笑,5670.051,1754483498,6816ab2b
1907628097827065088,华波波好搞笑,5413.673,1754498190,ea7aa49a
1907629029776458752,这个游戏好玩！！以后经常,5503.358,1754498301,ea7aa49a
1909211300433862656,文创手办,5641.868,1754686922,2ad516b
1910183692849001728,每期都来这个游戏,5693.155,1754802840,738a73b
1911661393863138816,我才十八,5635.78,1754978996,67c7bc24
1911940037441274368,我常说不,5577.471,1755012213,319d79a8
1916862547517593344,无偿上班这个太狠了哈哈哈哈哈哈,5640.532,1755599022,b575b51f
1916886203115027456,不满意太短了！,5691.918,1755601842,41d23346
1919615919593383936,法币好厉害,5491.366,1755927249,3ae4c2e2
1919874236307270400,太搞笑了,5709.81,1755958043,c4469e21
1924973871791438336,五彩水笔，无偿上班,5634.207,1756565967,e498a6f4
1928489303462333440,武昌酥饼啊,5649.501,1756985039,27acc97c
1931182947986193664,前面说文创的好厉害,5633.131,1757306147,d9c08631
1932631454336961792,满意满意,5684.543,1757478822,f487febd
1936645971006506240,你忙吧,5443.395,1757957390,cc3af606
1938432632782593280,完成设备,5697.579,1758170376,a3545458
1945259887495943936,龙颜大悦,5676.325,1758984249,deea00f
1957526892588923392,他俩这么强的吗？直接加时赛了,5475.556,1760446590,ae02b522
1977901549582004224,关税哈哈哈哈哈哈,5436.202,1762875438,aedabb3d
1977901725834636800,小熊好棒！,5457.17,1762875459,aedabb3d
1988742475853880320,哈哈哈哈这个是Dylan在后面说的,5609.534,1764167777,c847ffba
2002100048816625408,外国小孩中文对决真的，太形象了，这俩都笑死,5467.471,1765760124,1bae6291
2015436799140933120,高级词汇,5450.301,1767349988,a9603673
2018415095944305664,无偿上班(,5616.425,1767705029,964a8dca
2035137440129502976,弄明白,5418.548,1769698488,ca126b
2035137714621479936,你明白,5451.275,1769698521,ca126b
2068517489595502592,那么棒,5472.838,1773677700,471d6181
2077821577877208320,朕很满意,5679.263,1774786834,585cded5
,,0.0,1775683732.8000336,
lb.c,,0.0,1775683732.8000336,
,,0.0,1775683732.8000336,
1895737858867040512,哈哈哈哈哈哈哈哈哈哈哈,6096.333,1752996585,a4557f7c
1895737880752918784,沆瀣一气这词还是能用得到的233,5937.428,1752997598,4944442d
1895737919046914304,哈哈哈哈哈哈哈哈哈哈哈哈哈哈哈哈哈哈哈哈哈哈哈哈哈哈哈,5870.631,1752996356,a4557f7c
1895737949136851200,德国人太好笑了,5863.154,1752999715,8b34e573
1895737969194012928,阿雷真的动漫影视资深中毒哈哈哈哈哈哈,5838.142,1752997069,5866b398
1895738141521187072,犄角旮旯很少用吗？上海话里经常用到啊,6049.474,1753008868,39499903
1895738273742426368,除了呶字都认识,6060.585,1753013759,20dffd1e
1895738364003848448,踽踽独行这种基础词大左一个主持人不认识不应该吧,6002.5,1753015847,e69ebdef
1895738431481811200,圭臬感觉也很常见,6014.236,1753015872,e69ebdef
1895738444249272576,好厉害 卢可！,5923.251,1753018736,1c68567a
1895738555482214656,我觉得奉为圭臬还挺常用的,6019.476,1753019682,79d441b5
1895738669466620160,新梗出现了,5963.161,1753023686,65fd9e50
1895738727817777408,哈哈哈哈还拆啊哈,5877.108,1753023916,5ec74794
1895738740585238784,还得是总冠军！,5923.556,1753029089,d6bfe3aa
1895738798936396032,这期好搞笑,5880.071,1753023927,5ec74794
1895738800765112576,魔法小樱,5811.727,1753025778,ef8f951e
1895738804405768448,Latino American也是American哈哈哈,6088.033,1753033291,5404f33
1895738847263166720,哇好久不见的歌，我现在还全知道且会写呢,5922.622,1753029406,302e2cd4
1895738994978164992,戴卢可好会串场,5918.405,1753033135,5404f33
1895739036921204992,口语里很常见 但书面很少写 才叫生僻字,6084.412,1753069602,221a9f5
1895739067917111552,犄角旮旯哪个地区都用啊,6076.904,1753036132,37b64554
1895739303167234304,超超可能只是重影看成垚了哈哈哈,6025.872,1753080031,3f6b3267
1895803686740271360,德国人神奇的笑点出现了,5860.314,1753088610,677e1eff
1895940938636112896,哈哈哈哈哈哈哈哈哈哈哈哈哈哈哈哈哈哈哈,5956.417,1753104972,4365b2b7
1896006384517540608,哈哈哈哈哈哈哈 太好笑了,5877.08,1753112774,e10bb37e
1896394704246373888,往里玹,5888.848,1753159065,45f0e9c9
1896525961894243328,还记得穆小龙的也特别长,5863.237,1753174712,9c5bc011
1896526792475403776,突然感觉和一个母语者说对方的母语好刺激。,5849.288,1753174811,272cb156
1896528996767018496,伦反应好可爱,6093.046,1753175074,272cb156
1896694142336784640,我为什么这么黑,5850.046,1753194761,16f0b446
1896746298607480576,哈哈哈哈哈哈小魔女dorimi我的童年,5817.55,1753200978,9cb4590f
1896782108769874944,哈哈哈哈阿雷好棒,5823.344,1753205247,5856c37c
1896837444775896832,沆瀣一气，绵绵瓜瓞什么的其实也蛮常用的，都是会读，不一定会写,5963.667,1753211844,9450640
1897302336104199424,原来阿雷也是个二次元啊，圈粉,5807.807,1753267263,729e3ab7
1897408696875986688,bgm是星矢。。。,5826.178,1753279942,7ea9d3d5
1897539050743992576,是真的 喜欢看番剧随便都有N3了 日语听懂会说不算难,5774.395,1753295482,6f99a845
1897540654679205376,碗里选,5906.056,1753295673,6f99a845
1897941885038393856,哈哈哈哈哈德国人,5869.457,1753343503,4227b274
1898063552024567040,善逸！,5827.305,1753358007,9cdf46e6
1898064079399573504,xs我的笑点是发币笑,5864.169,1753358070,9cdf46e6
1898097346118832640,生僻字那个歌词的选择标准太不统一了所以体感好不好也是一阵儿一阵儿的hhh,5931.174,1753362036,45af011b
1898114145447495424,紧跟时事哈哈哈哈,5827.651,1753364038,ba542c3c
1898161274299396864,考试会用到吧，或者语文老师,6051.412,1753369656,9a457285
1898467852772804608,哪里常见？你平时都会说这些吗？我只能读一些，意思知道的就更少了,6031.791,1753406203,a725bfc4
1898468393661528832,确实是American,6081.24,1753406268,a725bfc4
1898544657131158528,会长日常开始挖坑了,5973.106,1753415359,e68aeabe
1898792509870598400,魔法少女小圆，魔法少女奈叶，魔卡少女樱，憧憬成为魔法少女,5789.357,1753444906,c1c112d8
1898950122260736256,我的天啊,5932.388,1753463694,eeae67ec
1899611716883880704,哈哈哈哈杨迪这个变声,5986.176,1753542563,5ebece69
1899953432166147328,怎么难的都会，简单的反而错了超超,6015.364,1753583298,ae954710
1900078198046300160,哈哈哈少女雷,5809.075,1753598172,1091612d
1901032821930525952,哈哈哈哈哈哈哈哈哈,5810.507,1753711972,2c9403ee
1901035550375286784,格局,6102.475,1753712297,2c9403ee
1901038084020175104,笑死,6081.102,1753712599,2c9403ee
1902445816619673088,可爱的四姐,6110.63,1753880414,c085033b
1902473656388011520,哈哈哈哈哈哈哈哈哈哈,5884.153,1753883732,24d07282
1902507918574530560,鬼灭！！,5827.326,1753887817,ecae7fb8
1903092981570356992,哈哈哈哈哈哈哈哈哈,5817.734,1753957562,623dd44
1904588337600721664,中二哈哈哈,5768.847,1754135822,3e5e834
1904588540294738176,和红红火火恍恍惚惚哈哈哈哈哈哈哈哈,5787.755,1754135846,3e5e834
1904607506802715648,xswl,5877.161,1754138107,2f77163b
1904738394345604608,不考生僻字没意思呀,6059.583,1754153710,1606bf27
1905360955819970304,先笑了,5858.11,1754227925,95e70b5d
1906556910518333184,哈哈哈哈哈,5871.662,1754370494,58d57e1c
1907415837069982464,不会是飞天小女警z吧,5820.521,1754472886,43d8243f
1908251049396513536,哈哈哈哈哈,5828.769,1754572451,d8a8f583
1913315501447857152,奉为圭臬不是很常见吗，，,6018.38,1755176181,9b40c598
1916341011081184256,这里阿雷莫名的像唐大哥,5760.723,1755536850,299590f4
1916656189127610112,哪里常见了，只有几个是常见的,6036.563,1755574422,51f2909e
1922655339275858176,犄角旮旯也会，只是不太会写,5941.477,1756289577,99536495
1923491622692854784,歌里的都会比较熟啊,6044.668,1756389269,a82a2ebb
1924750576206771968,哈哈哈哈哈哈哈哈哈哈哈哈哈哈哈哈哈,5819.439,1756539348,90bb401c
1924751062737679616,吼吼吼吼吼吼吼吼吼吼吼吼吼吼吼,5873.51,1756539406,90bb401c
1929398244665353728,初中的时候我们也学这个表演过,5947.352,1757093394,bd775eca
1954296916465043200,戴卢可的承上启下可太中国了哈哈哈哈,5910.649,1760061546,99c7f039
1957531727765723136,哈哈哈哈，陈超其他生僻的都知道奉为圭臬这么日常的居然不会,6007.196,1760447166,ae02b522
1963056219074066944,我的天啊，怎么会有这些这么多语言超能力者,5857.992,1761105737,54f7b9d0
1967686962006220544,笑死，反正我认不全哈哈哈,5978.628,1761657764,eb09f285
1977904572307833856,魔法少女哈哈哈哈哈,5795.978,1762875798,aedabb3d
1977905919635666176,哈哈哈哈哈哈哈哈哈,5956.683,1762875959,aedabb3d
1994610009833088768,超超好厉害,6041.25,1764867242,51701351
2010424270157225984,奉为圭臬这个，我感觉应该都知道啊，看古装剧什么的,6007.049,1766752448,a0b99804
2016016522979979008,超超怎么不认识圭臬，这是固定组合啊，垚涅是啥意思,6007.162,1767419097,ae954710
2026860148143955200,穆小龙？？？,5856.924,1768711758,c0ad9fc7
2036277408915183872,我只会醍醐灌顶和犄角旮旯,5991.627,1769834383,f9735bbb
2038025793061976064,德国人莫名其妙的笑点笑死我了,5864.035,1770042806,b8b5200d
2057973005103436544,高中语文考了你还能记得？反正我是感觉上大一就修为散尽了,6045.684,1772420699,dc69dd68
2058963017848770048,我可能知道他咋学的语言了,5843.198,1772538718,60c31dff
,,0.0,1775683732.8000336,
lb.c,,0.0,1775683732.8000336,
,,0.0,1775683732.8000336,
1895737596345553152,哈哈哈哈哈哈哈,6195.466,1752991046,a1639211
1895737605254254848,笑到捶床,6248.056,1752991132,a1639211
1895737756257587456,哈哈哈哈哈哈哈哈,6247.548,1752993724,46e1d41a
1895737873454829824,这表情包加的哈哈哈哈哈,6247.145,1752995808,591a47e1
1895737955520581888,哈哈哈哈晚上睡觉起来扇自己一巴掌。,6242.077,1752996766,a4557f7c
1895738234534072576,美国的刻板印象又增加了哈哈哈哈哈哈,6262.432,1753014661,d93d12d4
1895738291970871552,地大物博吗哈哈哈,6424.625,1753014057,450eca7a
1895738441514586368,美式英语跟英式的相比是真挺村儿的,6304.472,1753017646,6ed7a38b
1895738527220994304,这句话感觉很深刻,6342.095,1753018411,9cfc41f8
1895738529955680512,好惨,6240.329,1753015944,e967e3fc
1895738545457828096,洋脸在身我心依旧是中国心,6343.404,1753019165,b3e76332
1895738814438543616,伦儿好漂亮,6121.658,1753026098,ef8f951e
1895738827214393600,还好我们中文故意说别的口音腔调不会被说,6221.909,1753034289,9ef562ec
1895738931149246720,哈哈哈哈哈，绝,6261.929,1753027770,105f8ab8
1895738994063806720,以前好像聊过,6323.611,1753065947,c76f245a
1895739099835764992,感觉四姐马上就要入党了,6358.412,1753041164,f2cbd317
1895739164570652928,北京啊，都鼓楼钟楼和胡同了,6466.915,1753074268,cce57685
1895739223836168448,哈哈哈哈,6185.472,1753075358,b465a5f8
1895876772915284736,好红,6342.445,1753097323,f81c7508
1895891145075744000,完啦！漂亮国居然是我自己,6332.931,1753099036,720bb977
1895911263230715648,这一期可太好看了哈哈哈哈哈哈哈,6293.681,1753101434,cc998cf0
1895977013316171008,真的 我现在在英国 班上有美国同学老师都问为什么来英国哈哈哈因为感觉美国人很少来,6233.393,1753109272,7021661
1895996712578404608,哈哈哈哈,6191.243,1753111621,42cad9e5
1896011026604849152,哈哈哈哈哈哈哈哈哈哈,6248.296,1753113327,692c8ed6
1896053738805025792,笑死我了,6338.26,1753118419,35861f7e
1896348810541099264,盆栽伐木工,6185.449,1753153594,b7453a45
1896660913071964928,入党！马上入党！,6335.06,1753190799,280fcb51
1896752974823802112,萨沙真的长大了哈哈哈哈哈还劝架了,6286.28,1753201774,9cb4590f
1897031264495085056,英魂不散,6129.09,1753234949,88971e98
1897172399880213760,缘分,6350.275,1753251773,fe4eee91
1897191079833737984,伦儿好好看,6141.739,1753254000,edbe14cb
1897329347598687232,四年英伦行 一生英国情,6138.756,1753270483,cdc452f4
1897379646639815168,英美日常共轭嫌弃,6150.158,1753276479,d403eb94
1897470722797396480,就像有些人说着说着说英文感觉自己很能似的,6155.088,1753287336,9c3b5844
1897881482706794240,反复播放，笑发财了这段,6120.382,1753336303,a5babba0
1897980178177896192,哈哈哈哈哈哈哈哈,6134.889,1753348068,290bcf14
1897990451865073152,主要是大部分的美国人会对英音有滤镜,6302.454,1753349293,c5e94360
1898037108598766848,我觉得英音比美音好太多了，主要是美式英语有种不好好说话的感觉,6151.32,1753354855,e3a9f12d
1898068025727885056,也没有r音好像,6268.82,1753358540,9cdf46e6
1898469431701780736,四姐吐槽笑死我了,6195.492,1753406392,a725bfc4
1898638472119025920,B+可以了，我的二外只有及格，但我还是往简历上写我会,6389.578,1753426543,a18ccce
1899515964723618304,很多去台湾上大学的人也会有台湾腔,6237.288,1753531148,3820b86
1899583646470362112,哈哈哈哈哈哈哈哈,6195.813,1753539216,fbcf58ae
1899589769240256768,政审吗,6331.689,1753539946,80311199
1899903850559699712,英音好听啊,6271.685,1753577388,3e3ca627
1900743884129465600,东北腔,6156.205,1753677528,fc5824e9
1900962778974280704,“再给我上颚共鸣试试看呢”,6139.283,1753703622,7c263e9f
1901039338478048256,缘分,6410.357,1753712748,2c9403ee
1901092486005857536,这一趴杨迪和大左配合好默契好好玩,6240.882,1753719084,bba3e7b3
1901111475482086656,东北菜好吃不辣,6470.381,1753721348,18259142
1903696970439590656,我以为这个词是 可以,6419.591,1754029563,b7a9b2eb
1903909804733164032,哈哈哈哈哈哈哈哈哈这么严重吗,6142.532,1754054935,c51a6472
1903912608323439360,这个讲过，老师说他没天赋他吃激将法非要学哈哈哈哈,6350.203,1754055269,c51a6472
1904470534801020416,温文尔雅温润如玉钟逸伦,6222.688,1754121779,cc2734ec
1904581796449178880,没事萨沙会倒着说,6144.19,1754135042,5bd65cde
1904592053267419392,伦儿比较像英国的,6176.889,1754136265,3e5e834
1904592758221061888,哈哈哈哈哈哈哈哈哈,6240.501,1754136349,3e5e834
1904741835662920192,中国其它不说，论美食绝对世界第一,6444.448,1754154121,1606bf27
1907997071420911104,很明显是要伐木哈哈哈哈哈,6187.912,1754542175,e06c8437
1910189102486362880,大漂亮,6338.048,1754803485,738a73b
1910189214340135424,漂亮过,6351.282,1754803499,738a73b
1914652145542984448,这期好好看,6310.42,1755335521,39959bed
1916890106191840512,来了来了 入坑点,6131.6,1755602307,41d23346
1938459317036858368,4,6137.704,1758173558,7ce065f9
1942844325235513600,我真该死啊哈哈,6254.36,1758696291,1448c64
1967689487748992512,口音会混也正常，在外地待久了回家就会被说口音变了,6211.908,1761658065,eb09f285
1971860351436493056,真好,6405.79,1762155271,83beff44
1975472819102343680,我喜欢这期的所有！！,6331.166,1762585911,75855fc6
1988749246333072384,可怜的伦儿,6254.717,1764168584,c847ffba
1988750225619440640,支持Dylan，英音好听,6272.114,1764168701,c847ffba
2011318177330127616,好家伙哈哈哈,6456.191,1766859010,1bdc989c
2024979683494084864,这话题能客观的聊吗,6321.496,1768487589,4756a90
2069095069641645568,有没有可能美国人不说纯正的英语才是违背了自己的故乡,6150.449,1773746553,6b2b33d2
,,0.0,1775683732.8000336,
lb.c,,0.0,1775683732.8000336,
,,0.0,1775683732.8000336,
1895737660753285376,这一期真的很好看,6541.435,1752992583,a8f5ef7c
1895737685818446080,享受2025，好戳人的表达,6794.065,1752992554,dd38837b
1895737804802461952,哇哦，好想听一听,6713.441,1752995454,98f16374
1895737829255254272,老王算最有发言权了，毕竟经历过生死后来的,6760.292,1752998269,4944442d
1895737865259159808,但是这种速度也会有很多后遗症,6628.733,1753000515,8b34e573
1895737968288043264,那还是不一样的，中国贫富差距大，但基础建设都很好，欧美可不是,6678.52,1753002110,5e592343
1895738173439840512,应该是说医疗不便利，拖着拖着很多病人就错过最佳治疗时间,6709.748,1753010160,20af4969
1895738642102980864,哇，好会说,6794.595,1753022472,755ab053
1895738734201508096,和平,6749.651,1753027321,d89d8cbd
1895738795295740160,兼容并包,6823.86,1753032301,177de300
1895738872798089472,对自己深爱的国家有反思是很好的一件事,6721.795,1753038055,187c324
1895738902879637760,喜欢这样的真诚分享,6543.19,1753037588,187c324
1895738912006443264,希望都能变得更好,6721.795,1753038063,187c324
1895738932063604992,哈哈哈哈哈在一个伊朗人的房间里两个美国人吵起来了怎么这么好笑,6711.525,1753063546,f032f0af
1895739024153743616,其实这种对速度的适应能力也是一种温水煮青蛙。,6620.268,1753037869,187c324
1895739090717348096,不知苦所以不能言苦。,6622.315,1753037904,187c324
1895739095272362240,来郑州吧，郑州地铁是真的很有人文关怀,6736.904,1753040485,7a1afabc
1895739168219697408,五千年,6837.086,1753066340,e94d0ef6
1895739195574948096,都一样啊，大部分资源掌握在少数人手里，底层挣扎求生,6685.378,1753069042,3e15afd5
1895739298603831552,贫富差距...真的很难缩小,6671.593,1753077459,f04b19be
1895739300432548096,战乱国家的人要考虑的是生存，和平的国家才配谈生活,6772.315,1753073897,f8b0e6b0
1895739333257171200,唉...,6667.752,1753077438,f04b19be
1895916809107255552,来成都坐地铁吧,6741.512,1753102095,cc998cf0
1895922409224457984,幸存者偏差罢了。跟不上的会被毫不留情抛弃消失,6635.987,1753102763,9cc53f64
1895927999803579392,看了饼叔和老王的视频，很感慨,6763.186,1753103429,2f51f428
1895937469820941824,喜欢陈老师每次认真的聆听大家的发言,6547.615,1753104558,7d881d54
1895945543797188096,哈哈哈哈哈哈哈哈哈哈哈哈哈哈哈哈哈哈哈,6503.187,1753105521,4365b2b7
1895971705936303104,中国自己外宣也是重点在传统文化，对内也强化传统文化在中国文化中的代表性，青年文化一定程度上缺失，也有舆论环境的因素，外国人误解也很正常,6589.994,1753108640,108016b
1896042506861772032,这个我居然有点不信,6824.197,1753117080,698bab0d
1896055550030980352,中国也一样只是程度问题罢了,6658.388,1753118635,35861f7e
1896115798288929536,只缘生在此山中我没觉得变化很快但是回头看好像也变了蛮多,6649.705,1753125817,cc2734ec
1896346407598641152,说一样的去认真了解一下中美差异吧，本质是不同的，中国在努力缩小贫富，美国不是,6687.136,1753153307,996c2fe2
1896389793135554816,哎也不是每个中国人都过得很幸福，我就很累,6804.345,1753158479,671e7525
1896445143561997056,每个国家都需要伦这样的理性主义,6735.808,1753165078,2babe5d1
1896692445161556736,未知全貌 不予置评,6500.385,1753194558,d10e6859
1896713597632456448,前面那个为什么不信啊？就用大类来说，南北方的很多人了呀，更别说这么多省，每个省，每个城市，甚至每个村的文化都不一样。,6830.016,1753197080,c93b4313
1896713718285980672,很多元了,6834.261,1753197094,c93b4313
1896732865308570624,AUV,6591.584,1753199377,54d3f224
1896762050744070656,哈哈哈哈哈哈哈在一个伊朗人的房间里,6709.359,1753202856,9cb4590f
1897033430391823872,每个人都累换个地方你会连觉得累的功夫都没有还要担心能不能活到明天,6812.842,1753235207,d539e6d1
1897036751005286656,投共一念起，顿觉天地宽,6735.699,1753235603,c50570d0
1897124829325385984,国外一些媒体的刻意描绘,6600.162,1753246103,42da3e49
1897224976302927360,这俩私下可一定要还是好朋友啊,6713.528,1753258041,e6299164
1897398342565690112,真的，我们被保护得很好了^ω^,6774.265,1753278708,ca23a4
1897434692518111488,苏丹的游戏你是不是原型哈哈哈哈,6776.575,1753283041,b7b7e82b
1897549057816156160,鼓楼钟楼是西安,6483.967,1753296675,6f99a845
1897599146278760704,中国内部当然也有问题，但和国外的程度还是不一样的，多去了解一点再发言吧,6682.239,1753302646,68f3b35d
1897599835788886016,一个江苏各个市县方言文化都不一样,6838.453,1753302728,a12485dc
1898072217221687552,想起luigi,6699.647,1753359040,9cdf46e6
1898085967332604160,这后面的话题多来几期，说不完啊,6609.427,1753360679,d849b843
1898126853265714176,没办法拒绝变化/dog,6625.936,1753365553,ba542c3c
1898641050416426752,人民的愿望都相似。。,6675.15,1753426850,a18ccce
1898785992081696768,英国：勿cue，谢谢,6689.673,1753444129,cc3adea9
1899394054693909504,不接受也很好办，慢慢被淘汰咯,6624.492,1753516615,3873c0bd
1899524978576745984,可能是荒诞吧，比较合适,6523.504,1753532223,7cf865be
1899569833494887168,梦幻不好吗？,6573.202,1753537570,3860f01a
1899644931426164480,中国也不能避免,6661.822,1753546522,d5bc7b78
1899645448348985344,当然我们现在正在努力让中国不一样而且也有了成效,6689.47,1753546584,d5bc7b78
1900034195536137984,Dylan是一个真诚的好人 支持,6720.402,1753592926,2c9403ee
1900231076526713344,美国很多人相当爱国的，其实恰恰是我们。。。。。。,6649.902,1753616396,395ce43e
1900245252292511232,这里的荒谬应该是指外国宣传的中国和实际的中国不一样的意思吧,6582.739,1753618086,fc0b135a
1901033036209402880,“神奇”,6522.2,1753711997,1b6940fa
1901478076861790976,中国禁枪是最明智的选择，而且摄像头多也是为了保护好人，监视坏人,6802.453,1753765050,80000882
1901700931155311616,变差,6642.612,1753791616,105f52db
1901734966363358208,他是个理想主义者，社会需要理想主义者的存在,6719.916,1753795674,71f360aa
1901862417940697600,感谢国家，每有一个新技术出现都是先向全民普及的,6630.792,1753810867,4a4e6679
1902365496134297344,我们不要身在福中不知福了,6793.653,1753870839,92f8c01f
1903699234281745920,很多国家都这样,6658.438,1754029833,b7a9b2eb
1903827465546625536,每次波波玩这种政治梗我都好想笑,6715.322,1754045119,29c7c55b
1904592752574914304,中国不一样,6686.195,1754136348,357dee8e
1904596883444749312,。。。。。。。。。,6636.436,1754136841,3e5e834
1904597355127841024,哪里不都这样,6661.546,1754136897,3e5e834
1904599138847969024,没有说过的多幸福 要求就是没有战争就很幸福了,6809.822,1754137110,3e5e834
1904743391271399168,中国可使用短短30年走完了西方国家的很多路,6615.568,1754154306,1606bf27
1904746212788497664,确实多元化，不同地区不同民族,6820.44,1754154642,1606bf27
1905466819909765888,要哭了 老王,6796.692,1754240545,a48719d1
1905516364379104512,中国和美国还是很不一样的，美国可以说整个政府和社会就是一个企业,6688.725,1754246452,c0863c00
1905590443236882944,华波波接的好哈哈哈哈,6728.909,1754255282,55f41f2d
1905708190906021888,是的，明明有新兴的社群文化，小说影视在海外也有不少受众，但只拿传统文化宣传,6558.317,1754269319,92638f93
1905733248072848128,伦好可爱啊,6721.098,1754272306,f5b9996
1905886098668937984,伦儿很有国家情怀,6698.429,1754290527,7becfa2e
1905887294179910912,阿雷文艺人,6824.672,1754290670,7becfa2e
1906070010057587456,基建狂魔可不是贬义(而是汗颜),6743.759,1754312451,c8137052
1906621653182534144,国内也一样，只是国家投入民生的更多,6672.825,1754378212,da947e05
1909689848987148544,他想表达国家或者政府没有投入更多到基础设施建设或者卫生安全上面,6674.879,1754743970,d7fb52ee
1911377903472814592,真好,6720.915,1754945201,984e8387
1911378403299548928,伦的发言太棒了,6767.166,1754945261,984e8387
1913571332298825216,不予置评  但我家过得很好,6816.41,1755206679,a406af70
1915971349722081024,但是在武汉记得出门的时候手不要插在兜里,6731.172,1755492783,aa8cb2c6
1918412477759778560,对老王来说这里很有烟火气,6809.441,1755783788,dcc7e0e1
1921056285831728384,不接受就会被淘汰,6630.638,1756098955,954b058c
1921056623968288000,中国也差不多,6657.996,1756098995,954b058c
1929404679826503424,我们也是啊 程度没那么离谱就是了,6668.628,1757094161,bd775eca
1945264582373671936,每次听这个方面都想哭,6771.747,1758984808,e84d2ff
1967694729680788480,卢可的共情能力很强,6785.668,1761658690,eb09f285
1967694847532478464,老王好真诚,6789.668,1761658704,eb09f285
1975476124088230656,好棒老王,6795.251,1762586305,75855fc6
1977911950214243328,其实中国也是,6675.488,1762876678,aedabb3d
1986558931577298944,确实，只有一部分人在享受当代,6804.09,1763907478,2a9d92f9
1988754506963415040,Dylan反应好快,6661.622,1764169211,c847ffba
2011320470867702016,世界因你而美好 ,6720.212,1766859284,1bdc989c
2016952177930965504,广州都一直在开新的地铁线路！,6708.314,1767530636,8947ce87
2022025891484004352,什么叫老是说这个？经历过的最深感悟说不是很正常吗？,6786.513,1768135469,6d4f31dd
2027056310750973952,这是一个制度问题 美国的资本主义体制下永远不可能达到钟逸伦想要的这些平等和普惠,6727.425,1768735142,aef87158
2027056891695612928,老王一说话卢可就哭,6782.978,1768735211,aef87158
2029865597738983936,外宣确实做得不好,6562.312,1769070035,361d239
2056133097778429440,荒诞是离谱且可笑，也不好,6531.028,1772201365,fa9ad547
2066239338295500544,中国没美国那么夸张,6675.024,1773406123,a16be46f
2085131327899985664,荒诞,6523.597,1775658224,91e1ddec
,,0.0,1775683732.8000336,
lb.c,,0.0,1775683732.8000336,
,,0.0,1775683732.8000336,
1895737518549602560,中俄那说不清道不明的羁绊呐,6875.785,1752989565,9e8cd452
1895737942753120512,虽然但是这些基建应该都不是白给，还是要考虑利益的。,7087.97,1753004822,545954c8
1895737954606223616,萨沙已经不是老外啦，他是老内,6917.492,1753001311,e4ff31ac
1895737962810282240,给陈老师投币,7148.543,1753000815,e868d6e6
1895738337562956032,萨沙的面相都很中国了,6921.078,1753014984,73e9b877
1895738415065305344,非正不就是这样吗hhh正经起来很正经,6951.491,1753017172,638576ba
1895738442420556032,这已经是精中了自豪了,6856.334,1753017521,47376c28
1895738515367891200,现在的节目越做越大，主题也越来越大了,7111.306,1753019293,193ffd61
1895738546372186368,萨沙越来越老干部了,6860.051,1753019535,1c68567a
1895738560079171840,完全变成中国人了呀萨沙,6854.884,1753019690,b3e76332
1895738708666585344,但中国的利益都是双赢的，大多是经济上的，不能说有利益就是不好的,7102.081,1753028422,a7349199
1895738749695267072,基础在民间，未来在青年,6909.082,1753029610,b77da815
1895738798022037760,东北人来了,6857.033,1753029957,d0eeaf61
1895738808063201536,唐朝那会真挺多的，服饰饮食娱乐活动都交流的特别深，互相影响很大的,7030.588,1753023996,11c5072
1895738836324421888,偶尔有一些宏大深入的话题也挺好的呀,7125.054,1753034905,9ef562ec
1895738864585642240,灵笼,7118.112,1753027731,7bf03337
1895738874618417408,肯定是有利益的，但是我们追求共赢，而不是强取豪夺,7091.369,1753030554,516113ea
1895738916561457408,宏大叙事会让人感动，但也会让人迷失的，感觉没必要一直升华,6997.048,1753038389,187c324
1895738967622914304,这一年真的是舆论反转,6903.166,1753030294,516113ea
1895738974912614656,近代中国的版图就是清朝定下来的，相当部分依赖于乾隆的十全武功，感兴趣可以搜一搜乾隆朝名将,6979.544,1753040743,7a1afabc
1895739005916909824,没有宏大的背景下个人还会存在吗？,7125.643,1753036925,c7bc6e63
1895739146333819136,咋样了。。。挺好的啊人家,6949.86,1753073352,892b4073
1895854446332840192,相信老王说的是话是发自内心的，毕竟亲身经历过战火,7170.238,1753094661,3a31dcb7
1895859660172023808,据说他的老爸是中俄混血？,6880.681,1753095283,1df8460d
1895878303215493376,迷失是因为你自己内核不稳，如果你连听到一点赞美的话都觉得心虚、不适，那是因为你配得感太低了,7007.214,1753097505,68ab50d8
1895886991573313536,萨沙已经入党了，自豪感都有了哈哈哈哈哈哈哈哈哈哈,6853.737,1753098541,ac1ed4e7
1895914456186862592,确实，有过大唐的鼎盛，也有侵华的耻辱，太复杂了这几千年和近两百年,7072.87,1753101815,4f7b0147
1895939496005433088,我发现很多人很抗拒对个人的赞美哈，宏大就是由个人构成的,7124.197,1753104800,d0a706e0
1895962862170590464,是的,7064.0,1753107585,3c890e32
1896057229271011584,从先秦开始的华夏认同,6997.054,1753118835,35861f7e
1896057475954741760,让我想到了威斯特伐利亚和约,7027.006,1753118864,35861f7e
1896138358434982144,一点都不过，中国就是很好。,7190.899,1753128506,7388c77a
1896282581490515456,导播直接不敢切其他人的画面了 大左也管管 心里知道就行了,7189.779,1753145699,c585eb07
1896371636178174208,为什么过了 前面的是配得感太低了吗 陈述事实而已 为什么会觉得过呢,7195.88,1753156315,c0abd974
1896444073528258560,才注意到这个地图中国好大,6967.583,1753164950,a7969c95
1896444504300081408,超棒啊这期话题 很有意义和深度,7003.209,1753165002,a7969c95
1896487634579302400,这个地图也让我印象很深刻,6965.677,1753170143,9ec95bfa
1896489246634756864,说得好,7151.185,1753170335,9ec95bfa
1896515622197177856,他是真的入党了吧，发言太官方，哈哈哈,6917.303,1753173479,8a80d98c
1896527134873361920,萨沙太中国了,6883.176,1753174852,6a042d86
1896527607890110720,真的很震惊,6985.76,1753174908,6a042d86
1896528590154207232,不愧是在世界中心呼唤爱,7171.882,1753175025,6a042d86
1896549573058051072,求同存异,7081.105,1753177527,b99d4a1f
1896678634124171776,说的太好了,7089.925,1753192912,ef5b873
1896689226226035968,为什么要说过了，如果作为国人的我们都不够有自信，都不够乐观自豪的话，这个世界上还有谁愿意更相信我们可以做到这些呢？,7191.378,1753194175,4de79949
1896700212652189440,中国最牛逼的一点，就是同化,6948.592,1753195484,c3929b2
1896846755031494400,天下大同，世界人民大团结，万岁！,6951.603,1753212954,9450640
1897038302151448064,让我想到了高佑思…哈哈,6842.739,1753235788,88971e98
1897132711857199616,因为我们原本就是一个多民族的国家，每个民族存在各自的文化差异，每种文化相互包容,6938.97,1753247042,42da3e49
1897313694656990464,北京欢迎你，为你开天辟地（开放怀抱）你会爱上这里,6908.793,1753268617,729e3ab7
1897402914356966144,love ,7173.813,1753279253,ca23a4
1897552673700808704,执着 信任,6868.324,1753297106,6f99a845
1897601588529782528,现在人真是戾气重了，以前从来不会有人莫名其妙的打问,6997.266,1753302937,a12485dc
1897859954988690432,家国情怀大部分人有，有一部分人确实因为从小的狭隘，自然也看不惯这些,7191.085,1753333736,e0632c99
1897866933580394240,非正这一季带着任务了,7011.467,1753334568,8562c6e6
1897897775447236608,那外国人和自己国家对比就是觉得中国更好啊，看见中国更好的一面讲出来啊，代表们都说的那么真挚真诚,7021.288,1753338245,2aa70d44
1898088222609748480,可以倒着说中文,6878.916,1753360948,8f9aba91
1898092720329620224,带啥任务真好笑,7021.416,1753361484,d849b843
1898132201112459520,宏大背景就是我们每一个中国人的骨血，为啥不能谈,7130.926,1753366191,ba542c3c
1898580836409316096,守正创新 不忘初心,6939.247,1753419672,6126b659
1898666323538942976,用今人的生命还古人的债，这个真是精辟,7155.601,1753429863,915050e3
1898788297942440448,他不是混血儿，是老爸在他很小的时候就“巨星标配”了，但是很小就开始接触中国文化,6894.038,1753444403,cc3adea9
1898791671513404160,宏大和个人不是对立的，而是互相成就，这就是精致利己主义为什么要摒弃,7136.041,1753444806,cc3adea9
1898822681655529728,这太好了！,6843.84,1753448502,636af638
1898910387244854272,莎莎接近中国人了，完全中国化了,6921.603,1753458958,e3470321
1898911684559693568,陈老师真的满腹经纶啊,7076.15,1753459112,e3470321
1898957673719325184,有些弹幕是觉得说坏的才是真吗？坏的好的都是,6994.673,1753464595,6b40ebca
1899330667008161024,已经是东北人的模样了,6896.769,1753509059,8ed82815
1899443844664460800,中俄CP,6903.562,1753522551,e4d84d7d
1899524549423779584,太深了！,7053.949,1753532172,3820b86
1899609802536100352,萨沙太像中国人了,6868.96,1753542334,64c6b79c
1899623826770786560,一点都不过好吗，现在的时代背景下世界是否能和平确实要看中国,7192.147,1753544006,bc31ead9
1899647684927755520,前面的想说啥啊，陈超咋样了？不要引战可以吗,6952.723,1753546850,d5bc7b78
1900087323199353344,哪里过了？自己去了解一下我们在国际事务上做出的贡献，不要这么自卑,7189.371,1753599259,422009b7
1900214028308531712,古代也有疆域图吧 也是有地理分界线的,7038.06,1753614364,b927edf8
1900303293918964224,老王又动感情了,7179.652,1753625005,68efaa5c
1900974547218661632,中国真的格局太大了,7161.167,1753705025,62699b20
1901012750474195456,萨沙就是中国小伙啦 ,6871.084,1753709579,9265523d
1901040459380750080,天下大同！！！世界和平！！！,7183.616,1753712882,1b6940fa
1901066877699254528,近代史 是一个伤痛,7072.148,1753716031,539dfda8
1901118523019670016,互利互惠嘛，有何不可,7108.686,1753722188,18259142
1901639283426035968,我的弹幕呢,7003.772,1753784267,4d2041c5
1902755038712239872,萨沙说的已经得到了国人大会演讲的精华,7009.141,1753917276,3f3063c2
1903662376340233216,陈老师讲得太好了 ,7199.012,1754025439,2e93938c
1903701780291417856,夸得我都绷不住了,6921.694,1754030136,b7a9b2eb
1903776104272515072,中国自古并没有国境线的概念都是以势力范围划定大概的区域，真正接触到把国境化为一条线的应该是清朝的尼布楚条约,7040.655,1754038996,b9df69aa
1903804183300627712,中国是文明型国家,7009.325,1754042344,1ddd0afb
1904413756096572672,会长眼眶红了,7182.497,1754115010,21f73640
1904600175142915328,萨沙这段话 好,6931.724,1754137233,3e5e834
1904602111367773184,哈哈哈,7116.424,1754137464,3e5e834
1905340308922234368,speed不是来了吗？,6912.659,1754225464,2eb47862
1905890199146212096,天下大同！,7147.37,1754291016,7becfa2e
1906120801997426176,倒着说中文笑鼠我了,6883.518,1754318506,712b33d4
1906866720434670336,他爸爸混血,6884.042,1754407427,4ad5b7c7
1907440916215114752,必须得是陈铭,7057.295,1754475876,9adcf5e9
1907441055340190464,没有陈铭可咋整！！！,7062.323,1754475893,9adcf5e9
1907927474462215424,萨沙爸爸好像是中国人,6888.991,1754533878,edceba01
1908264231959804928,不然呢 你想听到什么？,6956.994,1754574023,d8a8f583
1909738694962297344,因为我们的认同不是建立在血缘，种族之上的，是文明,6947.309,1754749793,e06a0bba
1910516879710106368,天下大同,7156.667,1754842559,4cd26c1a
1911108155258463488,愿祖国永远繁荣昌盛，愿人民安居乐业，希望真的能有老吾老以及人之老，幼吾幼以及人之幼的天下大同,7199.845,1754913045,34be5d10
1911383357871574272,说得太好了,7156.072,1754945852,984e8387
1912644363784642048,这个bgm有点宏伟啊哈哈哈哈,6896.867,1755096175,aca1d8af
1912646653195192576,说得太好了！！！,7161.315,1755096448,aca1d8af
1913030470246605824,只有经历过才知道的,7176.765,1755142203,cdc7bc83
1913350480247959552,李白是吉尔吉斯斯坦那边的人,7021.62,1755180351,3302ae89
1914864527842332928,国破家亡，固定搭配，望周知。也不妨看看今天的加沙人民，里面也不乏战争前家境优渥的。,7145.64,1755360839,dfe2ddbf
1916898949210434048,萨沙太老干部。。。,6868.229,1755603361,41d23346
1916900671467390976,读人类简史就知道 国家是人类构造的概念罢了,7052.699,1755603567,41d23346
1921250021379576576,说硬夸的历史及格了吗,7002.11,1756122050,bc587f4c
1923930412557231360,但是听说意大利街上小偷特别多,6841.225,1756441577,99536495
1924986993839221504,陈铭老师口才好，说话才快，没有语言屏障,7130.674,1756567531,e498a6f4
1926357441114275328,投币了,7154.131,1756730901,9eb4a117
1939601543464800000,说的好好,6936.456,1758309722,19031c9a
1971050491086146048,感觉萨沙真的是完全融入中国了,6891.029,1762058728,9574db04
1977023081524779264,都是地球上的人类，没有哪个国家比其他高级,7161.416,1762770716,da85f3fd
1977913530325766400,萨沙已经入党了吗哈哈哈哈哈,6863.869,1762876866,aedabb3d
1985165235720048640,太纯了还是,6863.268,1763741337,55203a50
1992880039746138112,东北代表这一块,6856.653,1764661013,b087944c
2011869610512769024,看哭了,7140.057,1766924746,cc26b091
2011870073975098624,说的太好了,7150.2,1766924802,cc26b091
2026026976464848128,这一期太棒了,7064.553,1768612436,1ca31636
2027856872027209728,非常漂亮的总结,7094.328,1768830577,8f58d927
2035149943106573568,他真的说得好标准,6879.309,1769699978,ca126b
2036292303651953664,我突然意识到中国的中立也是一种和平,7197.221,1769836158,f9735bbb
2082391271548932096,包容  但是有一条你只可意会不可言传的高压红线    触碰即死亡,6946.344,1775331584,6d6f1ac6
2082391448967843072,包容  但是有一条你只可意会不可言传的高压红线  触碰即死无葬身之地,6950.611,1775331605,6d6f1ac6
,,0.0,1775683732.8000336,
lb.c,,0.0,1775683732.8000336,
,,0.0,1775683732.8000336,
1895737650661789952,下周见,7295.403,1752992285,a1639211
1895738054900420864,陈老师说的真好,7214.561,1753006171,255b01e
1895738988594434304,那挺羡慕那个厅结婚的新人了~,7250.967,1753048041,23ddeab7
1895990467888831488,哈哈哈哈哈哈,7243.15,1753110876,99272c49
1896502871931897088,精彩的节目,7207.788,1753171959,bda137c9
1896528826075226624,好看,7223.428,1753175053,6a042d86
1897388807511572224,很客观啊，这就是事实,7202.296,1753277571,d403eb94
1897967201404250624,好看好看,7214.407,1753346521,bdfa401c
1898090557780690176,哈哈哈哈哈哈哈,7364.777,1753361226,9cdf46e6
1898096271319938304,伦儿记词能力这么强啊,7425.896,1753361907,d849b843
1898122321471151616,战歌起泪目了,7222.706,1753365013,66a85677
1903097630284788992,真棒！,7232.354,1753958116,1e5860b0
1910196463095640064,可真正的世界还是弱肉强食,7214.027,1754804363,738a73b
1962554409448054016,旷野的规则是永不回头,7256.422,1761045916,9caedba
1977916378484578816,精彩！,7203.354,1762877206,aedabb3d
,,0.0,1775683732.8000336,
lb.c,,0.0,1775683732.8000336,
,,0.0,1775683732.8000336,
