danmaku_id,content,progress,ctime,user_hash
1967576193415091456,领到了感谢up,68.141,1761644560,395c8d41
1967578792910440960,这个up挺不错的,39.876,1761644870,9322bbe4
1967619771286027776,我感觉很详细了,78.162,1761649755,e745b269
1967625777487210752,这个老师我看过看多讲的都挺好的,0.803,1761650471,9c7427b0
1967626927900693504,upup,9.217,1761650608,81910636
1967628800019846144,老师这个后期可以多讲讲我感觉很好,0.495,1761650831,69824044
1967630217644711680,感谢分享,88.221,1761651000,e745b269
1993468179481100800,滴滴滴滴滴滴滴滴滴的滴滴滴滴滴滴,14.054,1764731125,a2c459c9
1993468360196684032,揉揉揉,31.977,1764731146,a2c459c9
2017021322777573632,自然语言方言 情感故事陪伴,56.282,1767538878,f0fd150f
2022416287753931008,，,1.196,1768182008,8d45d5e5
2037053282166043136,嗝,291.99,1769926874,1e64eeb4
2084401362397129472,投入产出比是多少，别整虚的,80.515,1775571205,a5b66d5c
1967522565740162816,需要人工智能学习路线的同学，可以看置顶评论，快速理清学习思路！,79.967,1761638167,758487e6
1967522517446913536,需要人工智能学习路线的同学，可以看置顶评论，快速理清学习思路！,75.218,1761638161,758487e6
1967522299083017472,需要人工智能学习路线的同学，可以看置顶评论，快速理清学习思路！,22.438,1761638135,758487e6
1967522661236470272,需要人工智能学习路线的同学，可以看置顶评论，快速理清学习思路！,91.358,1761638178,758487e6
1967522194133226752,需要人工智能学习路线的同学，可以看置顶评论，快速理清学习思路！,10.054,1761638122,758487e6
1967522612917601280,需要人工智能学习路线的同学，可以看置顶评论，快速理清学习思路！,85.662,1761638172,758487e6
1967522248332303616,需要人工智能学习路线的同学，可以看置顶评论，快速理清学习思路！,16.518,1761638129,758487e6
,,0.0,1775655591.4716349,
lb.c,,0.0,1775655591.4716349,
,,0.0,1775655591.4716349,
2018369556951226624,正确，源码就是最好的项目，建议大家都用A3纸手抄源码，画流程图，用自己的语言描述各个框架的思想不是键盘敲一遍,555.201,1767699600,eb16215a
,,0.0,1775655591.4716349,
lb.c,,0.0,1775655591.4716349,
,,0.0,1775655591.4716349,
2011160412963917824,我不知道我就说不知道,739.237,1766840203,2325840c
,,0.0,1775655591.4716349,
lb.c,,0.0,1775655591.4716349,
,,0.0,1775655591.4716349,
1967576193415091456,领到了感谢up,68.141,1761644560,395c8d41
1967578792910440960,这个up挺不错的,39.876,1761644870,9322bbe4
1967619771286027776,我感觉很详细了,78.162,1761649755,e745b269
1967625777487210752,这个老师我看过看多讲的都挺好的,0.803,1761650471,9c7427b0
1967626927900693504,upup,9.217,1761650608,81910636
1967628800019846144,老师这个后期可以多讲讲我感觉很好,0.495,1761650831,69824044
1967630217644711680,感谢分享,88.221,1761651000,e745b269
1993468179481100800,滴滴滴滴滴滴滴滴滴的滴滴滴滴滴滴,14.054,1764731125,a2c459c9
1993468360196684032,揉揉揉,31.977,1764731146,a2c459c9
2017021322777573632,自然语言方言 情感故事陪伴,56.282,1767538878,f0fd150f
2022416287753931008,，,1.196,1768182008,8d45d5e5
2037053282166043136,嗝,291.99,1769926874,1e64eeb4
2084401362397129472,投入产出比是多少，别整虚的,80.515,1775571205,a5b66d5c
1967522661236470272,需要人工智能学习路线的同学，可以看置顶评论，快速理清学习思路！,91.358,1761638178,758487e6
1967522299083017472,需要人工智能学习路线的同学，可以看置顶评论，快速理清学习思路！,22.438,1761638135,758487e6
1967522565740162816,需要人工智能学习路线的同学，可以看置顶评论，快速理清学习思路！,79.967,1761638167,758487e6
1967522248332303616,需要人工智能学习路线的同学，可以看置顶评论，快速理清学习思路！,16.518,1761638129,758487e6
1967522194133226752,需要人工智能学习路线的同学，可以看置顶评论，快速理清学习思路！,10.054,1761638122,758487e6
1967522517446913536,需要人工智能学习路线的同学，可以看置顶评论，快速理清学习思路！,75.218,1761638161,758487e6
1967522612917601280,需要人工智能学习路线的同学，可以看置顶评论，快速理清学习思路！,85.662,1761638172,758487e6
,,0.0,1775655591.4716349,
lb.c,,0.0,1775655591.4716349,
,,0.0,1775655591.4716349,
2018369556951226624,正确，源码就是最好的项目，建议大家都用A3纸手抄源码，画流程图，用自己的语言描述各个框架的思想不是键盘敲一遍,555.201,1767699600,eb16215a
,,0.0,1775655591.4716349,
lb.c,,0.0,1775655591.4716349,
,,0.0,1775655591.4716349,
2011160412963917824,我不知道我就说不知道,739.237,1766840203,2325840c
,,0.0,1775655591.4716349,
lb.c,,0.0,1775655591.4716349,
,,0.0,1775655591.4716349,
1967576193415091456,领到了感谢up,68.141,1761644560,395c8d41
1967578792910440960,这个up挺不错的,39.876,1761644870,9322bbe4
1967619771286027776,我感觉很详细了,78.162,1761649755,e745b269
1967625777487210752,这个老师我看过看多讲的都挺好的,0.803,1761650471,9c7427b0
1967626927900693504,upup,9.217,1761650608,81910636
1967628800019846144,老师这个后期可以多讲讲我感觉很好,0.495,1761650831,69824044
1967630217644711680,感谢分享,88.221,1761651000,e745b269
1993468179481100800,滴滴滴滴滴滴滴滴滴的滴滴滴滴滴滴,14.054,1764731125,a2c459c9
1993468360196684032,揉揉揉,31.977,1764731146,a2c459c9
2017021322777573632,自然语言方言 情感故事陪伴,56.282,1767538878,f0fd150f
2022416287753931008,，,1.196,1768182008,8d45d5e5
2037053282166043136,嗝,291.99,1769926874,1e64eeb4
2084401362397129472,投入产出比是多少，别整虚的,80.515,1775571205,a5b66d5c
1967522299083017472,需要人工智能学习路线的同学，可以看置顶评论，快速理清学习思路！,22.438,1761638135,758487e6
1967522517446913536,需要人工智能学习路线的同学，可以看置顶评论，快速理清学习思路！,75.218,1761638161,758487e6
1967522248332303616,需要人工智能学习路线的同学，可以看置顶评论，快速理清学习思路！,16.518,1761638129,758487e6
1967522565740162816,需要人工智能学习路线的同学，可以看置顶评论，快速理清学习思路！,79.967,1761638167,758487e6
1967522194133226752,需要人工智能学习路线的同学，可以看置顶评论，快速理清学习思路！,10.054,1761638122,758487e6
1967522661236470272,需要人工智能学习路线的同学，可以看置顶评论，快速理清学习思路！,91.358,1761638178,758487e6
1967522612917601280,需要人工智能学习路线的同学，可以看置顶评论，快速理清学习思路！,85.662,1761638172,758487e6
,,0.0,1775655591.4716349,
lb.c,,0.0,1775655591.4716349,
,,0.0,1775655591.4716349,
2018369556951226624,正确，源码就是最好的项目，建议大家都用A3纸手抄源码，画流程图，用自己的语言描述各个框架的思想不是键盘敲一遍,555.201,1767699600,eb16215a
,,0.0,1775655591.4716349,
lb.c,,0.0,1775655591.4716349,
,,0.0,1775655591.4716349,
2011160412963917824,我不知道我就说不知道,739.237,1766840203,2325840c
,,0.0,1775655591.4716349,
lb.c,,0.0,1775655591.4716349,
,,0.0,1775655591.4716349,
1967576193415091456,领到了感谢up,68.141,1761644560,395c8d41
1967578792910440960,这个up挺不错的,39.876,1761644870,9322bbe4
1967619771286027776,我感觉很详细了,78.162,1761649755,e745b269
1967625777487210752,这个老师我看过看多讲的都挺好的,0.803,1761650471,9c7427b0
1967626927900693504,upup,9.217,1761650608,81910636
1967628800019846144,老师这个后期可以多讲讲我感觉很好,0.495,1761650831,69824044
1967630217644711680,感谢分享,88.221,1761651000,e745b269
1993468179481100800,滴滴滴滴滴滴滴滴滴的滴滴滴滴滴滴,14.054,1764731125,a2c459c9
1993468360196684032,揉揉揉,31.977,1764731146,a2c459c9
2017021322777573632,自然语言方言 情感故事陪伴,56.282,1767538878,f0fd150f
2022416287753931008,，,1.196,1768182008,8d45d5e5
2037053282166043136,嗝,291.99,1769926874,1e64eeb4
2084401362397129472,投入产出比是多少，别整虚的,80.515,1775571205,a5b66d5c
1967522517446913536,需要人工智能学习路线的同学，可以看置顶评论，快速理清学习思路！,75.218,1761638161,758487e6
1967522248332303616,需要人工智能学习路线的同学，可以看置顶评论，快速理清学习思路！,16.518,1761638129,758487e6
1967522612917601280,需要人工智能学习路线的同学，可以看置顶评论，快速理清学习思路！,85.662,1761638172,758487e6
1967522565740162816,需要人工智能学习路线的同学，可以看置顶评论，快速理清学习思路！,79.967,1761638167,758487e6
1967522194133226752,需要人工智能学习路线的同学，可以看置顶评论，快速理清学习思路！,10.054,1761638122,758487e6
1967522661236470272,需要人工智能学习路线的同学，可以看置顶评论，快速理清学习思路！,91.358,1761638178,758487e6
1967522299083017472,需要人工智能学习路线的同学，可以看置顶评论，快速理清学习思路！,22.438,1761638135,758487e6
,,0.0,1775655591.4716349,
lb.c,,0.0,1775655591.4716349,
,,0.0,1775655591.4716349,
2018369556951226624,正确，源码就是最好的项目，建议大家都用A3纸手抄源码，画流程图，用自己的语言描述各个框架的思想不是键盘敲一遍,555.201,1767699600,eb16215a
,,0.0,1775655591.4716349,
lb.c,,0.0,1775655591.4716349,
,,0.0,1775655591.4716349,
2011160412963917824,我不知道我就说不知道,739.237,1766840203,2325840c
,,0.0,1775655591.4716349,
lb.c,,0.0,1775655591.4716349,
,,0.0,1775655591.4716349,
1967576193415091456,领到了感谢up,68.141,1761644560,395c8d41
1967578792910440960,这个up挺不错的,39.876,1761644870,9322bbe4
1967619771286027776,我感觉很详细了,78.162,1761649755,e745b269
1967625777487210752,这个老师我看过看多讲的都挺好的,0.803,1761650471,9c7427b0
1967626927900693504,upup,9.217,1761650608,81910636
1967628800019846144,老师这个后期可以多讲讲我感觉很好,0.495,1761650831,69824044
1967630217644711680,感谢分享,88.221,1761651000,e745b269
1993468179481100800,滴滴滴滴滴滴滴滴滴的滴滴滴滴滴滴,14.054,1764731125,a2c459c9
1993468360196684032,揉揉揉,31.977,1764731146,a2c459c9
2017021322777573632,自然语言方言 情感故事陪伴,56.282,1767538878,f0fd150f
2022416287753931008,，,1.196,1768182008,8d45d5e5
2037053282166043136,嗝,291.99,1769926874,1e64eeb4
2084401362397129472,投入产出比是多少，别整虚的,80.515,1775571205,a5b66d5c
1967522248332303616,需要人工智能学习路线的同学，可以看置顶评论，快速理清学习思路！,16.518,1761638129,758487e6
1967522517446913536,需要人工智能学习路线的同学，可以看置顶评论，快速理清学习思路！,75.218,1761638161,758487e6
1967522661236470272,需要人工智能学习路线的同学，可以看置顶评论，快速理清学习思路！,91.358,1761638178,758487e6
1967522194133226752,需要人工智能学习路线的同学，可以看置顶评论，快速理清学习思路！,10.054,1761638122,758487e6
1967522612917601280,需要人工智能学习路线的同学，可以看置顶评论，快速理清学习思路！,85.662,1761638172,758487e6
1967522565740162816,需要人工智能学习路线的同学，可以看置顶评论，快速理清学习思路！,79.967,1761638167,758487e6
1967522299083017472,需要人工智能学习路线的同学，可以看置顶评论，快速理清学习思路！,22.438,1761638135,758487e6
,,0.0,1775655591.4716349,
lb.c,,0.0,1775655591.4716349,
,,0.0,1775655591.4716349,
2018369556951226624,正确，源码就是最好的项目，建议大家都用A3纸手抄源码，画流程图，用自己的语言描述各个框架的思想不是键盘敲一遍,555.201,1767699600,eb16215a
,,0.0,1775655591.4716349,
lb.c,,0.0,1775655591.4716349,
,,0.0,1775655591.4716349,
2011160412963917824,我不知道我就说不知道,739.237,1766840203,2325840c
,,0.0,1775655591.4716349,
lb.c,,0.0,1775655591.4716349,
,,0.0,1775655591.4716349,
1967576193415091456,领到了感谢up,68.141,1761644560,395c8d41
1967578792910440960,这个up挺不错的,39.876,1761644870,9322bbe4
1967619771286027776,我感觉很详细了,78.162,1761649755,e745b269
1967625777487210752,这个老师我看过看多讲的都挺好的,0.803,1761650471,9c7427b0
1967626927900693504,upup,9.217,1761650608,81910636
1967628800019846144,老师这个后期可以多讲讲我感觉很好,0.495,1761650831,69824044
1967630217644711680,感谢分享,88.221,1761651000,e745b269
1993468179481100800,滴滴滴滴滴滴滴滴滴的滴滴滴滴滴滴,14.054,1764731125,a2c459c9
1993468360196684032,揉揉揉,31.977,1764731146,a2c459c9
2017021322777573632,自然语言方言 情感故事陪伴,56.282,1767538878,f0fd150f
2022416287753931008,，,1.196,1768182008,8d45d5e5
2037053282166043136,嗝,291.99,1769926874,1e64eeb4
2084401362397129472,投入产出比是多少，别整虚的,80.515,1775571205,a5b66d5c
1967522661236470272,需要人工智能学习路线的同学，可以看置顶评论，快速理清学习思路！,91.358,1761638178,758487e6
1967522194133226752,需要人工智能学习路线的同学，可以看置顶评论，快速理清学习思路！,10.054,1761638122,758487e6
1967522612917601280,需要人工智能学习路线的同学，可以看置顶评论，快速理清学习思路！,85.662,1761638172,758487e6
1967522248332303616,需要人工智能学习路线的同学，可以看置顶评论，快速理清学习思路！,16.518,1761638129,758487e6
1967522565740162816,需要人工智能学习路线的同学，可以看置顶评论，快速理清学习思路！,79.967,1761638167,758487e6
1967522299083017472,需要人工智能学习路线的同学，可以看置顶评论，快速理清学习思路！,22.438,1761638135,758487e6
1967522517446913536,需要人工智能学习路线的同学，可以看置顶评论，快速理清学习思路！,75.218,1761638161,758487e6
,,0.0,1775655591.4716349,
lb.c,,0.0,1775655591.4716349,
,,0.0,1775655591.4716349,
2018369556951226624,正确，源码就是最好的项目，建议大家都用A3纸手抄源码，画流程图，用自己的语言描述各个框架的思想不是键盘敲一遍,555.201,1767699600,eb16215a
,,0.0,1775655591.4716349,
lb.c,,0.0,1775655591.4716349,
,,0.0,1775655591.4716349,
2011160412963917824,我不知道我就说不知道,739.237,1766840203,2325840c
,,0.0,1775655591.4716349,
lb.c,,0.0,1775655591.4716349,
,,0.0,1775655591.4716349,
1967576193415091456,领到了感谢up,68.141,1761644560,395c8d41
1967578792910440960,这个up挺不错的,39.876,1761644870,9322bbe4
1967619771286027776,我感觉很详细了,78.162,1761649755,e745b269
1967625777487210752,这个老师我看过看多讲的都挺好的,0.803,1761650471,9c7427b0
1967626927900693504,upup,9.217,1761650608,81910636
1967628800019846144,老师这个后期可以多讲讲我感觉很好,0.495,1761650831,69824044
1967630217644711680,感谢分享,88.221,1761651000,e745b269
1993468179481100800,滴滴滴滴滴滴滴滴滴的滴滴滴滴滴滴,14.054,1764731125,a2c459c9
1993468360196684032,揉揉揉,31.977,1764731146,a2c459c9
2017021322777573632,自然语言方言 情感故事陪伴,56.282,1767538878,f0fd150f
2022416287753931008,，,1.196,1768182008,8d45d5e5
2037053282166043136,嗝,291.99,1769926874,1e64eeb4
2084401362397129472,投入产出比是多少，别整虚的,80.515,1775571205,a5b66d5c
1967522517446913536,需要人工智能学习路线的同学，可以看置顶评论，快速理清学习思路！,75.218,1761638161,758487e6
1967522299083017472,需要人工智能学习路线的同学，可以看置顶评论，快速理清学习思路！,22.438,1761638135,758487e6
1967522194133226752,需要人工智能学习路线的同学，可以看置顶评论，快速理清学习思路！,10.054,1761638122,758487e6
1967522661236470272,需要人工智能学习路线的同学，可以看置顶评论，快速理清学习思路！,91.358,1761638178,758487e6
1967522565740162816,需要人工智能学习路线的同学，可以看置顶评论，快速理清学习思路！,79.967,1761638167,758487e6
1967522248332303616,需要人工智能学习路线的同学，可以看置顶评论，快速理清学习思路！,16.518,1761638129,758487e6
1967522612917601280,需要人工智能学习路线的同学，可以看置顶评论，快速理清学习思路！,85.662,1761638172,758487e6
,,0.0,1775655591.4716349,
lb.c,,0.0,1775655591.4716349,
,,0.0,1775655591.4716349,
2018369556951226624,正确，源码就是最好的项目，建议大家都用A3纸手抄源码，画流程图，用自己的语言描述各个框架的思想不是键盘敲一遍,555.201,1767699600,eb16215a
,,0.0,1775655591.4716349,
lb.c,,0.0,1775655591.4716349,
,,0.0,1775655591.4716349,
2011160412963917824,我不知道我就说不知道,739.237,1766840203,2325840c
,,0.0,1775655591.4716349,
lb.c,,0.0,1775655591.4716349,
,,0.0,1775655591.4716349,
1967576193415091456,领到了感谢up,68.141,1761644560,395c8d41
1967578792910440960,这个up挺不错的,39.876,1761644870,9322bbe4
1967619771286027776,我感觉很详细了,78.162,1761649755,e745b269
1967625777487210752,这个老师我看过看多讲的都挺好的,0.803,1761650471,9c7427b0
1967626927900693504,upup,9.217,1761650608,81910636
1967628800019846144,老师这个后期可以多讲讲我感觉很好,0.495,1761650831,69824044
1967630217644711680,感谢分享,88.221,1761651000,e745b269
1993468179481100800,滴滴滴滴滴滴滴滴滴的滴滴滴滴滴滴,14.054,1764731125,a2c459c9
1993468360196684032,揉揉揉,31.977,1764731146,a2c459c9
2017021322777573632,自然语言方言 情感故事陪伴,56.282,1767538878,f0fd150f
2022416287753931008,，,1.196,1768182008,8d45d5e5
2037053282166043136,嗝,291.99,1769926874,1e64eeb4
2084401362397129472,投入产出比是多少，别整虚的,80.515,1775571205,a5b66d5c
1967522248332303616,需要人工智能学习路线的同学，可以看置顶评论，快速理清学习思路！,16.518,1761638129,758487e6
1967522612917601280,需要人工智能学习路线的同学，可以看置顶评论，快速理清学习思路！,85.662,1761638172,758487e6
1967522299083017472,需要人工智能学习路线的同学，可以看置顶评论，快速理清学习思路！,22.438,1761638135,758487e6
1967522194133226752,需要人工智能学习路线的同学，可以看置顶评论，快速理清学习思路！,10.054,1761638122,758487e6
1967522517446913536,需要人工智能学习路线的同学，可以看置顶评论，快速理清学习思路！,75.218,1761638161,758487e6
1967522565740162816,需要人工智能学习路线的同学，可以看置顶评论，快速理清学习思路！,79.967,1761638167,758487e6
1967522661236470272,需要人工智能学习路线的同学，可以看置顶评论，快速理清学习思路！,91.358,1761638178,758487e6
,,0.0,1775655591.4716349,
lb.c,,0.0,1775655591.4716349,
,,0.0,1775655591.4716349,
2018369556951226624,正确，源码就是最好的项目，建议大家都用A3纸手抄源码，画流程图，用自己的语言描述各个框架的思想不是键盘敲一遍,555.201,1767699600,eb16215a
,,0.0,1775655591.4716349,
lb.c,,0.0,1775655591.4716349,
,,0.0,1775655591.4716349,
2011160412963917824,我不知道我就说不知道,739.237,1766840203,2325840c
,,0.0,1775655591.4716349,
lb.c,,0.0,1775655591.4716349,
,,0.0,1775655591.4716349,
1967576193415091456,领到了感谢up,68.141,1761644560,395c8d41
1967578792910440960,这个up挺不错的,39.876,1761644870,9322bbe4
1967619771286027776,我感觉很详细了,78.162,1761649755,e745b269
1967625777487210752,这个老师我看过看多讲的都挺好的,0.803,1761650471,9c7427b0
1967626927900693504,upup,9.217,1761650608,81910636
1967628800019846144,老师这个后期可以多讲讲我感觉很好,0.495,1761650831,69824044
1967630217644711680,感谢分享,88.221,1761651000,e745b269
1993468179481100800,滴滴滴滴滴滴滴滴滴的滴滴滴滴滴滴,14.054,1764731125,a2c459c9
1993468360196684032,揉揉揉,31.977,1764731146,a2c459c9
2017021322777573632,自然语言方言 情感故事陪伴,56.282,1767538878,f0fd150f
2022416287753931008,，,1.196,1768182008,8d45d5e5
2037053282166043136,嗝,291.99,1769926874,1e64eeb4
2084401362397129472,投入产出比是多少，别整虚的,80.515,1775571205,a5b66d5c
1967522565740162816,需要人工智能学习路线的同学，可以看置顶评论，快速理清学习思路！,79.967,1761638167,758487e6
1967522612917601280,需要人工智能学习路线的同学，可以看置顶评论，快速理清学习思路！,85.662,1761638172,758487e6
1967522661236470272,需要人工智能学习路线的同学，可以看置顶评论，快速理清学习思路！,91.358,1761638178,758487e6
1967522517446913536,需要人工智能学习路线的同学，可以看置顶评论，快速理清学习思路！,75.218,1761638161,758487e6
1967522248332303616,需要人工智能学习路线的同学，可以看置顶评论，快速理清学习思路！,16.518,1761638129,758487e6
1967522299083017472,需要人工智能学习路线的同学，可以看置顶评论，快速理清学习思路！,22.438,1761638135,758487e6
1967522194133226752,需要人工智能学习路线的同学，可以看置顶评论，快速理清学习思路！,10.054,1761638122,758487e6
,,0.0,1775655591.4716349,
lb.c,,0.0,1775655591.4716349,
,,0.0,1775655591.4716349,
2018369556951226624,正确，源码就是最好的项目，建议大家都用A3纸手抄源码，画流程图，用自己的语言描述各个框架的思想不是键盘敲一遍,555.201,1767699600,eb16215a
,,0.0,1775655591.4716349,
lb.c,,0.0,1775655591.4716349,
,,0.0,1775655591.4716349,
2011160412963917824,我不知道我就说不知道,739.237,1766840203,2325840c
,,0.0,1775655591.4716349,
lb.c,,0.0,1775655591.4716349,
,,0.0,1775655591.4716349,
1967576193415091456,领到了感谢up,68.141,1761644560,395c8d41
1967578792910440960,这个up挺不错的,39.876,1761644870,9322bbe4
1967619771286027776,我感觉很详细了,78.162,1761649755,e745b269
1967625777487210752,这个老师我看过看多讲的都挺好的,0.803,1761650471,9c7427b0
1967626927900693504,upup,9.217,1761650608,81910636
1967628800019846144,老师这个后期可以多讲讲我感觉很好,0.495,1761650831,69824044
1967630217644711680,感谢分享,88.221,1761651000,e745b269
1993468179481100800,滴滴滴滴滴滴滴滴滴的滴滴滴滴滴滴,14.054,1764731125,a2c459c9
1993468360196684032,揉揉揉,31.977,1764731146,a2c459c9
2017021322777573632,自然语言方言 情感故事陪伴,56.282,1767538878,f0fd150f
2022416287753931008,，,1.196,1768182008,8d45d5e5
2037053282166043136,嗝,291.99,1769926874,1e64eeb4
2084401362397129472,投入产出比是多少，别整虚的,80.515,1775571205,a5b66d5c
1967522661236470272,需要人工智能学习路线的同学，可以看置顶评论，快速理清学习思路！,91.358,1761638178,758487e6
1967522517446913536,需要人工智能学习路线的同学，可以看置顶评论，快速理清学习思路！,75.218,1761638161,758487e6
1967522612917601280,需要人工智能学习路线的同学，可以看置顶评论，快速理清学习思路！,85.662,1761638172,758487e6
1967522299083017472,需要人工智能学习路线的同学，可以看置顶评论，快速理清学习思路！,22.438,1761638135,758487e6
1967522194133226752,需要人工智能学习路线的同学，可以看置顶评论，快速理清学习思路！,10.054,1761638122,758487e6
1967522565740162816,需要人工智能学习路线的同学，可以看置顶评论，快速理清学习思路！,79.967,1761638167,758487e6
1967522248332303616,需要人工智能学习路线的同学，可以看置顶评论，快速理清学习思路！,16.518,1761638129,758487e6
,,0.0,1775655591.4716349,
lb.c,,0.0,1775655591.4716349,
,,0.0,1775655591.4716349,
2018369556951226624,正确，源码就是最好的项目，建议大家都用A3纸手抄源码，画流程图，用自己的语言描述各个框架的思想不是键盘敲一遍,555.201,1767699600,eb16215a
,,0.0,1775655591.4716349,
lb.c,,0.0,1775655591.4716349,
,,0.0,1775655591.4716349,
2011160412963917824,我不知道我就说不知道,739.237,1766840203,2325840c
,,0.0,1775655591.4716349,
lb.c,,0.0,1775655591.4716349,
,,0.0,1775655591.4716349,
1967576193415091456,领到了感谢up,68.141,1761644560,395c8d41
1967578792910440960,这个up挺不错的,39.876,1761644870,9322bbe4
1967619771286027776,我感觉很详细了,78.162,1761649755,e745b269
1967625777487210752,这个老师我看过看多讲的都挺好的,0.803,1761650471,9c7427b0
1967626927900693504,upup,9.217,1761650608,81910636
1967628800019846144,老师这个后期可以多讲讲我感觉很好,0.495,1761650831,69824044
1967630217644711680,感谢分享,88.221,1761651000,e745b269
1993468179481100800,滴滴滴滴滴滴滴滴滴的滴滴滴滴滴滴,14.054,1764731125,a2c459c9
1993468360196684032,揉揉揉,31.977,1764731146,a2c459c9
2017021322777573632,自然语言方言 情感故事陪伴,56.282,1767538878,f0fd150f
2022416287753931008,，,1.196,1768182008,8d45d5e5
2037053282166043136,嗝,291.99,1769926874,1e64eeb4
2084401362397129472,投入产出比是多少，别整虚的,80.515,1775571205,a5b66d5c
1967522612917601280,需要人工智能学习路线的同学，可以看置顶评论，快速理清学习思路！,85.662,1761638172,758487e6
1967522565740162816,需要人工智能学习路线的同学，可以看置顶评论，快速理清学习思路！,79.967,1761638167,758487e6
1967522299083017472,需要人工智能学习路线的同学，可以看置顶评论，快速理清学习思路！,22.438,1761638135,758487e6
1967522517446913536,需要人工智能学习路线的同学，可以看置顶评论，快速理清学习思路！,75.218,1761638161,758487e6
1967522194133226752,需要人工智能学习路线的同学，可以看置顶评论，快速理清学习思路！,10.054,1761638122,758487e6
1967522661236470272,需要人工智能学习路线的同学，可以看置顶评论，快速理清学习思路！,91.358,1761638178,758487e6
1967522248332303616,需要人工智能学习路线的同学，可以看置顶评论，快速理清学习思路！,16.518,1761638129,758487e6
,,0.0,1775655591.4716349,
lb.c,,0.0,1775655591.4716349,
,,0.0,1775655591.4716349,
2018369556951226624,正确，源码就是最好的项目，建议大家都用A3纸手抄源码，画流程图，用自己的语言描述各个框架的思想不是键盘敲一遍,555.201,1767699600,eb16215a
,,0.0,1775655591.4716349,
lb.c,,0.0,1775655591.4716349,
,,0.0,1775655591.4716349,
2011160412963917824,我不知道我就说不知道,739.237,1766840203,2325840c
,,0.0,1775655591.4716349,
lb.c,,0.0,1775655591.4716349,
,,0.0,1775655591.4716349,
1967576193415091456,领到了感谢up,68.141,1761644560,395c8d41
1967578792910440960,这个up挺不错的,39.876,1761644870,9322bbe4
1967619771286027776,我感觉很详细了,78.162,1761649755,e745b269
1967625777487210752,这个老师我看过看多讲的都挺好的,0.803,1761650471,9c7427b0
1967626927900693504,upup,9.217,1761650608,81910636
1967628800019846144,老师这个后期可以多讲讲我感觉很好,0.495,1761650831,69824044
1967630217644711680,感谢分享,88.221,1761651000,e745b269
1993468179481100800,滴滴滴滴滴滴滴滴滴的滴滴滴滴滴滴,14.054,1764731125,a2c459c9
1993468360196684032,揉揉揉,31.977,1764731146,a2c459c9
2017021322777573632,自然语言方言 情感故事陪伴,56.282,1767538878,f0fd150f
2022416287753931008,，,1.196,1768182008,8d45d5e5
2037053282166043136,嗝,291.99,1769926874,1e64eeb4
2084401362397129472,投入产出比是多少，别整虚的,80.515,1775571205,a5b66d5c
1967522517446913536,需要人工智能学习路线的同学，可以看置顶评论，快速理清学习思路！,75.218,1761638161,758487e6
1967522248332303616,需要人工智能学习路线的同学，可以看置顶评论，快速理清学习思路！,16.518,1761638129,758487e6
1967522194133226752,需要人工智能学习路线的同学，可以看置顶评论，快速理清学习思路！,10.054,1761638122,758487e6
1967522299083017472,需要人工智能学习路线的同学，可以看置顶评论，快速理清学习思路！,22.438,1761638135,758487e6
1967522612917601280,需要人工智能学习路线的同学，可以看置顶评论，快速理清学习思路！,85.662,1761638172,758487e6
1967522661236470272,需要人工智能学习路线的同学，可以看置顶评论，快速理清学习思路！,91.358,1761638178,758487e6
1967522565740162816,需要人工智能学习路线的同学，可以看置顶评论，快速理清学习思路！,79.967,1761638167,758487e6
,,0.0,1775655591.4716349,
lb.c,,0.0,1775655591.4716349,
,,0.0,1775655591.4716349,
2018369556951226624,正确，源码就是最好的项目，建议大家都用A3纸手抄源码，画流程图，用自己的语言描述各个框架的思想不是键盘敲一遍,555.201,1767699600,eb16215a
,,0.0,1775655591.4716349,
lb.c,,0.0,1775655591.4716349,
,,0.0,1775655591.4716349,
2011160412963917824,我不知道我就说不知道,739.237,1766840203,2325840c
,,0.0,1775655591.4716349,
lb.c,,0.0,1775655591.4716349,
,,0.0,1775655591.4716349,
1967576193415091456,领到了感谢up,68.141,1761644560,395c8d41
1967578792910440960,这个up挺不错的,39.876,1761644870,9322bbe4
1967619771286027776,我感觉很详细了,78.162,1761649755,e745b269
1967625777487210752,这个老师我看过看多讲的都挺好的,0.803,1761650471,9c7427b0
1967626927900693504,upup,9.217,1761650608,81910636
1967628800019846144,老师这个后期可以多讲讲我感觉很好,0.495,1761650831,69824044
1967630217644711680,感谢分享,88.221,1761651000,e745b269
1993468179481100800,滴滴滴滴滴滴滴滴滴的滴滴滴滴滴滴,14.054,1764731125,a2c459c9
1993468360196684032,揉揉揉,31.977,1764731146,a2c459c9
2017021322777573632,自然语言方言 情感故事陪伴,56.282,1767538878,f0fd150f
2022416287753931008,，,1.196,1768182008,8d45d5e5
2037053282166043136,嗝,291.99,1769926874,1e64eeb4
2084401362397129472,投入产出比是多少，别整虚的,80.515,1775571205,a5b66d5c
1967522299083017472,需要人工智能学习路线的同学，可以看置顶评论，快速理清学习思路！,22.438,1761638135,758487e6
1967522661236470272,需要人工智能学习路线的同学，可以看置顶评论，快速理清学习思路！,91.358,1761638178,758487e6
1967522565740162816,需要人工智能学习路线的同学，可以看置顶评论，快速理清学习思路！,79.967,1761638167,758487e6
1967522517446913536,需要人工智能学习路线的同学，可以看置顶评论，快速理清学习思路！,75.218,1761638161,758487e6
1967522612917601280,需要人工智能学习路线的同学，可以看置顶评论，快速理清学习思路！,85.662,1761638172,758487e6
1967522194133226752,需要人工智能学习路线的同学，可以看置顶评论，快速理清学习思路！,10.054,1761638122,758487e6
1967522248332303616,需要人工智能学习路线的同学，可以看置顶评论，快速理清学习思路！,16.518,1761638129,758487e6
,,0.0,1775655591.4716349,
lb.c,,0.0,1775655591.4716349,
,,0.0,1775655591.4716349,
2018369556951226624,正确，源码就是最好的项目，建议大家都用A3纸手抄源码，画流程图，用自己的语言描述各个框架的思想不是键盘敲一遍,555.201,1767699600,eb16215a
,,0.0,1775655591.4716349,
lb.c,,0.0,1775655591.4716349,
,,0.0,1775655591.4716349,
2011160412963917824,我不知道我就说不知道,739.237,1766840203,2325840c
,,0.0,1775655591.4716349,
lb.c,,0.0,1775655591.4716349,
,,0.0,1775655591.4716349,
1967576193415091456,领到了感谢up,68.141,1761644560,395c8d41
1967578792910440960,这个up挺不错的,39.876,1761644870,9322bbe4
1967619771286027776,我感觉很详细了,78.162,1761649755,e745b269
1967625777487210752,这个老师我看过看多讲的都挺好的,0.803,1761650471,9c7427b0
1967626927900693504,upup,9.217,1761650608,81910636
1967628800019846144,老师这个后期可以多讲讲我感觉很好,0.495,1761650831,69824044
1967630217644711680,感谢分享,88.221,1761651000,e745b269
1993468179481100800,滴滴滴滴滴滴滴滴滴的滴滴滴滴滴滴,14.054,1764731125,a2c459c9
1993468360196684032,揉揉揉,31.977,1764731146,a2c459c9
2017021322777573632,自然语言方言 情感故事陪伴,56.282,1767538878,f0fd150f
2022416287753931008,，,1.196,1768182008,8d45d5e5
2037053282166043136,嗝,291.99,1769926874,1e64eeb4
2084401362397129472,投入产出比是多少，别整虚的,80.515,1775571205,a5b66d5c
1967522661236470272,需要人工智能学习路线的同学，可以看置顶评论，快速理清学习思路！,91.358,1761638178,758487e6
1967522517446913536,需要人工智能学习路线的同学，可以看置顶评论，快速理清学习思路！,75.218,1761638161,758487e6
1967522612917601280,需要人工智能学习路线的同学，可以看置顶评论，快速理清学习思路！,85.662,1761638172,758487e6
1967522299083017472,需要人工智能学习路线的同学，可以看置顶评论，快速理清学习思路！,22.438,1761638135,758487e6
1967522194133226752,需要人工智能学习路线的同学，可以看置顶评论，快速理清学习思路！,10.054,1761638122,758487e6
1967522248332303616,需要人工智能学习路线的同学，可以看置顶评论，快速理清学习思路！,16.518,1761638129,758487e6
1967522565740162816,需要人工智能学习路线的同学，可以看置顶评论，快速理清学习思路！,79.967,1761638167,758487e6
,,0.0,1775655591.4716349,
lb.c,,0.0,1775655591.4716349,
,,0.0,1775655591.4716349,
2018369556951226624,正确，源码就是最好的项目，建议大家都用A3纸手抄源码，画流程图，用自己的语言描述各个框架的思想不是键盘敲一遍,555.201,1767699600,eb16215a
,,0.0,1775655591.4716349,
lb.c,,0.0,1775655591.4716349,
,,0.0,1775655591.4716349,
2011160412963917824,我不知道我就说不知道,739.237,1766840203,2325840c
,,0.0,1775655591.4716349,
lb.c,,0.0,1775655591.4716349,
,,0.0,1775655591.4716349,
1967576193415091456,领到了感谢up,68.141,1761644560,395c8d41
1967578792910440960,这个up挺不错的,39.876,1761644870,9322bbe4
1967619771286027776,我感觉很详细了,78.162,1761649755,e745b269
1967625777487210752,这个老师我看过看多讲的都挺好的,0.803,1761650471,9c7427b0
1967626927900693504,upup,9.217,1761650608,81910636
1967628800019846144,老师这个后期可以多讲讲我感觉很好,0.495,1761650831,69824044
1967630217644711680,感谢分享,88.221,1761651000,e745b269
1993468179481100800,滴滴滴滴滴滴滴滴滴的滴滴滴滴滴滴,14.054,1764731125,a2c459c9
1993468360196684032,揉揉揉,31.977,1764731146,a2c459c9
2017021322777573632,自然语言方言 情感故事陪伴,56.282,1767538878,f0fd150f
2022416287753931008,，,1.196,1768182008,8d45d5e5
2037053282166043136,嗝,291.99,1769926874,1e64eeb4
2084401362397129472,投入产出比是多少，别整虚的,80.515,1775571205,a5b66d5c
1967522248332303616,需要人工智能学习路线的同学，可以看置顶评论，快速理清学习思路！,16.518,1761638129,758487e6
1967522194133226752,需要人工智能学习路线的同学，可以看置顶评论，快速理清学习思路！,10.054,1761638122,758487e6
1967522517446913536,需要人工智能学习路线的同学，可以看置顶评论，快速理清学习思路！,75.218,1761638161,758487e6
1967522299083017472,需要人工智能学习路线的同学，可以看置顶评论，快速理清学习思路！,22.438,1761638135,758487e6
1967522661236470272,需要人工智能学习路线的同学，可以看置顶评论，快速理清学习思路！,91.358,1761638178,758487e6
1967522565740162816,需要人工智能学习路线的同学，可以看置顶评论，快速理清学习思路！,79.967,1761638167,758487e6
1967522612917601280,需要人工智能学习路线的同学，可以看置顶评论，快速理清学习思路！,85.662,1761638172,758487e6
,,0.0,1775655591.4716349,
lb.c,,0.0,1775655591.4716349,
,,0.0,1775655591.4716349,
2018369556951226624,正确，源码就是最好的项目，建议大家都用A3纸手抄源码，画流程图，用自己的语言描述各个框架的思想不是键盘敲一遍,555.201,1767699600,eb16215a
,,0.0,1775655591.4716349,
lb.c,,0.0,1775655591.4716349,
,,0.0,1775655591.4716349,
2011160412963917824,我不知道我就说不知道,739.237,1766840203,2325840c
,,0.0,1775655591.4716349,
lb.c,,0.0,1775655591.4716349,
,,0.0,1775655591.4716349,
1967576193415091456,领到了感谢up,68.141,1761644560,395c8d41
1967578792910440960,这个up挺不错的,39.876,1761644870,9322bbe4
1967619771286027776,我感觉很详细了,78.162,1761649755,e745b269
1967625777487210752,这个老师我看过看多讲的都挺好的,0.803,1761650471,9c7427b0
1967626927900693504,upup,9.217,1761650608,81910636
1967628800019846144,老师这个后期可以多讲讲我感觉很好,0.495,1761650831,69824044
1967630217644711680,感谢分享,88.221,1761651000,e745b269
1993468179481100800,滴滴滴滴滴滴滴滴滴的滴滴滴滴滴滴,14.054,1764731125,a2c459c9
1993468360196684032,揉揉揉,31.977,1764731146,a2c459c9
2017021322777573632,自然语言方言 情感故事陪伴,56.282,1767538878,f0fd150f
2022416287753931008,，,1.196,1768182008,8d45d5e5
2037053282166043136,嗝,291.99,1769926874,1e64eeb4
2084401362397129472,投入产出比是多少，别整虚的,80.515,1775571205,a5b66d5c
1967522661236470272,需要人工智能学习路线的同学，可以看置顶评论，快速理清学习思路！,91.358,1761638178,758487e6
1967522194133226752,需要人工智能学习路线的同学，可以看置顶评论，快速理清学习思路！,10.054,1761638122,758487e6
1967522565740162816,需要人工智能学习路线的同学，可以看置顶评论，快速理清学习思路！,79.967,1761638167,758487e6
1967522248332303616,需要人工智能学习路线的同学，可以看置顶评论，快速理清学习思路！,16.518,1761638129,758487e6
1967522299083017472,需要人工智能学习路线的同学，可以看置顶评论，快速理清学习思路！,22.438,1761638135,758487e6
1967522517446913536,需要人工智能学习路线的同学，可以看置顶评论，快速理清学习思路！,75.218,1761638161,758487e6
1967522612917601280,需要人工智能学习路线的同学，可以看置顶评论，快速理清学习思路！,85.662,1761638172,758487e6
,,0.0,1775655591.4716349,
lb.c,,0.0,1775655591.4716349,
,,0.0,1775655591.4716349,
2018369556951226624,正确，源码就是最好的项目，建议大家都用A3纸手抄源码，画流程图，用自己的语言描述各个框架的思想不是键盘敲一遍,555.201,1767699600,eb16215a
,,0.0,1775655591.4716349,
lb.c,,0.0,1775655591.4716349,
,,0.0,1775655591.4716349,
2011160412963917824,我不知道我就说不知道,739.237,1766840203,2325840c
,,0.0,1775655591.4716349,
lb.c,,0.0,1775655591.4716349,
,,0.0,1775655591.4716349,
1967576193415091456,领到了感谢up,68.141,1761644560,395c8d41
1967578792910440960,这个up挺不错的,39.876,1761644870,9322bbe4
1967619771286027776,我感觉很详细了,78.162,1761649755,e745b269
1967625777487210752,这个老师我看过看多讲的都挺好的,0.803,1761650471,9c7427b0
1967626927900693504,upup,9.217,1761650608,81910636
1967628800019846144,老师这个后期可以多讲讲我感觉很好,0.495,1761650831,69824044
1967630217644711680,感谢分享,88.221,1761651000,e745b269
1993468179481100800,滴滴滴滴滴滴滴滴滴的滴滴滴滴滴滴,14.054,1764731125,a2c459c9
1993468360196684032,揉揉揉,31.977,1764731146,a2c459c9
2017021322777573632,自然语言方言 情感故事陪伴,56.282,1767538878,f0fd150f
2022416287753931008,，,1.196,1768182008,8d45d5e5
2037053282166043136,嗝,291.99,1769926874,1e64eeb4
2084401362397129472,投入产出比是多少，别整虚的,80.515,1775571205,a5b66d5c
1967522299083017472,需要人工智能学习路线的同学，可以看置顶评论，快速理清学习思路！,22.438,1761638135,758487e6
1967522612917601280,需要人工智能学习路线的同学，可以看置顶评论，快速理清学习思路！,85.662,1761638172,758487e6
1967522517446913536,需要人工智能学习路线的同学，可以看置顶评论，快速理清学习思路！,75.218,1761638161,758487e6
1967522565740162816,需要人工智能学习路线的同学，可以看置顶评论，快速理清学习思路！,79.967,1761638167,758487e6
1967522248332303616,需要人工智能学习路线的同学，可以看置顶评论，快速理清学习思路！,16.518,1761638129,758487e6
1967522194133226752,需要人工智能学习路线的同学，可以看置顶评论，快速理清学习思路！,10.054,1761638122,758487e6
1967522661236470272,需要人工智能学习路线的同学，可以看置顶评论，快速理清学习思路！,91.358,1761638178,758487e6
,,0.0,1775655591.4716349,
lb.c,,0.0,1775655591.4716349,
,,0.0,1775655591.4716349,
2018369556951226624,正确，源码就是最好的项目，建议大家都用A3纸手抄源码，画流程图，用自己的语言描述各个框架的思想不是键盘敲一遍,555.201,1767699600,eb16215a
,,0.0,1775655591.4716349,
lb.c,,0.0,1775655591.4716349,
,,0.0,1775655591.4716349,
2011160412963917824,我不知道我就说不知道,739.237,1766840203,2325840c
,,0.0,1775655591.4716349,
lb.c,,0.0,1775655591.4716349,
,,0.0,1775655591.4716349,
1967576193415091456,领到了感谢up,68.141,1761644560,395c8d41
1967578792910440960,这个up挺不错的,39.876,1761644870,9322bbe4
1967619771286027776,我感觉很详细了,78.162,1761649755,e745b269
1967625777487210752,这个老师我看过看多讲的都挺好的,0.803,1761650471,9c7427b0
1967626927900693504,upup,9.217,1761650608,81910636
1967628800019846144,老师这个后期可以多讲讲我感觉很好,0.495,1761650831,69824044
1967630217644711680,感谢分享,88.221,1761651000,e745b269
1993468179481100800,滴滴滴滴滴滴滴滴滴的滴滴滴滴滴滴,14.054,1764731125,a2c459c9
1993468360196684032,揉揉揉,31.977,1764731146,a2c459c9
2017021322777573632,自然语言方言 情感故事陪伴,56.282,1767538878,f0fd150f
2022416287753931008,，,1.196,1768182008,8d45d5e5
2037053282166043136,嗝,291.99,1769926874,1e64eeb4
2084401362397129472,投入产出比是多少，别整虚的,80.515,1775571205,a5b66d5c
1967522194133226752,需要人工智能学习路线的同学，可以看置顶评论，快速理清学习思路！,10.054,1761638122,758487e6
1967522248332303616,需要人工智能学习路线的同学，可以看置顶评论，快速理清学习思路！,16.518,1761638129,758487e6
1967522612917601280,需要人工智能学习路线的同学，可以看置顶评论，快速理清学习思路！,85.662,1761638172,758487e6
1967522661236470272,需要人工智能学习路线的同学，可以看置顶评论，快速理清学习思路！,91.358,1761638178,758487e6
1967522565740162816,需要人工智能学习路线的同学，可以看置顶评论，快速理清学习思路！,79.967,1761638167,758487e6
1967522517446913536,需要人工智能学习路线的同学，可以看置顶评论，快速理清学习思路！,75.218,1761638161,758487e6
1967522299083017472,需要人工智能学习路线的同学，可以看置顶评论，快速理清学习思路！,22.438,1761638135,758487e6
,,0.0,1775655591.4716349,
lb.c,,0.0,1775655591.4716349,
,,0.0,1775655591.4716349,
2018369556951226624,正确，源码就是最好的项目，建议大家都用A3纸手抄源码，画流程图，用自己的语言描述各个框架的思想不是键盘敲一遍,555.201,1767699600,eb16215a
,,0.0,1775655591.4716349,
lb.c,,0.0,1775655591.4716349,
,,0.0,1775655591.4716349,
2011160412963917824,我不知道我就说不知道,739.237,1766840203,2325840c
,,0.0,1775655591.4716349,
lb.c,,0.0,1775655591.4716349,
,,0.0,1775655591.4716349,
1967576193415091456,领到了感谢up,68.141,1761644560,395c8d41
1967578792910440960,这个up挺不错的,39.876,1761644870,9322bbe4
1967619771286027776,我感觉很详细了,78.162,1761649755,e745b269
1967625777487210752,这个老师我看过看多讲的都挺好的,0.803,1761650471,9c7427b0
1967626927900693504,upup,9.217,1761650608,81910636
1967628800019846144,老师这个后期可以多讲讲我感觉很好,0.495,1761650831,69824044
1967630217644711680,感谢分享,88.221,1761651000,e745b269
1993468179481100800,滴滴滴滴滴滴滴滴滴的滴滴滴滴滴滴,14.054,1764731125,a2c459c9
1993468360196684032,揉揉揉,31.977,1764731146,a2c459c9
2017021322777573632,自然语言方言 情感故事陪伴,56.282,1767538878,f0fd150f
2022416287753931008,，,1.196,1768182008,8d45d5e5
2037053282166043136,嗝,291.99,1769926874,1e64eeb4
2084401362397129472,投入产出比是多少，别整虚的,80.515,1775571205,a5b66d5c
1967522565740162816,需要人工智能学习路线的同学，可以看置顶评论，快速理清学习思路！,79.967,1761638167,758487e6
1967522299083017472,需要人工智能学习路线的同学，可以看置顶评论，快速理清学习思路！,22.438,1761638135,758487e6
1967522248332303616,需要人工智能学习路线的同学，可以看置顶评论，快速理清学习思路！,16.518,1761638129,758487e6
1967522194133226752,需要人工智能学习路线的同学，可以看置顶评论，快速理清学习思路！,10.054,1761638122,758487e6
1967522612917601280,需要人工智能学习路线的同学，可以看置顶评论，快速理清学习思路！,85.662,1761638172,758487e6
1967522661236470272,需要人工智能学习路线的同学，可以看置顶评论，快速理清学习思路！,91.358,1761638178,758487e6
1967522517446913536,需要人工智能学习路线的同学，可以看置顶评论，快速理清学习思路！,75.218,1761638161,758487e6
,,0.0,1775655591.4716349,
lb.c,,0.0,1775655591.4716349,
,,0.0,1775655591.4716349,
2018369556951226624,正确，源码就是最好的项目，建议大家都用A3纸手抄源码，画流程图，用自己的语言描述各个框架的思想不是键盘敲一遍,555.201,1767699600,eb16215a
,,0.0,1775655591.4716349,
lb.c,,0.0,1775655591.4716349,
,,0.0,1775655591.4716349,
2011160412963917824,我不知道我就说不知道,739.237,1766840203,2325840c
,,0.0,1775655591.4716349,
lb.c,,0.0,1775655591.4716349,
,,0.0,1775655591.4716349,
1967576193415091456,领到了感谢up,68.141,1761644560,395c8d41
1967578792910440960,这个up挺不错的,39.876,1761644870,9322bbe4
1967619771286027776,我感觉很详细了,78.162,1761649755,e745b269
1967625777487210752,这个老师我看过看多讲的都挺好的,0.803,1761650471,9c7427b0
1967626927900693504,upup,9.217,1761650608,81910636
1967628800019846144,老师这个后期可以多讲讲我感觉很好,0.495,1761650831,69824044
1967630217644711680,感谢分享,88.221,1761651000,e745b269
1993468179481100800,滴滴滴滴滴滴滴滴滴的滴滴滴滴滴滴,14.054,1764731125,a2c459c9
1993468360196684032,揉揉揉,31.977,1764731146,a2c459c9
2017021322777573632,自然语言方言 情感故事陪伴,56.282,1767538878,f0fd150f
2022416287753931008,，,1.196,1768182008,8d45d5e5
2037053282166043136,嗝,291.99,1769926874,1e64eeb4
2084401362397129472,投入产出比是多少，别整虚的,80.515,1775571205,a5b66d5c
1967522299083017472,需要人工智能学习路线的同学，可以看置顶评论，快速理清学习思路！,22.438,1761638135,758487e6
1967522661236470272,需要人工智能学习路线的同学，可以看置顶评论，快速理清学习思路！,91.358,1761638178,758487e6
1967522612917601280,需要人工智能学习路线的同学，可以看置顶评论，快速理清学习思路！,85.662,1761638172,758487e6
1967522517446913536,需要人工智能学习路线的同学，可以看置顶评论，快速理清学习思路！,75.218,1761638161,758487e6
1967522565740162816,需要人工智能学习路线的同学，可以看置顶评论，快速理清学习思路！,79.967,1761638167,758487e6
1967522194133226752,需要人工智能学习路线的同学，可以看置顶评论，快速理清学习思路！,10.054,1761638122,758487e6
1967522248332303616,需要人工智能学习路线的同学，可以看置顶评论，快速理清学习思路！,16.518,1761638129,758487e6
,,0.0,1775655591.4716349,
lb.c,,0.0,1775655591.4716349,
,,0.0,1775655591.4716349,
2018369556951226624,正确，源码就是最好的项目，建议大家都用A3纸手抄源码，画流程图，用自己的语言描述各个框架的思想不是键盘敲一遍,555.201,1767699600,eb16215a
,,0.0,1775655591.4716349,
lb.c,,0.0,1775655591.4716349,
,,0.0,1775655591.4716349,
2011160412963917824,我不知道我就说不知道,739.237,1766840203,2325840c
,,0.0,1775655591.4716349,
lb.c,,0.0,1775655591.4716349,
,,0.0,1775655591.4716349,
