danmaku_id,content,progress,ctime,user_hash
1862262944025441792,火钳刘明！,0.0,1749090242,2f7c324a
1862273987242088704,顶一下!,57.349,1749091558,a9bab31
1862305821019822080,赞一下.,69.147,1749095353,a9bab31
1862321570832841984,前方高能！！,25.193,1749097231,c6623a38
1862336956160085504,B站的人各个都是人才，说话又好听:),0.0,1749099065,84f1ab3c
1862337816563145728,恭喜你发现宝藏!,0.0,1749099168,28ac5a2b
1862420045583035136,B站的人各个都是人才，说话又好听~,0.0,1749108970,c2d9d1e0
1862433102820139520,B站的人各个都是人才，说话又好听，我超喜欢这里的.,34.242,1749110527,5bd395e9
1862496071041887232,已点赞^_^,9.675,1749118033,65b0a874
1862507866146706176,针不戳。,36.0,1749119439,4f0b3914
1862587493179027712,一键三联必须安排！:),155.233,1749128931,bd10cd76
1942337665701939712,这老师真的拼,15.952,1758635893,bdb8e4f8
1949994329301622016,以前不是有什么番茄工作法吗？说实话，这个星越该是很准的。,9.338,1759548638,f0bcdac5
1949994799130514688,笑死,333.457,1759548694,f0bcdac5
1977861268711051008,这四个词我都没明白是啥意思,241.737,1762870636,9a9877d4
2084263334941221376,40万播放，246评论,2.22,1775554751,77472646
2085131752649221632,看源码的时候发现学三天就学了个print()啥都看不懂,345.358,1775658274,ed3b63a3
2005465140509957120,需要高效学习计划，就业指导的同学，点击置顶评论区！！,20.395,1766161274,758487e6
1997203189182708224,需要唐老师整理的高效学习计划，以及就业指导的同学，可以查看评论区！直接一步到位！,220.659,1765176373,758487e6
2005466091593570560,需要高效学习计划，就业指导的同学，查看置顶评论区哈！！,5.915,1766161387,758487e6
2005465496362978816,需要高效学习计划，就业指导的同学，查看置顶评论区哈！！,33.596,1766161317,758487e6
2005465772448894464,需要高效学习计划，就业指导的同学，查看置顶评论区哈！！,58.288,1766161349,758487e6
1997203259395625472,需要唐老师整理的高效学习计划，以及就业指导的同学，可以查看评论区！直接一步到位！,229.046,1765176381,758487e6
,,0.0,1775655591.4716349,
lb.c,,0.0,1775655591.4716349,
,,0.0,1775655591.4716349,
1883242622349454848,这个讲的和之前矛盾了吧？,388.068,1751591215,3a58927
1902304975305535744,就是用是第一，逻辑大概能串装作懂就行了,395.775,1753863624,71090032
1949995183119168256,满了flag。,449.295,1759548740,f0bcdac5
,,0.0,1775655591.4716349,
lb.c,,0.0,1775655591.4716349,
,,0.0,1775655591.4716349,
1862262944025441792,火钳刘明！,0.0,1749090242,2f7c324a
1862273987242088704,顶一下!,57.349,1749091558,a9bab31
1862305821019822080,赞一下.,69.147,1749095353,a9bab31
1862321570832841984,前方高能！！,25.193,1749097231,c6623a38
1862336956160085504,B站的人各个都是人才，说话又好听:),0.0,1749099065,84f1ab3c
1862337816563145728,恭喜你发现宝藏!,0.0,1749099168,28ac5a2b
1862391150947288320,支持！,0.0,1749105525,3c52fb53
1862433102820139520,B站的人各个都是人才，说话又好听，我超喜欢这里的.,34.242,1749110527,5bd395e9
1862496071041887232,已点赞^_^,9.675,1749118033,65b0a874
1862507866146706176,针不戳。,36.0,1749119439,4f0b3914
1862587493179027712,一键三联必须安排！:),155.233,1749128931,bd10cd76
1942337665701939712,这老师真的拼,15.952,1758635893,bdb8e4f8
1949994329301622016,以前不是有什么番茄工作法吗？说实话，这个星越该是很准的。,9.338,1759548638,f0bcdac5
1949994799130514688,笑死,333.457,1759548694,f0bcdac5
1977861268711051008,这四个词我都没明白是啥意思,241.737,1762870636,9a9877d4
2084263334941221376,40万播放，246评论,2.22,1775554751,77472646
2085131752649221632,看源码的时候发现学三天就学了个print()啥都看不懂,345.358,1775658274,ed3b63a3
2005465140509957120,需要高效学习计划，就业指导的同学，点击置顶评论区！！,20.395,1766161274,758487e6
1997203259395625472,需要唐老师整理的高效学习计划，以及就业指导的同学，可以查看评论区！直接一步到位！,229.046,1765176381,758487e6
2005465772448894464,需要高效学习计划，就业指导的同学，查看置顶评论区哈！！,58.288,1766161349,758487e6
2005465496362978816,需要高效学习计划，就业指导的同学，查看置顶评论区哈！！,33.596,1766161317,758487e6
1997203189182708224,需要唐老师整理的高效学习计划，以及就业指导的同学，可以查看评论区！直接一步到位！,220.659,1765176373,758487e6
2005466091593570560,需要高效学习计划，就业指导的同学，查看置顶评论区哈！！,5.915,1766161387,758487e6
,,0.0,1775655591.4716349,
lb.c,,0.0,1775655591.4716349,
,,0.0,1775655591.4716349,
1883242622349454848,这个讲的和之前矛盾了吧？,388.068,1751591215,3a58927
1902304975305535744,就是用是第一，逻辑大概能串装作懂就行了,395.775,1753863624,71090032
1949995183119168256,满了flag。,449.295,1759548740,f0bcdac5
,,0.0,1775655591.4716349,
lb.c,,0.0,1775655591.4716349,
,,0.0,1775655591.4716349,
1862262944025441792,火钳刘明！,0.0,1749090242,2f7c324a
1862273987242088704,顶一下!,57.349,1749091558,a9bab31
1862305821019822080,赞一下.,69.147,1749095353,a9bab31
1862321570832841984,前方高能！！,25.193,1749097231,c6623a38
1862336956160085504,B站的人各个都是人才，说话又好听:),0.0,1749099065,84f1ab3c
1862337816563145728,恭喜你发现宝藏!,0.0,1749099168,28ac5a2b
1862433102820139520,B站的人各个都是人才，说话又好听，我超喜欢这里的.,34.242,1749110527,5bd395e9
1862496071041887232,已点赞^_^,9.675,1749118033,65b0a874
1862507866146706176,针不戳。,36.0,1749119439,4f0b3914
1862560900721674752,进收藏夹吃灰.,0.0,1749125761,6d0277b1
1862587493179027712,一键三联必须安排！:),155.233,1749128931,bd10cd76
1942337665701939712,这老师真的拼,15.952,1758635893,bdb8e4f8
1949994329301622016,以前不是有什么番茄工作法吗？说实话，这个星越该是很准的。,9.338,1759548638,f0bcdac5
1949994799130514688,笑死,333.457,1759548694,f0bcdac5
1977861268711051008,这四个词我都没明白是啥意思,241.737,1762870636,9a9877d4
2084263334941221376,40万播放，246评论,2.22,1775554751,77472646
2085131752649221632,看源码的时候发现学三天就学了个print()啥都看不懂,345.358,1775658274,ed3b63a3
2005465496362978816,需要高效学习计划，就业指导的同学，查看置顶评论区哈！！,33.596,1766161317,758487e6
2005465772448894464,需要高效学习计划，就业指导的同学，查看置顶评论区哈！！,58.288,1766161349,758487e6
1997203189182708224,需要唐老师整理的高效学习计划，以及就业指导的同学，可以查看评论区！直接一步到位！,220.659,1765176373,758487e6
2005465140509957120,需要高效学习计划，就业指导的同学，点击置顶评论区！！,20.395,1766161274,758487e6
2005466091593570560,需要高效学习计划，就业指导的同学，查看置顶评论区哈！！,5.915,1766161387,758487e6
1997203259395625472,需要唐老师整理的高效学习计划，以及就业指导的同学，可以查看评论区！直接一步到位！,229.046,1765176381,758487e6
,,0.0,1775655591.4716349,
lb.c,,0.0,1775655591.4716349,
,,0.0,1775655591.4716349,
1883242622349454848,这个讲的和之前矛盾了吧？,388.068,1751591215,3a58927
1902304975305535744,就是用是第一，逻辑大概能串装作懂就行了,395.775,1753863624,71090032
1949995183119168256,满了flag。,449.295,1759548740,f0bcdac5
,,0.0,1775655591.4716349,
lb.c,,0.0,1775655591.4716349,
,,0.0,1775655591.4716349,
1862262944025441792,火钳刘明！,0.0,1749090242,2f7c324a
1862273987242088704,顶一下!,57.349,1749091558,a9bab31
1862305821019822080,赞一下.,69.147,1749095353,a9bab31
1862321570832841984,前方高能！！,25.193,1749097231,c6623a38
1862422798933958912,学到了学到了^_^,0.0,1749109298,76f8a06
1862433102820139520,B站的人各个都是人才，说话又好听，我超喜欢这里的.,34.242,1749110527,5bd395e9
1862496071041887232,已点赞^_^,9.675,1749118033,65b0a874
1862507866146706176,针不戳。,36.0,1749119439,4f0b3914
1862560900721674752,进收藏夹吃灰.,0.0,1749125761,6d0277b1
1862587493179027712,一键三联必须安排！:),155.233,1749128931,bd10cd76
1862683371428273664,up什么时候更新啊，生产队的驴都不敢这么歇:),0.0,1749140361,5f0e24c8
1942337665701939712,这老师真的拼,15.952,1758635893,bdb8e4f8
1949994329301622016,以前不是有什么番茄工作法吗？说实话，这个星越该是很准的。,9.338,1759548638,f0bcdac5
1949994799130514688,笑死,333.457,1759548694,f0bcdac5
1977861268711051008,这四个词我都没明白是啥意思,241.737,1762870636,9a9877d4
2084263334941221376,40万播放，246评论,2.22,1775554751,77472646
2085131752649221632,看源码的时候发现学三天就学了个print()啥都看不懂,345.358,1775658274,ed3b63a3
1997203189182708224,需要唐老师整理的高效学习计划，以及就业指导的同学，可以查看评论区！直接一步到位！,220.659,1765176373,758487e6
2005465496362978816,需要高效学习计划，就业指导的同学，查看置顶评论区哈！！,33.596,1766161317,758487e6
1997203259395625472,需要唐老师整理的高效学习计划，以及就业指导的同学，可以查看评论区！直接一步到位！,229.046,1765176381,758487e6
2005465772448894464,需要高效学习计划，就业指导的同学，查看置顶评论区哈！！,58.288,1766161349,758487e6
2005465140509957120,需要高效学习计划，就业指导的同学，点击置顶评论区！！,20.395,1766161274,758487e6
2005466091593570560,需要高效学习计划，就业指导的同学，查看置顶评论区哈！！,5.915,1766161387,758487e6
,,0.0,1775655591.4716349,
lb.c,,0.0,1775655591.4716349,
,,0.0,1775655591.4716349,
1883242622349454848,这个讲的和之前矛盾了吧？,388.068,1751591215,3a58927
1902304975305535744,就是用是第一，逻辑大概能串装作懂就行了,395.775,1753863624,71090032
1949995183119168256,满了flag。,449.295,1759548740,f0bcdac5
,,0.0,1775655591.4716349,
lb.c,,0.0,1775655591.4716349,
,,0.0,1775655591.4716349,
1862262944025441792,火钳刘明！,0.0,1749090242,2f7c324a
1862273987242088704,顶一下!,57.349,1749091558,a9bab31
1862305821019822080,赞一下.,69.147,1749095353,a9bab31
1862321570832841984,前方高能！！,25.193,1749097231,c6623a38
1862329506380461824,厉害.,0.0,1749098177,3c52fb53
1862336956160085504,B站的人各个都是人才，说话又好听:),0.0,1749099065,84f1ab3c
1862422798933958912,学到了学到了^_^,0.0,1749109298,76f8a06
1862433102820139520,B站的人各个都是人才，说话又好听，我超喜欢这里的.,34.242,1749110527,5bd395e9
1862496071041887232,已点赞^_^,9.675,1749118033,65b0a874
1862507866146706176,针不戳。,36.0,1749119439,4f0b3914
1862587493179027712,一键三联必须安排！:),155.233,1749128931,bd10cd76
1942337665701939712,这老师真的拼,15.952,1758635893,bdb8e4f8
1949994329301622016,以前不是有什么番茄工作法吗？说实话，这个星越该是很准的。,9.338,1759548638,f0bcdac5
1949994799130514688,笑死,333.457,1759548694,f0bcdac5
1977861268711051008,这四个词我都没明白是啥意思,241.737,1762870636,9a9877d4
2084263334941221376,40万播放，246评论,2.22,1775554751,77472646
2085131752649221632,看源码的时候发现学三天就学了个print()啥都看不懂,345.358,1775658274,ed3b63a3
2005465496362978816,需要高效学习计划，就业指导的同学，查看置顶评论区哈！！,33.596,1766161317,758487e6
1997203259395625472,需要唐老师整理的高效学习计划，以及就业指导的同学，可以查看评论区！直接一步到位！,229.046,1765176381,758487e6
2005466091593570560,需要高效学习计划，就业指导的同学，查看置顶评论区哈！！,5.915,1766161387,758487e6
2005465140509957120,需要高效学习计划，就业指导的同学，点击置顶评论区！！,20.395,1766161274,758487e6
2005465772448894464,需要高效学习计划，就业指导的同学，查看置顶评论区哈！！,58.288,1766161349,758487e6
1997203189182708224,需要唐老师整理的高效学习计划，以及就业指导的同学，可以查看评论区！直接一步到位！,220.659,1765176373,758487e6
,,0.0,1775655591.4716349,
lb.c,,0.0,1775655591.4716349,
,,0.0,1775655591.4716349,
1883242622349454848,这个讲的和之前矛盾了吧？,388.068,1751591215,3a58927
1902304975305535744,就是用是第一，逻辑大概能串装作懂就行了,395.775,1753863624,71090032
1949995183119168256,满了flag。,449.295,1759548740,f0bcdac5
,,0.0,1775655591.4716349,
lb.c,,0.0,1775655591.4716349,
,,0.0,1775655591.4716349,
1862262944025441792,火钳刘明！,0.0,1749090242,2f7c324a
1862273987242088704,顶一下!,57.349,1749091558,a9bab31
1862305821019822080,赞一下.,69.147,1749095353,a9bab31
1862321570832841984,前方高能！！,25.193,1749097231,c6623a38
1862329506380461824,厉害.,0.0,1749098177,3c52fb53
1862345719068380160,先赞后看，养成习惯！,0.0,1749100110,1b79b3ac
1862433102820139520,B站的人各个都是人才，说话又好听，我超喜欢这里的.,34.242,1749110527,5bd395e9
1862496071041887232,已点赞^_^,9.675,1749118033,65b0a874
1862507866146706176,针不戳。,36.0,1749119439,4f0b3914
1862587493179027712,一键三联必须安排！:),155.233,1749128931,bd10cd76
1862683371428273664,up什么时候更新啊，生产队的驴都不敢这么歇:),0.0,1749140361,5f0e24c8
1942337665701939712,这老师真的拼,15.952,1758635893,bdb8e4f8
1949994329301622016,以前不是有什么番茄工作法吗？说实话，这个星越该是很准的。,9.338,1759548638,f0bcdac5
1949994799130514688,笑死,333.457,1759548694,f0bcdac5
1977861268711051008,这四个词我都没明白是啥意思,241.737,1762870636,9a9877d4
2084263334941221376,40万播放，246评论,2.22,1775554751,77472646
2085131752649221632,看源码的时候发现学三天就学了个print()啥都看不懂,345.358,1775658274,ed3b63a3
1997203259395625472,需要唐老师整理的高效学习计划，以及就业指导的同学，可以查看评论区！直接一步到位！,229.046,1765176381,758487e6
2005465772448894464,需要高效学习计划，就业指导的同学，查看置顶评论区哈！！,58.288,1766161349,758487e6
1997203189182708224,需要唐老师整理的高效学习计划，以及就业指导的同学，可以查看评论区！直接一步到位！,220.659,1765176373,758487e6
2005466091593570560,需要高效学习计划，就业指导的同学，查看置顶评论区哈！！,5.915,1766161387,758487e6
2005465140509957120,需要高效学习计划，就业指导的同学，点击置顶评论区！！,20.395,1766161274,758487e6
2005465496362978816,需要高效学习计划，就业指导的同学，查看置顶评论区哈！！,33.596,1766161317,758487e6
,,0.0,1775655591.4716349,
lb.c,,0.0,1775655591.4716349,
,,0.0,1775655591.4716349,
1883242622349454848,这个讲的和之前矛盾了吧？,388.068,1751591215,3a58927
1902304975305535744,就是用是第一，逻辑大概能串装作懂就行了,395.775,1753863624,71090032
1949995183119168256,满了flag。,449.295,1759548740,f0bcdac5
,,0.0,1775655591.4716349,
lb.c,,0.0,1775655591.4716349,
,,0.0,1775655591.4716349,
1862262944025441792,火钳刘明！,0.0,1749090242,2f7c324a
1862273987242088704,顶一下!,57.349,1749091558,a9bab31
1862305821019822080,赞一下.,69.147,1749095353,a9bab31
1862321570832841984,前方高能！！,25.193,1749097231,c6623a38
1862336956160085504,B站的人各个都是人才，说话又好听:),0.0,1749099065,84f1ab3c
1862337816563145728,恭喜你发现宝藏!,0.0,1749099168,28ac5a2b
1862391150947288320,支持！,0.0,1749105525,3c52fb53
1862433102820139520,B站的人各个都是人才，说话又好听，我超喜欢这里的.,34.242,1749110527,5bd395e9
1862496071041887232,已点赞^_^,9.675,1749118033,65b0a874
1862507866146706176,针不戳。,36.0,1749119439,4f0b3914
1862587493179027712,一键三联必须安排！:),155.233,1749128931,bd10cd76
1942337665701939712,这老师真的拼,15.952,1758635893,bdb8e4f8
1949994329301622016,以前不是有什么番茄工作法吗？说实话，这个星越该是很准的。,9.338,1759548638,f0bcdac5
1949994799130514688,笑死,333.457,1759548694,f0bcdac5
1977861268711051008,这四个词我都没明白是啥意思,241.737,1762870636,9a9877d4
2084263334941221376,40万播放，246评论,2.22,1775554751,77472646
2085131752649221632,看源码的时候发现学三天就学了个print()啥都看不懂,345.358,1775658274,ed3b63a3
1997203189182708224,需要唐老师整理的高效学习计划，以及就业指导的同学，可以查看评论区！直接一步到位！,220.659,1765176373,758487e6
2005466091593570560,需要高效学习计划，就业指导的同学，查看置顶评论区哈！！,5.915,1766161387,758487e6
2005465496362978816,需要高效学习计划，就业指导的同学，查看置顶评论区哈！！,33.596,1766161317,758487e6
1997203259395625472,需要唐老师整理的高效学习计划，以及就业指导的同学，可以查看评论区！直接一步到位！,229.046,1765176381,758487e6
2005465772448894464,需要高效学习计划，就业指导的同学，查看置顶评论区哈！！,58.288,1766161349,758487e6
2005465140509957120,需要高效学习计划，就业指导的同学，点击置顶评论区！！,20.395,1766161274,758487e6
,,0.0,1775655591.4716349,
lb.c,,0.0,1775655591.4716349,
,,0.0,1775655591.4716349,
1883242622349454848,这个讲的和之前矛盾了吧？,388.068,1751591215,3a58927
1902304975305535744,就是用是第一，逻辑大概能串装作懂就行了,395.775,1753863624,71090032
1949995183119168256,满了flag。,449.295,1759548740,f0bcdac5
,,0.0,1775655591.4716349,
lb.c,,0.0,1775655591.4716349,
,,0.0,1775655591.4716349,
1862262944025441792,火钳刘明！,0.0,1749090242,2f7c324a
1862273987242088704,顶一下!,57.349,1749091558,a9bab31
1862305821019822080,赞一下.,69.147,1749095353,a9bab31
1862321570832841984,前方高能！！,25.193,1749097231,c6623a38
1862336956160085504,B站的人各个都是人才，说话又好听:),0.0,1749099065,84f1ab3c
1862420045583035136,B站的人各个都是人才，说话又好听~,0.0,1749108970,c2d9d1e0
1862422798933958912,学到了学到了^_^,0.0,1749109298,76f8a06
1862433102820139520,B站的人各个都是人才，说话又好听，我超喜欢这里的.,34.242,1749110527,5bd395e9
1862496071041887232,已点赞^_^,9.675,1749118033,65b0a874
1862507866146706176,针不戳。,36.0,1749119439,4f0b3914
1862587493179027712,一键三联必须安排！:),155.233,1749128931,bd10cd76
1942337665701939712,这老师真的拼,15.952,1758635893,bdb8e4f8
1949994329301622016,以前不是有什么番茄工作法吗？说实话，这个星越该是很准的。,9.338,1759548638,f0bcdac5
1949994799130514688,笑死,333.457,1759548694,f0bcdac5
1977861268711051008,这四个词我都没明白是啥意思,241.737,1762870636,9a9877d4
2084263334941221376,40万播放，246评论,2.22,1775554751,77472646
2085131752649221632,看源码的时候发现学三天就学了个print()啥都看不懂,345.358,1775658274,ed3b63a3
2005466091593570560,需要高效学习计划，就业指导的同学，查看置顶评论区哈！！,5.915,1766161387,758487e6
2005465140509957120,需要高效学习计划，就业指导的同学，点击置顶评论区！！,20.395,1766161274,758487e6
2005465772448894464,需要高效学习计划，就业指导的同学，查看置顶评论区哈！！,58.288,1766161349,758487e6
1997203189182708224,需要唐老师整理的高效学习计划，以及就业指导的同学，可以查看评论区！直接一步到位！,220.659,1765176373,758487e6
2005465496362978816,需要高效学习计划，就业指导的同学，查看置顶评论区哈！！,33.596,1766161317,758487e6
1997203259395625472,需要唐老师整理的高效学习计划，以及就业指导的同学，可以查看评论区！直接一步到位！,229.046,1765176381,758487e6
,,0.0,1775655591.4716349,
lb.c,,0.0,1775655591.4716349,
,,0.0,1775655591.4716349,
1883242622349454848,这个讲的和之前矛盾了吧？,388.068,1751591215,3a58927
1902304975305535744,就是用是第一，逻辑大概能串装作懂就行了,395.775,1753863624,71090032
1949995183119168256,满了flag。,449.295,1759548740,f0bcdac5
,,0.0,1775655591.4716349,
lb.c,,0.0,1775655591.4716349,
,,0.0,1775655591.4716349,
1862262944025441792,火钳刘明！,0.0,1749090242,2f7c324a
1862273987242088704,顶一下!,57.349,1749091558,a9bab31
1862305821019822080,赞一下.,69.147,1749095353,a9bab31
1862321570832841984,前方高能！！,25.193,1749097231,c6623a38
1862337816563145728,恭喜你发现宝藏!,0.0,1749099168,28ac5a2b
1862433102820139520,B站的人各个都是人才，说话又好听，我超喜欢这里的.,34.242,1749110527,5bd395e9
1862496071041887232,已点赞^_^,9.675,1749118033,65b0a874
1862507866146706176,针不戳。,36.0,1749119439,4f0b3914
1862560900721674752,进收藏夹吃灰.,0.0,1749125761,6d0277b1
1862587493179027712,一键三联必须安排！:),155.233,1749128931,bd10cd76
1862683371428273664,up什么时候更新啊，生产队的驴都不敢这么歇:),0.0,1749140361,5f0e24c8
1942337665701939712,这老师真的拼,15.952,1758635893,bdb8e4f8
1949994329301622016,以前不是有什么番茄工作法吗？说实话，这个星越该是很准的。,9.338,1759548638,f0bcdac5
1949994799130514688,笑死,333.457,1759548694,f0bcdac5
1977861268711051008,这四个词我都没明白是啥意思,241.737,1762870636,9a9877d4
2084263334941221376,40万播放，246评论,2.22,1775554751,77472646
2085131752649221632,看源码的时候发现学三天就学了个print()啥都看不懂,345.358,1775658274,ed3b63a3
2005466091593570560,需要高效学习计划，就业指导的同学，查看置顶评论区哈！！,5.915,1766161387,758487e6
1997203259395625472,需要唐老师整理的高效学习计划，以及就业指导的同学，可以查看评论区！直接一步到位！,229.046,1765176381,758487e6
2005465772448894464,需要高效学习计划，就业指导的同学，查看置顶评论区哈！！,58.288,1766161349,758487e6
1997203189182708224,需要唐老师整理的高效学习计划，以及就业指导的同学，可以查看评论区！直接一步到位！,220.659,1765176373,758487e6
2005465140509957120,需要高效学习计划，就业指导的同学，点击置顶评论区！！,20.395,1766161274,758487e6
2005465496362978816,需要高效学习计划，就业指导的同学，查看置顶评论区哈！！,33.596,1766161317,758487e6
,,0.0,1775655591.4716349,
lb.c,,0.0,1775655591.4716349,
,,0.0,1775655591.4716349,
1883242622349454848,这个讲的和之前矛盾了吧？,388.068,1751591215,3a58927
1902304975305535744,就是用是第一，逻辑大概能串装作懂就行了,395.775,1753863624,71090032
1949995183119168256,满了flag。,449.295,1759548740,f0bcdac5
,,0.0,1775655591.4716349,
lb.c,,0.0,1775655591.4716349,
,,0.0,1775655591.4716349,
1862262944025441792,火钳刘明！,0.0,1749090242,2f7c324a
1862273987242088704,顶一下!,57.349,1749091558,a9bab31
1862305821019822080,赞一下.,69.147,1749095353,a9bab31
1862321570832841984,前方高能！！,25.193,1749097231,c6623a38
1862337816563145728,恭喜你发现宝藏!,0.0,1749099168,28ac5a2b
1862433102820139520,B站的人各个都是人才，说话又好听，我超喜欢这里的.,34.242,1749110527,5bd395e9
1862496071041887232,已点赞^_^,9.675,1749118033,65b0a874
1862507866146706176,针不戳。,36.0,1749119439,4f0b3914
1862560900721674752,进收藏夹吃灰.,0.0,1749125761,6d0277b1
1862587493179027712,一键三联必须安排！:),155.233,1749128931,bd10cd76
1862683371428273664,up什么时候更新啊，生产队的驴都不敢这么歇:),0.0,1749140361,5f0e24c8
1942337665701939712,这老师真的拼,15.952,1758635893,bdb8e4f8
1949994329301622016,以前不是有什么番茄工作法吗？说实话，这个星越该是很准的。,9.338,1759548638,f0bcdac5
1949994799130514688,笑死,333.457,1759548694,f0bcdac5
1977861268711051008,这四个词我都没明白是啥意思,241.737,1762870636,9a9877d4
2084263334941221376,40万播放，246评论,2.22,1775554751,77472646
2085131752649221632,看源码的时候发现学三天就学了个print()啥都看不懂,345.358,1775658274,ed3b63a3
1997203259395625472,需要唐老师整理的高效学习计划，以及就业指导的同学，可以查看评论区！直接一步到位！,229.046,1765176381,758487e6
2005465496362978816,需要高效学习计划，就业指导的同学，查看置顶评论区哈！！,33.596,1766161317,758487e6
2005466091593570560,需要高效学习计划，就业指导的同学，查看置顶评论区哈！！,5.915,1766161387,758487e6
1997203189182708224,需要唐老师整理的高效学习计划，以及就业指导的同学，可以查看评论区！直接一步到位！,220.659,1765176373,758487e6
2005465772448894464,需要高效学习计划，就业指导的同学，查看置顶评论区哈！！,58.288,1766161349,758487e6
2005465140509957120,需要高效学习计划，就业指导的同学，点击置顶评论区！！,20.395,1766161274,758487e6
,,0.0,1775655591.4716349,
lb.c,,0.0,1775655591.4716349,
,,0.0,1775655591.4716349,
1883242622349454848,这个讲的和之前矛盾了吧？,388.068,1751591215,3a58927
1902304975305535744,就是用是第一，逻辑大概能串装作懂就行了,395.775,1753863624,71090032
1949995183119168256,满了flag。,449.295,1759548740,f0bcdac5
,,0.0,1775655591.4716349,
lb.c,,0.0,1775655591.4716349,
,,0.0,1775655591.4716349,
1862262944025441792,火钳刘明！,0.0,1749090242,2f7c324a
1862273987242088704,顶一下!,57.349,1749091558,a9bab31
1862305821019822080,赞一下.,69.147,1749095353,a9bab31
1862321570832841984,前方高能！！,25.193,1749097231,c6623a38
1862391150947288320,支持！,0.0,1749105525,3c52fb53
1862433102820139520,B站的人各个都是人才，说话又好听，我超喜欢这里的.,34.242,1749110527,5bd395e9
1862496071041887232,已点赞^_^,9.675,1749118033,65b0a874
1862507866146706176,针不戳。,36.0,1749119439,4f0b3914
1862560900721674752,进收藏夹吃灰.,0.0,1749125761,6d0277b1
1862587493179027712,一键三联必须安排！:),155.233,1749128931,bd10cd76
1862683371428273664,up什么时候更新啊，生产队的驴都不敢这么歇:),0.0,1749140361,5f0e24c8
1942337665701939712,这老师真的拼,15.952,1758635893,bdb8e4f8
1949994329301622016,以前不是有什么番茄工作法吗？说实话，这个星越该是很准的。,9.338,1759548638,f0bcdac5
1949994799130514688,笑死,333.457,1759548694,f0bcdac5
1977861268711051008,这四个词我都没明白是啥意思,241.737,1762870636,9a9877d4
2084263334941221376,40万播放，246评论,2.22,1775554751,77472646
2085131752649221632,看源码的时候发现学三天就学了个print()啥都看不懂,345.358,1775658274,ed3b63a3
2005465772448894464,需要高效学习计划，就业指导的同学，查看置顶评论区哈！！,58.288,1766161349,758487e6
2005465140509957120,需要高效学习计划，就业指导的同学，点击置顶评论区！！,20.395,1766161274,758487e6
2005465496362978816,需要高效学习计划，就业指导的同学，查看置顶评论区哈！！,33.596,1766161317,758487e6
1997203259395625472,需要唐老师整理的高效学习计划，以及就业指导的同学，可以查看评论区！直接一步到位！,229.046,1765176381,758487e6
1997203189182708224,需要唐老师整理的高效学习计划，以及就业指导的同学，可以查看评论区！直接一步到位！,220.659,1765176373,758487e6
2005466091593570560,需要高效学习计划，就业指导的同学，查看置顶评论区哈！！,5.915,1766161387,758487e6
,,0.0,1775655591.4716349,
lb.c,,0.0,1775655591.4716349,
,,0.0,1775655591.4716349,
1883242622349454848,这个讲的和之前矛盾了吧？,388.068,1751591215,3a58927
1902304975305535744,就是用是第一，逻辑大概能串装作懂就行了,395.775,1753863624,71090032
1949995183119168256,满了flag。,449.295,1759548740,f0bcdac5
,,0.0,1775655591.4716349,
lb.c,,0.0,1775655591.4716349,
,,0.0,1775655591.4716349,
1862262944025441792,火钳刘明！,0.0,1749090242,2f7c324a
1862273987242088704,顶一下!,57.349,1749091558,a9bab31
1862305821019822080,赞一下.,69.147,1749095353,a9bab31
1862321570832841984,前方高能！！,25.193,1749097231,c6623a38
1862329506380461824,厉害.,0.0,1749098177,3c52fb53
1862345719068380160,先赞后看，养成习惯！,0.0,1749100110,1b79b3ac
1862391150947288320,支持！,0.0,1749105525,3c52fb53
1862433102820139520,B站的人各个都是人才，说话又好听，我超喜欢这里的.,34.242,1749110527,5bd395e9
1862496071041887232,已点赞^_^,9.675,1749118033,65b0a874
1862507866146706176,针不戳。,36.0,1749119439,4f0b3914
1862587493179027712,一键三联必须安排！:),155.233,1749128931,bd10cd76
1942337665701939712,这老师真的拼,15.952,1758635893,bdb8e4f8
1949994329301622016,以前不是有什么番茄工作法吗？说实话，这个星越该是很准的。,9.338,1759548638,f0bcdac5
1949994799130514688,笑死,333.457,1759548694,f0bcdac5
1977861268711051008,这四个词我都没明白是啥意思,241.737,1762870636,9a9877d4
2084263334941221376,40万播放，246评论,2.22,1775554751,77472646
2085131752649221632,看源码的时候发现学三天就学了个print()啥都看不懂,345.358,1775658274,ed3b63a3
2005465496362978816,需要高效学习计划，就业指导的同学，查看置顶评论区哈！！,33.596,1766161317,758487e6
2005465772448894464,需要高效学习计划，就业指导的同学，查看置顶评论区哈！！,58.288,1766161349,758487e6
2005466091593570560,需要高效学习计划，就业指导的同学，查看置顶评论区哈！！,5.915,1766161387,758487e6
1997203189182708224,需要唐老师整理的高效学习计划，以及就业指导的同学，可以查看评论区！直接一步到位！,220.659,1765176373,758487e6
2005465140509957120,需要高效学习计划，就业指导的同学，点击置顶评论区！！,20.395,1766161274,758487e6
1997203259395625472,需要唐老师整理的高效学习计划，以及就业指导的同学，可以查看评论区！直接一步到位！,229.046,1765176381,758487e6
,,0.0,1775655591.4716349,
lb.c,,0.0,1775655591.4716349,
,,0.0,1775655591.4716349,
1883242622349454848,这个讲的和之前矛盾了吧？,388.068,1751591215,3a58927
1902304975305535744,就是用是第一，逻辑大概能串装作懂就行了,395.775,1753863624,71090032
1949995183119168256,满了flag。,449.295,1759548740,f0bcdac5
,,0.0,1775655591.4716349,
lb.c,,0.0,1775655591.4716349,
,,0.0,1775655591.4716349,
1862262944025441792,火钳刘明！,0.0,1749090242,2f7c324a
1862273987242088704,顶一下!,57.349,1749091558,a9bab31
1862305821019822080,赞一下.,69.147,1749095353,a9bab31
1862321570832841984,前方高能！！,25.193,1749097231,c6623a38
1862329506380461824,厉害.,0.0,1749098177,3c52fb53
1862336956160085504,B站的人各个都是人才，说话又好听:),0.0,1749099065,84f1ab3c
1862391150947288320,支持！,0.0,1749105525,3c52fb53
1862433102820139520,B站的人各个都是人才，说话又好听，我超喜欢这里的.,34.242,1749110527,5bd395e9
1862496071041887232,已点赞^_^,9.675,1749118033,65b0a874
1862507866146706176,针不戳。,36.0,1749119439,4f0b3914
1862587493179027712,一键三联必须安排！:),155.233,1749128931,bd10cd76
1942337665701939712,这老师真的拼,15.952,1758635893,bdb8e4f8
1949994329301622016,以前不是有什么番茄工作法吗？说实话，这个星越该是很准的。,9.338,1759548638,f0bcdac5
1949994799130514688,笑死,333.457,1759548694,f0bcdac5
1977861268711051008,这四个词我都没明白是啥意思,241.737,1762870636,9a9877d4
2084263334941221376,40万播放，246评论,2.22,1775554751,77472646
2085131752649221632,看源码的时候发现学三天就学了个print()啥都看不懂,345.358,1775658274,ed3b63a3
2005466091593570560,需要高效学习计划，就业指导的同学，查看置顶评论区哈！！,5.915,1766161387,758487e6
1997203189182708224,需要唐老师整理的高效学习计划，以及就业指导的同学，可以查看评论区！直接一步到位！,220.659,1765176373,758487e6
2005465772448894464,需要高效学习计划，就业指导的同学，查看置顶评论区哈！！,58.288,1766161349,758487e6
1997203259395625472,需要唐老师整理的高效学习计划，以及就业指导的同学，可以查看评论区！直接一步到位！,229.046,1765176381,758487e6
2005465140509957120,需要高效学习计划，就业指导的同学，点击置顶评论区！！,20.395,1766161274,758487e6
2005465496362978816,需要高效学习计划，就业指导的同学，查看置顶评论区哈！！,33.596,1766161317,758487e6
,,0.0,1775655591.4716349,
lb.c,,0.0,1775655591.4716349,
,,0.0,1775655591.4716349,
1883242622349454848,这个讲的和之前矛盾了吧？,388.068,1751591215,3a58927
1902304975305535744,就是用是第一，逻辑大概能串装作懂就行了,395.775,1753863624,71090032
1949995183119168256,满了flag。,449.295,1759548740,f0bcdac5
,,0.0,1775655591.4716349,
lb.c,,0.0,1775655591.4716349,
,,0.0,1775655591.4716349,
1862262944025441792,火钳刘明！,0.0,1749090242,2f7c324a
1862273987242088704,顶一下!,57.349,1749091558,a9bab31
1862305821019822080,赞一下.,69.147,1749095353,a9bab31
1862321570832841984,前方高能！！,25.193,1749097231,c6623a38
1862336956160085504,B站的人各个都是人才，说话又好听:),0.0,1749099065,84f1ab3c
1862420045583035136,B站的人各个都是人才，说话又好听~,0.0,1749108970,c2d9d1e0
1862422798933958912,学到了学到了^_^,0.0,1749109298,76f8a06
1862433102820139520,B站的人各个都是人才，说话又好听，我超喜欢这里的.,34.242,1749110527,5bd395e9
1862496071041887232,已点赞^_^,9.675,1749118033,65b0a874
1862507866146706176,针不戳。,36.0,1749119439,4f0b3914
1862587493179027712,一键三联必须安排！:),155.233,1749128931,bd10cd76
1942337665701939712,这老师真的拼,15.952,1758635893,bdb8e4f8
1949994329301622016,以前不是有什么番茄工作法吗？说实话，这个星越该是很准的。,9.338,1759548638,f0bcdac5
1949994799130514688,笑死,333.457,1759548694,f0bcdac5
1977861268711051008,这四个词我都没明白是啥意思,241.737,1762870636,9a9877d4
2084263334941221376,40万播放，246评论,2.22,1775554751,77472646
2085131752649221632,看源码的时候发现学三天就学了个print()啥都看不懂,345.358,1775658274,ed3b63a3
2005465140509957120,需要高效学习计划，就业指导的同学，点击置顶评论区！！,20.395,1766161274,758487e6
2005465772448894464,需要高效学习计划，就业指导的同学，查看置顶评论区哈！！,58.288,1766161349,758487e6
1997203189182708224,需要唐老师整理的高效学习计划，以及就业指导的同学，可以查看评论区！直接一步到位！,220.659,1765176373,758487e6
2005465496362978816,需要高效学习计划，就业指导的同学，查看置顶评论区哈！！,33.596,1766161317,758487e6
1997203259395625472,需要唐老师整理的高效学习计划，以及就业指导的同学，可以查看评论区！直接一步到位！,229.046,1765176381,758487e6
2005466091593570560,需要高效学习计划，就业指导的同学，查看置顶评论区哈！！,5.915,1766161387,758487e6
,,0.0,1775655591.4716349,
lb.c,,0.0,1775655591.4716349,
,,0.0,1775655591.4716349,
1883242622349454848,这个讲的和之前矛盾了吧？,388.068,1751591215,3a58927
1902304975305535744,就是用是第一，逻辑大概能串装作懂就行了,395.775,1753863624,71090032
1949995183119168256,满了flag。,449.295,1759548740,f0bcdac5
,,0.0,1775655591.4716349,
lb.c,,0.0,1775655591.4716349,
,,0.0,1775655591.4716349,
1862262944025441792,火钳刘明！,0.0,1749090242,2f7c324a
1862273987242088704,顶一下!,57.349,1749091558,a9bab31
1862305821019822080,赞一下.,69.147,1749095353,a9bab31
1862321570832841984,前方高能！！,25.193,1749097231,c6623a38
1862337816563145728,恭喜你发现宝藏!,0.0,1749099168,28ac5a2b
1862420045583035136,B站的人各个都是人才，说话又好听~,0.0,1749108970,c2d9d1e0
1862422798933958912,学到了学到了^_^,0.0,1749109298,76f8a06
1862433102820139520,B站的人各个都是人才，说话又好听，我超喜欢这里的.,34.242,1749110527,5bd395e9
1862496071041887232,已点赞^_^,9.675,1749118033,65b0a874
1862507866146706176,针不戳。,36.0,1749119439,4f0b3914
1862587493179027712,一键三联必须安排！:),155.233,1749128931,bd10cd76
1942337665701939712,这老师真的拼,15.952,1758635893,bdb8e4f8
1949994329301622016,以前不是有什么番茄工作法吗？说实话，这个星越该是很准的。,9.338,1759548638,f0bcdac5
1949994799130514688,笑死,333.457,1759548694,f0bcdac5
1977861268711051008,这四个词我都没明白是啥意思,241.737,1762870636,9a9877d4
2084263334941221376,40万播放，246评论,2.22,1775554751,77472646
2085131752649221632,看源码的时候发现学三天就学了个print()啥都看不懂,345.358,1775658274,ed3b63a3
2005466091593570560,需要高效学习计划，就业指导的同学，查看置顶评论区哈！！,5.915,1766161387,758487e6
1997203259395625472,需要唐老师整理的高效学习计划，以及就业指导的同学，可以查看评论区！直接一步到位！,229.046,1765176381,758487e6
2005465496362978816,需要高效学习计划，就业指导的同学，查看置顶评论区哈！！,33.596,1766161317,758487e6
2005465140509957120,需要高效学习计划，就业指导的同学，点击置顶评论区！！,20.395,1766161274,758487e6
2005465772448894464,需要高效学习计划，就业指导的同学，查看置顶评论区哈！！,58.288,1766161349,758487e6
1997203189182708224,需要唐老师整理的高效学习计划，以及就业指导的同学，可以查看评论区！直接一步到位！,220.659,1765176373,758487e6
,,0.0,1775655591.4716349,
lb.c,,0.0,1775655591.4716349,
,,0.0,1775655591.4716349,
1883242622349454848,这个讲的和之前矛盾了吧？,388.068,1751591215,3a58927
1902304975305535744,就是用是第一，逻辑大概能串装作懂就行了,395.775,1753863624,71090032
1949995183119168256,满了flag。,449.295,1759548740,f0bcdac5
,,0.0,1775655591.4716349,
lb.c,,0.0,1775655591.4716349,
,,0.0,1775655591.4716349,
1862262944025441792,火钳刘明！,0.0,1749090242,2f7c324a
1862273987242088704,顶一下!,57.349,1749091558,a9bab31
1862305821019822080,赞一下.,69.147,1749095353,a9bab31
1862321570832841984,前方高能！！,25.193,1749097231,c6623a38
1862329506380461824,厉害.,0.0,1749098177,3c52fb53
1862420045583035136,B站的人各个都是人才，说话又好听~,0.0,1749108970,c2d9d1e0
1862422798933958912,学到了学到了^_^,0.0,1749109298,76f8a06
1862433102820139520,B站的人各个都是人才，说话又好听，我超喜欢这里的.,34.242,1749110527,5bd395e9
1862496071041887232,已点赞^_^,9.675,1749118033,65b0a874
1862507866146706176,针不戳。,36.0,1749119439,4f0b3914
1862587493179027712,一键三联必须安排！:),155.233,1749128931,bd10cd76
1942337665701939712,这老师真的拼,15.952,1758635893,bdb8e4f8
1949994329301622016,以前不是有什么番茄工作法吗？说实话，这个星越该是很准的。,9.338,1759548638,f0bcdac5
1949994799130514688,笑死,333.457,1759548694,f0bcdac5
1977861268711051008,这四个词我都没明白是啥意思,241.737,1762870636,9a9877d4
2084263334941221376,40万播放，246评论,2.22,1775554751,77472646
2085131752649221632,看源码的时候发现学三天就学了个print()啥都看不懂,345.358,1775658274,ed3b63a3
1997203259395625472,需要唐老师整理的高效学习计划，以及就业指导的同学，可以查看评论区！直接一步到位！,229.046,1765176381,758487e6
2005466091593570560,需要高效学习计划，就业指导的同学，查看置顶评论区哈！！,5.915,1766161387,758487e6
2005465772448894464,需要高效学习计划，就业指导的同学，查看置顶评论区哈！！,58.288,1766161349,758487e6
1997203189182708224,需要唐老师整理的高效学习计划，以及就业指导的同学，可以查看评论区！直接一步到位！,220.659,1765176373,758487e6
2005465496362978816,需要高效学习计划，就业指导的同学，查看置顶评论区哈！！,33.596,1766161317,758487e6
2005465140509957120,需要高效学习计划，就业指导的同学，点击置顶评论区！！,20.395,1766161274,758487e6
,,0.0,1775655591.4716349,
lb.c,,0.0,1775655591.4716349,
,,0.0,1775655591.4716349,
1883242622349454848,这个讲的和之前矛盾了吧？,388.068,1751591215,3a58927
1902304975305535744,就是用是第一，逻辑大概能串装作懂就行了,395.775,1753863624,71090032
1949995183119168256,满了flag。,449.295,1759548740,f0bcdac5
,,0.0,1775655591.4716349,
lb.c,,0.0,1775655591.4716349,
,,0.0,1775655591.4716349,
1862262944025441792,火钳刘明！,0.0,1749090242,2f7c324a
1862273987242088704,顶一下!,57.349,1749091558,a9bab31
1862305821019822080,赞一下.,69.147,1749095353,a9bab31
1862321570832841984,前方高能！！,25.193,1749097231,c6623a38
1862329506380461824,厉害.,0.0,1749098177,3c52fb53
1862422798933958912,学到了学到了^_^,0.0,1749109298,76f8a06
1862433102820139520,B站的人各个都是人才，说话又好听，我超喜欢这里的.,34.242,1749110527,5bd395e9
1862496071041887232,已点赞^_^,9.675,1749118033,65b0a874
1862507866146706176,针不戳。,36.0,1749119439,4f0b3914
1862560900721674752,进收藏夹吃灰.,0.0,1749125761,6d0277b1
1862587493179027712,一键三联必须安排！:),155.233,1749128931,bd10cd76
1942337665701939712,这老师真的拼,15.952,1758635893,bdb8e4f8
1949994329301622016,以前不是有什么番茄工作法吗？说实话，这个星越该是很准的。,9.338,1759548638,f0bcdac5
1949994799130514688,笑死,333.457,1759548694,f0bcdac5
1977861268711051008,这四个词我都没明白是啥意思,241.737,1762870636,9a9877d4
2084263334941221376,40万播放，246评论,2.22,1775554751,77472646
2085131752649221632,看源码的时候发现学三天就学了个print()啥都看不懂,345.358,1775658274,ed3b63a3
2005465496362978816,需要高效学习计划，就业指导的同学，查看置顶评论区哈！！,33.596,1766161317,758487e6
2005465772448894464,需要高效学习计划，就业指导的同学，查看置顶评论区哈！！,58.288,1766161349,758487e6
2005466091593570560,需要高效学习计划，就业指导的同学，查看置顶评论区哈！！,5.915,1766161387,758487e6
1997203259395625472,需要唐老师整理的高效学习计划，以及就业指导的同学，可以查看评论区！直接一步到位！,229.046,1765176381,758487e6
2005465140509957120,需要高效学习计划，就业指导的同学，点击置顶评论区！！,20.395,1766161274,758487e6
1997203189182708224,需要唐老师整理的高效学习计划，以及就业指导的同学，可以查看评论区！直接一步到位！,220.659,1765176373,758487e6
,,0.0,1775655591.4716349,
lb.c,,0.0,1775655591.4716349,
,,0.0,1775655591.4716349,
1883242622349454848,这个讲的和之前矛盾了吧？,388.068,1751591215,3a58927
1902304975305535744,就是用是第一，逻辑大概能串装作懂就行了,395.775,1753863624,71090032
1949995183119168256,满了flag。,449.295,1759548740,f0bcdac5
,,0.0,1775655591.4716349,
lb.c,,0.0,1775655591.4716349,
,,0.0,1775655591.4716349,
1862262944025441792,火钳刘明！,0.0,1749090242,2f7c324a
1862273987242088704,顶一下!,57.349,1749091558,a9bab31
1862305821019822080,赞一下.,69.147,1749095353,a9bab31
1862321570832841984,前方高能！！,25.193,1749097231,c6623a38
1862329506380461824,厉害.,0.0,1749098177,3c52fb53
1862422798933958912,学到了学到了^_^,0.0,1749109298,76f8a06
1862433102820139520,B站的人各个都是人才，说话又好听，我超喜欢这里的.,34.242,1749110527,5bd395e9
1862496071041887232,已点赞^_^,9.675,1749118033,65b0a874
1862507866146706176,针不戳。,36.0,1749119439,4f0b3914
1862587493179027712,一键三联必须安排！:),155.233,1749128931,bd10cd76
1862683371428273664,up什么时候更新啊，生产队的驴都不敢这么歇:),0.0,1749140361,5f0e24c8
1942337665701939712,这老师真的拼,15.952,1758635893,bdb8e4f8
1949994329301622016,以前不是有什么番茄工作法吗？说实话，这个星越该是很准的。,9.338,1759548638,f0bcdac5
1949994799130514688,笑死,333.457,1759548694,f0bcdac5
1977861268711051008,这四个词我都没明白是啥意思,241.737,1762870636,9a9877d4
2084263334941221376,40万播放，246评论,2.22,1775554751,77472646
2085131752649221632,看源码的时候发现学三天就学了个print()啥都看不懂,345.358,1775658274,ed3b63a3
1997203189182708224,需要唐老师整理的高效学习计划，以及就业指导的同学，可以查看评论区！直接一步到位！,220.659,1765176373,758487e6
2005465772448894464,需要高效学习计划，就业指导的同学，查看置顶评论区哈！！,58.288,1766161349,758487e6
2005466091593570560,需要高效学习计划，就业指导的同学，查看置顶评论区哈！！,5.915,1766161387,758487e6
2005465496362978816,需要高效学习计划，就业指导的同学，查看置顶评论区哈！！,33.596,1766161317,758487e6
1997203259395625472,需要唐老师整理的高效学习计划，以及就业指导的同学，可以查看评论区！直接一步到位！,229.046,1765176381,758487e6
2005465140509957120,需要高效学习计划，就业指导的同学，点击置顶评论区！！,20.395,1766161274,758487e6
,,0.0,1775655591.4716349,
lb.c,,0.0,1775655591.4716349,
,,0.0,1775655591.4716349,
1883242622349454848,这个讲的和之前矛盾了吧？,388.068,1751591215,3a58927
1902304975305535744,就是用是第一，逻辑大概能串装作懂就行了,395.775,1753863624,71090032
1949995183119168256,满了flag。,449.295,1759548740,f0bcdac5
,,0.0,1775655591.4716349,
lb.c,,0.0,1775655591.4716349,
,,0.0,1775655591.4716349,
1862262944025441792,火钳刘明！,0.0,1749090242,2f7c324a
1862273987242088704,顶一下!,57.349,1749091558,a9bab31
1862305821019822080,赞一下.,69.147,1749095353,a9bab31
1862321570832841984,前方高能！！,25.193,1749097231,c6623a38
1862329506380461824,厉害.,0.0,1749098177,3c52fb53
1862336956160085504,B站的人各个都是人才，说话又好听:),0.0,1749099065,84f1ab3c
1862337816563145728,恭喜你发现宝藏!,0.0,1749099168,28ac5a2b
1862433102820139520,B站的人各个都是人才，说话又好听，我超喜欢这里的.,34.242,1749110527,5bd395e9
1862496071041887232,已点赞^_^,9.675,1749118033,65b0a874
1862507866146706176,针不戳。,36.0,1749119439,4f0b3914
1862587493179027712,一键三联必须安排！:),155.233,1749128931,bd10cd76
1942337665701939712,这老师真的拼,15.952,1758635893,bdb8e4f8
1949994329301622016,以前不是有什么番茄工作法吗？说实话，这个星越该是很准的。,9.338,1759548638,f0bcdac5
1949994799130514688,笑死,333.457,1759548694,f0bcdac5
1977861268711051008,这四个词我都没明白是啥意思,241.737,1762870636,9a9877d4
2084263334941221376,40万播放，246评论,2.22,1775554751,77472646
2085131752649221632,看源码的时候发现学三天就学了个print()啥都看不懂,345.358,1775658274,ed3b63a3
2005465496362978816,需要高效学习计划，就业指导的同学，查看置顶评论区哈！！,33.596,1766161317,758487e6
2005465140509957120,需要高效学习计划，就业指导的同学，点击置顶评论区！！,20.395,1766161274,758487e6
1997203259395625472,需要唐老师整理的高效学习计划，以及就业指导的同学，可以查看评论区！直接一步到位！,229.046,1765176381,758487e6
2005465772448894464,需要高效学习计划，就业指导的同学，查看置顶评论区哈！！,58.288,1766161349,758487e6
2005466091593570560,需要高效学习计划，就业指导的同学，查看置顶评论区哈！！,5.915,1766161387,758487e6
1997203189182708224,需要唐老师整理的高效学习计划，以及就业指导的同学，可以查看评论区！直接一步到位！,220.659,1765176373,758487e6
,,0.0,1775655591.4716349,
lb.c,,0.0,1775655591.4716349,
,,0.0,1775655591.4716349,
1883242622349454848,这个讲的和之前矛盾了吧？,388.068,1751591215,3a58927
1902304975305535744,就是用是第一，逻辑大概能串装作懂就行了,395.775,1753863624,71090032
1949995183119168256,满了flag。,449.295,1759548740,f0bcdac5
,,0.0,1775655591.4716349,
lb.c,,0.0,1775655591.4716349,
,,0.0,1775655591.4716349,
1862262944025441792,火钳刘明！,0.0,1749090242,2f7c324a
1862273987242088704,顶一下!,57.349,1749091558,a9bab31
1862305821019822080,赞一下.,69.147,1749095353,a9bab31
1862321570832841984,前方高能！！,25.193,1749097231,c6623a38
1862391150947288320,支持！,0.0,1749105525,3c52fb53
1862433102820139520,B站的人各个都是人才，说话又好听，我超喜欢这里的.,34.242,1749110527,5bd395e9
1862496071041887232,已点赞^_^,9.675,1749118033,65b0a874
1862507866146706176,针不戳。,36.0,1749119439,4f0b3914
1862560900721674752,进收藏夹吃灰.,0.0,1749125761,6d0277b1
1862587493179027712,一键三联必须安排！:),155.233,1749128931,bd10cd76
1862683371428273664,up什么时候更新啊，生产队的驴都不敢这么歇:),0.0,1749140361,5f0e24c8
1942337665701939712,这老师真的拼,15.952,1758635893,bdb8e4f8
1949994329301622016,以前不是有什么番茄工作法吗？说实话，这个星越该是很准的。,9.338,1759548638,f0bcdac5
1949994799130514688,笑死,333.457,1759548694,f0bcdac5
1977861268711051008,这四个词我都没明白是啥意思,241.737,1762870636,9a9877d4
2084263334941221376,40万播放，246评论,2.22,1775554751,77472646
2085131752649221632,看源码的时候发现学三天就学了个print()啥都看不懂,345.358,1775658274,ed3b63a3
1997203189182708224,需要唐老师整理的高效学习计划，以及就业指导的同学，可以查看评论区！直接一步到位！,220.659,1765176373,758487e6
2005465772448894464,需要高效学习计划，就业指导的同学，查看置顶评论区哈！！,58.288,1766161349,758487e6
2005466091593570560,需要高效学习计划，就业指导的同学，查看置顶评论区哈！！,5.915,1766161387,758487e6
1997203259395625472,需要唐老师整理的高效学习计划，以及就业指导的同学，可以查看评论区！直接一步到位！,229.046,1765176381,758487e6
2005465140509957120,需要高效学习计划，就业指导的同学，点击置顶评论区！！,20.395,1766161274,758487e6
2005465496362978816,需要高效学习计划，就业指导的同学，查看置顶评论区哈！！,33.596,1766161317,758487e6
,,0.0,1775655591.4716349,
lb.c,,0.0,1775655591.4716349,
,,0.0,1775655591.4716349,
1883242622349454848,这个讲的和之前矛盾了吧？,388.068,1751591215,3a58927
1902304975305535744,就是用是第一，逻辑大概能串装作懂就行了,395.775,1753863624,71090032
1949995183119168256,满了flag。,449.295,1759548740,f0bcdac5
,,0.0,1775655591.4716349,
lb.c,,0.0,1775655591.4716349,
,,0.0,1775655591.4716349,
